human.pedestrian.adult 0 0 0 0 0 0 0 0.621 1.311 0.608 -0.22383226655767097 5.601402188383242 10.92395346424684 3.104385803723444 1.0
vehicle.car 0 0 0 0 0 0 0 4.308 1.394 1.843 1.9167375936194675 0.9034468858179816 -34.17630946900876 3.106009817278041 1.0
human.pedestrian.adult 0 0 0 0 0 0 0 1.137 1.891 0.756 0.7215156768203322 0.9456634393310598 -11.921432108479278 1.5296922736545824 1.0
vehicle.car 0 0 0 0 0 0 0 4.497 1.766 1.919 0.9100895477895021 -11.375014397832393 4.381814424896027 0.012263020445176576 1.0
vehicle.car 0 0 0 0 0 0 0 4.344 1.845 1.912 0.663613472585082 15.92628067530636 4.529252119355814 0.010222082482201245 1.0
vehicle.truck 0 0 0 0 0 0 0 12.334 4.398 3.5 -0.2537384596059569 62.62517408918349 -21.787165804667232 -1.6105052708765335 1.0
human.pedestrian.adult 0 0 0 0 0 0 0 0.632 2.0 0.757 0.6576862051456633 14.855259001776895 3.0823888077985138 -0.17300652608391154 1.0
vehicle.car 0 0 0 0 0 0 0 4.499 1.522 1.903 1.0900265310010349 1.9035093313519806 -7.915354975236511 -3.112216693573796 1.0
vehicle.truck 0 0 0 0 0 0 0 5.827 1.886 2.039 0.7145403928802165 15.596659465675735 -7.898545485487595 0.02777076984161475 1.0
vehicle.truck 0 0 0 0 0 0 0 5.554 1.87 2.103 0.579361710599237 23.93739462855362 -7.490177187757375 0.037214630596826836 1.0
vehicle.car 0 0 0 0 0 0 0 3.898 1.583 1.914 1.8988974583161167 3.7478295524826475 -34.24255880976616 3.1234629450583773 1.0
vehicle.car 0 0 0 0 0 0 0 4.445 1.533 1.827 1.0335423911288495 4.788717592336447 4.518520479853481 0.01923545639378288 1.0
vehicle.car 0 0 0 0 0 0 0 4.164 1.485 1.891 1.0649663629898205 -0.8035618346281485 -7.972158939007007 3.121838931500079 1.0
vehicle.car 0 0 0 0 0 0 0 4.687 1.88 1.964 0.8622056385113934 7.6463866147015525 -8.201290543735567 3.138729195939943 1.0
vehicle.car 0 0 0 0 0 0 0 4.748 1.639 1.961 0.736647714656166 19.086733148983054 -8.149828098117254 3.1117414244246344 1.0
vehicle.truck 0 0 0 0 0 0 0 4.577 1.949 1.862 1.555041041872561 22.49900766099857 -33.87826180513911 -3.116896749794698 1.0
vehicle.car 0 0 0 0 0 0 0 4.789 1.788 2.238 0.4880440337646503 -46.47253467668363 2.913196414751857 0.022963052351785418 1.0
vehicle.car 0 0 0 0 0 0 0 4.486 1.525 1.802 1.0582922380406041 -6.318962460610563 -8.36665151304001 3.1008733617677127 1.0
vehicle.car 0 0 0 0 0 0 0 4.326 1.662 1.845 0.9669009932792394 -3.6929168508211796 -7.77269773059005 3.128608127119813 1.0
vehicle.car 0 0 0 0 0 0 0 4.623 1.733 1.911 1.76074461126624 -6.638384911377379 -33.90700419191453 3.1392920593051112 1.0
vehicle.car 0 0 0 0 0 0 0 4.808 1.515 1.916 0.6836506275466763 29.499877058386847 4.783485755292436 -3.0840482180774096 1.0
vehicle.car 0 0 0 0 0 0 0 5.103 1.741 2.02 0.8463960433672846 10.507472388598174 -7.398311558265922 0.01759125938694872 1.0
vehicle.car 0 0 0 0 0 0 0 4.788 1.841 1.969 0.8273475140823325 10.415055711234537 3.927075601177024 -3.1152695364742513 1.0
vehicle.truck 0 0 0 0 0 0 0 4.884 1.686 2.051 1.7603481551851685 -9.673265670185787 -33.91592734362726 -3.0949319885967803 1.0
vehicle.car 0 0 0 0 0 0 0 3.926 1.473 1.724 1.7893074829265632 17.255063788653327 -33.90196619899528 -3.108986992279579 1.0
human.pedestrian.adult 0 0 0 0 0 0 0 0.689 1.249 0.761 -0.2898827480228498 -1.6005165802050518 10.33547119216754 3.1119203189793474 1.0
vehicle.car 0 0 0 0 0 0 0 5.051 1.835 2.224 0.9002543771275394 -12.012681914758032 -7.876435426011582 3.104385803723444 1.0
vehicle.car 0 0 0 0 0 0 0 3.993 1.615 1.733 1.0284212992908695 -0.48783559833200385 4.805390137479934 0.009933461328300197 1.0
vehicle.car 0 0 0 0 0 0 0 5.803 2.313 2.19 0.6445190848104894 -24.672634734126305 3.2708150005121297 3.132612747291594 1.0
vehicle.truck 0 0 0 0 0 0 0 4.564 1.818 2.043 1.6592711482386897 6.395469077310892 -34.10138098542807 3.1409160728647763 1.0
human.pedestrian.adult 0 0 0 0 0 0 0 0.953 1.786 0.797 0.7574414137611486 9.092213987109062 -12.682794383565453 1.6344100724979373 1.0
vehicle.car 0 0 0 0 0 0 0 4.268 1.459 1.783 1.7691801518839405 14.525471519658335 -33.83651441836729 -3.0750965088949407 1.0
vehicle.car 0 0 0 0 0 0 0 5.07 1.918 2.048 0.852492361344039 -8.78121872328677 -8.105449469281064 0.008988320134795558 1.0
vehicle.car 0 0 0 0 0 0 0 4.346 1.828 1.904 0.5688162081685189 18.648528613714532 4.930645493106387 0.014871086481044848 1.0
vehicle.car 0 0 0 0 0 0 0 4.121 1.814 1.961 1.6637010013868057 11.94105424129138 -33.71177276497961 0.03269983496725448 1.0
vehicle.car 0 0 0 0 0 0 0 5.574 2.132 2.111 0.6912951370257314 7.6863333889495795 4.426653661704498 0.0362551329190417 1.0
vehicle.car 0 0 0 0 0 0 0 4.372 1.824 1.822 0.7014952369215435 13.017032458134269 -8.472945455777854 -3.1274925436724956 1.0
vehicle.car 0 0 0 0 0 0 0 4.147 1.589 1.783 1.0758155785564545 2.3020394823116397 4.847304534740418 0.008693814058870153 1.0
vehicle.car 0 0 0 0 0 0 0 4.062 1.826 2.075 0.9250606984516478 -10.613655470056294 -1.9822481492575532 1.7658383082003253 1.0
vehicle.car 0 0 0 0 0 0 0 4.545 1.507 1.899 1.0017754301783246 -8.48537496084527 4.361476696923024 0.0123665251708025 1.0
vehicle.car 0 0 0 0 0 0 0 3.685 1.34 1.712 1.784453989499314 19.66336289252949 -33.164859782071886 -3.081990494327256 1.0
movable_object.debris 0 0 0 0 0 0 0 0.643 0.409 0.52 1.4628896108646645 13.882221933166038 2.1459763246865697 -3.102686413159713 1.0
vehicle.car 0 0 0 0 0 0 0 4.374 1.524 1.97 0.7336508135201958 26.842177243018853 4.9768265755939645 0.01612383907717385 1.0
vehicle.car 0 0 0 0 0 0 0 5.428 2.285 1.999 0.12914568402197854 57.972191686008365 4.04932976822925 0.05173987067423269 1.0
