vehicle.truck 0 0 0 0 0 0 0 6.019 1.91 2.076 0.9696486364728085 -29.34444449011308 3.803752909376724 0.22322064917175055 1.0
vehicle.car 0 0 0 0 0 0 0 4.561 1.421 1.942 0.5611174961404759 -11.952293411978562 -19.488147081450958 2.9531369951368935 1.0
vehicle.car 0 0 0 0 0 0 0 5.789 2.112 2.176 2.0043272477937117 32.63334033958581 30.934180786112865 2.9313998012624864 1.0
vehicle.truck 0 0 0 0 0 0 0 6.022 1.953 2.156 0.9089846173352909 -21.40088305179308 5.801866407758238 0.24067338932575755 1.0
vehicle.car 0 0 0 0 0 0 0 4.344 1.412 2.068 2.2254848265536826 35.351330796223934 31.25316072745995 0.19274840358733503 1.0
vehicle.car 0 0 0 0 0 0 0 4.423 1.575 2.104 1.8812344056625379 38.129094463731924 31.819053522244765 0.2060428806437633 1.0
vehicle.truck 0 0 0 0 0 0 0 5.568 2.0 2.36 0.23707142218841742 -32.711402299098005 -24.605396474890846 2.9007771399919067 1.0
vehicle.car 0 0 0 0 0 0 0 5.191 1.87 2.203 -0.2009146191970178 -19.697536979121818 -34.54307405373542 2.9531369951368935 1.0
vehicle.truck 0 0 0 0 0 0 0 5.041 1.751 1.95 0.3965977400996069 -4.509755855424512 -17.87318114708605 2.848417284989406 1.0
vehicle.car 0 0 0 0 0 0 0 3.758 1.404 1.702 0.5137288859537198 -24.821849596343426 -22.05172445245009 2.9007771399919067 1.0
vehicle.car 0 0 0 0 0 0 0 5.038 1.813 2.053 0.29553335528477037 -4.229357084591101 -30.73186753098388 0.172757548739356 1.0
vehicle.car 0 0 0 0 0 0 0 4.421 1.771 1.803 0.7481208707155678 15.213565530212216 -7.6802903889387695 0.23588871251517718 1.0
vehicle.truck 0 0 0 0 0 0 0 5.871 1.974 2.173 0.3950982130673346 26.33469285997887 -4.665446625440564 -0.2533415082211299 1.0
vehicle.car 0 0 0 0 0 0 0 3.294 1.386 1.705 0.6564234213714804 -22.274492490972847 -21.229021561194497 2.9007771399919067 1.0
movable_object.debris 0 0 0 0 0 0 0 0.717 0.419 1.198 2.262568914258375 -33.57491918671294 13.023526171052936 0.1743727599754905 1.0
vehicle.car 0 0 0 0 0 0 0 5.05 1.442 1.89 1.22454926637546 -42.61960646004036 0.6605625967994563 2.947626120375496 1.0
vehicle.car 0 0 0 0 0 0 0 4.411 2.0 1.993 0.3473493126565096 -66.74516677511785 -15.329915873989158 1.3178753273011798 1.0
vehicle.car 0 0 0 0 0 0 0 4.374 1.717 1.853 0.981302781156427 57.23252481438421 22.845320970569716 0.18372635655073521 1.0
vehicle.car 0 0 0 0 0 0 0 4.423 1.768 1.952 0.8190095249082079 49.27334669612017 20.829738280446634 2.957875562035868 1.0
vehicle.car 0 0 0 0 0 0 0 4.072 1.433 1.885 1.287594234015123 -21.094687283046415 18.45113337898464 0.17978386037372962 1.0
vehicle.car 0 0 0 0 0 0 0 4.567 1.667 1.946 1.023628093140425 -18.45762570162236 6.292644406573217 0.20576800230019776 1.0
vehicle.car 0 0 0 0 0 0 0 4.574 1.78 2.119 0.33417460744181343 -1.348429618098406 -21.999572884876173 1.31165061757555 1.0
vehicle.car 0 0 0 0 0 0 0 4.642 1.601 1.89 1.0859615683906614 61.196630153704525 3.0323492248413926 2.889915088062903 1.0
vehicle.car 0 0 0 0 0 0 0 5.182 1.66 2.059 1.2140870300036894 -8.972363975245756 7.503089521193786 2.9003059012967594 1.0
vehicle.truck 0 0 0 0 0 0 0 4.621 1.86 2.14 0.42468918872768646 -9.445363357529004 -18.536657187108684 2.9880435652969712 1.0
vehicle.car 0 0 0 0 0 0 0 4.423 1.456 1.928 0.694804273705171 -19.85419652984358 -20.798221873734807 2.9007771399919067 1.0
vehicle.car 0 0 0 0 0 0 0 4.666 1.507 2.022 1.0774738539983182 30.704022677666902 17.00676160143203 2.957875562035868 1.0
vehicle.car 0 0 0 0 0 0 0 5.733 2.29 2.08 1.952784610038618 9.798882514386596 24.406530505523435 0.23560597782028747 1.0
vehicle.truck 0 0 0 0 0 0 0 5.996 1.929 2.093 0.4790964677830557 23.66236565087251 -5.88640427445038 -0.2533415082211299 1.0
vehicle.car 0 0 0 0 0 0 0 4.547 1.902 1.724 0.9275084056642612 -31.83186243032653 2.5128907201200232 2.9551938647829257 1.0
vehicle.car 0 0 0 0 0 0 0 4.219 1.406 1.74 2.2738559730421044 22.316339210746666 28.2791589455636 0.18324816043872705 1.0
vehicle.car 0 0 0 0 0 0 0 3.961 1.492 1.761 0.9424723583302798 9.916017548667247 -8.942625084053281 0.23588871251517718 1.0
vehicle.car 0 0 0 0 0 0 0 4.732 1.705 1.875 0.9668734822492558 -26.153198025519057 4.374075011993363 2.970739505800128 1.0
vehicle.truck 0 0 0 0 0 0 0 4.649 2.0 2.034 0.16167947670585214 -48.88542604589191 -27.054523236150285 2.9007771399919067 1.0
vehicle.car 0 0 0 0 0 0 0 4.746 1.639 2.014 1.1701921618307911 25.00528539717008 15.846269152826626 2.9862834014972517 1.0
vehicle.car 0 0 0 0 0 0 0 4.948 1.521 1.885 0.9463234750779467 12.496425581074837 -8.267438772591214 0.21843599580454898 1.0
vehicle.car 0 0 0 0 0 0 0 4.513 1.844 1.921 0.9427660353995179 -34.33302750785504 15.814885362266265 0.22287072261555618 1.0
vehicle.truck 0 0 0 0 0 0 0 5.701 1.978 1.947 0.4897725529086776 34.33903349929225 -2.975589324006226 -0.26390484458577745 1.0
vehicle.car 0 0 0 0 0 0 0 4.464 1.631 2.042 0.7614614105066133 63.738318742683 4.004571300393033 -0.2516843623215923 1.0
vehicle.car 0 0 0 0 0 0 0 4.691 1.364 1.911 0.9506240534919392 6.764958541749698 -9.830553957777033 0.23588871251517718 1.0
vehicle.car 0 0 0 0 0 0 0 3.734 1.28 1.675 1.998799891711732 27.413826691606143 29.50857609795772 0.16456284433016855 1.0
vehicle.car 0 0 0 0 0 0 0 3.814 1.595 1.853 0.4789395912894089 -6.756375593827023 -19.003626886856008 3.022950135496955 1.0
vehicle.car 0 0 0 0 0 0 0 4.489 1.636 2.063 0.34574393277693266 -27.415675077033345 -22.615035584266963 0.24082261059904608 1.0
vehicle.car 0 0 0 0 0 0 0 4.658 1.79 2.071 0.3829164862172178 -0.7581492553144527 -25.334161963393225 1.2864079498081837 1.0
vehicle.car 0 0 0 0 0 0 0 4.333 1.439 1.855 0.8598349010491263 18.283344086583313 -7.360195730642944 2.923164468710435 1.0
vehicle.car 0 0 0 0 0 0 0 4.069 1.408 1.772 0.5585446999445969 -30.417158122206082 -23.381429323172245 0.24082261059904608 1.0
vehicle.car 0 0 0 0 0 0 0 5.676 2.177 2.198 0.8349207004773553 -39.8077379313282 14.120285066370522 0.1853721200117482 1.0
vehicle.truck 0 0 0 0 0 0 0 5.452 2.196 2.09 0.24265199078148073 -17.217807040924942 -20.917174703742916 2.935683710074711 1.0
vehicle.car 0 0 0 0 0 0 0 5.063 1.959 2.124 0.8260994897530329 -29.054194497171967 17.329140282168378 0.18796555291859018 1.0
vehicle.car 0 0 0 0 0 0 0 4.605 1.931 2.123 0.4182201367181476 -45.785784363508505 -26.633193993641907 2.9007771399919067 1.0
vehicle.car 0 0 0 0 0 0 0 6.318 2.213 2.471 1.1304626877659067 -53.36742529168355 -1.8785626616123055 0.2114278840493773 1.0
vehicle.car 0 0 0 0 0 0 0 2.943 1.6 1.572 1.1524233529491972 -26.30311322616448 17.493656471708448 2.8831056889105646 1.0
vehicle.car 0 0 0 0 0 0 0 4.456 1.515 1.857 0.1128556286309996 58.780050882521564 2.392422310191295 -0.2516843623215923 1.0
vehicle.truck 0 0 0 0 0 0 0 5.342 1.871 2.086 0.2510653540959254 45.79775946372685 -1.2544306604229314 -0.2516843623215923 1.0
human.pedestrian.adult 0 0 0 0 0 0 0 0.869 1.904 0.579 0.7200398282460526 -13.43909925322815 29.561636874065 -1.6422773959831511 1.0
vehicle.car 0 0 0 0 0 0 0 4.505 1.45 1.943 2.260814232805465 17.023813448170593 26.56055807116539 0.18324816043872705 1.0
movable_object.trafficcone 0 0 0 0 0 0 0 0.417 0.933 0.403 2.177959455420566 30.940442473837948 26.839193402418104 -0.2548180178389394 1.0
vehicle.car 0 0 0 0 0 0 0 4.652 1.901 2.013 0.9099626647323069 -31.682426579566915 16.16745827363422 0.24032346110422198 1.0
human.pedestrian.adult 0 0 0 0 0 0 0 0.573 1.864 0.704 0.9678598011271068 -2.518669594224995 8.336606760451337 -1.7946855423019805 1.0
vehicle.motorcycle 0 0 0 0 0 0 0 1.935 1.119 0.429 2.328725463096791 6.282386964109424 26.992467960274443 0.07260750751296197 1.0
vehicle.car 0 0 0 0 0 0 0 4.304 1.485 1.84 0.43947647250044264 47.84415483677692 0.24715391182759006 -0.2516843623215923 1.0
vehicle.car 0 0 0 0 0 0 0 4.266 1.545 1.893 2.2495007765618045 25.079043999128686 28.93745453012553 2.975807067132239 1.0
vehicle.car 0 0 0 0 0 0 0 4.601 1.316 1.952 0.6304180364852975 -14.479062687396775 -20.326154518118674 2.935683710074711 1.0
vehicle.car 0 0 0 0 0 0 0 4.327 1.481 1.807 0.6165107270811159 32.075815766932685 -3.641461632441256 2.8776942978967526 1.0
vehicle.car 0 0 0 0 0 0 0 4.573 1.522 1.903 0.45745970099810096 -38.400224041406894 -25.529518323350768 2.9007771399919067 1.0
vehicle.car 0 0 0 0 0 0 0 4.107 1.779 2.068 0.5360909342322663 20.745564301952204 -6.876179765019102 2.923164468710435 1.0
vehicle.car 0 0 0 0 0 0 0 4.565 1.532 1.864 2.024530033715978 -18.3162686179916 18.879265775322718 2.967229650165522 1.0
