vehicle.car 0 0 0 0 0 0 0 4.497 1.766 1.919 0.9107828054592545 -11.375012202611389 4.381966773777162 0.012230612025470045 1.0
human.pedestrian.adult 0 0 0 0 0 0 0 0.632 2.0 0.757 0.666603809569404 14.866007717901926 3.414253929400041 -0.4749437936251013 1.0
vehicle.truck 0 0 0 0 0 0 0 4.577 1.949 1.862 1.5116045626816406 22.458677075253814 -33.87775143042436 -3.1168984467107688 1.0
vehicle.truck 0 0 0 0 0 0 0 5.554 1.87 2.103 0.6288052327488116 23.860547650492496 -7.456687688906482 -0.071617496415886 1.0
vehicle.car 0 0 0 0 0 0 0 4.687 1.88 1.964 0.86108801934462 7.615386692524138 -8.201264855333534 -3.1386401011228093 1.0
vehicle.car 0 0 0 0 0 0 0 4.445 1.533 1.827 1.0344734915800946 4.776727534209705 4.518220537595512 0.019215564382729866 1.0
vehicle.car 0 0 0 0 0 0 0 4.616 1.805 2.201 1.8367787440995753 17.888812475613975 -46.66813110784981 2.921126247898698 1.0
vehicle.car 0 0 0 0 0 0 0 4.512 1.828 2.159 0.9145340993958535 -14.65608607555107 -8.639139560482965 3.1218372300098007 1.0
vehicle.car 0 0 0 0 0 0 0 4.623 1.733 1.911 1.7442348805822772 -6.672993452016177 -34.00036637973917 3.1276549398749314 1.0
vehicle.car 0 0 0 0 0 0 0 4.499 1.522 1.903 1.0887578998460872 1.8914937227419157 -7.914668107292401 -3.1122183900081843 1.0
vehicle.truck 0 0 0 0 0 0 0 12.334 4.398 3.5 -0.07771487489003781 38.545337951661274 -22.59695258580288 -1.6017802836208608 1.0
vehicle.car 0 0 0 0 0 0 0 4.344 1.845 1.912 0.667476055905879 15.926453213624674 4.5525010861232715 0.010182635027829345 1.0
vehicle.car 0 0 0 0 0 0 0 4.308 1.394 1.843 1.941004918829728 0.8747160677833825 -34.176342391675185 3.1060081141585787 1.0
human.pedestrian.adult 0 0 0 0 0 0 0 0.953 1.786 0.797 0.6269287329773163 15.784321157602914 -12.690814847688749 1.5527282626720948 1.0
vehicle.car 0 0 0 0 0 0 0 4.875 1.829 2.275 0.6305463768430686 -56.72180840215719 -8.996990247641032 -3.0938690423302884 1.0
human.pedestrian.adult 0 0 0 0 0 0 0 1.137 1.891 0.756 0.6587563014435177 9.53866792671522 -11.766504983310945 1.5471433155519385 1.0
vehicle.car 0 0 0 0 0 0 0 5.803 2.313 2.19 0.6463512455231144 -24.72614072482976 3.2840213592323497 3.1384287567785183 1.0
vehicle.car 0 0 0 0 0 0 0 4.788 1.841 1.969 0.8280976083698245 10.41472405598099 3.9362572953502495 -3.115271233222849 1.0
vehicle.car 0 0 0 0 0 0 0 4.822 1.459 2.014 2.1708233921439284 -15.226854956037409 -37.3812877943571 2.112393667611803 1.0
vehicle.car 0 0 0 0 0 0 0 4.374 1.524 1.97 0.7346804792294546 26.842621248954945 4.992073594270969 0.01609972505484336 1.0
vehicle.truck 0 0 0 0 0 0 0 5.827 1.886 2.039 0.6712889743981107 15.605101981612814 -7.946119951708824 0.03053531106127405 1.0
vehicle.car 0 0 0 0 0 0 0 4.486 1.525 1.802 1.056787306538497 -6.318948939786233 -8.366520037133874 3.1008716581195017 1.0
vehicle.car 0 0 0 0 0 0 0 4.669 1.593 2.041 1.4287075180612543 -4.828756137660699 -17.937113371340207 1.511239101627524 1.0
human.pedestrian.adult 0 0 0 0 0 0 0 0.621 1.311 0.608 -0.2277946744022656 5.594844150842218 10.91105787939744 3.1043841004368105 1.0
vehicle.car 0 0 0 0 0 0 0 4.808 1.515 1.916 0.6846434438138078 29.501023213298613 4.806775750088519 -3.084049911611742 1.0
vehicle.car 0 0 0 0 0 0 0 5.428 2.285 1.999 0.13026133619131017 57.97219961406758 4.049686036082526 0.051730240815548445 1.0
vehicle.car 0 0 0 0 0 0 0 4.147 1.589 1.783 1.0587019804004736 2.3022605290956677 4.837413302128717 0.008646281982441995 1.0
vehicle.car 0 0 0 0 0 0 0 4.748 1.639 1.961 0.7376031629722745 18.799160293634575 -8.058249019295383 3.1117397218951304 1.0
vehicle.car 0 0 0 0 0 0 0 3.926 1.473 1.724 1.8334908765956044 17.255518151055554 -33.901843139594966 -3.1089886883815385 1.0
movable_object.debris 0 0 0 0 0 0 0 0.643 0.409 0.52 1.4634887414290458 13.86712176056249 2.1484963500807286 -3.09541597130763 1.0
vehicle.car 0 0 0 0 0 0 0 3.898 1.583 1.914 1.8639418193387527 3.747878493872226 -34.24961552460236 3.12346124373523 1.0
vehicle.car 0 0 0 0 0 0 0 5.051 1.835 2.224 0.8987958607256995 -12.012667773508866 -7.876281783258232 3.1043841004368105 1.0
vehicle.car 0 0 0 0 0 0 0 5.103 1.741 2.02 0.8631750785329797 10.50760085177799 -7.397092671534595 0.017569325359284793 1.0
vehicle.truck 0 0 0 0 0 0 0 4.564 1.818 2.043 1.6533462132107626 6.395503368834807 -34.101342087473896 3.1409143733376625 1.0
vehicle.car 0 0 0 0 0 0 0 4.346 1.828 1.904 0.5517881267838602 18.6489710158312 4.9418815167093015 0.014842000691444035 1.0
human.pedestrian.adult 0 0 0 0 0 0 0 0.689 1.249 0.761 -0.2730628517900472 -1.596420286822704 10.310001659325962 3.103192051688448 1.0
vehicle.car 0 0 0 0 0 0 0 4.062 1.826 2.075 0.8290841621416387 -2.464258746237616 -3.0647876985682694 1.6206983325314557 1.0
vehicle.car 0 0 0 0 0 0 0 4.268 1.459 1.783 1.7634318480319868 14.523623189769756 -33.86657767464191 -3.0750982015072204 1.0
vehicle.car 0 0 0 0 0 0 0 5.574 2.132 2.111 0.6920333032689499 7.702070279994134 4.407434540664292 0.035536307624938424 1.0
vehicle.car 0 0 0 0 0 0 0 4.164 1.485 1.891 1.0635849028437243 -0.8031766713159421 -7.982016363475348 3.1154906374332487 1.0
vehicle.car 0 0 0 0 0 0 0 4.326 1.662 1.845 0.96551831018302 -3.6929032721917987 -7.77254771285224 3.1286064263261544 1.0
vehicle.car 0 0 0 0 0 0 0 4.372 1.824 1.822 0.7001057030513257 13.01704855427944 -8.472732763382465 -3.127494241679015 1.0
vehicle.car 0 0 0 0 0 0 0 4.789 1.788 2.238 0.5447406890263198 -46.52253029043849 2.8715905177139716 0.031204408974000675 1.0
vehicle.truck 0 0 0 0 0 0 0 4.884 1.686 2.051 1.80477846109774 -9.7093642414544 -33.982230671721325 -3.094933683251856 1.0
vehicle.car 0 0 0 0 0 0 0 4.545 1.507 1.899 1.0024851510273363 -8.48537338142185 4.3616157813822065 0.01233198372573252 1.0
vehicle.car 0 0 0 0 0 0 0 4.121 1.814 1.961 1.6582291956981072 11.900080762299146 -33.71225485324224 0.026620949789061044 1.0
vehicle.car 0 0 0 0 0 0 0 5.07 1.918 2.048 0.8443478218599647 -8.816641473245998 -8.12262564677285 0.009329103919097026 1.0
vehicle.car 0 0 0 0 0 0 0 3.993 1.615 1.733 1.029296910799276 -0.4882757992939685 4.790505500839482 0.009891110874414633 1.0
vehicle.car 0 0 0 0 0 0 0 3.685 1.34 1.712 1.8289377230942636 19.66857376475382 -33.265626294492364 -3.0994453171502343 1.0
