vehicle.car 0 0 0 0 0 0 0 4.595 1.404 2.105 1.1965345155059244 16.462764669644663 5.818469445811437 1.5842883041082345 1.0
vehicle.truck 0 0 0 0 0 0 0 7.454 2.853 2.867 1.1905700917552964 -7.164594692560955 22.481553043838677 -3.124196208912073 1.0
vehicle.truck 0 0 0 0 0 0 0 10.871 3.865 2.562 0.3222742918385357 -3.685449552704704 20.207725983646203 -3.1269533708669446 1.0
vehicle.car 0 0 0 0 0 0 0 4.506 1.431 1.887 0.7629595625998652 18.4246494478071 -11.104137146478834 0.04328756311360049 1.0
vehicle.car 0 0 0 0 0 0 0 4.228 1.47 1.948 0.44169446043082106 -35.83242092978716 -11.084470553260239 0.04328756311360049 1.0
vehicle.truck 0 0 0 0 0 0 0 8.744 3.813 2.59 0.595178492587498 -14.49301739115166 20.003205288898588 3.1300563479313883 1.0
vehicle.car 0 0 0 0 0 0 0 4.574 1.758 1.915 0.5817827633287853 -42.58534792163103 -10.138682358040993 -3.0833622937849796 1.0
vehicle.car 0 0 0 0 0 0 0 4.263 1.824 2.071 0.6376297865494976 16.077729521178664 -11.467174755038958 -3.118263075722192 1.0
vehicle.truck 0 0 0 0 0 0 0 10.675 3.888 2.99 -0.1073327216629013 -14.276431290396374 4.118449752384665 1.524755858087345 1.0
vehicle.car 0 0 0 0 0 0 0 5.013 2.0 2.138 0.3479473677624457 -18.922986207987982 -19.97405917545376 0.04270497318572275 1.0
vehicle.car 0 0 0 0 0 0 0 4.826 1.486 2.223 1.1172800941780572 15.902031579293249 9.180290847683445 1.5650902228313663 1.0
vehicle.car 0 0 0 0 0 0 0 4.496 1.556 1.936 0.8405835702744053 7.695502230761082 -10.383308797712612 0.04328756311360049 1.0
vehicle.car 0 0 0 0 0 0 0 4.605 1.754 1.883 0.7069579502488967 -5.124257888780425 -10.80993471239903 -3.0833622937849796 1.0
vehicle.car 0 0 0 0 0 0 0 4.385 1.466 1.71 0.8129706673020899 10.410041798279789 -10.94948232585123 -3.0659119048081154 1.0
vehicle.car 0 0 0 0 0 0 0 5.405 2.0 2.389 0.8639546536612784 42.83348377635711 7.130551162153678 -3.1145810439099435 1.0
static_object.bicycle_rack 0 0 0 0 0 0 0 2.544 1.769 7.329 0.37119944594701815 -28.100301555840815 -11.947077903086818 3.133825632638499 1.0
vehicle.car 0 0 0 0 0 0 0 4.449 1.647 2.01 0.6782663975936122 44.61486113885882 -11.244478322555345 0.12051742831420587 1.0
vehicle.car 0 0 0 0 0 0 0 4.051 1.57 1.885 0.8973455712716369 31.9197602445109 -10.979469647250335 -3.0971306526060793 1.0
vehicle.truck 0 0 0 0 0 0 0 5.743 2.044 2.375 -0.3558940957657184 -101.63159000402926 -8.982256807157938 -0.039544105881619274 1.0
vehicle.car 0 0 0 0 0 0 0 4.618 1.526 1.887 0.7860104485789036 13.275679977154917 -11.398417704697728 -3.118263075722192 1.0
vehicle.car 0 0 0 0 0 0 0 4.449 1.378 1.944 0.851556685310115 34.45822050178047 -10.492630967413858 -3.0965373384785835 1.0
vehicle.car 0 0 0 0 0 0 0 4.832 1.898 1.994 0.652707209835349 4.958429564171212 -10.705093960505401 -3.0484615177503027 1.0
vehicle.car 0 0 0 0 0 0 0 4.805 1.515 1.905 0.7991463407066203 -1.4064512160762348 -10.932314633389803 -0.0382537029123462 1.0
vehicle.car 0 0 0 0 0 0 0 5.209 1.817 2.16 0.2962640995459491 -13.010172632090503 -21.978357171378477 0.11540547453327266 1.0
vehicle.car 0 0 0 0 0 0 0 4.316 2.0 2.089 1.011041546884762 29.666227751092993 12.105741430975419 0.03829519502928136 1.0
vehicle.car 0 0 0 0 0 0 0 5.69 2.142 2.526 1.3725911699415057 2.4928287159689244 17.476952816500145 1.6081159575798196 1.0
vehicle.car 0 0 0 0 0 0 0 4.152 1.514 1.841 1.5262956960180056 16.263807680184065 14.37284275308369 -1.5201665603019139 1.0
vehicle.truck 0 0 0 0 0 0 0 10.555 4.179 2.912 0.6212844196248607 -10.564775032324267 21.404924751161545 -3.1269533708669446 1.0
vehicle.truck 0 0 0 0 0 0 0 5.255 2.063 2.53 0.3683504051832594 -15.580521140689441 -19.897626264008885 0.08302432231641532 1.0
vehicle.truck 0 0 0 0 0 0 0 11.242 3.705 3.13 0.5202617039913144 -19.304476154278678 21.365267345311047 3.1300563479313883 1.0
vehicle.car 0 0 0 0 0 0 0 4.787 1.839 2.073 0.726091597667843 -21.161707920657445 -0.07254292581562458 1.6027071752254436 1.0
vehicle.car 0 0 0 0 0 0 0 4.205 1.754 1.968 0.28117415421073766 -39.30804590592873 -10.052085810777644 -3.118263075722192 1.0
