movable_object.trafficcone 0 0 0 0 0 0 0 0.516 1.297 0.505 0.7514270475504095 61.382391673683586 8.792257616898027 3.1195950379718953 1.0
vehicle.car 0 0 0 0 0 0 0 4.386 1.422 1.854 0.3672435974619262 39.269671949358305 -5.73820880610809 -3.129829659597654 1.0
human.pedestrian.adult 0 0 0 0 0 0 0 0.427 1.705 0.719 0.569521270647054 33.480896299585986 11.305196171170847 1.458040290750236 1.0
vehicle.car 0 0 0 0 0 0 0 4.193 1.731 2.025 0.5850259705194719 -47.32979029423487 -5.681411284102098 3.124961850806164 1.0
vehicle.car 0 0 0 0 0 0 0 5.363 1.8 2.224 0.42117628948702535 27.20282437224915 -5.781357566834634 3.068247516565883 1.0
vehicle.car 0 0 0 0 0 0 0 4.387 1.461 1.936 0.8911405255855105 -19.876104903316296 -5.546632444393265 3.088817927689929 1.0
vehicle.car 0 0 0 0 0 0 0 4.275 1.471 1.91 0.8905744730779949 -22.335960745589396 -5.454231606639195 0.07425200570436497 1.0
movable_object.trafficcone 0 0 0 0 0 0 0 0.422 0.748 0.41 1.6008238590041257 -2.3254460908267425 10.893709121822866 3.124961850806164 1.0
vehicle.car 0 0 0 0 0 0 0 4.256 1.711 1.751 0.12797209940043686 55.66798243426808 -6.185537980989892 3.1195950379718953 1.0
human.pedestrian.adult 0 0 0 0 0 0 0 0.514 1.621 0.748 0.6097764339849422 34.428876214338715 12.764379025733863 2.811852851858279 1.0
vehicle.car 0 0 0 0 0 0 0 4.36 1.481 1.91 0.9881108532921917 -14.536314687325104 -5.863252413362469 3.0583025359078437 1.0
vehicle.car 0 0 0 0 0 0 0 4.544 1.636 1.707 0.2168899817753674 44.93129473097662 -6.201562093468389 -3.1340519167468326 1.0
vehicle.car 0 0 0 0 0 0 0 4.282 1.444 1.732 0.848045816650073 -11.350250321892114 -6.181920963473857 3.1030026155375277 1.0
vehicle.car 0 0 0 0 0 0 0 4.508 1.698 1.949 0.8174278553068559 -35.27738081887843 0.39044289747052846 1.6024157838616535 1.0
vehicle.car 0 0 0 0 0 0 0 4.839 1.716 2.116 0.6985348420738693 -25.357779272841416 -5.172152595576356 3.0198939985963635 1.0
vehicle.trailer 0 0 0 0 0 0 0 14.832 4.013 2.67 -1.4991100310397378 107.75754775207892 5.114300634775034 1.6242006889800322 1.0
human.pedestrian.adult 0 0 0 0 0 0 0 0.589 1.739 0.571 1.1658758224024912 11.274793808589001 12.036852106664858 3.124961850806164 1.0
vehicle.car 0 0 0 0 0 0 0 4.303 1.426 1.9 0.8997445650854554 -17.044517730693496 -5.676943818966981 3.071370589720104 1.0
vehicle.construction 0 0 0 0 0 0 0 9.981 4.208 7.368 -1.1926724999680698 87.79634097102281 5.882403416610463 1.6003471826880773 1.0
human.pedestrian.adult 0 0 0 0 0 0 0 0.465 1.634 0.575 0.5620847465041459 34.778621460368456 12.043020747327851 0.9867725128659126 1.0
