vehicle.car 0 0 0 0 0 0 0 4.884 2.335 2.229 1.265368015563959 -90.30862247380901 22.413630938596178 0.054703712577774066 1.0
vehicle.car 0 0 0 0 0 0 0 4.359 1.666 1.89 0.9018882390145225 -21.808655175383336 -10.950175971986411 -3.1182620774392262 1.0
human.pedestrian.adult 0 0 0 0 0 0 0 0.464 1.849 0.71 1.701821266209257 -16.74695437179818 21.39993985666241 -0.25659884031691327 1.0
vehicle.car 0 0 0 0 0 0 0 4.832 1.898 1.994 0.782018102443447 53.28392654099933 -11.853972585597974 -3.0484563497594905 1.0
human.pedestrian.adult 0 0 0 0 0 0 0 0.957 1.862 0.747 1.037829655047369 -10.513618032302691 8.809328623722482 1.5812689638401647 1.0
vehicle.car 0 0 0 0 0 0 0 4.488 1.515 2.054 0.7956103300894597 -27.36061663561035 -10.379542157508139 -0.041164766457315594 1.0
vehicle.car 0 0 0 0 0 0 0 4.525 1.521 2.048 0.6819140032695052 -42.600082291391075 -9.931889757137347 -3.1182620774392262 1.0
vehicle.car 0 0 0 0 0 0 0 4.205 1.754 1.968 0.7661759117471098 9.086046724746703 -10.848457407644986 -3.1182620774392262 1.0
human.pedestrian.adult 0 0 0 0 0 0 0 0.587 1.734 0.59 0.5916797896196389 28.142735979892034 30.124102626311824 1.6367403232163689 1.0
vehicle.car 0 0 0 0 0 0 0 4.805 1.515 1.905 1.0482216260214456 46.99122179821214 -11.772962066912264 -0.03140029781327769 1.0
vehicle.truck 0 0 0 0 0 0 0 8.744 3.813 2.59 0.6712552386042756 33.90766931073692 19.15737921232745 3.130055265351216 1.0
vehicle.truck 0 0 0 0 0 0 0 5.743 2.044 2.375 0.42976990882698063 -53.3452157326843 -9.769102520421697 -0.03296022094129292 1.0
movable_object.pushable_pullable 0 0 0 0 0 0 0 0.431 0.994 0.38 1.2767009464170402 7.462858343803031 -9.841289264311921 2.4208949562440107 1.0
vehicle.car 0 0 0 0 0 0 0 4.842 1.807 1.972 0.676048678800822 -19.381315699175975 -10.783605985828991 0.03736890224298284 1.0
vehicle.truck 0 0 0 0 0 0 0 11.242 3.705 3.13 0.6477155675365787 28.80291361861823 20.28441790184437 3.130055265351216 1.0
human.pedestrian.adult 0 0 0 0 0 0 0 0.839 1.778 0.734 1.233966247092212 -13.57340546684385 10.93763059775818 1.6678708631250236 1.0
vehicle.truck 0 0 0 0 0 0 0 10.772 3.565 2.899 1.075893634337053 8.473940938910872 20.9487599303433 -3.080409919634093 1.0
vehicle.car 0 0 0 0 0 0 0 4.665 2.0 1.963 1.7403202603588785 -7.3864946778529275 22.933080797826264 0.03184823602595843 1.0
vehicle.car 0 0 0 0 0 0 0 4.346 1.42 1.808 1.3210136152715928 1.0822304625974122 9.053522251788527 -1.5024524550451197 1.0
human.pedestrian.adult 0 0 0 0 0 0 0 0.541 1.518 0.52 0.9767260928502011 7.384235683131262 -9.502232389353674 -2.839039386462126 1.0
vehicle.car 0 0 0 0 0 0 0 4.574 1.758 1.915 0.8652258683018224 5.714956399351996 -11.07486660387095 -3.083359211707683 1.0
vehicle.car 0 0 0 0 0 0 0 4.741 1.671 1.994 0.9307213990470515 29.21202633734475 -4.989406254438544 -1.5768918229913007 1.0
vehicle.car 0 0 0 0 0 0 0 4.605 1.754 1.883 0.7042751509934204 43.07168855400185 -11.693955928869451 -3.083359211707683 1.0
vehicle.car 0 0 0 0 0 0 0 4.551 1.712 1.969 1.2163541323030838 -50.12249998953414 10.199553105289175 3.141049668532082 1.0
vehicle.car 0 0 0 0 0 0 0 5.98 2.298 2.459 1.0844561997228008 -66.63661077753397 23.638356281801947 -3.130233760668885 1.0
vehicle.car 0 0 0 0 0 0 0 4.453 2.136 2.221 0.4214444901219361 -37.32194424285577 -10.602293645347064 -3.100810644242502 1.0
vehicle.truck 0 0 0 0 0 0 0 10.555 4.179 2.912 0.7012881410271976 37.83591553356025 20.559009205458775 -3.1269528912674547 1.0
vehicle.car 0 0 0 0 0 0 0 5.69 2.142 2.526 1.5333633170960472 50.89018867911987 16.63624939347805 1.6080005739178942 1.0
static_object.bicycle_rack 0 0 0 0 0 0 0 2.544 1.769 7.329 0.6605712463633543 20.198023225087105 -12.764954710156012 3.133824775014155 1.0
vehicle.car 0 0 0 0 0 0 0 4.505 1.599 2.121 1.0813074771805495 -52.89297801337083 9.838460429681401 -3.054878476008893 1.0
vehicle.car 0 0 0 0 0 0 0 4.228 1.47 1.948 1.0912901434675382 12.573280253459613 -11.52658649016014 0.03736890224298284 1.0
human.pedestrian.adult 0 0 0 0 0 0 0 0.526 1.866 0.779 1.262653891873586 -13.0318303116565 12.665823402488217 2.3904965777444485 1.0
vehicle.car 0 0 0 0 0 0 0 4.579 1.525 1.842 1.1083257938605386 -38.68656318112119 9.986411856162817 0.045086704730204374 1.0
vehicle.car 0 0 0 0 0 0 0 4.787 1.839 2.073 0.8979468499553576 -22.050077813637955 -0.07823186915037837 1.6113160196925644 1.0
vehicle.car 0 0 0 0 0 0 0 4.881 1.673 2.353 1.712714060904831 1.1919703058179587 18.00214281183584 -1.5024524550451197 1.0
vehicle.car 0 0 0 0 0 0 0 4.872 2.0 2.034 0.7084609804655394 3.0732685529567423 -10.99813921534013 -3.1182620774392262 1.0
vehicle.truck 0 0 0 0 0 0 0 10.675 3.888 2.99 -0.18125620323010436 34.3661622877261 3.2823108839204242 1.5556517307440245 1.0
vehicle.truck 0 0 0 0 0 0 0 10.871 3.865 2.562 0.08812564549560298 44.71845550700861 19.369014975236972 -3.1269528912674547 1.0
