vehicle.construction 0 0 0 0 0 0 0 9.981 4.208 7.368 -0.7420245139194773 54.7496105569687 5.686432417653921 1.6009366727137273 1.0
vehicle.car 0 0 0 0 0 0 0 4.544 1.636 1.707 0.7364206677701809 11.891599180426647 -6.1407778067790515 -3.13337027432421 1.0
vehicle.car 0 0 0 0 0 0 0 4.256 1.711 1.751 0.6852474124728274 22.51798949608725 -6.071379268023977 3.12027528680221 1.0
vehicle.car 0 0 0 0 0 0 0 4.839 1.716 2.116 0.5075126313662786 -58.17483164767162 -5.282877391692752 3.0192069642038417 1.0
vehicle.car 0 0 0 0 0 0 0 4.415 1.749 1.882 0.6119246308566761 25.81588172468447 -5.953296169096251 3.12027528680221 1.0
human.pedestrian.adult 0 0 0 0 0 0 0 0.427 1.705 0.719 0.9840569863402931 0.5550027930583791 11.430174575025124 1.57935080951564 1.0
human.pedestrian.adult 0 0 0 0 0 0 0 0.589 1.739 0.571 1.0031413535621383 -21.808523129823193 9.842171400109489 3.1242797795371615 1.0
movable_object.trafficcone 0 0 0 0 0 0 0 0.439 1.3 0.48 0.9079309249660843 37.670747474291716 6.900663389446148 3.12027528680221 1.0
movable_object.trafficcone 0 0 0 0 0 0 0 0.516 1.297 0.505 1.0585126563582083 28.35483723118839 8.805475055889636 3.12027528680221 1.0
human.pedestrian.construction_worker 0 0 0 0 0 0 0 0.789 1.755 1.19 0.4252774613579815 59.084924480035205 1.9836563932394065 0.9541002947389918 1.0
vehicle.car 0 0 0 0 0 0 0 4.282 1.444 1.732 0.7921946148492719 -44.17102578480114 -6.254827248071137 3.0513375977899457 1.0
human.pedestrian.construction_worker 0 0 0 0 0 0 0 0.542 1.858 0.69 0.3759974117754218 60.432173150921166 1.3312067817681108 0.3641350699029142 1.0
vehicle.car 0 0 0 0 0 0 0 4.529 1.777 1.695 0.8082150792715209 9.071415249772713 -6.421530651390672 -3.1291478179814645 1.0
vehicle.car 0 0 0 0 0 0 0 4.197 1.692 1.864 0.7878760748484797 20.016425171601863 -6.549851093863327 0.04867132942643071 1.0
movable_object.trafficcone 0 0 0 0 0 0 0 0.546 1.279 0.49 1.0676392712573302 29.45591287980401 7.0280518871067645 3.12027528680221 1.0
movable_object.trafficcone 0 0 0 0 0 0 0 0.422 0.748 0.41 1.4592091576944055 -35.299010351360934 10.776243497728608 3.1242797795371615 1.0
movable_object.trafficcone 0 0 0 0 0 0 0 0.471 1.293 0.471 1.0308549193454544 32.36876871258839 6.798978080509127 3.12027528680221 1.0
vehicle.car 0 0 0 0 0 0 0 5.363 1.8 2.224 0.7702703435400028 -5.816118233901628 -5.609180991755803 3.068925341224669 1.0
movable_object.trafficcone 0 0 0 0 0 0 0 0.425 0.791 0.438 0.9989741683213733 48.89280837261636 1.5359931924877128 3.072772799167976 1.0
movable_object.trafficcone 0 0 0 0 0 0 0 0.477 1.283 0.481 0.987851177792538 36.22028099101316 7.154570329237139 3.12027528680221 1.0
vehicle.car 0 0 0 0 0 0 0 4.386 1.422 1.854 0.9628843280395732 6.321519272625497 -5.856044543377263 -3.1291478179814645 1.0
vehicle.car 0 0 0 0 0 0 0 4.253 1.584 1.692 0.7610175328115462 14.522375551185652 -6.138859138804803 3.137200008312732 1.0
vehicle.truck 0 0 0 0 0 0 0 5.471 1.913 1.96 0.026204294379512383 48.30451352651112 -7.682762089349308 1.6189122610533184 1.0
vehicle.construction 0 0 0 0 0 0 0 5.996 2.78 3.928 0.26209655437871143 37.706275947751784 11.412143489517725 1.601154853039299 1.0
vehicle.car 0 0 0 0 0 0 0 4.303 1.426 1.9 0.7137923170146638 -50.07961805677387 -5.7287412824013275 3.002255953057791 1.0
human.pedestrian.adult 0 0 0 0 0 0 0 0.465 1.634 0.575 1.2575816106254152 1.8195818848000487 11.853571552623709 0.9872776311056457 1.0
vehicle.truck 0 0 0 0 0 0 0 5.546 1.825 2.211 0.553594149275578 28.45380909534027 -5.711069535414178 -3.1280136871782 1.0
human.pedestrian.adult 0 0 0 0 0 0 0 0.514 1.621 0.748 1.0570622640153218 1.3145596565850768 12.632076235104172 2.811155872120181 1.0
vehicle.car 0 0 0 0 0 0 0 4.621 1.761 1.918 -0.3720892924308157 89.60710150030673 -8.178793223027737 3.0448208502634984 1.0
vehicle.car 0 0 0 0 0 0 0 4.36 1.481 1.91 0.7330092673730153 -47.681340456262014 -6.073625697388687 2.9891872966611137 1.0
vehicle.trailer 0 0 0 0 0 0 0 14.832 4.013 2.67 -0.9525174133587815 73.28880472269306 5.194174939431825 1.6234301356304321 1.0
vehicle.car 0 0 0 0 0 0 0 4.508 1.698 1.949 0.852460130724372 -33.040697524307745 0.27213359762587785 1.601643266644598 1.0
vehicle.car 0 0 0 0 0 0 0 3.85 1.498 1.751 0.9121037168342182 3.771034356214312 -6.202901892562476 0.05342155575664487 1.0
movable_object.trafficcone 0 0 0 0 0 0 0 0.489 1.262 0.521 0.845090979260581 41.07321414059079 3.406446348970878 1.308885960039417 1.0
