movable_object.trafficcone 0 0 0 0 0 0 0 0.339 0.774 0.435 1.2047681666081613 -3.7041239484257376 -12.263827430960978 -2.9071106372585502 1.0
vehicle.car 0 0 0 0 0 0 0 5.295 2.019 2.027 1.052248237653625 19.087156130954465 19.417144839702214 -0.4104503873765104 1.0
vehicle.car 0 0 0 0 0 0 0 4.353 1.648 1.967 3.5790798898804437 -12.677854703790842 45.236342396361806 -1.1592534506159673 1.0
vehicle.car 0 0 0 0 0 0 0 5.064 1.916 2.321 2.2911599003930103 -16.60209925298139 22.28100552628227 -1.047576001618122 1.0
vehicle.emergency.ambulance 0 0 0 0 0 0 0 5.102 2.5 2.302 4.964586495079777 -43.89890564558534 85.25955645441584 2.7827867360753746 1.0
vehicle.motorcycle 0 0 0 0 0 0 0 2.313 1.17 0.795 1.4691552088967141 -2.918642424002957 13.187639840429618 2.804062623294895 1.0
vehicle.car 0 0 0 0 0 0 0 4.48 1.48 2.13 0.9919063989745216 -29.91853955956146 -17.571402492560548 -2.8832237109306647 1.0
vehicle.car 0 0 0 0 0 0 0 4.411 1.74 1.805 0.5035355137239964 31.942796471139033 6.457839117927617 2.7574805546079446 1.0
movable_object.trafficcone 0 0 0 0 0 0 0 0.272 0.761 0.342 1.0508350618252487 -3.1324928761485547 -12.251889405188724 -2.628072563063008 1.0
vehicle.car 0 0 0 0 0 0 0 4.647 1.652 1.8 0.7454062116193839 44.431840695671255 12.398868820190183 2.7089629990771 1.0
vehicle.car 0 0 0 0 0 0 0 4.806 1.76 1.982 1.2610513885614587 -15.65522433760136 6.897312427794144 -2.408451235172354 1.0
vehicle.car 0 0 0 0 0 0 0 4.444 1.826 1.811 0.7186323199766069 19.20709718311777 1.210569446084665 2.7142995625596225 1.0
vehicle.car 0 0 0 0 0 0 0 4.187 1.646 1.776 0.6559035775834376 34.33106060925004 7.734473905064283 2.7400406999919458 1.0
vehicle.motorcycle 0 0 0 0 0 0 0 2.993 1.527 1.645 1.7213176318281156 -13.11609077091093 14.985297017035883 -2.2364616751825093 1.0
vehicle.car 0 0 0 0 0 0 0 4.176 1.659 1.922 1.4338682760695087 -34.98538623856307 -4.032684516670721 -1.9886933978997607 1.0
vehicle.car 0 0 0 0 0 0 0 4.442 1.565 1.738 0.427216988641815 57.15482139161606 18.680732224388684 2.736012100396934 1.0
vehicle.car 0 0 0 0 0 0 0 4.872 1.889 2.202 1.4486949950042527 -0.9224716208893294 20.207329755549914 -1.1766641835704483 1.0
vehicle.car 0 0 0 0 0 0 0 4.635 1.582 2.087 -0.46255184387185133 11.294934166112487 -28.287031157412088 -1.9942022435223778 1.0
movable_object.trafficcone 0 0 0 0 0 0 0 0.322 0.927 0.391 0.8821273430132889 -2.903796636646306 -12.586582900271619 -2.924550837687356 1.0
vehicle.car 0 0 0 0 0 0 0 4.284 1.461 1.766 0.8080556212494696 24.5127633997274 3.3852621763612474 2.7232810446863525 1.0
vehicle.truck 0 0 0 0 0 0 0 5.629 2.267 2.32 1.641802415199919 -14.493762914670326 17.339302708327626 -1.1219984102821599 1.0
vehicle.truck 0 0 0 0 0 0 0 5.899 2.97 2.102 1.0606185984720442 82.39823086603117 48.8366606383451 -1.1066280141746105 1.0
vehicle.car 0 0 0 0 0 0 0 4.486 1.444 1.742 0.8385970658113304 21.66274502783521 2.0601182219017486 2.729646569203087 1.0
vehicle.car 0 0 0 0 0 0 0 4.329 1.688 1.768 0.45394811932039736 49.22824408991136 14.997098729216145 2.7089629990771 1.0
