movable_object.trafficcone 0 0 0 0 0 0 0 0.436 1.3 0.488 0.8417336365936168 18.085814862567705 2.6928021880842765 1.5462842511231987 1.0
vehicle.construction 0 0 0 0 0 0 0 9.981 4.208 7.368 -0.8442305914010801 29.965015151145447 6.436062682062089 1.607078905921938 1.0
vehicle.car 0 0 0 0 0 0 0 4.253 1.584 1.692 0.9842848891684528 -9.949527373601319 -5.922968516922755 -3.1395316839738747 1.0
vehicle.car 0 0 0 0 0 0 0 4.256 1.711 1.751 0.937941902353925 -1.9856595435787718 -5.838828672015671 3.126726186918426 1.0
vehicle.car 0 0 0 0 0 0 0 4.415 1.749 1.882 0.8452803075167802 1.0167669257608114 -5.4819559705465855 3.126726186918426 1.0
human.pedestrian.adult 0 0 0 0 0 0 0 0.427 1.705 0.719 0.7104097592887398 -24.062299579444527 11.391020742610204 1.5725792671197532 1.0
human.pedestrian.adult 0 0 0 0 0 0 0 0.589 1.739 0.571 0.9657430929173991 -46.159671765336604 9.016086350486937 3.117822683287568 1.0
movable_object.trafficcone 0 0 0 0 0 0 0 0.439 1.3 0.48 1.0540669727007523 12.911617580396733 7.386778545028194 3.126726186918426 1.0
vehicle.construction 0 0 0 0 0 0 0 5.996 2.78 3.928 0.2550570539956423 12.906643665243898 11.699361925089336 1.5943901369875313 1.0
movable_object.trafficcone 0 0 0 0 0 0 0 0.516 1.297 0.505 1.1412853307029942 3.5811885241822945 9.149460190980514 3.126726186918426 1.0
human.pedestrian.construction_worker 0 0 0 0 0 0 0 0.542 1.858 0.69 0.1960563250903738 35.75869621673038 1.945131504493243 0.35596040458508416 1.0
vehicle.car 0 0 0 0 0 0 0 4.282 1.444 1.732 1.035206976064026 -68.85745930695312 -6.478817666143358 3.057777429630315 1.0
movable_object.trafficcone 0 0 0 0 0 0 0 0.545 1.3 0.544 1.0266891591660274 16.476520448248806 7.74942437514863 3.126726186918426 1.0
vehicle.car 0 0 0 0 0 0 0 4.529 1.777 1.695 0.937431757838083 -15.486788466268301 -6.2012532195576835 -3.1226915025285837 1.0
movable_object.trafficcone 0 0 0 0 0 0 0 0.433 1.291 0.422 0.45358548854922376 31.6696105911961 -10.636836802453749 0.03628654957973643 1.0
vehicle.car 0 0 0 0 0 0 0 5.363 1.8 2.224 0.9178372198986339 -31.16262850600886 -5.842824561998382 3.0753679992843113 1.0
movable_object.trafficcone 0 0 0 0 0 0 0 0.477 1.283 0.481 1.0906937158421077 11.45835271707112 7.622881740074296 3.126726186918426 1.0
vehicle.truck 0 0 0 0 0 0 0 5.311 3.037 2.394 -0.8553428406143051 57.76176821302728 5.419784799447224 1.6085585432467058 1.0
human.pedestrian.adult 0 0 0 0 0 0 0 0.465 1.634 0.575 0.9004154035077966 -22.810592385228215 12.08924846700456 0.9931326588984666 1.0
movable_object.trafficcone 0 0 0 0 0 0 0 0.471 1.293 0.471 1.1247904975484293 7.609714264382147 7.248791550468451 3.126726186918426 1.0
human.pedestrian.construction_worker 0 0 0 0 0 0 0 0.789 1.755 1.19 0.29782985736378975 34.20474421756229 2.6226086866993255 0.9470284137576961 1.0
movable_object.trafficcone 0 0 0 0 0 0 0 0.425 0.791 0.438 1.0153971466992664 24.15199289045667 2.084054194889709 3.066307438383717 1.0
movable_object.barrier 0 0 0 0 0 0 0 2.249 1.043 0.614 0.5057317230383528 29.250854645358693 -10.517520228979702 1.520635019410908 1.0
vehicle.car 0 0 0 0 0 0 0 4.544 1.636 1.707 0.8813523159022163 -12.634487729543908 -6.029728867139995 -3.126914636110306 1.0
vehicle.truck 0 0 0 0 0 0 0 5.471 1.913 1.96 0.29850217105171234 23.639339722842735 -7.173331360634462 1.612152999114561 1.0
vehicle.car 0 0 0 0 0 0 0 4.197 1.692 1.864 0.9592222303645137 -4.68680478814659 -6.355326992814868 0.032726118614406996 1.0
movable_object.trafficcone 0 0 0 0 0 0 0 0.546 1.279 0.49 1.180626405272292 4.6947173660047365 7.416080025442407 3.126726186918426 1.0
vehicle.car 0 0 0 0 0 0 0 4.65 1.434 1.711 -0.4965036426959671 82.24416435442237 -7.826999210486647 0.04546357235498988 1.0
movable_object.trafficcone 0 0 0 0 0 0 0 0.449 1.239 0.443 0.6164134395033368 32.87790003122849 1.9938678765218152 1.5598592258732813 1.0
vehicle.car 0 0 0 0 0 0 0 4.621 1.761 1.918 -0.34174149372264134 64.9093378766617 -7.300541554855286 3.03835099949998 1.0
movable_object.trafficcone 0 0 0 0 0 0 0 0.489 1.262 0.521 0.8626068862558808 16.399909946799415 3.8666961025568414 1.302014957117727 1.0
vehicle.car 0 0 0 0 0 0 0 4.386 1.422 1.854 1.043408295617298 -18.302266707672434 -5.74387345872388 -3.1226915025285837 1.0
human.pedestrian.adult 0 0 0 0 0 0 0 0.514 1.621 0.748 0.7857006474387122 -23.439914732911337 12.693596799878062 2.8046480902291053 1.0
vehicle.trailer 0 0 0 0 0 0 0 14.832 4.013 2.67 -1.1549832822851263 47.50318623417224 5.845014606524822 1.616672246679916 1.0
vehicle.car 0 0 0 0 0 0 0 4.508 1.698 1.949 0.9288455458098437 -33.003467022294124 0.2686889472496015 1.5948787018530624 1.0
vehicle.truck 0 0 0 0 0 0 0 5.546 1.825 2.211 0.8496652730254595 3.848040260588702 -5.431497318481533 -3.1215571898208188 1.0
vehicle.car 0 0 0 0 0 0 0 4.839 1.716 2.116 0.8357200075512143 -82.83959047063026 -5.8382561381703635 3.0127329940280045 1.0
