vehicle.truck 0 0 0 0 0 0 0 6.997 2.417 2.203 -0.08902701685338413 38.59515909533492 -8.207579676423112 1.5713859814932398 1.0
vehicle.car 0 0 0 0 0 0 0 5.053 1.629 2.052 0.6585510413594707 4.68561423547301 -7.974726838998247 0.051624595949737895 1.0
movable_object.trafficcone 0 0 0 0 0 0 0 0.383 1.349 0.371 0.5062740320725081 -3.314840284564044 -10.56419709085652 -3.1319513004284083 1.0
vehicle.truck 0 0 0 0 0 0 0 6.312 2.213 2.285 -0.2875636948701645 75.21699265052212 -6.181388114983231 0.05333003308504036 1.0
vehicle.truck 0 0 0 0 0 0 0 5.513 3.546 3.051 0.1267930099144639 -24.306396538059627 5.625028993492169 1.5658041873595376 1.0
movable_object.trafficcone 0 0 0 0 0 0 0 0.307 1.387 0.395 0.5086211891226353 -9.681957137867618 -10.562626348516968 3.0884878090165833 1.0
human.pedestrian.construction_worker 0 0 0 0 0 0 0 0.491 1.794 0.491 0.9071684494404024 -44.859918026775595 1.9339530546537862 0.06721019334952327 1.0
human.pedestrian.construction_worker 0 0 0 0 0 0 0 0.448 1.808 0.588 0.8741683587681501 -46.25710712284566 2.4376738342912923 1.6181342004914354 1.0
vehicle.truck 0 0 0 0 0 0 0 6.829 2.012 3.126 -0.09070676766063279 63.048375098711496 -6.604722767451302 1.5003939611528603 1.0
movable_object.trafficcone 0 0 0 0 0 0 0 0.336 0.46 0.336 1.869651879732612 0.7607621195222761 13.032093377950561 3.1262307196863173 1.0
human.pedestrian.construction_worker 0 0 0 0 0 0 0 0.616 1.794 0.539 -0.04298628828053469 64.12688028229474 -6.300074897227599 3.042319861330065 1.0
vehicle.car 0 0 0 0 0 0 0 5.501 2.0 2.028 0.4058712024190852 -56.4771851306453 -7.131533148936246 1.583247354021161 1.0
vehicle.car 0 0 0 0 0 0 0 5.242 1.908 1.956 0.532834793815266 -15.571979611354855 -7.256030823938147 3.0466819111494043 1.0
vehicle.construction 0 0 0 0 0 0 0 2.899 2.108 1.42 0.3474143564588322 60.544292730322546 9.812744588170926 0.06611638856994073 1.0
vehicle.car 0 0 0 0 0 0 0 4.58 1.597 1.941 0.7212105585783792 1.6713825210929547 -7.616055740459785 0.05038492684320772 1.0
movable_object.trafficcone 0 0 0 0 0 0 0 0.309 1.348 0.445 1.185936695018577 -24.224740940928 2.3251574781508464 1.6181342004914354 1.0
vehicle.truck 0 0 0 0 0 0 0 8.307 2.188 2.681 0.019378061678157255 44.32901594561563 -5.737956231555863 1.7395451993402649 1.0
vehicle.trailer 0 0 0 0 0 0 0 19.549 5.364 3.062 -0.7779629101753597 -36.927357165987964 5.970397714343828 1.6006906936890015 1.0
vehicle.construction 0 0 0 0 0 0 0 3.768 3.248 4.297 -0.8653694180222604 -49.55769344720141 4.727773665869449 1.6181342004914354 1.0
vehicle.truck 0 0 0 0 0 0 0 6.341 2.603 2.149 0.6404218919361697 28.41341642312579 11.732358173188654 1.6062725979489203 1.0
vehicle.trailer 0 0 0 0 0 0 0 14.847 4.321 3.527 -0.20649390211129243 18.03444843832182 9.190800932399593 1.5638854498498462 1.0
vehicle.car 0 0 0 0 0 0 0 4.276 1.817 2.032 0.8622254285814425 -23.092983926080784 -0.37740909370744125 1.527081006903023 1.0
movable_object.trafficcone 0 0 0 0 0 0 0 0.262 1.305 0.35 0.49485135979690453 -9.212154803571142 -10.587022218859186 3.0884878090165833 1.0
movable_object.trafficcone 0 0 0 0 0 0 0 0.281 1.203 0.268 0.3906724063042493 3.059114736797454 -10.589170071827951 2.9876721276332896 1.0
vehicle.truck 0 0 0 0 0 0 0 6.629 2.1 2.201 -0.11028070099756049 88.30258087092746 8.503504450714118 1.5415584845898564 1.0
movable_object.trafficcone 0 0 0 0 0 0 0 0.431 0.789 0.416 1.6266755901569847 10.287372601534688 6.6201304767233555 1.651102865061051 1.0
