movable_object.trafficcone 0 0 0 0 0 0 0 0.308 0.895 0.327 0.850520630547839 -0.05116201573898632 -10.737160070359 3.113828727225294 1.0
vehicle.truck 0 0 0 0 0 0 0 5.546 1.825 2.211 0.7894972936356985 -24.208037077962693 -4.748301299234694 -3.1241595432331852 1.0
movable_object.trafficcone 0 0 0 0 0 0 0 0.489 1.262 0.521 1.179396969856759 -11.474776886789714 4.719216757065682 1.3046557966233827 1.0
vehicle.car 0 0 0 0 0 0 0 5.317 2.174 2.21 -0.7517947286526991 95.60397289218751 -5.756235232934886 1.3785766976293878 1.0
movable_object.trafficcone 0 0 0 0 0 0 0 0.425 0.791 0.438 1.410287633290206 -3.915857962612811 2.842092307473129 3.06891062205795 1.0
movable_object.trafficcone 0 0 0 0 0 0 0 0.321 0.895 0.337 0.7370474761572137 -0.38664027193589867 -10.693626372472847 3.113828727225294 1.0
vehicle.trailer 0 0 0 0 0 0 0 14.832 4.013 2.67 -0.5169403389123262 17.86073210391755 6.690532305374925 1.6193026532161792 1.0
human.pedestrian.adult 0 0 0 0 0 0 0 0.571 1.78 0.853 0.8546644283491052 -9.285685041583157 13.492312258069783 1.9273250913667495 1.0
vehicle.construction 0 0 0 0 0 0 0 9.981 4.208 7.368 -0.095922291133645 1.8590658117437502 7.280216693285384 1.6045061960799822 1.0
human.pedestrian.adult 0 0 0 0 0 0 0 0.514 1.621 0.748 0.7215116907868482 -51.43683166474914 13.536704834436128 2.8072552431951125 1.0
movable_object.trafficcone 0 0 0 0 0 0 0 0.428 1.277 0.454 0.7428201236763613 4.889082831991835 -9.71058496580666 0.08100872189730257 1.0
movable_object.trafficcone 0 0 0 0 0 0 0 0.546 1.279 0.49 1.169229234510728 -23.377879588214522 8.19677792784199 3.1241243579792917 1.0
movable_object.trafficcone 0 0 0 0 0 0 0 0.516 1.297 0.505 1.1106554071137846 -24.476683093758947 9.94592313706484 3.1241243579792917 1.0
vehicle.car 0 0 0 0 0 0 0 4.508 1.698 1.949 0.977117905448726 -23.942029491084906 0.8489182310093984 1.597509725581384 1.0
vehicle.construction 0 0 0 0 0 0 0 5.996 2.78 3.928 0.4335740771941189 -15.016711597843152 12.464505112925481 1.5970211746979928 1.0
vehicle.car 0 0 0 0 0 0 0 4.415 1.749 1.882 0.8178526577879224 -26.963660342504653 -5.045843560499842 3.1241243579792917 1.0
vehicle.truck 0 0 0 0 0 0 0 5.471 1.913 1.96 0.7018686281021586 -4.021885288749436 -6.207963643690984 1.6147835326006152 1.0
vehicle.car 0 0 0 0 0 0 0 4.544 1.636 1.707 0.7792550837259784 -40.70200964483299 -5.2192323562587415 -3.1295169090273776 1.0
movable_object.trafficcone 0 0 0 0 0 0 0 0.333 0.906 0.339 0.7433476671572374 -0.7390177207275755 -10.675641902042662 3.113828727225294 1.0
vehicle.car 0 0 0 0 0 0 0 4.65 1.434 1.711 0.22688433866691504 54.16201939605071 -7.347703331023297 0.04504779903312839 1.0
movable_object.trafficcone 0 0 0 0 0 0 0 0.477 1.283 0.481 1.1561663348878393 -16.60154220158275 8.363075802725124 3.1241243579792917 1.0
vehicle.truck 0 0 0 0 0 0 0 5.311 3.037 2.394 -0.18322760893384712 28.289614471592937 6.236279759930713 1.5937409060300771 1.0
movable_object.trafficcone 0 0 0 0 0 0 0 0.481 1.248 0.475 0.9896275490135094 11.127635740230362 2.9391299600686547 3.0499937808656234 1.0
movable_object.trafficcone 0 0 0 0 0 0 0 0.545 1.3 0.544 1.1443203674409834 -11.661324363735513 8.546622493437095 3.1241243579792917 1.0
movable_object.trafficcone 0 0 0 0 0 0 0 0.38 1.324 0.41 0.46099940638625647 24.673261291129204 -9.993225692389117 2.9677664075863834 1.0
human.pedestrian.adult 0 0 0 0 0 0 0 0.427 1.705 0.719 0.7394278506288057 -51.785842975333594 12.25173008125973 0.03469756096775978 1.0
movable_object.trafficcone 0 0 0 0 0 0 0 0.455 1.277 0.463 0.8502370115196172 19.20972279915495 3.20927445847113 3.0499937808656234 1.0
movable_object.trafficcone 0 0 0 0 0 0 0 0.436 1.3 0.488 1.1615975813382 -9.715723308631212 3.4382200002639443 1.3046557966233827 1.0
vehicle.car 0 0 0 0 0 0 0 4.253 1.584 1.692 0.9202103461260975 -37.81416016242908 -5.295854683171533 3.141051539870441 1.0
movable_object.barrier 0 0 0 0 0 0 0 2.216 1.025 0.631 0.8281251596062975 6.332058344063437 -9.585722151457048 1.4955960759943787 1.0
human.pedestrian.adult 0 0 0 0 0 0 0 0.465 1.634 0.575 0.8340530144729221 -50.92361018195061 12.810280605726216 0.9905873894532498 1.0
human.pedestrian.construction_worker 0 0 0 0 0 0 0 0.542 1.858 0.69 0.7518812500246067 7.694930498510603 2.6425369379180115 0.3587176306770399 1.0
movable_object.trafficcone 0 0 0 0 0 0 0 0.433 1.291 0.422 0.7455448475828876 3.6285949525433243 -9.910294458926495 0.03906371421057786 1.0
movable_object.trafficcone 0 0 0 0 0 0 0 0.465 1.249 0.454 0.7015388701433309 28.44679002961337 2.8467957104827604 2.698887004325691 1.0
movable_object.trafficcone 0 0 0 0 0 0 0 0.439 1.3 0.48 1.159269868060072 -15.139694269049693 8.156324768313358 3.1241243579792917 1.0
vehicle.car 0 0 0 0 0 0 0 4.621 1.761 1.918 0.11910151101192656 36.78773991589287 -6.6805291353102465 3.040954603641519 1.0
vehicle.car 0 0 0 0 0 0 0 4.386 1.422 1.854 0.8520269340445514 -46.191567031866796 -4.8828145323201415 -3.125293838898113 1.0
vehicle.truck 0 0 0 0 0 0 0 5.421 1.986 2.015 -0.735336903292676 90.69154729245403 -8.019503857528285 1.5934268379362706 1.0
human.pedestrian.adult 0 0 0 0 0 0 0 0.607 1.688 0.713 0.20354104636465045 19.883057277626367 -16.85230075407762 1.5717562065916812 1.0
vehicle.trailer 0 0 0 0 0 0 0 14.625 4.129 3.22 -1.3861713633875599 70.56147209570288 10.003091851156276 1.576292720334627 1.0
human.pedestrian.construction_worker 0 0 0 0 0 0 0 0.789 1.755 1.19 0.8571083350331766 6.129518155843612 3.3416424077907907 0.9496876517862729 1.0
movable_object.barrier 0 0 0 0 0 0 0 2.249 1.043 0.614 0.9223880080997466 1.3333101658109894 -9.804633470975539 1.5232682461539486 1.0
movable_object.trafficcone 0 0 0 0 0 0 0 0.603 1.257 0.468 0.7658622123711878 2.7306016014246195 -9.85828344053106 0.06786164378223125 1.0
movable_object.barrier 0 0 0 0 0 0 0 0.595 1.064 0.605 0.8250291531292799 4.278186993934015 -9.839743591224316 1.5387794280069045 1.0
human.pedestrian.adult 0 0 0 0 0 0 0 0.427 1.837 0.783 0.18094150508490928 9.30542974585609 -10.489034292591654 0.07403824842075446 1.0
movable_object.trafficcone 0 0 0 0 0 0 0 0.471 1.293 0.471 1.1834419092702777 -20.450399770788234 8.05228253540123 3.1241243579792917 1.0
movable_object.trafficcone 0 0 0 0 0 0 0 0.449 1.239 0.443 1.1142089329212537 4.791497345977989 2.743396141666004 1.5624912686484436 1.0
