movable_object.barrier 0 0 0 0 0 0 0 2.249 1.043 0.614 0.9325667271285887 -0.3946140450541096 -9.818420922930269 1.5335438046940713 1.0
human.pedestrian.adult 0 0 0 0 0 0 0 0.427 1.837 0.783 0.19131176788825138 7.6009321571506865 -10.58527554657778 0.08258199071880501 1.0
movable_object.trafficcone 0 0 0 0 0 0 0 0.603 1.257 0.468 0.8008200792019139 1.0135613087807689 -9.88531631599279 0.07614183678695507 1.0
movable_object.trafficcone 0 0 0 0 0 0 0 0.471 1.293 0.471 1.1411366086184198 -21.962798058003113 8.26363836212106 3.1138157273265614 1.0
movable_object.trafficcone 0 0 0 0 0 0 0 0.428 1.277 0.454 0.7959272126616354 3.182878759706766 -9.762243748117918 0.07097613685303195 1.0
vehicle.trailer 0 0 0 0 0 0 0 14.625 4.129 3.22 -1.333064907094187 69.06640582431477 9.26965894397046 1.5865700473261821 1.0
vehicle.construction 0 0 0 0 0 0 0 5.996 2.78 3.928 0.3897742357795886 -16.483915551386826 12.617656972942182 1.6072991657208373 1.0
vehicle.car 0 0 0 0 0 0 0 4.415 1.749 1.882 0.8181662631849962 -28.61101398347704 -4.787941318677791 3.1138157273265614 1.0
vehicle.car 0 0 0 0 0 0 0 4.508 1.698 1.949 0.9726271060040745 -21.623075554790667 0.9203736134999772 1.6077877320791067 1.0
vehicle.trailer 0 0 0 0 0 0 0 14.832 4.013 2.67 -0.5065243256800804 16.61150331770725 6.486151140933322 1.6295813420117398 1.0
vehicle.truck 0 0 0 0 0 0 0 5.471 1.913 1.96 0.703072351233652 -5.681597923612711 -6.1661407037668114 1.6250620811803378 1.0
movable_object.trafficcone 0 0 0 0 0 0 0 0.433 1.291 0.422 0.8050612911170584 1.9315247839856524 -9.948014564063211 0.04350256512667361 1.0
movable_object.trafficcone 0 0 0 0 0 0 0 0.465 1.249 0.454 0.727846530332052 26.866289541249955 2.581965937940944 2.709188586747371 1.0
human.pedestrian.adult 0 0 0 0 0 0 0 0.427 1.705 0.719 0.7487845511253086 -53.252660747577906 12.72947061720244 0.03571698562287828 1.0
movable_object.trafficcone 0 0 0 0 0 0 0 0.546 1.279 0.49 1.126851898839012 -24.899535422515104 8.427084374443634 3.1138157273265614 1.0
movable_object.trafficcone 0 0 0 0 0 0 0 0.516 1.297 0.505 1.057100708298135 -25.969564969556487 10.198555384614671 3.1138157273265614 1.0
movable_object.trafficcone 0 0 0 0 0 0 0 0.439 1.3 0.48 1.1010999753034865 -16.65161938145008 8.311378635714853 3.1138157273265614 1.0
movable_object.trafficcone 0 0 0 0 0 0 0 0.333 0.906 0.339 0.7869317244263838 -2.4761355201801054 -10.66827490719841 3.124136682539538 1.0
movable_object.trafficcone 0 0 0 0 0 0 0 0.436 1.3 0.488 1.1464762940384896 -11.255895274035826 3.554197921639671 1.3149227438857105 1.0
vehicle.car 0 0 0 0 0 0 0 4.544 1.636 1.707 0.7659365153052582 -42.34996160561848 -4.799785705586617 -3.139825098745945 1.0
vehicle.truck 0 0 0 0 0 0 0 5.311 3.037 2.394 -0.16708493950872777 26.830789538780397 5.9755328540504795 1.604018792943112 1.0
vehicle.car 0 0 0 0 0 0 0 4.65 1.434 1.711 0.32464526114875397 52.489657575842216 -7.907579061741383 0.03765298372653092 1.0
human.pedestrian.construction_worker 0 0 0 0 0 0 0 0.542 1.858 0.69 0.779920042133717 6.126696088155625 2.5623254251723586 0.3688204917870501 1.0
movable_object.barrier 0 0 0 0 0 0 0 2.216 1.025 0.631 0.8866000450755558 4.609421549178418 -9.67532362807081 1.5058706688107506 1.0
movable_object.trafficcone 0 0 0 0 0 0 0 0.321 0.895 0.337 0.7460138157243295 -2.1377583502213895 -10.686180649242182 3.124136682539538 1.0
movable_object.trafficcone 0 0 0 0 0 0 0 0.38 1.324 0.41 0.5184758835980439 22.97418863222045 -10.24800118774636 2.9780721660432805 1.0
movable_object.trafficcone 0 0 0 0 0 0 0 0.308 0.895 0.327 0.9023534698525383 -1.7967556842601493 -10.73686688361009 3.124136682539538 1.0
vehicle.truck 0 0 0 0 0 0 0 5.546 1.825 2.211 0.789245251710556 -25.851665084918405 -4.498812919662698 -3.134467652927875 1.0
movable_object.trafficcone 0 0 0 0 0 0 0 0.489 1.262 0.521 1.1525420364267647 -13.031718125170611 4.836182870130936 1.3149227438857105 1.0
vehicle.car 0 0 0 0 0 0 0 5.317 2.174 2.21 -0.6562783635728879 93.85670188339128 -6.738639756324015 1.3682341435295156 1.0
movable_object.barrier 0 0 0 0 0 0 0 0.595 1.064 0.605 0.8843015521668636 2.5818182952250255 -9.883949516895703 1.5490555146865148 1.0
movable_object.trafficcone 0 0 0 0 0 0 0 0.449 1.239 0.443 1.1365503960307555 3.213371940668443 2.693962055129904 1.5727681452368323 1.0
movable_object.trafficcone 0 0 0 0 0 0 0 0.477 1.283 0.481 1.1095375512576324 -18.11096350872836 8.528851681148183 3.1138157273265614 1.0
movable_object.trafficcone 0 0 0 0 0 0 0 0.481 1.248 0.475 1.017361594400879 9.530272866148927 2.8278863891002946 3.039684045560982 1.0
movable_object.trafficcone 0 0 0 0 0 0 0 0.545 1.3 0.544 1.1103757652262565 -13.19189229652182 8.668030367149198 3.1138157273265614 1.0
vehicle.car 0 0 0 0 0 0 0 4.386 1.422 1.854 0.8471297476011868 -47.82056641181474 -4.406840781395044 -3.135601965537891 1.0
human.pedestrian.adult 0 0 0 0 0 0 0 0.607 1.688 0.713 0.2617255428248803 18.939966219944466 -16.99706947831832 1.5820333862792184 1.0
movable_object.trafficcone 0 0 0 0 0 0 0 0.455 1.277 0.463 0.8763085861129084 17.649442912959916 3.040911739285238 3.039684045560982 1.0
human.pedestrian.adult 0 0 0 0 0 0 0 0.465 1.634 0.575 0.79322888784228 -52.385308604452696 13.333555843598171 0.9802285188238429 1.0
vehicle.car 0 0 0 0 0 0 0 4.253 1.584 1.692 0.9248589124697852 -39.46148921186671 -4.818140601760161 3.130743161777918 1.0
movable_object.trafficcone 0 0 0 0 0 0 0 0.425 0.791 0.438 1.364110055887612 -5.482994660332231 2.884672679396079 3.079217904911295 1.0
vehicle.construction 0 0 0 0 0 0 0 9.981 4.208 7.368 -0.15311960772312944 0.31105857355388006 7.259202399349187 1.5941702559341682 1.0
human.pedestrian.adult 0 0 0 0 0 0 0 0.514 1.621 0.748 0.6789462042461911 -52.89104980124149 14.064937624954833 2.8175585366684732 1.0
vehicle.car 0 0 0 0 0 0 0 4.621 1.761 1.918 0.21788832470965686 35.12084792038618 -7.030116749694861 3.051261466756161 1.0
vehicle.truck 0 0 0 0 0 0 0 5.421 1.986 2.015 -0.5892754462899953 89.0121035178885 -8.934477474837252 1.6037047148623875 1.0
human.pedestrian.construction_worker 0 0 0 0 0 0 0 0.789 1.755 1.19 0.8336116383190396 4.567464561086135 3.2789503322829208 0.9599327934501218 1.0
