vehicle.car 0 0 0 0 0 0 0 4.529 1.777 1.695 0.8286675494752322 -5.2948537935476745 -6.141209807652002 -3.131641195223386 1.0
vehicle.car 0 0 0 0 0 0 0 4.282 1.444 1.732 0.8593636153475457 -58.6805203258887 -6.111449948475354 3.0488362090351977 1.0
vehicle.car 0 0 0 0 0 0 0 4.197 1.692 1.864 0.785537728865941 5.406387007266605 -6.3898403398877255 0.04211163495487602 1.0
movable_object.trafficcone 0 0 0 0 0 0 0 0.545 1.3 0.544 0.8287709845035542 26.775292386457995 7.372007166198727 3.1177792769924553 1.0
vehicle.car 0 0 0 0 0 0 0 3.85 1.498 1.751 0.95892251643169 -10.81687843722099 -6.001240245783423 0.048461349339890436 1.0
movable_object.trafficcone 0 0 0 0 0 0 0 0.489 1.262 0.521 0.836432394996809 26.58478174353475 3.555160169301625 1.3111761251422918 1.0
vehicle.car 0 0 0 0 0 0 0 4.544 1.636 1.707 0.8356597481122922 -2.534050150623497 -5.997257196098038 -3.1358639808234354 1.0
vehicle.car 0 0 0 0 0 0 0 4.839 1.716 2.116 0.6477240752539046 -72.64751803731795 -5.0882521992613 3.0216917551341735 1.0
vehicle.car 0 0 0 0 0 0 0 4.621 1.761 1.918 -0.4566653697289712 75.09907045887547 -8.076802632194697 3.0473076451738503 1.0
vehicle.car 0 0 0 0 0 0 0 4.36 1.481 1.91 0.8992857022658348 -62.10224361921248 -6.141730815400666 3.009947056040236 1.0
vehicle.truck 0 0 0 0 0 0 0 5.546 1.825 2.211 0.7136687203417618 13.968127893644544 -5.582511509645787 -3.130506975981074 1.0
human.pedestrian.adult 0 0 0 0 0 0 0 0.514 1.621 0.748 1.0386173826167768 -12.963965219103324 12.857811614778639 2.813624202661667 1.0
vehicle.trailer 0 0 0 0 0 0 0 14.832 4.013 2.67 -1.1139619784811243 58.213632969361896 5.339065694374712 1.6257760477529413 1.0
vehicle.construction 0 0 0 0 0 0 0 9.981 4.208 7.368 -0.8528580094445513 40.27804345698834 5.903092786801813 1.598291512405547 1.0
vehicle.car 0 0 0 0 0 0 0 4.508 1.698 1.949 0.871114955483894 -32.71338519632277 0.5370058172548919 1.6039858952525954 1.0
human.pedestrian.adult 0 0 0 0 0 0 0 0.589 1.739 0.571 0.9547569611924033 -35.930322639887144 9.465942624012886 3.126772777163911 1.0
vehicle.car 0 0 0 0 0 0 0 4.256 1.711 1.751 0.7842301466101135 8.034946773882746 -5.730889018805166 3.1177792769924553 1.0
movable_object.trafficcone 0 0 0 0 0 0 0 0.439 1.3 0.48 0.8932468679865908 23.21817997033165 7.106837183942197 3.1177792769924553 1.0
movable_object.trafficcone 0 0 0 0 0 0 0 0.433 1.291 0.422 0.34408398741236634 41.740898239322675 -11.00269337480464 0.04836278896284041 1.0
movable_object.trafficcone 0 0 0 0 0 0 0 0.471 1.293 0.471 1.0117565270072866 17.91777613500591 7.118046250902751 3.1177792769924553 1.0
vehicle.car 0 0 0 0 0 0 0 4.415 1.749 1.882 0.6938809297296284 11.209017252394588 -5.719952088388395 3.1177792769924553 1.0
movable_object.trafficcone 0 0 0 0 0 0 0 0.425 0.791 0.438 0.9689287985537571 34.422851635895654 1.6661193900939273 3.0752617779694242 1.0
human.pedestrian.adult 0 0 0 0 0 0 0 0.427 1.705 0.719 0.9793693502115958 -13.752013910513625 11.60874759295187 1.5816900053014944 1.0
vehicle.car 0 0 0 0 0 0 0 4.386 1.422 1.854 0.9822104907079867 -8.166502220867516 -5.662192193080187 -3.131641195223386 1.0
vehicle.truck 0 0 0 0 0 0 0 5.471 1.913 1.96 0.16155592777443742 33.86666468382132 -7.270750258830783 1.6212574979387808 1.0
vehicle.construction 0 0 0 0 0 0 0 5.996 2.78 3.928 0.46471560346082713 23.262487811773706 11.506181654486737 1.603497407240308 1.0
vehicle.car 0 0 0 0 0 0 0 4.65 1.434 1.711 -0.5191701722511259 92.4173129762131 -8.598390841742555 0.047329860152632186 1.0
movable_object.trafficcone 0 0 0 0 0 0 0 0.546 1.279 0.49 1.209486894587681 15.007078388227189 7.2906334133283375 3.1177792769924553 1.0
human.pedestrian.construction_worker 0 0 0 0 0 0 0 0.789 1.755 1.19 0.31109830149745976 44.49559961882111 2.2091894680878554 0.9562908729514907 1.0
vehicle.car 0 0 0 0 0 0 0 5.363 1.8 2.224 0.8076858164390481 -20.486067141470954 -5.542583225584247 3.0664253257353025 1.0
human.pedestrian.adult 0 0 0 0 0 0 0 0.465 1.634 0.575 1.1463739571952634 -12.498110889329107 12.136242308290349 0.9844952867986096 1.0
movable_object.trafficcone 0 0 0 0 0 0 0 0.477 1.283 0.481 0.924108512671151 21.76693886209513 7.355891002727218 3.1177792769924553 1.0
vehicle.car 0 0 0 0 0 0 0 4.253 1.584 1.692 0.8997261856279738 0.034898324850168944 -5.942046491097633 3.134705318174344 1.0
movable_object.trafficcone 0 0 0 0 0 0 0 0.516 1.297 0.505 1.2370954289190885 13.909822170001949 8.999611927060473 3.1177792769924553 1.0
human.pedestrian.construction_worker 0 0 0 0 0 0 0 0.542 1.858 0.69 0.22986669154709716 45.99076069566744 1.467221962176539 0.36576549954897963 1.0
