vehicle.car 0 0 0 0 0 0 0 5.606 2.988 2.449 0.8315695280597617 -16.76346506098685 19.660496233562892 0.011541953375899361 1.0
vehicle.car 0 0 0 0 0 0 0 4.693 2.06 2.205 1.2811497900310373 -30.701468716889526 21.095438976702113 0.017168840891743198 1.0
vehicle.car 0 0 0 0 0 0 0 4.609 1.542 1.772 1.1134255957368187 -4.994390950446621 -8.242945305747721 -1.5870253072011344 1.0
vehicle.car 0 0 0 0 0 0 0 4.755 1.57 1.86 0.576477707499786 33.94965602277112 -7.62551003535074 -1.5864493671937003 1.0
vehicle.car 0 0 0 0 0 0 0 4.675 1.819 2.097 0.8869735012461667 -0.4166019870258073 8.144686056205746 -3.118380122787409 1.0
vehicle.car 0 0 0 0 0 0 0 4.251 1.811 1.958 0.9313633451264376 -6.231024394355718 8.062299097888356 -3.118380122787409 1.0
vehicle.car 0 0 0 0 0 0 0 4.317 1.83 1.949 1.0618943176852196 -27.422285233600213 -0.1769161989892923 1.5772809360590276 1.0
vehicle.car 0 0 0 0 0 0 0 4.749 1.516 1.76 1.339076923539217 -18.826818453570777 -8.04498862089955 -1.551543932326008 1.0
vehicle.car 0 0 0 0 0 0 0 4.497 1.635 2.172 1.2067814618524775 -33.20594580622527 7.683674370180173 -3.123109887294609 1.0
vehicle.car 0 0 0 0 0 0 0 3.814 1.531 1.897 -0.5741926702977862 79.04100992735754 -12.346713561253138 -3.0784650994735623 1.0
vehicle.car 0 0 0 0 0 0 0 4.578 1.699 2.113 0.9303176932716913 6.4841262655863074 -8.231630833272673 -1.5521198716700892 1.0
human.pedestrian.adult 0 0 0 0 0 0 0 0.709 1.869 0.796 0.6782388007429453 -6.225968404519866 4.509736585841983 -1.4749553988101027 1.0
vehicle.car 0 0 0 0 0 0 0 4.349 1.638 1.884 0.735694036304001 15.797590607222032 8.192120644061216 -3.135833128296502 1.0
vehicle.car 0 0 0 0 0 0 0 4.606 2.015 2.101 1.0692459464157007 -28.275444973571087 7.72260406566265 0.04904220409298432 1.0
vehicle.truck 0 0 0 0 0 0 0 6.459 2.305 2.521 0.7427773232697278 18.970903082754372 18.995374957446476 3.085446368529846 1.0
human.pedestrian.adult 0 0 0 0 0 0 0 0.829 1.752 0.691 1.0506032657910513 -51.1613552861047 -10.280983427310334 -1.601347287307263 1.0
vehicle.car 0 0 0 0 0 0 0 4.873 1.844 2.104 1.0884395826357312 13.026474451236524 20.832922194183705 0.02590738673799775 1.0
vehicle.car 0 0 0 0 0 0 0 4.203 1.764 2.01 0.9811710171003498 -36.497925258141194 8.028962967418922 0.09986482451865841 1.0
vehicle.car 0 0 0 0 0 0 0 5.188 1.872 2.005 0.6700968174070194 22.501040976679487 -7.888420644996631 -1.6044780396889502 1.0
vehicle.car 0 0 0 0 0 0 0 4.504 1.77 2.143 1.3079739883066093 -3.540470954824769 20.426057895781245 0.05094480407629165 1.0
vehicle.car 0 0 0 0 0 0 0 4.888 1.937 2.075 1.2221664720428294 -66.62542012892686 8.678107020368177 0.015542725631230159 1.0
vehicle.truck 0 0 0 0 0 0 0 5.989 1.972 2.225 0.604722733057164 12.971849378708441 8.972842763130744 0.019817897259541084 1.0
human.pedestrian.adult 0 0 0 0 0 0 0 0.637 1.821 0.532 -0.35111124756415635 58.08879038318676 8.35055922652491 1.5020714350464432 1.0
vehicle.car 0 0 0 0 0 0 0 4.526 1.632 1.944 1.045611331118077 7.647682034655458 7.776207757534529 -3.118380122787409 1.0
vehicle.car 0 0 0 0 0 0 0 4.575 1.496 1.892 0.7453022804386579 18.345645366977905 8.040626014022298 0.012834389986794204 1.0
vehicle.car 0 0 0 0 0 0 0 4.134 1.742 1.935 1.1178970831495185 -41.85693117497876 8.007689364952208 0.011671872102815062 1.0
vehicle.car 0 0 0 0 0 0 0 4.392 1.728 1.81 1.1284853378982478 -12.085187460507322 -7.921819073436229 -1.551543932326008 1.0
vehicle.car 0 0 0 0 0 0 0 4.612 1.677 1.96 1.365871043565322 -6.210346445069021 21.091417045102226 0.050604762500490175 1.0
vehicle.car 0 0 0 0 0 0 0 4.16 1.826 1.942 1.1539987436850971 10.41725756333844 19.736041057364353 0.058384181600334095 1.0
vehicle.car 0 0 0 0 0 0 0 4.594 1.744 2.021 1.0892709889483518 -25.18071291085437 7.824021311063519 -3.1056568818235863 1.0
vehicle.truck 0 0 0 0 0 0 0 5.065 2.012 2.029 1.017488138705375 -47.205873347491554 8.09184207726749 0.013418014290063507 1.0
vehicle.car 0 0 0 0 0 0 0 4.902 2.0 2.057 1.3922525455683477 1.8947900264844495 20.505984048214923 0.08867412140839726 1.0
vehicle.car 0 0 0 0 0 0 0 4.275 1.528 1.963 1.062573452263483 2.234328055117822 7.960904749041479 -3.118380122787409 1.0
vehicle.car 0 0 0 0 0 0 0 4.434 1.849 1.808 0.1271686353473075 40.755718095399 4.322575435603095 0.3722091283115043 1.0
vehicle.car 0 0 0 0 0 0 0 4.806 1.801 1.822 0.8727881764339732 13.67762340674297 -7.637868056681279 -1.6219307815483894 1.0
vehicle.car 0 0 0 0 0 0 0 4.664 1.96 2.136 0.7971034284502363 -3.3281474772090203 8.426017228686625 0.025891738221797578 1.0
vehicle.car 0 0 0 0 0 0 0 4.589 2.066 2.279 0.7718641956164376 -8.803140398975298 7.98658067156533 0.025891738221797578 1.0
