vehicle.car 0 0 0 0 0 0 0 4.856 1.792 1.804 0.15510352931285862 10.44687341906914 -41.33114371723509 0.08141547155022089 1.0
vehicle.car 0 0 0 0 0 0 0 5.887 2.185 2.055 0.9811006688799597 56.86097017364372 34.98160253253916 3.0874877178371936 1.0
human.pedestrian.adult 0 0 0 0 0 0 0 0.66 1.094 0.873 1.1936082790488887 -8.229337035658185 15.682855580617217 0.14218310265319856 1.0
vehicle.car 0 0 0 0 0 0 0 5.294 2.478 2.168 -0.2283475354753458 32.56550872354747 -40.511963914992506 3.0876622222645898 1.0
vehicle.car 0 0 0 0 0 0 0 5.506 2.493 1.979 1.9723455929835398 43.752825544844995 61.8929624366937 1.5892767575447246 1.0
vehicle.car 0 0 0 0 0 0 0 4.494 1.49 1.941 0.1435278964727893 41.665352048433924 -36.474278671485756 1.6253765796988082 1.0
movable_object.trafficcone 0 0 0 0 0 0 0 0.34 0.754 0.336 0.8220961333965493 22.46135664380828 -14.290183791438062 3.1330333761787763 1.0
vehicle.car 0 0 0 0 0 0 0 5.093 1.821 2.155 0.6869993512994905 -50.15775887390562 -6.224230203400467 3.136017070863943 1.0
vehicle.car 0 0 0 0 0 0 0 5.699 2.353 1.773 0.9012466242934137 -3.4136524725981534 22.28053902648917 1.4943456677525804 1.0
vehicle.car 0 0 0 0 0 0 0 4.793 1.655 1.983 0.48550469432262433 -12.651216014191382 -25.4396702612192 0.08141547155022089 1.0
vehicle.car 0 0 0 0 0 0 0 4.842 1.931 2.077 0.2751492539003906 -18.430890423213103 -39.57753786260752 0.03843129494006181 1.0
vehicle.truck 0 0 0 0 0 0 0 6.629 2.1 2.201 0.6577618551788609 -42.899151707417445 9.17638524441286 1.5310019964419066 1.0
vehicle.car 0 0 0 0 0 0 0 5.056 1.647 2.021 2.356629386864798 54.80544070774702 57.75095977776745 1.182589150443639 1.0
vehicle.construction 0 0 0 0 0 0 0 2.899 2.108 1.42 0.5541976637251861 -70.50731790781516 11.093099753530218 0.0415831966116027 1.0
movable_object.trafficcone 0 0 0 0 0 0 0 0.325 0.716 0.404 0.9609326044599651 3.9626044163191225 -13.942321088256982 3.1330333761787763 1.0
vehicle.car 0 0 0 0 0 0 0 5.173 1.538 1.857 1.4404483885398556 3.391116107935736 23.819186491899305 2.2107893879075124 1.0
vehicle.car 0 0 0 0 0 0 0 5.424 2.381 1.919 1.1577557473749789 8.075333061915346 27.57306653775595 2.3154882754285495 1.0
vehicle.car 0 0 0 0 0 0 0 4.732 2.0 1.982 2.2503011492278135 43.13516846279337 58.29451201495046 1.5524452136909455 1.0
vehicle.car 0 0 0 0 0 0 0 6.946 3.076 2.44 0.6196011951385687 -14.955160981812506 44.341669305420204 1.529414618433223 1.0
vehicle.car 0 0 0 0 0 0 0 4.682 1.708 1.924 0.46253318580201297 -1.7476030228979416 -26.52524109994709 0.08141547155022089 1.0
vehicle.car 0 0 0 0 0 0 0 5.15 1.725 2.364 2.1650388047672284 57.687789833677066 51.85420825128254 1.3130772048596295 1.0
vehicle.car 0 0 0 0 0 0 0 4.945 1.795 2.146 0.5604873048444201 -23.660612261767334 -25.805448707797584 0.04731515543469689 1.0
vehicle.car 0 0 0 0 0 0 0 4.477 1.495 1.986 0.5325331709208271 -4.425457449231835 -25.885003118062244 0.05247446420142898 1.0
vehicle.truck 0 0 0 0 0 0 0 5.9 2.019 2.073 0.8206359560582488 -49.723180653347555 12.469964751934858 1.593289731016239 1.0
vehicle.car 0 0 0 0 0 0 0 4.837 1.681 2.114 0.07646640504578574 14.757868558600254 -27.013444247361267 0.0383664034236082 1.0
vehicle.car 0 0 0 0 0 0 0 4.79 1.81 1.954 -0.1924311876190597 49.044249484727345 -8.630253798661027 0.039324381096510486 1.0
movable_object.trafficcone 0 0 0 0 0 0 0 0.365 0.72 0.36 0.9705939422102735 10.093784132995484 -13.981037239516725 3.1330333761787763 1.0
movable_object.trafficcone 0 0 0 0 0 0 0 0.35 0.636 0.349 0.8382917432524803 15.986020572826002 -14.438202270205482 3.1330333761787763 1.0
movable_object.trafficcone 0 0 0 0 0 0 0 0.314 1.27 0.376 1.1074011672979371 -36.193187762575064 7.2970723222328395 2.0933534884110765 1.0
vehicle.car 0 0 0 0 0 0 0 4.799 1.975 1.932 0.9397620902018762 -43.139526199652025 -3.0285653073480967 1.669711619442273 1.0
vehicle.car 0 0 0 0 0 0 0 5.413 2.0 2.144 -0.12539978099399332 9.089877419637943 -26.819690559455374 0.04719164255821928 1.0
vehicle.car 0 0 0 0 0 0 0 5.33 2.0 2.04 0.7496060010178596 64.94035593668619 34.39258647953544 3.139315536238696 1.0
vehicle.car 0 0 0 0 0 0 0 4.276 1.817 2.032 0.9193347121103439 -16.691855865193084 0.3874909863929991 1.5863106499193602 1.0
vehicle.car 0 0 0 0 0 0 0 4.499 1.465 1.71 0.2431773283278346 25.63346698099507 -26.572436965259715 0.08001093699769735 1.0
vehicle.car 0 0 0 0 0 0 0 4.854 1.748 2.145 0.4613479252784767 -18.254626408784127 -25.371366525755555 0.04731515543469689 1.0
vehicle.car 0 0 0 0 0 0 0 4.685 1.675 1.871 0.03129916908024838 55.7506947931589 -41.84411875070342 3.0812055586132043 1.0
vehicle.car 0 0 0 0 0 0 0 4.362 1.482 1.745 0.053829840653164984 40.74903322770379 -19.953911633264216 1.6574979638729852 1.0
movable_object.trafficcone 0 0 0 0 0 0 0 0.341 0.746 0.348 1.0470214805779148 -2.1687037513797867 -13.868464076954934 0.04731515543469689 1.0
vehicle.car 0 0 0 0 0 0 0 4.604 1.454 1.908 0.5956157996010674 -29.244320349966976 -25.642270968418927 0.04731515543469689 1.0
movable_object.trafficcone 0 0 0 0 0 0 0 0.348 0.668 0.343 1.189197374836868 -8.320281574422337 -13.823716986097343 0.04731515543469689 1.0
vehicle.car 0 0 0 0 0 0 0 4.489 1.584 1.822 0.6614478786016291 41.82903013989898 20.54555730139724 1.6440629902206787 1.0
vehicle.truck 0 0 0 0 0 0 0 5.195 1.852 1.781 -0.22956659032399918 72.8177120936417 21.04159962414377 0.06506452861722156 1.0
vehicle.car 0 0 0 0 0 0 0 4.846 1.668 2.106 0.9282876844033083 -6.740586696687133 -8.564737215581578 2.625593485094459 1.0
vehicle.car 0 0 0 0 0 0 0 4.967 1.518 1.925 1.2849906391640176 41.60676274860978 27.553612782949866 1.5625647749987763 1.0
vehicle.truck 0 0 0 0 0 0 0 4.957 1.87 2.145 0.47152816183758983 41.471347766854414 17.73552103451432 1.6440629902206787 1.0
movable_object.trafficcone 0 0 0 0 0 0 0 0.345 0.691 0.36 1.0096872031513529 -17.23246299995084 -15.037507469140486 0.43346240033268035 1.0
vehicle.truck 0 0 0 0 0 0 0 5.703 2.0 1.88 0.44595612991679734 41.21852178223053 14.228209372759398 1.5908470508926866 1.0
vehicle.truck 0 0 0 0 0 0 0 6.312 2.213 2.285 0.7440188885414076 -55.930968598870976 -5.130409722728338 0.05952410296403432 1.0
vehicle.car 0 0 0 0 0 0 0 4.748 1.841 2.135 0.4231111782345767 -15.392218703175669 -25.58203706961005 0.04731515543469689 1.0
vehicle.car 0 0 0 0 0 0 0 4.652 1.625 2.008 0.4899679724182285 -7.397593374209686 -26.346948187667564 0.09154340621633761 1.0
