vehicle.car 0 0 0 0 0 0 0 4.489 1.584 1.822 0.6308776350012895 43.900750429222654 20.42741453333883 1.6463928697565438 1.0
vehicle.car 0 0 0 0 0 0 0 4.846 1.668 2.106 0.9004439108504176 -4.736294229843709 -8.56848115648082 2.6279035405398794 1.0
human.pedestrian.adult 0 0 0 0 0 0 0 0.66 1.094 0.873 1.2280133323140328 -6.166423152657415 15.678863967021943 0.14038887589431948 1.0
vehicle.truck 0 0 0 0 0 0 0 4.957 1.87 2.145 0.4655118885688476 43.53748416657688 17.618063221678074 1.6463928697565438 1.0
movable_object.trafficcone 0 0 0 0 0 0 0 0.345 0.691 0.36 1.1015501014016367 -15.237111934670667 -15.02295881389915 0.43589356354625064 1.0
vehicle.car 0 0 0 0 0 0 0 5.699 2.353 1.773 0.9391315830517224 -1.348742334423699 22.267459406762264 1.4920767435297435 1.0
movable_object.trafficcone 0 0 0 0 0 0 0 0.34 0.754 0.336 0.7625384060028927 24.46963137720202 -14.364816249230646 3.1307314125539447 1.0
vehicle.car 0 0 0 0 0 0 0 5.424 2.381 1.919 1.194840452705891 10.165098807387917 27.53156589648148 2.313199532565277 1.0
vehicle.car 0 0 0 0 0 0 0 4.685 1.675 1.871 -0.12483219189751477 57.6777175832495 -41.99397723818768 3.078904380354338 1.0
vehicle.car 0 0 0 0 0 0 0 4.793 1.655 1.983 0.3963437353782838 -10.673821671456698 -25.431874317205736 0.08420686204739525 1.0
vehicle.car 0 0 0 0 0 0 0 5.093 1.821 2.155 0.6962985529539298 -48.14386278784256 -6.160053338279848 3.138319248509158 1.0
movable_object.trafficcone 0 0 0 0 0 0 0 0.325 0.716 0.404 0.8951206941893523 5.97255437461781 -13.97378773706327 3.1307314125539447 1.0
vehicle.car 0 0 0 0 0 0 0 4.945 1.795 2.146 0.4868227093596943 -21.694530083128313 -25.77138670310445 0.05005799436694636 1.0
vehicle.car 0 0 0 0 0 0 0 4.854 1.748 2.145 0.3973458085759153 -16.287289707071853 -25.349888897923222 0.05005799436694636 1.0
vehicle.car 0 0 0 0 0 0 0 4.79 1.81 1.954 -0.2747494285713834 50.98252239204748 -8.764251100678644 0.0400166779155291 1.0
vehicle.car 0 0 0 0 0 0 0 5.173 1.538 1.857 1.5619226134499096 5.474967203448372 23.785708554698367 2.2085026056509935 1.0
vehicle.construction 0 0 0 0 0 0 0 2.899 2.108 1.42 0.6458227605845277 -68.45367143239386 11.245638518583858 0.041961681228122494 1.0
movable_object.trafficcone 0 0 0 0 0 0 0 0.365 0.72 0.36 0.9115978479771746 12.08681521885441 -14.027049656262484 3.1307314125539447 1.0
vehicle.car 0 0 0 0 0 0 0 4.856 1.792 1.804 -0.01958647805997163 12.374701374434155 -41.37458501710201 0.08420686204739525 1.0
vehicle.car 0 0 0 0 0 0 0 5.887 2.185 2.055 1.0276826954169087 58.96752891551386 34.826350528372195 3.0851864443085812 1.0
vehicle.car 0 0 0 0 0 0 0 6.946 3.076 2.44 0.7211809405368523 -12.829532421166371 44.259372636437824 1.5271445331865587 1.0
movable_object.trafficcone 0 0 0 0 0 0 0 0.35 0.636 0.349 0.784553924353016 17.97817137121218 -14.487793107161968 3.1307314125539447 1.0
vehicle.trailer 0 0 0 0 0 0 0 14.847 4.321 3.527 -0.3347834979369211 -110.95173597787458 11.507352587582647 1.5905613511650243 1.0
vehicle.car 0 0 0 0 0 0 0 4.477 1.495 1.986 0.4173188313695406 -2.4398976644452874 -25.89611293269319 0.05527385591107681 1.0
movable_object.trafficcone 0 0 0 0 0 0 0 0.314 1.27 0.376 1.138393195898319 -34.129200085382365 7.322503787983425 2.0910690367072426 1.0
vehicle.car 0 0 0 0 0 0 0 5.294 2.478 2.168 -0.37608862157142553 34.49592563637795 -40.606734527445326 3.085360946089951 1.0
vehicle.car 0 0 0 0 0 0 0 4.799 1.975 1.932 0.9658151170583971 -41.118925908142245 -2.9507930406567806 1.6720408015326509 1.0
vehicle.truck 0 0 0 0 0 0 0 6.312 2.213 2.285 0.7367793331410152 -53.91810745124429 -5.07541428605529 0.062348480340539414 1.0
vehicle.car 0 0 0 0 0 0 0 4.748 1.841 2.135 0.3336934770312912 -13.426139585841245 -25.566603836195057 0.05005799436694636 1.0
vehicle.car 0 0 0 0 0 0 0 4.652 1.625 2.008 0.4352495740172846 -5.2731452050333605 -26.3385876350424 0.09010675476896068 1.0
vehicle.car 0 0 0 0 0 0 0 5.413 2.0 2.144 -0.2008485409322245 11.053508672424915 -26.86047206078528 0.04704958319289876 1.0
vehicle.car 0 0 0 0 0 0 0 5.506 2.493 1.979 2.0484955405488443 45.92103273242731 61.7664673150516 1.5916081826574713 1.0
vehicle.truck 0 0 0 0 0 0 0 6.629 2.1 2.201 0.7502902597430654 -40.84895746688018 9.253672047031497 1.5333351568608151 1.0
vehicle.car 0 0 0 0 0 0 0 4.682 1.708 1.924 0.3552422953398408 0.21573529362731692 -26.54160661637562 0.06905371957360806 1.0
vehicle.car 0 0 0 0 0 0 0 4.837 1.681 2.114 -0.01516267863058815 16.720528886306223 -27.06778017929655 0.03922962750506853 1.0
vehicle.truck 0 0 0 0 0 0 0 5.9 2.019 2.073 0.8925616542810033 -47.666154091927766 12.563444550653806 1.5956210402092088 1.0
vehicle.car 0 0 0 0 0 0 0 4.362 1.482 1.745 -0.03842768268942037 42.7345755958217 -19.99374190298366 1.6598274760919267 1.0
vehicle.car 0 0 0 0 0 0 0 5.33 2.0 2.04 0.7620055626052042 67.04452622724902 34.21979707868947 3.1370134774883027 1.0
vehicle.car 0 0 0 0 0 0 0 4.604 1.454 1.908 0.5800149012580815 -27.27608408385633 -25.59650630876323 0.05005799436694636 1.0
vehicle.truck 0 0 0 0 0 0 0 5.703 2.0 1.88 0.4306803496882443 43.26449862807002 14.150450403085854 1.593178430592757 1.0
movable_object.trafficcone 0 0 0 0 0 0 0 0.341 0.746 0.348 0.9935172190095541 -0.17519832873219163 -13.88603910540546 0.05005799436694636 1.0
vehicle.car 0 0 0 0 0 0 0 4.276 1.817 2.032 0.941128224373959 -17.937235304647487 0.46938770327754753 1.5886421609975425 1.0
vehicle.car 0 0 0 0 0 0 0 4.967 1.518 1.925 1.3394927740040485 44.312116984209844 27.42553600572088 1.5602936316204588 1.0
vehicle.car 0 0 0 0 0 0 0 4.842 1.931 2.077 0.14803080693412515 -16.517356340559523 -39.38844442810909 0.04078833163366724 1.0
vehicle.car 0 0 0 0 0 0 0 4.732 2.0 1.982 2.3546244184034553 45.29608738391258 58.16778471977969 1.5501743894257949 1.0
movable_object.trafficcone 0 0 0 0 0 0 0 0.323 1.261 0.392 1.0602996682012846 -34.72785479117372 7.314321846544702 2.0910690367072426 1.0
movable_object.trafficcone 0 0 0 0 0 0 0 0.348 0.668 0.343 1.142209892722424 -6.319454080471601 -13.82643418949374 0.05005799436694636 1.0
vehicle.truck 0 0 0 0 0 0 0 5.195 1.852 1.781 -0.24353670723192622 74.89097316053143 20.853038336692386 0.06788918653122256 1.0
