vehicle.truck 0 0 0 0 0 0 0 6.312 2.213 2.285 0.8943517346303644 -43.853964113430685 -6.138237473755528 0.059557103576301174 1.0
vehicle.car 0 0 0 0 0 0 0 5.887 2.185 2.055 1.086305705894001 68.14585928629732 36.18757590416688 3.106708081387035 1.0
vehicle.car 0 0 0 0 0 0 0 4.604 1.454 1.908 0.2474695709849221 -16.78106841893115 -25.867091651865362 0.05372743186240525 1.0
vehicle.car 0 0 0 0 0 0 0 4.652 1.625 2.008 -0.1574660014077433 5.13189244424599 -26.362703789604215 0.11590316512233256 1.0
vehicle.car 0 0 0 0 0 0 0 5.506 2.493 1.979 2.728180117237785 54.537520190663 62.81753434340611 1.570429266887226 1.0
movable_object.trafficcone 0 0 0 0 0 0 0 0.306 0.735 0.378 0.9246704002708583 -8.357413258178939 -14.00114909471695 0.05372743186240525 1.0
vehicle.car 0 0 0 0 0 0 0 4.793 1.655 1.983 -0.10287338903402057 -0.2147994541826007 -25.529695152222644 0.07514105184940112 1.0
vehicle.car 0 0 0 0 0 0 0 5.093 1.821 2.155 0.8587931868117995 -38.06677608793188 -7.139632174761129 3.1168075455021826 1.0
vehicle.car 0 0 0 0 0 0 0 4.732 2.0 1.982 3.016965861510903 53.992013213529 59.19989562017759 1.5720189284023132 1.0
human.pedestrian.adult 0 0 0 0 0 0 0 0.66 1.094 0.873 1.4699035370685336 3.4445265641518557 15.644004898079661 0.16528805715762296 1.0
vehicle.car 0 0 0 0 0 0 0 4.842 1.931 2.077 -0.5652685979767084 -5.761472263371608 -39.43644076068728 0.052873632676356586 1.0
vehicle.car 0 0 0 0 0 0 0 5.699 2.353 1.773 1.468087046058145 8.07434315542399 22.33439053954617 1.5139407042362665 1.0
vehicle.car 0 0 0 0 0 0 0 5.173 1.538 1.857 1.906509643248316 14.912430066378677 23.990084359219516 2.230180700100643 1.0
vehicle.construction 0 0 0 0 0 0 0 2.899 2.108 1.42 1.2549661570911594 -58.72985093035206 9.925837963332533 0.06589495752540797 1.0
vehicle.car 0 0 0 0 0 0 0 4.79 1.81 1.954 -0.8719569427808601 61.057624758305415 -7.636826164486483 0.06296763750514245 1.0
movable_object.trafficcone 0 0 0 0 0 0 0 0.34 0.754 0.336 0.1928539175283401 34.63511613778525 -13.720388034831133 -3.1309398381895246 1.0
vehicle.car 0 0 0 0 0 0 0 5.424 2.381 1.919 1.5538603962835134 19.51913505822468 27.84221644764999 2.3348567597744507 1.0
movable_object.trafficcone 0 0 0 0 0 0 0 0.365 0.72 0.36 0.48633675503721496 22.255996245490383 -13.659968532384783 -3.1309398381895246 1.0
movable_object.trafficcone 0 0 0 0 0 0 0 0.35 0.636 0.349 0.3208804096119248 28.07675758781679 -13.985871268542496 -3.1309398381895246 1.0
vehicle.car 0 0 0 0 0 0 0 4.682 1.708 1.924 -0.32154647250468815 10.691533626192856 -26.401440426068472 0.06383620782858301 1.0
vehicle.car 0 0 0 0 0 0 0 4.707 1.74 2.201 -0.6145243892184801 -0.23773112756025716 -40.25621739586068 0.05372743186240525 1.0
vehicle.car 0 0 0 0 0 0 0 6.946 3.076 2.44 1.488910415354085 -3.7465734578239 44.078805059370076 1.5489966360727925 1.0
vehicle.car 0 0 0 0 0 0 0 4.837 1.681 2.114 -0.7608428037321345 27.25826214718054 -26.56998669646869 0.061562233914080444 1.0
vehicle.trailer 0 0 0 0 0 0 0 14.847 4.321 3.527 0.54901495300717 -101.22297634492459 9.25367845929085 1.5693827921567358 1.0
vehicle.car 0 0 0 0 0 0 0 4.477 1.495 1.986 -0.2215841343798821 8.034664353867967 -25.815346405682433 0.055794623115445585 1.0
vehicle.car 0 0 0 0 0 0 0 4.799 1.975 1.932 1.120547404723463 -31.105067917224684 -3.7758221213670535 1.65083555691335 1.0
vehicle.car 0 0 0 0 0 0 0 5.294 2.478 2.168 -1.5116210730698125 45.27877899011601 -39.715691497040275 3.106882554124928 1.0
vehicle.car 0 0 0 0 0 0 0 4.856 1.792 1.804 -1.0943570134071157 23.180211390391417 -40.9608789306909 0.07514105184940156 1.0
movable_object.trafficcone 0 0 0 0 0 0 0 0.314 1.27 0.376 1.397218874309725 -24.33244021557469 6.69371091085364 2.1127718153567265 1.0
vehicle.car 0 0 0 0 0 0 0 5.758 1.729 1.976 2.5872427811613634 76.53622892858833 55.060926803299964 0.12325289299178621 1.0
movable_object.trafficcone 0 0 0 0 0 0 0 0.341 0.746 0.348 0.6178914704175467 9.991573122580823 -13.84711505013606 0.05372743186240525 1.0
vehicle.car 0 0 0 0 0 0 0 4.276 1.817 2.032 1.1280629313530453 -22.073816606975285 0.18682336971311372 1.5674642570460628 1.0
vehicle.car 0 0 0 0 0 0 0 4.945 1.795 2.146 0.03876115326854872 -11.202744306142412 -26.107885939695922 0.05372743186240525 1.0
vehicle.car 0 0 0 0 0 0 0 4.854 1.748 2.145 -0.02998772250907556 -5.804919681758347 -25.570993104509945 0.05372743186240525 1.0
vehicle.truck 0 0 0 0 0 0 0 5.9 2.019 2.073 1.3939788146572327 -37.975173467247416 11.644270063688444 1.5744407603774304 1.0
movable_object.trafficcone 0 0 0 0 0 0 0 0.323 1.261 0.392 1.4211351943300206 -24.927610926003783 6.670198465552827 2.1127718153567265 1.0
movable_object.trafficcone 0 0 0 0 0 0 0 0.348 0.668 0.343 0.800311051519198 3.921893672442213 -13.7959831716737 0.05372743186240525 1.0
vehicle.truck 0 0 0 0 0 0 0 6.341 2.603 2.149 1.452981965713625 -90.85133730752592 11.737120288254642 1.6117656080717824 1.0
vehicle.car 0 0 0 0 0 0 0 4.846 1.668 2.106 0.6618603234333088 5.379354636880402 -8.544054294296275 2.606479273264295 1.0
vehicle.car 0 0 0 0 0 0 0 5.413 2.0 2.144 -0.8428272215960931 21.55791397885516 -26.5221608133387 0.07221868717663682 1.0
movable_object.trafficcone 0 0 0 0 0 0 0 0.345 0.691 0.36 0.7998551380008316 -4.973354896635524 -15.235794856048258 0.4160409308047597 1.0
vehicle.truck 0 0 0 0 0 0 0 6.629 2.1 2.201 1.2381098454318635 -31.087355965688158 8.48087948874438 1.5121767051825197 1.0
vehicle.car 0 0 0 0 0 0 0 4.489 1.584 1.822 0.40448962539616523 53.38387769233652 21.483173425591186 1.625195797066457 1.0
vehicle.car 0 0 0 0 0 0 0 4.748 1.841 2.135 -0.15821740422017672 -2.94184715044735 -25.723537619914055 0.05372743186240525 1.0
vehicle.truck 0 0 0 0 0 0 0 4.957 1.87 2.145 0.25646491151967976 53.07916595359877 18.611345185539683 1.625195797066457 1.0
