vehicle.car 0 0 0 0 0 0 0 4.313 1.634 2.17 1.4876877471284269 -29.501993183878476 -11.869774801766418 0.045087805994902475 1.0
vehicle.trailer 0 0 0 0 0 0 0 17.2 4.113 3.247 -0.7816345598330755 -16.658002926898284 19.81922946699722 3.1138499788937644 1.0
vehicle.car 0 0 0 0 0 0 0 5.163 1.827 2.234 1.281648876742882 -5.734453964796654 -13.883814884113304 3.093622839479739 1.0
vehicle.trailer 0 0 0 0 0 0 0 17.968 4.056 3.178 -1.100979615739418 18.60748508294534 12.062906100682076 3.121232274904987 1.0
vehicle.trailer 0 0 0 0 0 0 0 16.204 4.534 3.102 -0.8377426411375885 -9.088828453052885 20.148815066956722 3.105529955212546 1.0
vehicle.car 0 0 0 0 0 0 0 4.637 1.537 1.957 1.2525851506103707 13.715955756857404 -13.184787016563648 3.111498618672325 1.0
vehicle.trailer 0 0 0 0 0 0 0 15.302 4.304 3.342 -0.9519890314073343 -5.615679001518597 20.73600298374054 -3.1363575456370825 1.0
vehicle.car 0 0 0 0 0 0 0 5.669 1.955 2.315 1.253343421638943 -16.800147523882636 -13.992584629978868 3.117811637137903 1.0
vehicle.car 0 0 0 0 0 0 0 5.261 1.907 2.227 1.2113943756004177 -2.991385881604059 -14.912411887822183 3.093622839479739 1.0
vehicle.truck 0 0 0 0 0 0 0 3.761 2.996 2.639 -0.14574461968814628 -9.607862112734177 9.76433834453938 3.117048430031396 1.0
vehicle.car 0 0 0 0 0 0 0 7.593 3.438 3.306 -0.6239993420318799 44.418192957934316 19.21392923100986 1.6660332628162822 1.0
vehicle.car 0 0 0 0 0 0 0 5.041 1.478 2.2 0.5416036890841922 11.22985083711386 8.622488826360795 1.0285862325245239 1.0
vehicle.car 0 0 0 0 0 0 0 4.614 2.0 2.048 0.04845573215329413 10.850396631506902 17.333153071894593 1.0101776937832412 1.0
vehicle.car 0 0 0 0 0 0 0 4.663 1.662 2.051 1.1198073985053438 16.121352372410456 -11.618740340876222 3.1198535490515766 1.0
vehicle.trailer 0 0 0 0 0 0 0 15.703 4.13 2.889 -0.8968792044989088 -13.035907909518915 19.05559384907952 3.1344308573111004 1.0
movable_object.trafficcone 0 0 0 0 0 0 0 0.325 1.307 0.338 0.736788904362093 11.819533403099895 6.785200551998519 1.062071830857258 1.0
vehicle.car 0 0 0 0 0 0 0 4.94 1.538 2.043 0.8234888404729104 37.02687948554587 -10.274619277087327 0.023572366342660356 1.0
vehicle.car 0 0 0 0 0 0 0 4.854 1.775 2.103 0.8738386710803681 -31.668186886072704 -0.8376448099467192 1.5508579017376682 1.0
vehicle.trailer 0 0 0 0 0 0 0 7.371 3.14 2.719 -0.11872472694186803 68.11388889918193 -14.182535513380135 3.110489880009725 1.0
vehicle.car 0 0 0 0 0 0 0 5.379 1.871 2.344 1.1788983138200237 2.459046137786806 -14.044125179430715 3.093622839479739 1.0
vehicle.truck 0 0 0 0 0 0 0 10.866 3.797 3.258 -0.6583247506995826 1.6769566551368587 23.160163141303556 -3.132890368018021 1.0
vehicle.car 0 0 0 0 0 0 0 4.786 1.698 2.181 0.2326275817371704 10.938092394119316 14.579340408868857 0.960868045920078 1.0
vehicle.car 0 0 0 0 0 0 0 5.475 1.976 2.183 1.2893800792929169 -13.722879697357284 -14.797052828938824 3.117811637137903 1.0
vehicle.car 0 0 0 0 0 0 0 5.375 1.957 2.126 1.0002962208447352 10.775207612650775 -13.663523528920754 3.093622839479739 1.0
vehicle.car 0 0 0 0 0 0 0 5.255 2.088 2.241 1.0263676511484172 5.187121285327899 -13.879172500418163 3.093622839479739 1.0
vehicle.truck 0 0 0 0 0 0 0 5.113 4.206 2.485 -1.044365697646976 25.319986874671084 8.816090343612247 3.1182479429675665 1.0
vehicle.car 0 0 0 0 0 0 0 5.154 1.788 2.431 1.2287162868299666 -24.59266944988666 -12.489098834576712 0.03703243898697961 1.0
vehicle.car 0 0 0 0 0 0 0 5.492 1.995 2.191 1.3144213983711768 -19.352222379811405 -14.378239152180132 -3.136468076940769 1.0
vehicle.trailer 0 0 0 0 0 0 0 15.913 4.211 2.925 -1.0555342409818074 22.128281594514796 11.521656027210064 -3.138684510404687 1.0
vehicle.car 0 0 0 0 0 0 0 4.185 1.683 1.993 1.190121019350791 -21.995549051615257 -13.221591184168128 3.1118127592884504 1.0
vehicle.car 0 0 0 0 0 0 0 4.684 1.954 2.111 0.6013383794939143 40.00242586600113 -11.020905355241874 -3.132576228495118 1.0
vehicle.car 0 0 0 0 0 0 0 4.568 1.681 2.01 0.7923831934914388 -22.43318466891124 8.145304207730867 0.04357294664303657 1.0
vehicle.car 0 0 0 0 0 0 0 6.002 1.908 2.324 0.8077568797914936 19.197981132635487 -11.912804867002034 3.12422129841862 1.0
vehicle.truck 0 0 0 0 0 0 0 5.511 4.082 2.591 -0.6463458120397292 -5.5830426610549955 9.981770696322968 3.13961417048278 1.0
vehicle.truck 0 0 0 0 0 0 0 12.108 3.848 2.904 0.40881962467574945 -75.88547632127728 -27.929052419922016 0.07092776769495934 1.0
vehicle.car 0 0 0 0 0 0 0 9.158 3.619 2.769 -0.009750757398333643 27.81238492702291 -12.81872458219766 0.022709264889222425 1.0
vehicle.car 0 0 0 0 0 0 0 4.698 1.495 2.124 1.0224080319302082 -25.058567620570106 6.068028604725785 0.06770177483703277 1.0
vehicle.car 0 0 0 0 0 0 0 4.602 1.532 2.016 0.8588162338604726 34.70508955466508 -10.688659724552098 3.115704607691388 1.0
vehicle.car 0 0 0 0 0 0 0 5.628 2.087 2.223 1.3311732835328973 -8.510863861106388 -14.993964613116475 3.117811637137903 1.0
vehicle.car 0 0 0 0 0 0 0 4.41 1.67 1.847 0.9723848155375314 -27.522071867529093 6.150965345901118 0.02831595516815888 1.0
vehicle.bicycle 0 0 0 0 0 0 0 1.529 0.95 0.444 0.9476925089178083 11.523974897608726 3.3227959194609538 1.656559251552836 1.0
vehicle.car 0 0 0 0 0 0 0 5.293 1.484 2.277 0.4786744130152456 11.179429728965138 11.601403329676716 0.9936886636046536 1.0
vehicle.car 0 0 0 0 0 0 0 5.663 2.112 2.28 0.9728700540075262 7.819538959084501 -13.563956387261454 3.093622839479739 1.0
vehicle.car 0 0 0 0 0 0 0 5.537 1.907 2.278 1.2583949190968955 -11.146416397527666 -14.02024024891822 3.117811637137903 1.0
vehicle.car 0 0 0 0 0 0 0 5.33 2.0 2.274 1.1587247102872393 -0.22318334021592584 -14.300644287987046 3.093622839479739 1.0
