vehicle.trailer 0 0 0 0 0 0 0 12.137 4.271 3.363 -1.2132774600299878 -52.60789756213208 -69.93138818491835 -0.6075649321647241 1.0
vehicle.car 0 0 0 0 0 0 0 4.206 1.505 1.957 0.4210422169016556 -15.173564560930346 -41.05382287984581 -2.146856940921687 1.0
movable_object.barrier 0 0 0 0 0 0 0 0.298 0.925 3.111 0.9743055438284624 -28.5891592150736 -25.711889241389414 1.9610077515712163 1.0
vehicle.car 0 0 0 0 0 0 0 4.203 1.764 2.01 0.5632425981340201 38.08290833604134 6.960760952836699 0.12715712624632936 1.0
movable_object.barrier 0 0 0 0 0 0 0 0.828 1.259 4.991 0.9844413958298626 -51.98321887793438 -3.510545233536706 0.09164014589187719 1.0
movable_object.barrier 0 0 0 0 0 0 0 0.738 2.0 2.808 0.8218651896993622 -43.69120146491 -4.782905323803108 0.37568077719063764 1.0
vehicle.car 0 0 0 0 0 0 0 4.543 1.695 1.96 1.1119165440570542 2.494713605763976 8.89280384597406 0.07555365871056985 1.0
vehicle.car 0 0 0 0 0 0 0 3.791 1.935 1.791 1.4135892794711997 -2.757576016394618 20.883349842119284 0.04977045980142236 1.0
vehicle.car 0 0 0 0 0 0 0 4.281 1.771 2.067 0.8574246882215183 13.707419786954503 7.818387264938396 -3.080754286707391 1.0
vehicle.truck 0 0 0 0 0 0 0 4.921 1.814 2.259 0.8744513547088193 5.133813506707811 7.824902166658407 0.03298487680880591 1.0
human.pedestrian.adult 0 0 0 0 0 0 0 0.829 1.752 0.691 0.40374521958581644 36.30855204565928 -11.305136379104544 -1.4510828752573568 1.0
human.pedestrian.adult 0 0 0 0 0 0 0 0.625 1.821 0.593 1.3997862331265138 -21.99586278977502 15.705945328167548 2.1453427262643467 1.0
vehicle.truck 0 0 0 0 0 0 0 5.065 2.012 2.029 0.5509687018786551 27.386677254504967 7.346339740957078 0.03298487680880591 1.0
vehicle.car 0 0 0 0 0 0 0 4.421 1.571 1.991 0.4774357160103365 -20.898502767231637 -35.392701850642354 0.9951923423333442 1.0
vehicle.truck 0 0 0 0 0 0 0 4.208 3.218 3.179 -0.5076398629411394 -57.641824905648015 -61.94227959373129 -0.5901308609135398 1.0
vehicle.car 0 0 0 0 0 0 0 4.033 1.501 1.927 0.7294693465002517 -24.961955182104195 -32.78751077873077 0.9951923423333442 1.0
vehicle.car 0 0 0 0 0 0 0 4.317 1.83 1.949 0.9909424727698316 -30.81938375557349 6.838195300920883 2.184031924128008 1.0
movable_object.barrier 0 0 0 0 0 0 0 0.758 1.127 3.014 1.3255908053008225 -40.89097108760369 -6.032504994976865 0.4906291677813255 1.0
vehicle.car 0 0 0 0 0 0 0 3.817 1.926 1.955 1.0560196613651938 -2.8542950750314704 9.754109059752153 0.04493243712724837 1.0
movable_object.barrier 0 0 0 0 0 0 0 0.756 1.138 3.121 1.21293983997112 -38.1397310090888 -7.6171358006799705 0.5682741822521469 1.0
vehicle.car 0 0 0 0 0 0 0 4.558 1.568 2.155 0.4778171079198155 -17.914306696585633 -38.5384624369682 0.9951923423333442 1.0
vehicle.car 0 0 0 0 0 0 0 4.749 1.516 1.76 0.4752067799239974 54.88834784908371 -9.566471043725434 -1.5268027245158695 1.0
vehicle.car 0 0 0 0 0 0 0 4.689 1.923 2.171 0.9972587891805363 -5.306365621584207 9.274602861013472 -3.088747128633062 1.0
vehicle.car 0 0 0 0 0 0 0 4.431 1.537 2.046 0.8089872795812276 24.598183466416234 7.408804189655767 -2.9953111719658487 1.0
vehicle.car 0 0 0 0 0 0 0 4.531 1.893 1.942 1.4917559458704468 16.214164628741422 20.40795120312724 -3.1299155021506353 1.0
vehicle.car 0 0 0 0 0 0 0 4.42 1.693 2.079 1.0027842030198801 10.959932194753334 7.5315274696396886 -3.0982059068780625 1.0
vehicle.car 0 0 0 0 0 0 0 4.336 1.828 2.074 0.83460526593023 16.560411916819064 7.696632672016786 -3.080754286707391 1.0
vehicle.car 0 0 0 0 0 0 0 3.673 1.579 1.868 1.4481150856219855 7.898776611624924 20.290241389971982 0.04847285921817113 1.0
vehicle.truck 0 0 0 0 0 0 0 5.131 2.141 2.374 0.6355287202403469 19.088353763698915 7.96351382112476 0.04746084617408863 1.0
movable_object.barrier 0 0 0 0 0 0 0 0.545 0.973 2.933 1.1775283227518472 -28.92623025604177 -15.936853097442494 0.9116640555503039 1.0
vehicle.car 0 0 0 0 0 0 0 4.497 1.635 2.172 0.5713964560487221 41.37083923092325 6.592856148461983 -3.0982059068780616 1.0
movable_object.trafficcone 0 0 0 0 0 0 0 0.295 1.254 0.343 1.0697153298079278 -36.651665909584935 -8.699129330848656 0.08302654967169243 1.0
vehicle.car 0 0 0 0 0 0 0 4.134 1.742 1.935 0.5354844184588248 32.73143460241601 7.131111655154623 0.03871544708248198 1.0
vehicle.car 0 0 0 0 0 0 0 4.235 1.66 1.826 1.5948264874973639 0.013743129993572098 20.86959254265249 0.03528610110354702 1.0
vehicle.car 0 0 0 0 0 0 0 5.606 2.988 2.449 1.2861386014174911 58.10425505206229 18.14058183893827 0.03638310740487949 1.0
movable_object.barrier 0 0 0 0 0 0 0 0.601 1.114 3.196 1.2377383515099334 -30.727433614931858 -13.572367061882112 0.9292309876798068 1.0
human.pedestrian.adult 0 0 0 0 0 0 0 0.709 1.869 0.796 -0.11460864710586549 75.92687070372315 1.988463696758768 -1.3989673914439678 1.0
vehicle.car 0 0 0 0 0 0 0 4.081 1.58 1.916 1.6728866578909551 10.746273893591232 20.15109409572946 0.06313129664817918 1.0
vehicle.construction 0 0 0 0 0 0 0 4.568 2.368 2.904 0.06896972755421438 -61.116787941812206 -18.702433094495976 -1.798869022208275 1.0
vehicle.car 0 0 0 0 0 0 0 4.277 1.774 1.886 0.8126221015238865 -63.55558258348955 -0.17429128689922302 -1.5917163887010668 1.0
vehicle.car 0 0 0 0 0 0 0 3.89 1.528 1.868 1.6381927367527944 2.695057438735523 20.74262425463816 -0.040829364611640884 1.0
vehicle.car 0 0 0 0 0 0 0 4.888 1.937 2.075 0.8170057492917782 8.004380152317529 8.408230663761115 0.04493243712724837 1.0
movable_object.trafficcone 0 0 0 0 0 0 0 0.206 1.294 0.205 0.9793805252153307 -27.89418448717821 -17.18815641051354 0.9314813908536186 1.0
vehicle.truck 0 0 0 0 0 0 0 5.251 1.871 1.923 0.18971986922715506 55.720254801689755 -1.6548299973921121 -2.2419658808608682 1.0
vehicle.car 0 0 0 0 0 0 0 4.108 1.503 1.605 1.6355049291954864 -5.223262060689324 21.398961881717373 -3.1145231723003857 1.0
