vehicle.car 0 0 0 0 0 0 0 5.154 1.788 2.431 0.8654081997150018 40.74352881105304 -11.906047008317772 0.033936373810549814 1.0
vehicle.car 0 0 0 0 0 0 0 9.158 3.619 2.769 -0.38137968679563405 93.57989040194502 -14.064644887164656 0.010216269485417762 1.0
vehicle.truck 0 0 0 0 0 0 0 12.108 3.848 2.904 -0.2137280763584624 -11.26615207049361 -27.02977318599483 0.0787772500330588 1.0
vehicle.car 0 0 0 0 0 0 0 4.362 1.829 2.087 0.27260837899677504 -37.81711614893733 6.5420382539227 3.1006515261449854 1.0
vehicle.car 0 0 0 0 0 0 0 4.701 1.546 1.962 1.7305795751623916 26.819212005958356 -29.894389900381693 0.024161457510240236 1.0
vehicle.car 0 0 0 0 0 0 0 4.88 1.877 2.033 0.2810811966310779 -32.655445431608356 6.672933697808086 3.1006515261449854 1.0
vehicle.car 0 0 0 0 0 0 0 4.435 1.754 1.833 0.8851094193075087 0.9196578810192408 -21.749334569390285 1.512782120161135 1.0
vehicle.car 0 0 0 0 0 0 0 4.763 1.94 2.058 0.5470274757963669 -27.34818622537177 6.228794874449394 3.0844549070123506 1.0
vehicle.car 0 0 0 0 0 0 0 4.918 2.0 2.213 0.018495499883545513 -34.698233518778146 19.384806950117444 0.042600132704528004 1.0
vehicle.car 0 0 0 0 0 0 0 4.203 1.695 2.083 0.5884168593765413 -35.42376489231165 -26.032822709190068 3.0661097922831413 1.0
vehicle.car 0 0 0 0 0 0 0 4.251 1.678 1.945 0.49355006917336075 -36.05921908853083 -11.05747255446494 0.06182064496804118 1.0
vehicle.car 0 0 0 0 0 0 0 4.41 1.67 1.847 0.8684943526556852 37.88747204177076 6.747157199171449 0.014552190550503497 1.0
vehicle.car 0 0 0 0 0 0 0 4.324 1.719 1.964 1.583237530882023 24.358221462810807 -30.39727047121933 0.024161457510240236 1.0
vehicle.car 0 0 0 0 0 0 0 4.114 1.652 1.777 1.2003263967408775 1.6701367101667834 -28.207339120653703 1.5545101307318072 1.0
vehicle.car 0 0 0 0 0 0 0 5.937 2.023 2.119 0.19691253862094926 -16.053314424146393 13.684435794226085 1.5906409027274728 1.0
vehicle.car 0 0 0 0 0 0 0 4.404 1.633 1.924 0.9857403819794169 0.960449006420171 -25.264743292915895 1.5475288455993415 1.0
vehicle.car 0 0 0 0 0 0 0 4.854 1.775 2.103 0.5995357557169603 -24.247290966169597 -0.28251770228952006 1.5615373509762662 1.0
vehicle.car 0 0 0 0 0 0 0 4.247 1.514 1.902 1.7282727251402052 37.335315169883096 -30.25805585168169 0.005557559722390248 1.0
vehicle.car 0 0 0 0 0 0 0 4.056 1.707 2.045 1.6213593426525004 29.432503483649548 -29.955443921021892 0.024161457510240236 1.0
vehicle.car 0 0 0 0 0 0 0 4.683 1.841 2.112 0.8596627208287689 4.654506305511735 -17.61601378440356 0.018497972107044625 1.0
vehicle.car 0 0 0 0 0 0 0 4.383 1.482 1.982 1.337275260566887 1.1852099216508 -30.745822726761144 1.5545101307318072 1.0
vehicle.car 0 0 0 0 0 0 0 5.274 2.139 2.327 -0.11069244398771075 -30.732320531680095 19.147485113942924 3.13085469755564 1.0
movable_object.barrier 0 0 0 0 0 0 0 0.796 1.087 2.712 1.292849107202267 17.473416489680716 -12.401352793997129 1.2111112182789148 1.0
vehicle.car 0 0 0 0 0 0 0 4.062 1.553 1.846 1.7590653330529438 21.704040799865393 -29.99349133303868 0.007617879445003695 1.0
vehicle.car 0 0 0 0 0 0 0 4.668 1.821 2.017 0.047821580074374426 -42.02596944357583 19.884973119957372 0.037357238483623156 1.0
vehicle.car 0 0 0 0 0 0 0 4.309 1.649 1.728 0.5743622580562466 -24.77587206831354 6.005683496262635 -3.136814667368691 1.0
vehicle.car 0 0 0 0 0 0 0 4.794 2.0 2.182 0.013897301420877861 -38.9181848186479 19.71108272810243 0.042600132704528004 1.0
vehicle.car 0 0 0 0 0 0 0 4.742 1.703 2.038 1.0463846664183933 9.109914866618988 -17.349243342551496 0.018497972107044625 1.0
vehicle.car 0 0 0 0 0 0 0 4.06 1.529 1.634 0.7202552560888914 -27.6582231787924 -11.599710032683223 0.06182064496804118 1.0
vehicle.car 0 0 0 0 0 0 0 4.226 1.74 1.946 0.5725247709704936 -37.9571304557277 -26.166161989314716 3.0661097922831413 1.0
vehicle.car 0 0 0 0 0 0 0 4.477 1.817 1.795 0.5464763566222451 -33.1582342545252 -11.54493722084222 0.06182064496804118 1.0
vehicle.car 0 0 0 0 0 0 0 4.313 1.634 2.17 1.0763828481636568 35.80985556619633 -11.271837255399372 0.03571238664074228 1.0
vehicle.car 0 0 0 0 0 0 0 4.905 2.275 1.995 0.5021757330035959 -19.889010749026507 -16.631936730953438 1.5543291737540699 1.0
vehicle.trailer 0 0 0 0 0 0 0 17.968 4.056 3.178 -0.5686470771582776 84.01233599259977 12.283201999226689 3.1251209872006473 1.0
vehicle.car 0 0 0 0 0 0 0 4.183 1.531 1.974 0.5746674223474353 -40.94299384406041 -26.771779224256825 3.0661097922831413 1.0
vehicle.car 0 0 0 0 0 0 0 4.351 1.398 1.923 1.7618993955748263 34.71626722837061 -30.564413693257542 0.005557559722390248 1.0
vehicle.car 0 0 0 0 0 0 0 3.865 1.646 1.732 1.517895110889806 1.431218653943187 -35.72121689941771 1.5545101307318072 1.0
vehicle.car 0 0 0 0 0 0 0 4.599 1.743 2.001 1.5878775470801645 32.21749096281414 -30.648880082656316 0.005557559722390248 1.0
vehicle.car 0 0 0 0 0 0 0 3.574 1.618 1.725 0.7022477201480657 -30.567290164848323 -11.613274666458473 0.06182064496804118 1.0
