movable_object.trafficcone 0 0 0 0 0 0 0 0.307 1.387 0.395 0.6624632838053952 -14.57392598955914 -10.483928002241823 3.0913132166239956 1.0
vehicle.truck 0 0 0 0 0 0 0 6.629 2.1 2.201 -0.492423543852727 83.45897464301984 8.318753321925357 1.5470972897129727 1.0
vehicle.truck 0 0 0 0 0 0 0 6.341 2.603 2.149 0.4331294783076372 23.581887178398055 11.70622883581573 1.6089162185507178 1.0
vehicle.truck 0 0 0 0 0 0 0 6.829 2.012 3.126 -0.2494528392912605 58.163571815119695 -6.733295509080697 1.5030166261098659 1.0
vehicle.construction 0 0 0 0 0 0 0 2.899 2.108 1.42 0.05397784040119588 55.70425970935309 9.72419754998052 0.05789033675604305 1.0
vehicle.car 0 0 0 0 0 0 0 5.242 1.908 1.956 0.645582461277995 -20.445965804290108 -7.158386173900706 3.049503275271066 1.0
vehicle.car 0 0 0 0 0 0 0 5.501 2.0 2.028 0.6180404047957984 -61.36024340775176 -6.958639779706698 1.5858866069104174 1.0
vehicle.truck 0 0 0 0 0 0 0 8.307 2.188 2.681 -0.04253576981028118 39.44913708211997 -5.803916710825919 1.7457018304716962 1.0
vehicle.truck 0 0 0 0 0 0 0 6.997 2.417 2.203 -0.11041132286260069 33.706661354131015 -8.19232777736283 1.581001563226721 1.0
vehicle.construction 0 0 0 0 0 0 0 3.768 3.248 4.297 -0.7390726876817464 -54.41418483438385 4.905784831270909 1.620780033188029 1.0
movable_object.trafficcone 0 0 0 0 0 0 0 0.309 1.348 0.445 1.2297140350027669 -29.078775470796504 2.4516545942985224 1.620780033188029 1.0
vehicle.car 0 0 0 0 0 0 0 4.276 1.817 2.032 0.9377653186381346 -23.672552101089433 -0.21757072849575446 1.529709171797971 1.0
movable_object.trafficcone 0 0 0 0 0 0 0 0.276 1.325 0.461 1.332495556730604 -38.19845587079282 2.6529612278592163 1.620780033188029 1.0
vehicle.trailer 0 0 0 0 0 0 0 19.549 5.364 3.062 -0.7196119506760724 -41.780265730516966 6.114444566953417 1.6033332644807512 1.0
human.pedestrian.construction_worker 0 0 0 0 0 0 0 0.448 1.808 0.588 1.0004701794285458 -51.11265445830367 2.607475063353693 1.620780033188029 1.0
vehicle.car 0 0 0 0 0 0 0 5.053 1.629 2.052 0.7107963490839784 -0.19746654297568952 -7.953709889995788 0.04477247598279499 1.0
movable_object.trafficcone 0 0 0 0 0 0 0 0.383 1.349 0.371 0.6312966635034354 -8.206799555683789 -10.508003234843676 -3.1347809066244725 1.0
human.pedestrian.construction_worker 0 0 0 0 0 0 0 0.616 1.794 0.539 -0.19232859221174353 59.24316155922434 -6.431864248559002 3.0451408031225666 1.0
movable_object.trafficcone 0 0 0 0 0 0 0 0.431 0.789 0.416 1.5246845728300045 5.446642830908701 6.6537022468228555 1.653754716452731 1.0
movable_object.trafficcone 0 0 0 0 0 0 0 0.372 1.293 0.444 0.535372244378404 5.754248629212995 -11.02161893242655 3.0658712725825525 1.0
movable_object.trafficcone 0 0 0 0 0 0 0 0.336 0.46 0.336 1.7650298305935332 -4.061341842134206 13.093253986986959 3.1233986990528386 1.0
movable_object.trafficcone 0 0 0 0 0 0 0 0.308 0.511 0.304 0.8464285393627753 47.96094115929255 -3.260152018711921 1.637529032223659 1.0
vehicle.truck 0 0 0 0 0 0 0 5.513 3.546 3.051 0.13142902337588214 -29.156323712431213 5.742520939724144 1.5684400643770804 1.0
vehicle.car 0 0 0 0 0 0 0 4.58 1.597 1.941 0.7807730569716524 -3.1985743929069623 -7.534775607041942 0.04113811020696545 1.0
vehicle.trailer 0 0 0 0 0 0 0 14.847 4.321 3.527 -0.383258287452165 13.192219270573977 9.187244758643308 1.566520951894936 1.0
vehicle.truck 0 0 0 0 0 0 0 6.312 2.213 2.285 -0.4733495199728931 70.37644324408508 -6.3043645869715315 0.04699236480855662 1.0
human.pedestrian.construction_worker 0 0 0 0 0 0 0 0.491 1.794 0.491 1.079777977955299 -49.71844020097309 2.050250801723021 0.06338664393093074 1.0
