vehicle.car 0 0 0 0 0 0 0 5.413 2.0 2.144 -0.6102116714353262 27.532796334970282 -26.643200243602667 0.06549206002904828 1.0
vehicle.construction 0 0 0 0 0 0 0 2.899 2.108 1.42 0.9421522051131948 -52.75384347659356 9.87993007354025 0.05849149926371178 1.0
movable_object.trafficcone 0 0 0 0 0 0 0 0.365 0.72 0.36 0.6703209164285693 28.160662545458198 -13.743183797367083 -3.1312202047152695 1.0
vehicle.car 0 0 0 0 0 0 0 4.682 1.708 1.924 -0.1492675422591145 16.63996401642015 -26.478438021818555 0.06912358383949702 1.0
movable_object.trafficcone 0 0 0 0 0 0 0 0.314 1.27 0.376 1.2375686998785271 -18.35940386672354 6.6328560033002475 2.112363264818871 1.0
vehicle.car 0 0 0 0 0 0 0 5.294 2.478 2.168 -1.0270692596956472 51.25113018680424 -39.81067513608154 3.106597090150988 1.0
vehicle.truck 0 0 0 0 0 0 0 6.312 2.213 2.285 0.7644388765745088 -37.87789964412216 -6.112123861649454 0.05161719285866484 1.0
vehicle.construction 0 0 0 0 0 0 0 6.526 2.688 2.536 0.7933136024215595 -38.443546524026345 11.423374986614354 1.626834575629517 1.0
vehicle.car 0 0 0 0 0 0 0 4.856 1.792 1.804 -0.6251153890714389 29.15314364805482 -41.050560219121415 0.06912358383949702 1.0
vehicle.car 0 0 0 0 0 0 0 4.748 1.841 2.135 -0.051615666876405286 3.0275748848030397 -25.797179450739357 0.044659125139760114 1.0
vehicle.car 0 0 0 0 0 0 0 4.652 1.625 2.008 0.016329860665960053 11.085024497933679 -26.712289355150048 0.08063855656875374 1.0
movable_object.trafficcone 0 0 0 0 0 0 0 0.323 1.261 0.392 1.2583054650298737 -18.954706535075008 6.60966722099754 2.112363264818871 1.0
movable_object.trafficcone 0 0 0 0 0 0 0 0.348 0.668 0.343 0.857244739317056 9.874216517201297 -13.815662346483876 0.044659125139760114 1.0
vehicle.truck 0 0 0 0 0 0 0 6.341 2.603 2.149 0.9799095155394502 -84.8732067650172 11.689237491250092 1.611831399483398 1.0
vehicle.car 0 0 0 0 0 0 0 4.846 1.668 2.106 0.6647064937084851 11.355490588798983 -8.625179695632362 2.6066992281835315 1.0
vehicle.car 0 0 0 0 0 0 0 5.093 1.821 2.155 0.776751346051539 -32.104900398506025 -7.202717330001373 3.1170863239572704 1.0
movable_object.trafficcone 0 0 0 0 0 0 0 0.345 0.691 0.36 0.8494975281086905 0.9714341852924858 -15.293513736635544 0.4152549991484409 1.0
vehicle.car 0 0 0 0 0 0 0 4.842 1.931 2.077 -0.3386743960627371 0.20171188517844538 -39.5792694806786 0.04351534850780281 1.0
vehicle.car 0 0 0 0 0 0 0 5.699 2.353 1.773 1.24070107624667 14.020938324959529 22.271574836303245 1.5134213210686855 1.0
movable_object.trafficcone 0 0 0 0 0 0 0 0.306 0.735 0.378 0.9621935275515165 -2.4631016540672777 -14.125694752433336 0.044659125139760114 1.0
vehicle.truck 0 0 0 0 0 0 0 6.629 2.1 2.201 1.0268397995114653 -25.11281270796878 8.420378409745013 1.5122198812055192 1.0
vehicle.car 0 0 0 0 0 0 0 4.604 1.454 1.908 0.33815895778373084 -10.849990450529784 -25.936025068368757 0.044659125139760114 1.0
vehicle.car 0 0 0 0 0 0 0 5.424 2.381 1.919 1.2146251175075122 25.488706968122326 27.779927710917477 2.3344793020923023 1.0
vehicle.car 0 0 0 0 0 0 0 4.732 2.0 1.982 2.7875034449379053 59.96608581891397 59.13473415819268 1.57151296845558 1.0
vehicle.car 0 0 0 0 0 0 0 4.945 1.795 2.146 0.10167622100718941 -5.234409181835305 -26.17805591328782 0.044659125139760114 1.0
vehicle.car 0 0 0 0 0 0 0 4.707 1.74 2.201 -0.34464965628916805 5.731249695935798 -40.33474343500771 0.044659125139760114 1.0
vehicle.car 0 0 0 0 0 0 0 4.355 1.713 1.893 -0.1451500213387401 -5.040693278589231 -40.728624697872156 0.044659125139760114 1.0
movable_object.trafficcone 0 0 0 0 0 0 0 0.341 0.746 0.348 0.72400317472629 15.914084457702653 -13.912713604933868 0.044659125139760114 1.0
vehicle.car 0 0 0 0 0 0 0 4.276 1.817 2.032 1.1167290105632468 -24.357431656561435 0.25632987994615203 1.5675202680337108 1.0
vehicle.car 0 0 0 0 0 0 0 5.173 1.538 1.857 1.7622676251512173 20.884632791842723 23.925606154127415 2.2297890110071563 1.0
vehicle.car 0 0 0 0 0 0 0 4.477 1.495 1.986 0.013557261641299431 14.006177651653546 -25.894167991777408 0.04717079606201047 1.0
vehicle.car 0 0 0 0 0 0 0 4.793 1.655 1.983 0.017637587872437945 5.754321608730856 -25.603573432609483 0.06912358383949702 1.0
vehicle.car 0 0 0 0 0 0 0 4.799 1.975 1.932 0.9916070455633219 -25.13434773189977 -3.8495524741595593 1.6509096343887322 1.0
vehicle.car 0 0 0 0 0 0 0 4.837 1.681 2.114 -0.5024655984355593 33.22962969822649 -26.654576316948802 0.05360319181040607 1.0
vehicle.truck 0 0 0 0 0 0 0 5.9 2.019 2.073 1.1528742557461142 -31.999542764186312 11.585457310598837 1.5744983400908792 1.0
vehicle.car 0 0 0 0 0 0 0 6.946 3.076 2.44 1.0575885311778537 2.392231309319561 44.01205035870712 1.5484854506342947 1.0
vehicle.car 0 0 0 0 0 0 0 5.887 2.185 2.055 1.0500515694277632 74.12233480388889 36.107008116403755 3.1064225978032702 1.0
vehicle.trailer 0 0 0 0 0 0 0 14.847 4.321 3.527 0.11622063083214329 -95.23793725250225 9.19896452785203 1.5694392356362155 1.0
human.pedestrian.adult 0 0 0 0 0 0 0 0.66 1.094 0.873 1.3941360795872415 9.419079618244318 15.576980663152968 0.16228098617402864 1.0
vehicle.car 0 0 0 0 0 0 0 4.854 1.748 2.145 0.10926023129377682 0.1653336067573047 -25.644566175962193 0.044659125139760114 1.0
vehicle.car 0 0 0 0 0 0 0 4.79 1.81 1.954 -0.708816435744302 67.05222550747457 -7.725923246638132 0.05519832999913943 1.0
