vehicle.car 0 0 0 0 0 0 0 5.025 1.482 1.885 0.8645847117697875 -11.001190687909551 -9.845605599911062 1.0429654655528022 1.0
vehicle.car 0 0 0 0 0 0 0 4.684 1.954 2.111 0.9389463385866469 -29.243155370060137 -5.341241506764649 2.6689299789802874 1.0
human.pedestrian.adult 0 0 0 0 0 0 0 0.965 1.72 0.818 0.8410260908235753 16.903195230427787 22.494803666390364 0.09782930635160403 1.0
vehicle.car 0 0 0 0 0 0 0 4.602 1.532 2.016 1.2318631360626073 -33.77562763263696 -2.581363078512817 2.634024925220521 1.0
vehicle.truck 0 0 0 0 0 0 0 5.113 4.206 2.485 -0.5408216993144952 -33.039996661626546 19.027180082674978 2.64835344837545 1.0
vehicle.trailer 0 0 0 0 0 0 0 17.98 4.858 3.054 -0.14697850618013214 -24.47493995997749 27.338340605535507 2.6453690667457277 1.0
vehicle.car 0 0 0 0 0 0 0 4.945 1.575 1.995 0.8599114347380861 -2.489380217251918 -13.91472659492771 2.3732187650218606 1.0
vehicle.car 0 0 0 0 0 0 0 4.238 1.792 2.028 1.119859462932084 33.19908370229042 49.49564861359928 0.1476202274474585 1.0
vehicle.car 0 0 0 0 0 0 0 5.063 1.938 2.108 0.8476551560378377 -26.86354679357977 -6.746710447271297 0.47302527346536083 1.0
vehicle.trailer 0 0 0 0 0 0 0 15.913 4.211 2.925 0.048951418014345466 -34.62170692365516 22.95498485341774 2.662821594142631 1.0
human.pedestrian.adult 0 0 0 0 0 0 0 0.875 1.814 0.983 0.4145372988022916 25.6704068169825 -13.29169363785628 0.3635724961334432 1.0
vehicle.trailer 0 0 0 0 0 0 0 7.371 3.14 2.719 0.12748035565563312 -6.444768664697196 -21.228406376283363 2.646262635774699 1.0
vehicle.car 0 0 0 0 0 0 0 6.002 1.908 2.324 1.2177518066770043 -48.09406100353217 3.503453983126756 2.6425417569400196 1.0
vehicle.trailer 0 0 0 0 0 0 0 17.276 4.567 3.124 -0.08884517930604947 -27.716589230326246 28.97763939597993 2.6453690667457277 1.0
vehicle.car 0 0 0 0 0 0 0 4.511 1.881 2.001 0.6310295276530922 2.300657441636202 -17.344394989837326 2.198812840875285 1.0
vehicle.car 0 0 0 0 0 0 0 4.642 1.782 1.919 0.8664495901077518 -5.589363843898688 15.554213134337314 2.089065112912273 1.0
vehicle.car 0 0 0 0 0 0 0 9.158 3.619 2.769 -0.17925771638641655 -41.465390665109034 -1.0904088725734862 0.47422454348901866 1.0
vehicle.car 0 0 0 0 0 0 0 4.94 1.538 2.043 1.1977464663634732 -31.536311173586732 -3.307862802583857 0.49046589549430797 1.0
vehicle.car 0 0 0 0 0 0 0 4.662 1.861 2.196 0.6824386947236919 0.7218856343428058 -14.911138185051477 2.4352060400628037 1.0
human.pedestrian.adult 0 0 0 0 0 0 0 0.854 1.347 1.024 0.937371079081948 11.772589588226817 12.717428129598629 2.40982022679783 1.0
vehicle.car 0 0 0 0 0 0 0 4.854 1.775 2.103 0.8196330963456187 -27.936983350377478 7.0703187096314 1.9488595542393998 1.0
vehicle.car 0 0 0 0 0 0 0 5.611 2.139 2.426 0.4867669048025169 5.489174605783863 -19.572232414243185 2.1158792043212387 1.0
vehicle.car 0 0 0 0 0 0 0 5.072 1.979 2.067 0.7618629802227534 -6.507154297784206 12.283049988942498 2.0619764922399186 1.0
vehicle.car 0 0 0 0 0 0 0 7.593 3.438 3.306 0.2225150216040917 -11.388253136003504 19.481406184010076 2.147667468068084 1.0
vehicle.car 0 0 0 0 0 0 0 7.015 2.02 2.285 0.5699758489410455 26.69489701671188 -3.135628224134929 2.3725342411594417 1.0
