vehicle.trailer 0 0 0 0 0 0 0 15.913 4.211 2.925 -0.5430876677082395 -32.51519972281927 52.88912811663628 1.8368573685786433 1.0
vehicle.truck 0 0 0 0 0 0 0 5.113 4.206 2.485 -0.6809662697497743 -34.24014631889474 49.113891735720884 1.8049353042983212 1.0
vehicle.car 0 0 0 0 0 0 0 4.511 1.881 2.001 0.7757331439117321 -37.0937731785058 -1.4948803948528047 1.3728268234674594 1.0
vehicle.car 0 0 0 0 0 0 0 4.662 1.861 2.196 0.7751920521303055 -36.29756932374601 1.4191597779803302 1.6092315895083136 1.0
vehicle.car 0 0 0 0 0 0 0 7.015 2.02 2.285 0.9562028708353252 -10.034881091299937 -9.662286512502293 1.5116502621405816 1.0
vehicle.trailer 0 0 0 0 0 0 0 7.371 3.14 2.719 -0.025722696133353484 -45.69743650012354 2.2831798196892037 1.8202976884979583 1.0
vehicle.car 0 0 0 0 0 0 0 5.072 1.979 2.067 0.5490687911274383 -21.29628757523654 25.000605199596702 2.8878713701363417 1.0
human.pedestrian.adult 0 0 0 0 0 0 0 0.965 1.72 0.818 0.6471388429424437 6.341509429201284 19.5586488412249 1.2711383639478182 1.0
vehicle.car 0 0 0 0 0 0 0 7.593 3.438 3.306 -0.13521620046901697 -19.32839933742515 33.5250129170724 2.973567022836665 1.0
vehicle.car 0 0 0 0 0 0 0 4.945 1.575 1.995 0.9597169442650723 -37.47576826228795 4.395023824841476 1.434279843243159 1.0
vehicle.trailer 0 0 0 0 0 0 0 17.98 4.858 3.054 -0.7394904769502246 -22.415899122500466 48.39751044357891 1.8194040804392566 1.0
vehicle.car 0 0 0 0 0 0 0 4.642 1.782 1.919 0.7553023812691421 -17.925989237634585 26.62362917411299 2.914961494263009 1.0
vehicle.car 0 0 0 0 0 0 0 5.611 2.139 2.426 0.7413196245816801 -36.441639920350326 -5.4532460832772625 1.2898888117573666 1.0
vehicle.car 0 0 0 0 0 0 0 5.025 1.482 1.885 0.8208120178329492 -40.5391512894275 13.339425641086423 0.21688031449134204 1.0
vehicle.car 0 0 0 0 0 0 0 4.854 1.775 2.103 0.8693959953096131 -19.374206131474505 7.511557243638468 2.2441083742824253 1.0
human.pedestrian.adult 0 0 0 0 0 0 0 0.854 1.347 1.024 0.8481659667393904 -8.583881736715806 11.8600647740173 -3.0474524190037524 1.0
vehicle.car 0 0 0 0 0 0 0 4.238 1.792 2.028 0.4837248481820301 34.17406958576296 22.572450426879193 0.6426693819287932 1.0
vehicle.car 0 0 0 0 0 0 0 4.169 1.771 2.156 0.08342754839204453 52.764551971330384 40.5401171575287 -2.1979545660062643 1.0
vehicle.car 0 0 0 0 0 0 0 4.902 1.646 1.978 1.3302824285120947 -57.96019661197565 -26.51008603434512 -1.9006377922793432 1.0
