vehicle.truck 0 0 0 0 0 0 0 5.687 3.2 2.367 0.06465316036868937 43.24623324789447 -36.528960303618284 1.5646719211774034 1.0
vehicle.truck 0 0 0 0 0 0 0 9.917 3.854 3.452 -1.7180483708619572 53.00807297653256 15.974542259191066 2.0071113896869406 1.0
vehicle.truck 0 0 0 0 0 0 0 5.988 1.996 2.009 1.4314876226703732 -6.159537267922395 -31.50225270409311 0.3694650512552826 1.0
vehicle.car 0 0 0 0 0 0 0 4.056 1.725 1.817 1.7118687067779494 -12.489646437079964 -42.08506529594324 0.38688653372548254 1.0
vehicle.car 0 0 0 0 0 0 0 4.4 1.768 1.93 1.6133052298008568 -3.0825282340732993 -47.76644904954328 0.41222211315791 1.0
vehicle.truck 0 0 0 0 0 0 0 7.036 3.566 2.957 0.9319546542253219 -0.30766511763945137 -58.36371478548751 1.9395733905710433 1.0
vehicle.truck 0 0 0 0 0 0 0 9.932 3.967 3.421 -1.7359530693185734 54.94354906031635 20.653843676162992 2.0071113896869406 1.0
vehicle.trailer 0 0 0 0 0 0 0 12.839 3.611 2.461 0.07211729675739942 60.119114061238754 -64.33566520271319 2.4165848329364312 1.0
vehicle.car 0 0 0 0 0 0 0 5.241 2.808 2.066 -0.6608582156699667 44.826985050248794 -1.0539378937226593 1.6005972946844178 1.0
vehicle.trailer 0 0 0 0 0 0 0 14.65 4.103 3.106 0.19010775342672492 -52.02580728616457 19.380306661901244 1.1421984862370982 1.0
vehicle.trailer 0 0 0 0 0 0 0 15.788 4.172 3.334 0.294149005096713 27.204617232233115 -66.48387222576106 0.4034481712993654 1.0
vehicle.truck 0 0 0 0 0 0 0 7.227 3.774 2.461 0.8042135380714077 -10.964296284749707 -50.71442819290767 1.9926613761459562 1.0
vehicle.truck 0 0 0 0 0 0 0 5.215 4.108 2.681 0.18667686969777442 31.506865722163717 -56.481299723099376 0.4054956620717074 1.0
vehicle.truck 0 0 0 0 0 0 0 5.532 2.057 2.057 0.1697926314978334 24.95713043498429 2.8670215218218145 1.540234126348043 1.0
vehicle.car 0 0 0 0 0 0 0 3.395 1.534 1.812 0.9870152366974806 -40.496720355299864 38.98433367177018 1.1258658460794875 1.0
movable_object.barrier 0 0 0 0 0 0 0 2.979 0.867 0.647 1.0593573349235144 -6.662087695208629 8.902088586379337 3.1232559549885703 1.0
human.pedestrian.adult 0 0 0 0 0 0 0 0.943 1.89 0.622 1.0391510370501835 -35.79108888405818 5.203551112522201 1.5992186574469045 1.0
vehicle.trailer 0 0 0 0 0 0 0 6.496 3.873 2.531 0.9267031030177215 20.777546216324538 -91.76188629865999 0.364622413147758 1.0
vehicle.car 0 0 0 0 0 0 0 4.618 1.745 1.961 1.1690602945502169 -18.416563819084153 -0.01729588307195443 1.6041398723307472 1.0
vehicle.truck 0 0 0 0 0 0 0 10.477 3.998 2.437 -0.6797136835667318 3.2401541693050464 18.039851116086524 1.306593808983715 1.0
vehicle.car 0 0 0 0 0 0 0 4.887 2.192 2.263 1.380735857588919 -107.0850522538316 8.51760178199119 1.0852615109041084 1.0
vehicle.truck 0 0 0 0 0 0 0 10.768 3.95 2.578 -0.5253665601338029 6.2703234978766975 13.44315177790147 1.2044936580905379 1.0
vehicle.car 0 0 0 0 0 0 0 4.338 1.705 1.874 0.8494591699891638 -39.657925095730256 41.34856776361373 1.9659602963868723 1.0
vehicle.truck 0 0 0 0 0 0 0 10.981 4.027 2.946 0.8212029746535635 -10.381925916129335 -54.52454815332861 1.9395733905710433 1.0
vehicle.car 0 0 0 0 0 0 0 4.281 1.804 1.781 1.6891921889078751 -7.107122524527086 -44.945358131709405 0.45659646999571857 1.0
human.pedestrian.adult 0 0 0 0 0 0 0 1.069 1.774 0.764 1.1271948473977724 -42.01267661825041 4.868301424664221 1.5992186574469045 1.0
vehicle.car 0 0 0 0 0 0 0 4.52 1.586 2.097 0.769363825049416 -9.389324546378804 28.863142840146843 2.066639287320129 1.0
vehicle.car 0 0 0 0 0 0 0 4.407 1.713 1.99 0.7528873864121891 -21.886955508855568 34.08936651051478 1.1198807251011802 1.0
vehicle.car 0 0 0 0 0 0 0 4.994 1.806 1.904 1.105696029144882 3.9458033568484194 -19.90412472174415 0.11463357067487445 1.0
vehicle.trailer 0 0 0 0 0 0 0 8.517 3.763 2.696 0.6915853202395732 17.512013297454924 -59.28525087588252 -2.924342561295296 1.0
vehicle.car 0 0 0 0 0 0 0 4.384 1.818 1.899 0.6549904887723216 -44.792923002586825 27.818297831768096 1.0735183056717084 1.0
vehicle.trailer 0 0 0 0 0 0 0 16.44 4.088 3.187 -0.8401990498364423 49.62707550324576 -26.700585891234073 -2.9546569608630495 1.0
vehicle.truck 0 0 0 0 0 0 0 9.94 3.814 3.464 -1.41614875038424 50.724169987487905 11.390983079275559 1.9867277989791248 1.0
movable_object.barrier 0 0 0 0 0 0 0 2.973 0.864 0.61 0.9624281321568308 -6.72564525386159 11.98771982915435 3.1232559549885703 1.0
vehicle.car 0 0 0 0 0 0 0 4.243 1.52 2.041 0.8180818483051019 -19.953441020428684 38.92570194193193 1.0620543400365712 1.0
vehicle.trailer 0 0 0 0 0 0 0 14.714 3.742 2.939 0.1859424487710986 -55.48286047384964 12.011213983168323 1.1565070710852616 1.0
vehicle.construction 0 0 0 0 0 0 0 6.49 2.985 2.479 -0.1409080887381593 41.272354657069506 -23.66408498818872 0.414964475876622 1.0
vehicle.trailer 0 0 0 0 0 0 0 12.605 3.963 2.693 -0.12547194085494745 61.06217295660362 -60.33640171888854 2.4165848329364312 1.0
human.pedestrian.adult 0 0 0 0 0 0 0 0.696 1.647 0.716 1.2912090180506668 -41.91606426652696 5.6366577256857875 1.5639151398126927 1.0
