vehicle.truck 0 0 0 0 0 0 0 7.036 3.566 2.957 1.5415312886468446 -8.692848675694568 -58.31525552317145 1.9281896222228205 1.0
vehicle.truck 0 0 0 0 0 0 0 9.932 3.967 3.421 -1.3243290841619664 45.778046252462474 21.25411453245509 1.9957304932544186 1.0
vehicle.truck 0 0 0 0 0 0 0 10.768 3.95 2.578 -0.6530120079170685 -2.9130433567922074 13.428099515432047 1.2157490381822011 1.0
vehicle.trailer 0 0 0 0 0 0 0 6.496 3.873 2.531 2.1029510884555926 12.623593981737503 -91.45530794076406 0.3529673760516632 1.0
movable_object.barrier 0 0 0 0 0 0 0 2.979 0.867 0.647 0.7794109390756456 -15.409727279286177 8.49234674182082 3.1119123783131197 1.0
vehicle.construction 0 0 0 0 0 0 0 6.49 2.985 2.479 0.6471439734702473 32.49211096525169 -23.19893304054122 0.4260152685665033 1.0
vehicle.truck 0 0 0 0 0 0 0 9.917 3.854 3.452 -1.3026690927873084 43.680341849040346 16.60476155804707 1.9957304932544186 1.0
human.pedestrian.adult 0 0 0 0 0 0 0 1.219 1.547 0.718 -0.09909746014506671 2.4947701963296813 11.925080803493268 1.9894183234902272 1.0
vehicle.construction 0 0 0 0 0 0 0 3.619 2.279 1.17 0.21030587096522332 6.913354423236998 9.771105407063457 1.6572251779485656 1.0
vehicle.car 0 0 0 0 0 0 0 4.338 1.705 1.874 0.18562047961296685 -49.05786255527428 41.02783046865439 1.9545776651957203 1.0
vehicle.truck 0 0 0 0 0 0 0 5.988 1.996 2.009 1.6088494946704184 -14.374541057716264 -30.411078328077224 0.3578140371742018 1.0
vehicle.car 0 0 0 0 0 0 0 4.384 1.818 1.899 -0.00766738368471287 -54.16389482576433 27.295647821506993 1.0847599270196824 1.0
vehicle.trailer 0 0 0 0 0 0 0 8.517 3.763 2.696 1.4196816589110384 9.117559571277212 -59.081078442607385 -2.9356790769001364 1.0
vehicle.truck 0 0 0 0 0 0 0 3.694 3.256 3.643 -0.5642333425547987 77.01060081356023 4.699604692183561 2.9901973202937775 1.0
vehicle.car 0 0 0 0 0 0 0 4.994 1.806 1.904 1.3751564540204346 -4.852249247523999 -19.733399729978444 0.06817184690196942 1.0
vehicle.trailer 0 0 0 0 0 0 0 12.605 3.963 2.693 0.9064210400980459 52.71812313359731 -59.66797330990757 2.405219222370219 1.0
human.pedestrian.adult 0 0 0 0 0 0 0 0.696 1.647 0.716 1.0566149039672599 -49.18939006569392 5.059036240507908 1.5525124082381856 1.0
movable_object.barrier 0 0 0 0 0 0 0 2.973 0.864 0.61 0.9101165779559768 -15.53835769391472 11.486963787854792 3.1119123783131197 1.0
vehicle.trailer 0 0 0 0 0 0 0 14.714 3.742 2.939 -0.3611213840111388 -64.69963589881976 11.378394436855885 1.167757736504619 1.0
vehicle.car 0 0 0 0 0 0 0 4.056 1.725 1.817 2.076456504005848 -21.103051819190313 -42.217230987497985 0.3791239071722021 1.0
vehicle.truck 0 0 0 0 0 0 0 10.981 4.027 2.946 1.2517323756590721 -18.745439202044594 -54.66911670250502 1.9281896222228205 1.0
vehicle.car 0 0 0 0 0 0 0 4.4 1.768 1.93 2.1260459721963088 -11.543248620289855 -47.8179705532106 0.4006027168343649 1.0
human.pedestrian.adult 0 0 0 0 0 0 0 1.069 1.774 0.764 0.7290474090024208 -49.208334219632704 4.358811522810708 1.5878179836543325 1.0
vehicle.car 0 0 0 0 0 0 0 4.243 1.52 2.041 0.41391424329702864 -29.43608057440688 38.78008251730961 1.0732946111816624 1.0
vehicle.trailer 0 0 0 0 0 0 0 12.839 3.611 2.461 1.2088708673155388 51.92820185371836 -63.53224898247674 2.405219222370219 1.0
vehicle.car 0 0 0 0 0 0 0 5.241 2.808 2.066 -0.24031949469913816 46.21983512735932 -0.36340372936145454 1.5891966998295377 1.0
vehicle.truck 0 0 0 0 0 0 0 5.532 2.057 2.057 0.543370191927316 15.870668270599452 3.161357620804959 1.5288299736041209 1.0
vehicle.truck 0 0 0 0 0 0 0 10.477 3.998 2.437 -0.6073220254095326 -5.242018766404581 17.86229019321292 1.3178581936387541 1.0
vehicle.car 0 0 0 0 0 0 0 4.618 1.745 1.961 0.9623422050308047 -16.932553301530323 -0.3056927021640709 1.5927394798389916 1.0
movable_object.pushable_pullable 0 0 0 0 0 0 0 0.708 1.339 0.663 0.6659351379283612 17.085336497866724 10.224107222176906 1.5420411715698918 1.0
vehicle.truck 0 0 0 0 0 0 0 9.94 3.814 3.464 -0.8692477273142265 41.71894890905568 11.991915510872925 1.9753460489887145 1.0
vehicle.trailer 0 0 0 0 0 0 0 16.44 4.088 3.187 0.08031648618576978 40.85009322874718 -26.349681060099826 -2.9659943916985316 1.0
vehicle.trailer 0 0 0 0 0 0 0 14.65 4.103 3.106 -0.3415671694898047 -61.29443240525645 18.773074808590696 1.1534476773057811 1.0
human.pedestrian.adult 0 0 0 0 0 0 0 0.943 1.89 0.622 0.5885287120166052 -43.12556555536885 4.784568346417543 1.5878179836543325 1.0
vehicle.trailer 0 0 0 0 0 0 0 15.788 4.172 3.334 1.1809613489283437 18.932508549300522 -66.36885301187081 0.39672713301594165 1.0
vehicle.trailer 0 0 0 0 0 0 0 14.598 4.112 4.021 -1.180987720653544 77.11890069828758 14.814400496947293 -3.064427555487211 1.0
vehicle.truck 0 0 0 0 0 0 0 5.687 3.2 2.367 0.8169430175728836 34.41225022962087 -36.04010364489233 1.575954501804409 1.0
vehicle.car 0 0 0 0 0 0 0 4.407 1.713 1.99 0.3203653025837744 -31.262342001676835 33.748248677151885 1.131127548850059 1.0
vehicle.car 0 0 0 0 0 0 0 3.395 1.534 1.812 0.4212078753755354 -49.897219251639264 38.72501134522653 1.1371133130122404 1.0
vehicle.car 0 0 0 0 0 0 0 4.281 1.804 1.781 2.0316397476690335 -15.672637163192165 -45.02560099913701 0.441515745975539 1.0
vehicle.truck 0 0 0 0 0 0 0 7.227 3.774 2.461 1.2334388982983129 -19.767823366213037 -50.69720671239402 1.9812798757651553 1.0
vehicle.truck 0 0 0 0 0 0 0 5.215 4.108 2.681 0.988471794949979 23.104135866787765 -56.32869991066745 0.3938717114568844 1.0
