vehicle.car 0 0 0 0 0 0 0 4.056 1.725 1.817 2.2954137846695293 -26.99934622444193 -41.8702359798624 0.3986325629618719 1.0
vehicle.car 0 0 0 0 0 0 0 4.4 1.768 1.93 2.181731307536812 -17.598445738991725 -47.584306364190205 0.41623451222077046 1.0
human.pedestrian.adult 0 0 0 0 0 0 0 0.756 1.642 0.696 0.12750792599030983 -4.315685250163438 23.510691843103626 0.8140155632134274 1.0
vehicle.trailer 0 0 0 0 0 0 0 14.65 4.103 3.106 -0.20513175580763687 -66.33990478996486 19.78711690487211 1.137900283559624 1.0
vehicle.trailer 0 0 0 0 0 0 0 15.788 4.172 3.334 1.270895241086762 12.569026190727609 -66.7257953613832 0.4156286088066099 1.0
vehicle.truck 0 0 0 0 0 0 0 10.768 3.95 2.578 -0.6405596635179397 -8.101016679667268 13.503900991549088 1.200199927421548 1.0
vehicle.truck 0 0 0 0 0 0 0 10.477 3.998 2.437 -0.569227501178492 -9.976918223422743 17.668368078794686 1.3023066016466531 1.0
movable_object.barrier 0 0 0 0 0 0 0 2.979 0.867 0.647 0.8059566290812575 -20.929137291173948 8.972457712428769 3.1274849091710397 1.0
vehicle.truck 0 0 0 0 0 0 0 5.532 2.057 2.057 0.598196586222173 10.683878306858295 3.0100817964735764 1.5444174099794425 1.0
vehicle.truck 0 0 0 0 0 0 0 5.892 3.162 2.48 -0.16421020716697232 78.57900491137003 -23.71423988320115 1.2939997900049383 1.0
vehicle.car 0 0 0 0 0 0 0 4.618 1.745 1.961 1.0306378228073168 -16.041647010865606 -0.17215830581265004 1.608326020005312 1.0
vehicle.construction 0 0 0 0 0 0 0 3.619 2.279 1.17 0.20733178596545507 2.9405492242850175 9.783602552099385 1.6030031981667188 1.0
vehicle.car 0 0 0 0 0 0 0 3.395 1.534 1.812 -0.1586465205312128 -54.51633138539549 39.66509648202377 1.1215663992695166 1.0
vehicle.truck 0 0 0 0 0 0 0 5.988 1.996 2.009 1.720400978347572 -20.739485128102014 -31.31422843310986 0.39405384529189513 1.0
vehicle.truck 0 0 0 0 0 0 0 5.687 3.2 2.367 0.8244113023105989 28.50461456095607 -36.51049029280816 1.5603979574789966 1.0
vehicle.trailer 0 0 0 0 0 0 0 6.496 3.873 2.531 2.4211858510806032 5.8663106984984985 -91.36301782136832 0.36860509172638345 1.0
vehicle.car 0 0 0 0 0 0 0 4.281 1.804 1.781 2.2033043373310925 -21.64886374327501 -44.76995304682544 0.45016763779431024 1.0
movable_object.pushable_pullable 0 0 0 0 0 0 0 0.708 1.339 0.663 0.7224259487458717 11.900439778879596 10.01813453958858 1.5576284183250042 1.0
vehicle.truck 0 0 0 0 0 0 0 9.94 3.814 3.464 -0.6600477020386704 36.40615945261263 11.397459692445278 1.9909280885776477 1.0
vehicle.trailer 0 0 0 0 0 0 0 16.44 4.088 3.187 0.1271738156051856 35.17336649402812 -26.500830081678032 -2.9504234279338677 1.0
vehicle.car 0 0 0 0 0 0 0 4.384 1.818 1.899 0.024686110499041847 -59.07832853662254 28.19680846076289 1.0692146461262082 1.0
vehicle.car 0 0 0 0 0 0 0 4.994 1.806 1.904 1.466726270330763 -10.518590720174155 -19.39600727202637 0.08372524880647259 1.0
vehicle.trailer 0 0 0 0 0 0 0 8.517 3.763 2.696 1.5897689347757327 3.1406956586990047 -59.218262081650835 -2.9201083473538745 1.0
vehicle.trailer 0 0 0 0 0 0 0 12.605 3.963 2.693 0.7376344771565071 46.42575554843871 -60.40812014368218 2.42079728934809 1.0
vehicle.truck 0 0 0 0 0 0 0 3.694 3.256 3.643 -0.5632634152928797 72.34442866621796 1.7849291342486135 2.9336335544377867 1.0
human.pedestrian.adult 0 0 0 0 0 0 0 0.696 1.647 0.716 1.0469375728790382 -53.21950102573941 5.800481660473005 1.5680995063548409 1.0
vehicle.truck 0 0 0 0 0 0 0 10.981 4.027 2.946 1.3818571859133881 -24.8882015940559 -54.327313554095575 1.9437721536570818 1.0
human.pedestrian.adult 0 0 0 0 0 0 0 1.069 1.774 0.764 0.8020952765223104 -53.44337605350693 5.160682299847543 1.6034045910003059 1.0
vehicle.construction 0 0 0 0 0 0 0 2.642 2.587 1.382 -0.5116329161656323 -1.0090830600692788 29.16321711419733 1.0065764066651717 1.0
vehicle.truck 0 0 0 0 0 0 0 7.227 3.774 2.461 1.4510417481493432 -25.862369222672697 -50.336038077796694 1.996861854450806 1.0
vehicle.truck 0 0 0 0 0 0 0 5.215 4.108 2.681 1.1427427784833604 16.94785983339463 -56.722573986437176 0.4095042875626156 1.0
vehicle.construction 0 0 0 0 0 0 0 6.49 2.985 2.479 0.6123143782796443 26.783611614491186 -23.64124817242371 0.4105276933348563 1.0
vehicle.truck 0 0 0 0 0 0 0 9.917 3.854 3.452 -1.39885842388791 38.520724374949005 16.165090016464294 2.01131232451022 1.0
human.pedestrian.adult 0 0 0 0 0 0 0 1.219 1.547 0.718 -0.16309088778184316 -2.689135767960038 12.130088207470878 2.0132652993119393 1.0
vehicle.trailer 0 0 0 0 0 0 0 12.839 3.611 2.461 1.072447486876214 45.58910895105497 -64.2730397702214 2.42079728934809 1.0
vehicle.car 0 0 0 0 0 0 0 5.241 2.808 2.066 -0.2643454584190569 46.61145307741589 -1.0155458970943494 1.5873314274915469 1.0
vehicle.truck 0 0 0 0 0 0 0 7.036 3.566 2.957 1.567631165970535 -15.037548988832112 -58.155394049530436 1.9437721536570818 1.0
human.pedestrian.adult 0 0 0 0 0 0 0 0.943 1.89 0.622 0.6008047854517549 -47.48209589899796 5.579102014563249 1.6034045910003059 1.0
vehicle.truck 0 0 0 0 0 0 0 9.932 3.967 3.421 -1.324537160473009 40.83027949281586 20.59595454918685 2.01131232451022 1.0
vehicle.trailer 0 0 0 0 0 0 0 14.598 4.112 4.021 -1.2321083233848746 72.17718909720475 11.19335723970144 -3.048855837059371 1.0
vehicle.car 0 0 0 0 0 0 0 4.407 1.713 1.99 0.346348946771241 -36.11354887634762 34.29038230332698 1.1155808143581156 1.0
movable_object.barrier 0 0 0 0 0 0 0 2.973 0.864 0.61 0.7375551906098323 -21.014026904220923 12.00779558436513 3.1274849091710397 1.0
vehicle.trailer 0 0 0 0 0 0 0 14.714 3.742 2.939 -0.24960116792449963 -69.88027340239667 12.454885623775334 1.152209932875195 1.0
