vehicle.trailer 0 0 0 0 0 0 0 14.65 4.103 3.106 -0.15938065886127908 -48.33475348605792 19.711673796468222 1.1350206165533088 1.0
vehicle.trailer 0 0 0 0 0 0 0 15.788 4.172 3.334 0.4639043755677855 30.476639496639468 -66.73198767094475 0.40857361343084087 1.0
vehicle.truck 0 0 0 0 0 0 0 10.768 3.95 2.578 -0.5789077600130058 9.69210856433689 13.451720953526028 1.1973222264400984 1.0
vehicle.car 0 0 0 0 0 0 0 4.338 1.705 1.874 0.5349726947802211 -35.859946698785855 41.545501611135 2.00790135993428 1.0
vehicle.car 0 0 0 0 0 0 0 4.218 1.721 2.062 0.4871911845612583 -14.019999887766776 43.90629262669281 2.08687400944431 1.0
vehicle.car 0 0 0 0 0 0 0 4.994 1.806 1.904 1.1642979680075887 7.367380457814387 -19.916216861396418 0.12052463099292066 1.0
vehicle.trailer 0 0 0 0 0 0 0 8.517 3.763 2.696 0.8432790214810593 20.720952694739637 -59.463112180108745 -2.9172567582218694 1.0
vehicle.truck 0 0 0 0 0 0 0 5.988 1.996 2.009 1.4350892396977406 -2.873680504306209 -31.73880272309805 0.37619482174937424 1.0
vehicle.construction 0 0 0 0 0 0 0 6.49 2.985 2.479 0.0769914626827877 44.6557463907541 -23.992312004380345 0.40758681304197264 1.0
vehicle.trailer 0 0 0 0 0 0 0 12.605 3.963 2.693 0.27937811984787386 64.17120879873937 -60.78831981288472 2.4236393571409254 1.0
vehicle.car 0 0 0 0 0 0 0 4.281 1.804 1.781 1.701144708557408 -3.899928491230949 -44.92172692665857 0.46339562110953025 1.0
vehicle.truck 0 0 0 0 0 0 0 10.981 4.027 2.946 0.8165327337347278 -7.14912794804038 -54.51421547467718 1.9466082356518353 1.0
human.pedestrian.adult 0 0 0 0 0 0 0 1.069 1.774 0.764 0.8608534211462017 -39.13725934893957 5.225994971516025 1.606235069335252 1.0
human.pedestrian.adult 0 0 0 0 0 0 0 0.696 1.647 0.716 0.9675163926800541 -38.90861074540775 5.884648011140413 1.580237124626544 1.0
vehicle.car 0 0 0 0 0 0 0 4.384 1.818 1.899 0.3876705085985753 -41.04500082240019 28.098159241687526 1.0663325793511307 1.0
vehicle.truck 0 0 0 0 0 0 0 9.94 3.814 3.464 -1.1281569757095382 54.249660999006984 10.990047674906409 1.993764837611736 1.0
vehicle.construction 0 0 0 0 0 0 0 2.445 2.839 1.415 0.818258058294791 -59.31721085940082 -22.99818802233683 -2.6276465237739757 1.0
vehicle.truck 0 0 0 0 0 0 0 7.036 3.566 2.957 1.0565366425676492 2.879054615619295 -58.36546236284973 1.9466082356518353 1.0
vehicle.truck 0 0 0 0 0 0 0 9.932 3.967 3.421 -1.4206015316281655 58.66546274195273 20.258627239689407 2.0141493555065555 1.0
vehicle.trailer 0 0 0 0 0 0 0 12.839 3.611 2.461 0.45475281404269907 63.34584691856553 -64.68106453652015 2.4236393571409254 1.0
vehicle.car 0 0 0 0 0 0 0 5.241 2.808 2.066 -0.35080660709685907 44.337525920547385 -1.2829764671209194 1.6076137928959406 1.0
movable_object.barrier 0 0 0 0 0 0 0 2.973 0.864 0.61 0.8715137536320506 -3.2411894267348846 12.262019097220666 3.1303341953940915 1.0
vehicle.trailer 0 0 0 0 0 0 0 14.714 3.742 2.939 -0.17376642016919536 -51.83368095247032 12.362868884466673 1.1493307338912313 1.0
vehicle.car 0 0 0 0 0 0 0 4.243 1.52 2.041 0.6423805330906542 -16.173273353941457 38.95346801381064 1.0548672143693656 1.0
vehicle.truck 0 0 0 0 0 0 0 7.227 3.774 2.461 0.8474536567110086 -7.773432224376398 -50.67223641863447 1.9996986859481236 1.0
vehicle.truck 0 0 0 0 0 0 0 5.532 2.057 2.057 0.2642623614913239 28.526395856829655 2.6486606310968988 1.5472467314308034 1.0
vehicle.truck 0 0 0 0 0 0 0 5.215 4.108 2.681 0.3869031035792123 34.701883908396084 -56.74306853697271 0.41225775155871736 1.0
vehicle.car 0 0 0 0 0 0 0 3.395 1.534 1.812 0.6766742727549662 -36.78940194233332 38.99490430598429 1.1186861852052896 1.0
movable_object.barrier 0 0 0 0 0 0 0 2.979 0.867 0.647 0.9688450501820277 -3.2321108776707717 9.133135878137727 3.1303341953940915 1.0
vehicle.car 0 0 0 0 0 0 0 4.056 1.725 1.817 1.6348390622112714 -9.330919255892248 -41.996660623918295 0.3936326872534086 1.0
vehicle.car 0 0 0 0 0 0 0 4.4 1.768 1.93 1.687095737658364 0.1231403844612086 -47.78023430776764 0.4189896072944719 1.0
vehicle.trailer 0 0 0 0 0 0 0 16.44 4.088 3.187 -0.6317495378807253 53.00529253945125 -27.018996048824963 -2.947572137015741 1.0
vehicle.truck 0 0 0 0 0 0 0 10.477 3.998 2.437 -0.500054295031008 6.549545267666586 18.23489020178425 1.2994317674941307 1.0
human.pedestrian.adult 0 0 0 0 0 0 0 0.943 1.89 0.622 0.8643840753835758 -32.93897375591157 5.484723094728493 1.606235069335252 1.0
vehicle.car 0 0 0 0 0 0 0 4.887 2.192 2.263 0.7614490367028687 -104.26654018449915 9.47013370760325 1.0780771905610322 1.0
vehicle.trailer 0 0 0 0 0 0 0 6.496 3.873 2.531 1.115147192509978 23.721001928671335 -91.98855129000493 0.37134734943842806 1.0
vehicle.truck 0 0 0 0 0 0 0 5.687 3.2 2.367 0.32098527856030484 46.38080885730749 -36.86862884982578 1.5575289398546772 1.0
vehicle.car 0 0 0 0 0 0 0 4.618 1.745 1.961 1.1088693953765272 -18.75425586726123 0.14557902964536495 1.6111565918278288 1.0
vehicle.truck 0 0 0 0 0 0 0 9.917 3.854 3.452 -1.4966928974473999 56.66039706367951 15.572025621260602 2.0141493555065555 1.0
vehicle.car 0 0 0 0 0 0 0 4.789 1.767 2.016 0.1484776191351051 0.6191433078821439 40.968488750005484 2.0736798933888476 1.0
vehicle.car 0 0 0 0 0 0 0 4.52 1.586 2.097 0.7119147914103356 -5.687298108563194 28.802063670556723 2.0736798933888476 1.0
vehicle.car 0 0 0 0 0 0 0 4.407 1.713 1.99 0.5175237183497752 -18.382716696239097 34.17887945635469 1.1127003962864332 1.0
