vehicle.car 0 0 0 0 0 0 0 4.994 1.806 1.904 1.2312974505095755 36.1758499809893 -20.802712746599536 0.12341440443435081 1.0
movable_object.barrier 0 0 0 0 0 0 0 2.993 1.037 0.637 2.363157623687993 -56.78204221089813 -39.81275553429044 2.0180787992438587 1.0
vehicle.car 0 0 0 0 0 0 0 4.618 1.745 1.961 0.8021694517489835 -21.00638678156 1.9071217968851744 1.7021594472815034 1.0
movable_object.barrier 0 0 0 0 0 0 0 2.973 0.864 0.61 0.6410923134142129 26.235281161082284 10.999279744954269 3.1341227666303944 1.0
human.pedestrian.adult 0 0 0 0 0 0 0 1.069 1.774 0.764 0.5456109016014806 -14.154493670578915 5.1161273291391005 1.6274251936542399 1.0
vehicle.car 0 0 0 0 0 0 0 4.236 1.416 1.925 1.3528373759357621 -49.288643150079416 -10.581982836458755 0.6351760253084766 1.0
vehicle.trailer 0 0 0 0 0 0 0 14.65 4.103 3.106 -0.4317106326822918 -18.567823421294534 19.87522513795091 1.1136945773564548 1.0
vehicle.trailer 0 0 0 0 0 0 0 14.714 3.742 2.939 -0.417253191891669 -22.139753302699646 12.56417508308653 1.1280060010280506 1.0
vehicle.trailer 0 0 0 0 0 0 0 16.44 4.088 3.187 -0.6858183942442235 81.96702577783628 -28.012473906308497 -2.92632484038252 1.0
vehicle.truck 0 0 0 0 0 0 0 7.036 3.566 2.957 1.3833058875981354 30.962332875332727 -59.2691281998762 1.9678137057924783 1.0
vehicle.car 0 0 0 0 0 0 0 4.084 1.62 1.658 0.6897171060636911 -69.54931880552414 7.370844976801124 1.104287437867125 1.0
human.pedestrian.adult 0 0 0 0 0 0 0 0.696 1.647 0.716 0.5826127719828162 -14.092761186752126 5.834189277740176 1.7020721814380018 1.0
human.pedestrian.adult 0 0 0 0 0 0 0 0.943 1.89 0.622 0.5799102590822176 -8.1228357586885 5.332950731952358 1.6274251936542399 1.0
vehicle.car 0 0 0 0 0 0 0 4.52 1.586 2.097 0.334820547464519 23.97817649373327 27.976677488012918 2.0948901684598455 1.0
vehicle.truck 0 0 0 0 0 0 0 5.215 4.108 2.681 1.0867837975852856 62.91355134074958 -57.8701377691229 0.43324035652156967 1.0
movable_object.barrier 0 0 0 0 0 0 0 3.001 1.012 0.65 1.9744323120428213 -51.13123503518944 -28.107071620266236 2.0890957175105633 1.0
vehicle.car 0 0 0 0 0 0 0 3.917 1.626 1.89 -0.5617858419900226 -2.2187430579469516 48.801717799743244 1.1474136976485934 1.0
movable_object.barrier 0 0 0 0 0 0 0 3.013 1.038 0.653 2.4161118896694633 -62.30052652167955 -37.14767302949395 2.0180787992438587 1.0
vehicle.car 0 0 0 0 0 0 0 5.241 2.808 2.066 -0.24179770348233764 40.267260320927086 -1.1679564685720647 1.6113508778569976 1.0
vehicle.car 0 0 0 0 0 0 0 4.765 2.338 2.469 -1.5627813554919179 21.066604557236026 87.9379697845979 2.0586050398623588 1.0
vehicle.car 0 0 0 0 0 0 0 4.71 1.498 2.086 0.26127411623484187 25.10563040402381 30.58260143214947 2.0948901684598455 1.0
movable_object.barrier 0 0 0 0 0 0 0 2.975 1.014 0.642 2.1068083978285013 -59.45609753942859 -24.272133308190206 1.951265614242578 1.0
movable_object.barrier 0 0 0 0 0 0 0 2.995 0.996 0.58 2.1176957790873097 -62.3237655768398 -23.181350794515247 1.914564136626538 1.0
vehicle.truck 0 0 0 0 0 0 0 5.687 3.2 2.367 0.6722986426949153 75.99423796408531 -38.82527196443787 1.4664202098643226 1.0
vehicle.truck 0 0 0 0 0 0 0 10.768 3.95 2.578 -1.4905755266159064 39.439852629240065 12.327535203100567 1.1760016730367768 1.0
vehicle.car 0 0 0 0 0 0 0 3.395 1.534 1.812 -0.2631016096040548 -6.692181163690783 38.69599440933707 1.1322645234657482 1.0
vehicle.truck 0 0 0 0 0 0 0 6.835 3.308 2.75 0.8679933125499663 -54.907828650623074 -29.120966291456455 1.952489837275876 1.0
vehicle.car 0 0 0 0 0 0 0 4.887 2.192 2.263 0.06444666531874493 -73.84582069480523 10.281125786505916 1.0567456491407228 1.0
vehicle.car 0 0 0 0 0 0 0 4.407 1.713 1.99 0.15264286001761837 11.396297465546034 33.55184487655498 1.0913722601934275 1.0
vehicle.car 0 0 0 0 0 0 0 4.938 1.528 1.66 2.112230563586495 -29.834822746128 -32.13933962427841 1.88346262583888 1.0
vehicle.car 0 0 0 0 0 0 0 4.338 1.705 1.874 -0.47709347784925243 -5.8041032547842875 41.315041203122426 1.9942028782262549 1.0
vehicle.car 0 0 0 0 0 0 0 4.056 1.725 1.817 1.8872447603330316 18.978318327388557 -42.845299689835954 0.41460253779356826 1.0
movable_object.barrier 0 0 0 0 0 0 0 2.996 1.049 0.638 2.4022382728020335 -59.55474760093628 -38.498363460776 2.0180787992438587 1.0
vehicle.truck 0 0 0 0 0 0 0 9.94 3.814 3.464 -1.0663099585003988 83.77388110121434 9.004371623934889 2.0149721367775495 1.0
vehicle.construction 0 0 0 0 0 0 0 2.445 2.839 1.415 0.753405413756504 -30.462037839423942 -22.59004428698081 -2.6063903468718124 1.0
vehicle.truck 0 0 0 0 0 0 0 5.532 2.057 2.057 -0.0985876538794851 57.96022576153363 1.0806799625113028 1.5684336918953115 1.0
vehicle.truck 0 0 0 0 0 0 0 10.477 3.998 2.437 -1.4455761617411997 36.085513053233086 17.135984752175148 1.27811920526445 1.0
vehicle.trailer 0 0 0 0 0 0 0 15.788 4.172 3.334 1.1987411546579083 58.530561211109394 -67.81864399235432 0.42355494837501295 1.0
movable_object.barrier 0 0 0 0 0 0 0 2.996 1.004 0.616 2.073741543758724 -53.80248078707469 -26.662309075924853 2.041099518105729 1.0
vehicle.car 0 0 0 0 0 0 0 4.384 1.818 1.899 -0.05142261371828897 -11.230204483955822 27.897537420144893 1.0449998379179357 1.0
vehicle.trailer 0 0 0 0 0 0 0 8.517 3.763 2.696 1.2692257791436887 49.0245656659318 -60.80751122989901 -2.896008638861124 1.0
vehicle.car 0 0 0 0 0 0 0 4.281 1.804 1.781 1.8803189754354017 24.38603610842857 -45.874812098479836 0.4844079978739244 1.0
vehicle.car 0 0 0 0 0 0 0 4.275 1.47 1.773 1.4780621476938225 -46.82734131658319 -12.21212885475481 0.45784674789182533 1.0
vehicle.car 0 0 0 0 0 0 0 4.181 1.429 1.926 1.442347669015719 -44.85302855852197 -13.689235015248565 0.48999252799848225 1.0
movable_object.barrier 0 0 0 0 0 0 0 2.989 1.008 0.648 2.139039133404913 -56.60186662118881 -25.398104908653256 1.9669235947697983 1.0
vehicle.car 0 0 0 0 0 0 0 4.269 1.536 1.993 0.32576978245922494 5.571900027972192 36.01692815261448 2.0194401456930633 1.0
vehicle.car 0 0 0 0 0 0 0 4.321 1.643 2.048 1.356119854227278 -69.73294141247845 -19.427878595702424 1.1219672775899276 1.0
vehicle.truck 0 0 0 0 0 0 0 5.988 1.996 2.009 1.4720552757922531 25.60356344684692 -32.25253820856864 0.536763386856665 1.0
vehicle.car 0 0 0 0 0 0 0 4.123 1.648 2.044 -0.8098118126800463 -1.1920213893799558 51.571650602747425 1.1474136976485934 1.0
vehicle.truck 0 0 0 0 0 0 0 9.917 3.854 3.452 -1.4351922003565196 86.06981184672296 13.631254905742662 2.0353574279627438 1.0
movable_object.barrier 0 0 0 0 0 0 0 2.979 0.867 0.647 0.3616388501394021 26.236923845204707 7.902791885547574 3.1341227666303944 1.0
