vehicle.trailer 0 0 0 0 0 0 0 8.893 4.009 3.0 -0.4064886692343125 33.128521823844075 -10.45880219831974 -1.7032183992104342 1.0
vehicle.trailer 0 0 0 0 0 0 0 16.956 4.594 3.039 -1.1426365748170368 39.89696687618428 -0.5960497004335213 -1.2299126692885842 1.0
vehicle.truck 0 0 0 0 0 0 0 5.106 3.943 3.108 -0.4800250971295593 29.380845576437377 3.1092648393388 -1.2288480310131948 1.0
vehicle.truck 0 0 0 0 0 0 0 6.07 2.231 2.197 1.1012449645216338 -29.255205120495372 -6.802551273707676 -0.10128236366301735 1.0
vehicle.trailer 0 0 0 0 0 0 0 11.409 4.279 2.845 -0.4676637678430314 -40.684788543302666 -83.33586138878519 -2.7319509902561094 1.0
vehicle.car 0 0 0 0 0 0 0 5.237 2.0 2.219 0.4112127503930587 20.692009765482165 -36.21200794460605 -1.1858610954331503 1.0
vehicle.construction 0 0 0 0 0 0 0 2.967 2.554 1.438 0.8061031205323289 -35.465188462858166 -12.681405684177783 -0.00665706926331211 1.0
movable_object.trafficcone 0 0 0 0 0 0 0 0.329 0.761 0.436 1.1165680921115295 25.221855104385867 -7.005379911785825 -2.973957372797603 1.0
vehicle.truck 0 0 0 0 0 0 0 12.536 4.552 3.43 -0.12312989252700503 -38.75609341304816 19.38055627413439 -0.3627367617511865 1.0
vehicle.construction 0 0 0 0 0 0 0 5.029 1.958 2.14 1.1579391732711386 -23.494647107209705 -4.714727013319688 -0.22641789569027893 1.0
vehicle.trailer 0 0 0 0 0 0 0 14.12 4.075 2.822 -2.250815729710075 84.17933410034553 -14.347094060234022 -1.1665056409814518 1.0
vehicle.trailer 0 0 0 0 0 0 0 18.353 4.744 2.835 0.43882798124557615 -2.0087369139724425 25.533928250371684 -1.462370708430945 1.0
vehicle.trailer 0 0 0 0 0 0 0 13.369 4.256 3.802 -0.34563087160485584 43.339464547144125 27.02571327180423 -2.2174651129227128 1.0
vehicle.truck 0 0 0 0 0 0 0 12.186 4.624 2.929 -1.3445810573655907 -42.964041811840595 -28.980705178861395 -2.929661091843398 1.0
vehicle.trailer 0 0 0 0 0 0 0 14.705 3.94 2.836 -0.13108030348442895 36.34908537295076 32.64577920155299 -2.3106477951230158 1.0
vehicle.car 0 0 0 0 0 0 0 4.847 1.787 2.155 0.49972182229346335 18.383464806238916 -41.87578674637291 -1.2556734305645136 1.0
vehicle.trailer 0 0 0 0 0 0 0 14.243 4.053 2.751 -0.05109751979143508 32.03254446551139 33.15482767538975 -2.3306666281554547 1.0
vehicle.trailer 0 0 0 0 0 0 0 11.606 4.108 3.083 -0.7742071051278631 -33.58600882764542 -86.05277116478817 -2.748950427666207 1.0
vehicle.trailer 0 0 0 0 0 0 0 18.264 4.13 2.788 0.521135097598744 -1.9658777325987826 28.659430710644287 -1.4449699305022454 1.0
vehicle.truck 0 0 0 0 0 0 0 11.967 4.218 2.801 -0.7514365966319467 -38.592051923698484 -26.201229496887773 -2.863687909123067 1.0
vehicle.truck 0 0 0 0 0 0 0 6.187 3.331 2.716 0.27459484805435935 8.794743260261377 13.054470225164817 3.1385004988608776 1.0
vehicle.trailer 0 0 0 0 0 0 0 18.371 4.373 2.899 -0.013632183585431362 -2.512126178160554 22.199170530845304 -1.4633131779770245 1.0
vehicle.trailer 0 0 0 0 0 0 0 19.018 4.508 2.47 0.24161596725160642 -0.2227116294538792 34.93640760980644 -1.4100636652760734 1.0
vehicle.construction 0 0 0 0 0 0 0 2.479 2.676 1.564 -0.05223269183910714 -54.685000307579834 -20.329604575858227 -0.6768361275086647 1.0
vehicle.trailer 0 0 0 0 0 0 0 18.38 4.506 2.541 0.39720775741090086 -1.6092656571387038 31.733353423073662 -1.4275167962779083 1.0
vehicle.trailer 0 0 0 0 0 0 0 13.702 4.737 3.137 0.023394755070196303 25.19717789812698 35.53167301963715 -0.8636728329813934 1.0
vehicle.truck 0 0 0 0 0 0 0 3.624 4.006 3.337 -1.7982158167040008 73.66871797417267 -10.617741305802715 -1.1141464693831011 1.0
vehicle.truck 0 0 0 0 0 0 0 4.008 4.352 2.888 0.1534927845279062 37.774758645882905 22.554266882954348 -2.274882020178424 1.0
vehicle.trailer 0 0 0 0 0 0 0 18.981 4.37 2.453 0.2672811656833294 0.1854668982613688 37.81178316564286 -1.3751574134452973 1.0
vehicle.truck 0 0 0 0 0 0 0 6.909 3.698 2.936 -0.749086995994821 33.05414494307453 -28.74148913066389 -0.3049571915226359 1.0
vehicle.truck 0 0 0 0 0 0 0 10.1 3.86 3.252 -0.8863942565748355 51.20342463858643 -28.157296311234088 -1.213262426964853 1.0
vehicle.truck 0 0 0 0 0 0 0 6.386 3.439 2.658 0.4595179661844175 -17.25367568385492 2.252006619478327 3.1261087098051377 1.0
vehicle.trailer 0 0 0 0 0 0 0 18.731 4.234 3.099 -0.0780442899175735 -2.041467759802308 18.989392075283874 -1.4633131779770245 1.0
vehicle.truck 0 0 0 0 0 0 0 6.175 2.0 2.273 0.6247860295276619 7.239256550814904 -36.164516895997565 -1.2526889515495867 1.0
vehicle.trailer 0 0 0 0 0 0 0 13.766 3.902 4.116 -1.5045342937574775 60.42880443678248 -4.199688198706005 -1.2508563768458778 1.0
vehicle.construction 0 0 0 0 0 0 0 6.787 3.595 2.868 0.5371610398735627 -3.2793940006429754 11.466255693133375 -2.1035655009714755 1.0
vehicle.car 0 0 0 0 0 0 0 4.736 2.0 2.269 0.8171415869587013 -5.342663375513993 -26.65987822285623 -1.5139447462399005 1.0
vehicle.truck 0 0 0 0 0 0 0 11.481 3.747 3.64 -0.9769024602557435 30.37499753901339 -38.64079796015076 -0.3049571915226359 1.0
vehicle.car 0 0 0 0 0 0 0 5.274 1.88 2.479 0.5075327145795567 23.505537890792077 -31.887421149016234 -1.222058780820646 1.0
human.pedestrian.adult 0 0 0 0 0 0 0 1.262 1.67 0.516 -0.25174440713196156 -37.416837097020704 -20.719983121572316 -0.029193598977077073 1.0
