vehicle.truck 0 0 0 0 0 0 0 11.967 4.218 2.801 -0.3091702520179808 -60.09106491603338 -37.593396044980324 -3.045348379997286 1.0
vehicle.car 0 0 0 0 0 0 0 5.274 1.88 2.479 0.6411764099502012 1.589476121299834 -32.21999818478473 -1.4037195177370734 1.0
vehicle.truck 0 0 0 0 0 0 0 6.07 2.231 2.197 0.42385893842798594 -54.696508560405974 -16.69221500342388 -0.28285269493359166 1.0
vehicle.truck 0 0 0 0 0 0 0 12.186 4.624 2.929 -0.8594552561476169 -64.01318004173903 -40.94140804539777 -3.1113215236294494 1.0
vehicle.truck 0 0 0 0 0 0 0 6.909 3.698 2.936 -0.47530094132524403 10.644616203625466 -27.2218679930485 -0.10596429573153898 1.0
vehicle.construction 0 0 0 0 0 0 0 5.029 1.958 2.14 0.9986163695621443 -17.470325133394145 -1.8101770934525292 -1.3886021987746027 1.0
vehicle.trailer 0 0 0 0 0 0 0 13.702 4.737 3.137 -0.061034945019118825 -8.732347497434814 34.737866628817834 -0.6820204414501774 1.0
vehicle.truck 0 0 0 0 0 0 0 6.187 3.331 2.716 0.20324461770593918 -20.691635564968664 9.809708830246446 2.9568402055627523 1.0
vehicle.trailer 0 0 0 0 0 0 0 18.731 4.234 3.099 -0.4963011425365017 -32.657680719372514 13.642322702278685 -1.6449740537962096 1.0
vehicle.trailer 0 0 0 0 0 0 0 19.018 4.508 2.47 0.04882634358794255 -33.74139970913974 29.36262124190848 -1.591724523355361 1.0
vehicle.trailer 0 0 0 0 0 0 0 18.981 4.37 2.453 -0.021159691118882135 -33.8654330011442 32.560284247514346 -1.5568182565475608 1.0
vehicle.truck 0 0 0 0 0 0 0 6.386 3.439 2.658 0.09510895803109262 -29.443713822563375 -70.46534723857246 2.8746355786442583 1.0
vehicle.trailer 0 0 0 0 0 0 0 18.353 4.744 2.835 -0.1035320782428633 -33.93089165191723 20.07816968487398 -1.6440315839852975 1.0
vehicle.trailer 0 0 0 0 0 0 0 16.956 4.594 3.039 -0.7180078352152401 12.157725243507606 1.9492768833030076 -1.4115734135970044 1.0
vehicle.car 0 0 0 0 0 0 0 5.237 2.0 2.219 0.49578891269708325 -0.32244077171526925 -36.53872233317007 -1.3675217949400356 1.0
vehicle.trailer 0 0 0 0 0 0 0 18.38 4.506 2.541 0.025323289402328197 -33.85340660403764 26.284062478146 -1.6091776608161616 1.0
vehicle.trailer 0 0 0 0 0 0 0 18.371 4.373 2.899 -0.23938378633899032 -33.1846280806188 16.75380899512322 -1.6449740537962096 1.0
vehicle.construction 0 0 0 0 0 0 0 6.787 3.595 2.868 0.15605799036551407 -32.53032075703403 6.36598681106846 -2.2852263187515023 1.0
vehicle.truck 0 0 0 0 0 0 0 3.624 4.006 3.337 -0.7607469795916756 46.7359777254583 -1.2473638002904566 -1.295807076151318 1.0
vehicle.trailer 0 0 0 0 0 0 0 14.243 4.053 2.751 0.40127040542708786 -1.2947619191679745 33.67332516466308 -2.494874158941821 1.0
vehicle.truck 0 0 0 0 0 0 0 5.106 3.943 3.108 -0.8430839270768309 1.4273463408905194 3.8346682425478855 -1.4105087743339944 1.0
vehicle.trailer 0 0 0 0 0 0 0 18.264 4.13 2.788 -0.08478209277394064 -34.20085381330306 23.176094614478494 -1.6266308008596928 1.0
vehicle.truck 0 0 0 0 0 0 0 11.481 3.747 3.64 -0.3483952218164952 9.858065059434702 -36.45477491535234 -0.140828004720575 1.0
movable_object.trafficcone 0 0 0 0 0 0 0 0.329 0.761 0.436 1.536279682034358 -0.9029940376136669 -6.729148990628417 3.127567529699548 1.0
vehicle.truck 0 0 0 0 0 0 0 6.175 2.0 2.273 0.568588356839245 -13.484217795263495 -38.932460377178195 -1.4343497159412664 1.0
vehicle.trailer 0 0 0 0 0 0 0 18.574 4.102 2.728 -0.01407457922066685 -32.99265497119934 35.58782604105497 -1.5497497389205899 1.0
vehicle.car 0 0 0 0 0 0 0 4.736 2.0 2.269 0.7347278799685362 -27.31504008911324 -31.90238873210921 -1.6956056339328125 1.0
vehicle.trailer 0 0 0 0 0 0 0 8.893 4.009 3.0 -0.06006497921943294 7.487475426975696 -9.014414595821643 -1.5215600038330512 1.0
vehicle.trailer 0 0 0 0 0 0 0 14.12 4.075 2.822 -0.78970355331957 57.37456870789524 -3.4479581348393333 -1.3850117349758193 1.0
