vehicle.truck 0 0 0 0 0 0 0 5.687 3.2 2.367 1.075424026740317 61.249202756640884 -36.466328114932786 1.566632035104715 1.0
vehicle.trailer 0 0 0 0 0 0 0 6.496 3.873 2.531 1.320034045088013 38.978174602202124 -91.8119154447564 0.3618841680291154 1.0
vehicle.car 0 0 0 0 0 0 0 4.618 1.745 1.961 0.7370067244183329 -19.72509879916299 0.23073277935740463 1.615903600099367 1.0
vehicle.car 0 0 0 0 0 0 0 4.975 1.853 1.996 0.2266155704912138 4.654456771052075 53.95568519505327 1.9352095411369161 1.0
vehicle.truck 0 0 0 0 0 0 0 9.94 3.814 3.464 0.0029818598114577655 68.36861384259076 11.506729652816803 1.984567178229101 1.0
vehicle.car 0 0 0 0 0 0 0 4.281 1.804 1.781 1.6263329906288169 10.665743743493499 -44.97715260958431 0.4539939393383037 1.0
movable_object.barrier 0 0 0 0 0 0 0 2.973 0.864 0.61 1.0176737433602954 10.84761309194009 11.882196062914609 3.1037197986492764 1.0
vehicle.car 0 0 0 0 0 0 0 4.084 1.62 1.658 -0.3659958097640739 -84.89330479443807 5.201810606851067 1.1346848265597398 1.0
human.pedestrian.adult 0 0 0 0 0 0 0 0.696 1.647 0.716 0.32406221227200144 -27.091787359038435 5.442139738297616 1.6082532962540323 1.0
vehicle.car 0 0 0 0 0 0 0 4.056 1.725 1.817 1.498583421440016 5.133037102673446 -42.07048883917747 0.384186989862505 1.0
vehicle.car 0 0 0 0 0 0 0 4.269 1.536 1.993 0.39421051438710086 -10.31819942925541 36.27672220956756 1.9890351968074498 1.0
vehicle.construction 0 0 0 0 0 0 0 2.445 2.839 1.415 -0.06531564219560598 -44.915376562266786 -23.55871652149263 -2.63679240425032 1.0
vehicle.truck 0 0 0 0 0 0 0 7.227 3.774 2.461 0.6710636750015357 6.870467670211247 -50.76273763291528 1.990501265542414 1.0
vehicle.car 0 0 0 0 0 0 0 5.241 2.808 2.066 0.29658718981183696 42.71925070278486 -0.6930896668519382 1.5983980760832779 1.0
vehicle.car 0 0 0 0 0 0 0 4.765 2.338 2.469 -1.0374112655759558 3.8349325612240066 88.23918096528088 2.0282001746381297 1.0
vehicle.truck 0 0 0 0 0 0 0 7.036 3.566 2.957 0.9435285349162761 17.485139505694196 -58.625953051884686 1.937408643695699 1.0
vehicle.trailer 0 0 0 0 0 0 0 14.714 3.742 2.939 -0.8192982213880162 -37.69692769363574 11.854866256888219 1.158403542199661 1.0
vehicle.trailer 0 0 0 0 0 0 0 16.44 4.088 3.187 0.10256079181179495 67.53494742005202 -26.087684843651004 -2.956727444236174 1.0
vehicle.truck 0 0 0 0 0 0 0 5.532 2.057 2.057 0.6692980077303126 42.7131272658545 2.81758692744236 1.5380276019462151 1.0
vehicle.truck 0 0 0 0 0 0 0 10.477 3.998 2.437 -0.3919923457702279 20.686488621575652 18.1019494205242 1.3085175872134869 1.0
vehicle.car 0 0 0 0 0 0 0 4.407 1.713 1.99 0.32115954798887614 -4.5765420861529575 33.918765782763465 1.1217695631969269 1.0
human.pedestrian.adult 0 0 0 0 0 0 0 0.943 1.89 0.622 0.4143343494301381 -20.992859259183014 5.039492282018036 1.5970192768188394 1.0
vehicle.car 0 0 0 0 0 0 0 4.52 1.586 2.097 0.932384689330637 8.132273801958524 28.54398685254918 2.0644853791546094 1.0
vehicle.car 0 0 0 0 0 0 0 3.917 1.626 1.89 0.001463005596076511 -18.477911221601786 48.506741868594155 1.1778113591203114 1.0
vehicle.trailer 0 0 0 0 0 0 0 15.788 4.172 3.334 0.9301269817662561 45.266977319706974 -66.12061228858549 0.39313960944940085 1.0
vehicle.car 0 0 0 0 0 0 0 4.36 1.664 1.936 0.37671943147469417 -3.5120661647684543 36.13551297451531 1.0639301723169199 1.0
vehicle.truck 0 0 0 0 0 0 0 5.215 4.108 2.681 0.9359979578399061 49.382319194590444 -56.19625755971412 0.4028252374070198 1.0
vehicle.truck 0 0 0 0 0 0 0 10.768 3.95 2.578 -0.6308943114595597 23.97558491513557 13.448021141910589 1.2063995048634926 1.0
vehicle.truck 0 0 0 0 0 0 0 6.835 3.308 2.75 -0.41694480975762227 -69.06804824948193 -30.60301373967683 1.9220847408940038 1.0
vehicle.car 0 0 0 0 0 0 0 4.384 1.818 1.899 0.16153969118290354 -27.17706952703896 27.636955064899283 1.0753968164833223 1.0
vehicle.car 0 0 0 0 0 0 0 4.887 2.192 2.263 -0.8659089498421184 -89.26473910052 8.018054019623996 1.0871427124827004 1.0
vehicle.trailer 0 0 0 0 0 0 0 8.517 3.763 2.696 1.0851440687419862 35.54925045388586 -59.318107436397135 -2.9264111924506437 1.0
vehicle.car 0 0 0 0 0 0 0 4.789 1.767 2.016 0.39069713137232187 14.274563658240055 40.93245430865415 2.0644853791546094 1.0
vehicle.trailer 0 0 0 0 0 0 0 14.65 4.103 3.106 -0.7665039183634208 -34.307865975642315 19.253548533699433 1.1440920272658524 1.0
vehicle.truck 0 0 0 0 0 0 0 9.932 3.967 3.421 -0.36573763818767707 72.76069529564454 20.93464689054956 2.0049525133009913 1.0
vehicle.car 0 0 0 0 0 0 0 4.243 1.52 2.041 0.46526317285545493 -2.5769776106009865 38.84519827021422 1.0639301723169199 1.0
vehicle.car 0 0 0 0 0 0 0 4.994 1.806 1.904 1.2764871412093834 21.505989490193077 -19.65676649418685 0.0581918460229538 1.0
vehicle.car 0 0 0 0 0 0 0 4.338 1.705 1.874 -0.014771114500696375 -22.199004029492873 41.002122306723884 1.963797874429937 1.0
vehicle.car 0 0 0 0 0 0 0 4.218 1.721 2.062 0.3332619120266655 -0.23372069882353613 43.75708423311556 2.077679999993439 1.0
vehicle.car 0 0 0 0 0 0 0 4.321 1.643 2.048 0.001142375453599076 -84.26768806581377 -21.592830802614046 1.1523647805238282 1.0
vehicle.truck 0 0 0 0 0 0 0 10.981 4.027 2.946 0.7817219274409912 7.6009641107052595 -54.62607850599312 1.937408643695699 1.0
vehicle.truck 0 0 0 0 0 0 0 9.917 3.854 3.452 -0.5506750034077745 70.62976877308735 16.120973519161826 2.0049525133009913 1.0
vehicle.car 0 0 0 0 0 0 0 4.093 1.508 1.994 0.6505004833942715 2.5441539233148007 48.88060199657814 2.077679999993439 1.0
human.pedestrian.adult 0 0 0 0 0 0 0 1.069 1.774 0.764 0.27379258278868457 -27.15785450056485 4.794968897512731 1.5970192768188394 1.0
vehicle.construction 0 0 0 0 0 0 0 6.49 2.985 2.479 0.8775136537389625 59.05856350092553 -23.604088918914957 0.41647115915048794 1.0
vehicle.truck 0 0 0 0 0 0 0 5.988 1.996 2.009 1.353470173322009 11.367735586838663 -31.506853008803034 0.46271993807223044 1.0
vehicle.car 0 0 0 0 0 0 0 3.395 1.534 1.812 0.15293598688598756 -23.070382727780412 38.72645724078934 1.162662091369361 1.0
movable_object.barrier 0 0 0 0 0 0 0 2.979 0.867 0.647 1.0023288761036122 10.945547984127662 8.812753232050913 3.1037197986492764 1.0
