human.pedestrian.adult 0 0 0 0 0 0 0 0.637 1.821 0.532 0.24097564306839195 50.00730415946347 7.942598680945432 1.5084956720418106 1.0
human.pedestrian.adult 0 0 0 0 0 0 0 0.709 1.869 0.796 0.551209067488503 -20.565923034623573 4.810149697461951 -1.5467287645523662 1.0
vehicle.car 0 0 0 0 0 0 0 4.578 1.699 2.113 0.8836137644155112 -7.7338654412500425 -8.163558756091554 -1.5399785342160834 1.0
vehicle.car 0 0 0 0 0 0 0 4.681 1.815 1.844 0.4914981824954568 36.584239105344984 4.57912592051764 1.632089880704295 1.0
vehicle.bicycle 0 0 0 0 0 0 0 1.705 1.175 0.538 1.4713152532203364 13.078399020004074 15.336491136512498 1.3504710158997764 1.0
vehicle.car 0 0 0 0 0 0 0 4.434 1.849 1.808 0.6904212864430631 26.853567631219263 7.043320973948651 0.1348486150004793 1.0
vehicle.car 0 0 0 0 0 0 0 4.373 1.479 1.917 1.4021946806183179 10.407922030501624 15.032896019652704 -3.121548253290104 1.0
human.pedestrian.adult 0 0 0 0 0 0 0 1.004 1.835 0.749 -0.27711037625369694 101.7644939563975 0.28112831288072315 -3.10932562485017 1.0
vehicle.car 0 0 0 0 0 0 0 4.589 2.066 2.279 0.8808147404814849 -23.056125880225547 8.248053693807249 0.03970820022259769 1.0
vehicle.car 0 0 0 0 0 0 0 4.392 1.728 1.81 0.8468454244761197 -26.499352129035067 -7.617720446936098 -1.5394026236145146 1.0
vehicle.car 0 0 0 0 0 0 0 4.609 1.542 1.772 0.9902066475993773 -19.465406362176523 -8.027501496519049 -1.5748822591624707 1.0
vehicle.car 0 0 0 0 0 0 0 4.755 1.57 1.86 0.9423128434223049 19.56245851458615 -7.811357228317197 -1.5743063468902827 1.0
vehicle.car 0 0 0 0 0 0 0 4.497 1.635 2.172 0.798158566916806 -47.46380878823628 8.248191426460158 -3.1109196278131774 1.0
vehicle.car 0 0 0 0 0 0 0 4.575 1.496 1.892 1.047095801902543 4.091765574390005 7.96781241022139 0.02540762038728861 1.0
vehicle.car 0 0 0 0 0 0 0 4.664 1.96 2.136 0.9313472500355788 -17.576233015365357 8.620073391043896 0.03970820022259769 1.0
vehicle.car 0 0 0 0 0 0 0 4.573 1.786 2.07 1.3656662048462809 32.709798139859565 32.763091920242864 -0.021126791757300367 1.0
movable_object.pushable_pullable 0 0 0 0 0 0 0 2.112 0.901 0.843 1.3656461354046567 10.980992357644533 11.307316117947325 -1.5686170331502023 1.0
vehicle.car 0 0 0 0 0 0 0 4.349 1.638 1.884 0.9899722003135474 1.5456127772057726 8.151303084460967 -3.1236425637430676 1.0
vehicle.car 0 0 0 0 0 0 0 4.873 1.844 2.104 1.3375719829276953 -1.0722154341935817 20.823508569171516 0.039723762070702495 1.0
vehicle.car 0 0 0 0 0 0 0 5.188 1.872 2.005 0.8630951679128737 8.052432733563231 -8.009975153172272 -1.5923341587076791 1.0
vehicle.car 0 0 0 0 0 0 0 4.675 1.819 2.097 0.9696237772174687 -14.668842221424097 8.303368988212997 -3.1061899767320886 1.0
vehicle.car 0 0 0 0 0 0 0 4.317 1.83 1.949 0.8864268768137658 -24.31990798598362 0.08713889869447493 1.5807928411171117 1.0
vehicle.car 0 0 0 0 0 0 0 4.251 1.811 1.958 0.9476684516414792 -20.4551299037614 8.290966532469325 -3.1061899767320886 1.0
vehicle.car 0 0 0 0 0 0 0 4.749 1.516 1.76 0.9165699139880176 -33.277052059469916 -7.658293203139377 -1.5394026236145146 1.0
vehicle.car 0 0 0 0 0 0 0 4.222 1.446 1.852 1.7598459395193513 62.87925128403938 27.079906517855957 -0.021126791757300367 1.0
vehicle.car 0 0 0 0 0 0 0 4.202 1.564 1.823 1.6857352820636815 65.74981203557502 26.90484486530075 -0.021126791757300367 1.0
vehicle.car 0 0 0 0 0 0 0 4.639 1.697 1.982 0.8882291582313189 54.35727037206892 14.313467918051193 -3.1158063521015107 1.0
vehicle.car 0 0 0 0 0 0 0 4.806 1.801 1.822 0.9233715443922429 -0.7682988608001823 -7.650998972015845 -1.6097860818449874 1.0
vehicle.truck 0 0 0 0 0 0 0 6.459 2.305 2.521 1.034326458940746 4.850423264037102 18.915540277400922 3.09763841715756 1.0
movable_object.trafficcone 0 0 0 0 0 0 0 0.261 0.552 0.28 1.7172158502289585 -4.929467465912069 11.409785326063856 3.131915298019365 1.0
vehicle.car 0 0 0 0 0 0 0 4.902 2.0 2.057 1.3342299438812595 -12.213587386370433 20.59110836688544 0.10172144256564675 1.0
vehicle.car 0 0 0 0 0 0 0 4.275 1.528 1.963 1.1557416280751736 -12.020831697060489 8.085592937069675 -3.1061899767320886 1.0
vehicle.car 0 0 0 0 0 0 0 4.413 1.622 1.722 1.5145982992821532 -9.271741014886697 20.801351518873414 0.03597815804394733 1.0
vehicle.car 0 0 0 0 0 0 0 4.612 1.677 1.96 1.5918554997112337 -20.30502623456589 21.31473011814577 0.06405411677035922 1.0
vehicle.truck 0 0 0 0 0 0 0 5.989 1.972 2.225 0.7920419874365698 -1.2702793953816214 8.968787581678884 0.033573706479646415 1.0
vehicle.car 0 0 0 0 0 0 0 4.594 1.744 2.021 0.9092026111785336 -39.43630147847882 8.28764534927218 -3.093467040950512 1.0
vehicle.car 0 0 0 0 0 0 0 4.526 1.632 1.944 1.0766776461975074 -6.610427470689121 7.836089442036249 -3.1061899767320886 1.0
vehicle.car 0 0 0 0 0 0 0 4.778 1.579 1.924 1.5955299223923598 7.842370717102591 20.611889920223437 -3.134777314315855 1.0
vehicle.car 0 0 0 0 0 0 0 5.606 2.988 2.449 1.017402658999354 -30.87332374763733 20.017650086302954 0.021026745338056596 1.0
vehicle.car 0 0 0 0 0 0 0 4.504 1.77 2.143 1.5354892530180426 -17.643331382339905 20.61723935844557 0.06438921670828801 1.0
vehicle.bicycle 0 0 0 0 0 0 0 1.755 1.11 0.309 1.4164421888852077 13.299157774195372 17.398993626028144 -1.5686170331502023 1.0
vehicle.car 0 0 0 0 0 0 0 3.814 1.531 1.897 0.09911236691317532 64.55077197769646 -12.9818896671816 -3.066275911227377 1.0
vehicle.car 0 0 0 0 0 0 0 4.16 1.826 1.942 1.2943603348254225 -3.6968623073917053 19.724742195241326 0.07172749774829468 1.0
