vehicle.truck 0 0 0 0 0 0 0 12.536 4.552 3.43 0.13828459639299057 -46.20884656966981 20.489789424765487 -0.38617949608692115 1.0
vehicle.construction 0 0 0 0 0 0 0 5.029 1.958 2.14 1.185846391990171 -29.60514327515209 -0.4862403519111511 -1.0003124823913438 1.0
vehicle.trailer 0 0 0 0 0 0 0 14.12 4.075 2.822 -2.4883162914239056 75.98935063936898 -16.232235255757903 -1.163397567423008 1.0
vehicle.trailer 0 0 0 0 0 0 0 18.371 4.373 2.899 -0.05720250603886118 -9.939027532278962 22.380889048716025 -1.4398445256222354 1.0
vehicle.trailer 0 0 0 0 0 0 0 19.018 4.508 2.47 0.07987243292301227 -7.350470288159627 35.06086384581336 -1.3865947891894628 1.0
vehicle.construction 0 0 0 0 0 0 0 2.479 2.676 1.564 0.38488888040319036 -63.09643040632574 -18.9109440771254 -0.6533613362426394 1.0
vehicle.trailer 0 0 0 0 0 0 0 18.38 4.506 2.541 0.34203485688045954 -8.76495562435159 31.88421181936122 -1.404047994991254 1.0
vehicle.trailer 0 0 0 0 0 0 0 11.606 4.108 3.083 -0.9571468148788921 -43.583563744641516 -85.09034721613779 -2.7217451651193674 1.0
vehicle.trailer 0 0 0 0 0 0 0 18.264 4.13 2.788 0.46974074352748535 -9.24011023925318 28.827063916747917 -1.4215012025643574 1.0
vehicle.truck 0 0 0 0 0 0 0 11.481 3.747 3.64 -1.3841472201815863 21.735694519351693 -38.55616206698497 -0.32839542193836735 1.0
human.pedestrian.adult 0 0 0 0 0 0 0 1.262 1.67 0.516 -0.17242567194144373 -45.85089015117917 -19.706626675822537 -0.0522723042405282 1.0
vehicle.trailer 0 0 0 0 0 0 0 8.893 4.009 3.0 -0.4676309144016856 24.924375952394534 -11.104789904927106 -1.7266796132532036 1.0
vehicle.trailer 0 0 0 0 0 0 0 16.956 4.594 3.039 -1.0652102649401074 31.91346653451319 -1.4012665883812088 -1.2064429213910515 1.0
vehicle.truck 0 0 0 0 0 0 0 5.106 3.943 3.108 -0.7566816262957528 21.438748713337787 2.5526299259304173 -1.2053782773356083 1.0
vehicle.truck 0 0 0 0 0 0 0 6.07 2.231 2.197 1.2778915092635394 -37.35306169626718 -5.983800705025206 -0.07776821463421868 1.0
vehicle.trailer 0 0 0 0 0 0 0 11.409 4.279 2.845 -0.6230514160023644 -50.569200284198494 -82.23550581920263 -2.7241936074787745 1.0
vehicle.trailer 0 0 0 0 0 0 0 13.702 4.737 3.137 -0.09662160113386598 18.07551627876188 35.05946575094109 -0.8871290074691274 1.0
vehicle.truck 0 0 0 0 0 0 0 3.624 4.006 3.337 -1.9847033102786251 65.38516909841938 -12.082373834962556 -1.0906760383635614 1.0
vehicle.trailer 0 0 0 0 0 0 0 18.731 4.234 3.099 -0.322409600168687 -9.543348769513265 19.160347089057787 -1.4398445256222354 1.0
vehicle.truck 0 0 0 0 0 0 0 4.008 4.352 2.888 0.17954372796120005 30.463765099201392 21.785375994054352 -2.251415759751861 1.0
vehicle.truck 0 0 0 0 0 0 0 6.175 2.0 2.273 0.21851497048133686 -1.5706694282062115 -36.190778705541575 -1.2292193253187769 1.0
vehicle.construction 0 0 0 0 0 0 0 6.787 3.595 2.868 0.6312376966212361 -10.975385867939428 11.65936371472225 -2.080098838756304 1.0
vehicle.trailer 0 0 0 0 0 0 0 13.766 3.902 4.116 -2.0824628436418653 52.300954991051526 -5.379794535454655 -1.2378586522068282 1.0
vehicle.car 0 0 0 0 0 0 0 4.736 2.0 2.269 0.6201012041445763 -13.814343919356734 -26.405831978467365 -1.4904762949640773 1.0
vehicle.trailer 0 0 0 0 0 0 0 18.981 4.37 2.453 0.20168067151729485 -6.875178273459641 37.926158464831246 -1.3516883831818447 1.0
vehicle.car 0 0 0 0 0 0 0 5.274 1.88 2.479 -0.06434521319001224 14.6461162962099 -32.70737952013849 -1.1985889900832412 1.0
vehicle.truck 0 0 0 0 0 0 0 6.909 3.698 2.936 -0.8211984306411952 24.591543100660857 -29.27169721751795 -0.32839542193836735 1.0
vehicle.truck 0 0 0 0 0 0 0 12.186 4.624 2.929 -0.8252300744486296 -51.585001743052594 -27.835707168966202 -2.906196158224061 1.0
vehicle.truck 0 0 0 0 0 0 0 10.1 3.86 3.252 -1.3005007117844036 42.57885110893127 -29.223927573365906 -1.1897925876900892 1.0
vehicle.truck 0 0 0 0 0 0 0 6.386 3.439 2.658 0.16011082368158575 -24.731907531480392 -11.891929587135289 3.0972134457587357 1.0
vehicle.trailer 0 0 0 0 0 0 0 14.705 3.94 2.836 0.07706139570451137 29.374617802432063 31.9699374739373 -2.287181614534396 1.0
vehicle.car 0 0 0 0 0 0 0 4.847 1.787 2.155 0.05304506182504637 9.449645159433643 -42.1673972393599 -1.2322038200006666 1.0
vehicle.trailer 0 0 0 0 0 0 0 18.574 4.102 2.728 0.2972178370563697 -5.04505032987384 40.56673006206308 -1.344619836946368 1.0
vehicle.trailer 0 0 0 0 0 0 0 18.353 4.744 2.835 -0.05928022284696513 -9.35511682760929 25.70214994964876 -1.4389020522294382 1.0
vehicle.trailer 0 0 0 0 0 0 0 13.369 4.256 3.802 0.1477888746007024 36.295705506300735 25.734315562765428 -2.193998721603103 1.0
vehicle.trailer 0 0 0 0 0 0 0 14.243 4.053 2.751 0.1169190557698713 25.100471547235497 32.38771391669539 -2.2897472421885077 1.0
vehicle.truck 0 0 0 0 0 0 0 11.967 4.218 2.801 -0.6637667508347387 -47.15816515279257 -25.19900157329161 -2.840222850278007 1.0
vehicle.car 0 0 0 0 0 0 0 5.237 2.0 2.219 -0.07547208251196619 11.890338961843364 -36.55952080469323 -1.1623911010517745 1.0
vehicle.truck 0 0 0 0 0 0 0 6.187 3.331 2.716 0.21496795507947816 1.238517738777772 12.970547984037612 -3.1212202789404646 1.0
vehicle.construction 0 0 0 0 0 0 0 2.967 2.554 1.438 0.5953603295413866 -43.720244907544185 -11.564335996799734 -0.02735847085931198 1.0
movable_object.trafficcone 0 0 0 0 0 0 0 0.329 0.761 0.436 1.0406936214326297 17.12802817816181 -7.384055773359176 -2.950492522809977 1.0
