vehicle.truck 0 0 0 0 0 0 0 7.227 3.774 2.461 0.8708669290716351 -13.792061161113239 -50.70840920628585 1.987528518318582 1.0
vehicle.truck 0 0 0 0 0 0 0 5.215 4.108 2.681 0.6606069046758494 28.776739976462316 -56.35544811457101 0.4000035243001223 1.0
vehicle.truck 0 0 0 0 0 0 0 5.532 2.057 2.057 0.4746613071164041 21.968576938994175 2.9755276256778362 1.5350684294333758 1.0
vehicle.car 0 0 0 0 0 0 0 3.395 1.534 1.812 0.4966511538656048 -43.64167494851257 38.86146227568443 1.1308070717477499 1.0
vehicle.car 0 0 0 0 0 0 0 4.281 1.804 1.781 1.7128807356714204 -9.866867910044185 -44.964545986182394 0.45115189870762906 1.0
vehicle.construction 0 0 0 0 0 0 0 6.49 2.985 2.479 0.42577370681600957 38.42084901527803 -23.44044808089924 0.41963188826241504 1.0
vehicle.trailer 0 0 0 0 0 0 0 12.605 3.963 2.693 0.621451347181321 58.40864631257827 -60.02701817790467 2.411474929270966 1.0
vehicle.truck 0 0 0 0 0 0 0 3.694 3.256 3.643 -0.6610080084221555 82.66340695774477 6.173557832028098 3.066272793431681 1.0
vehicle.truck 0 0 0 0 0 0 0 5.687 3.2 2.367 0.6394529269278517 40.14408572232771 -36.293887676679404 1.5696629257740256 1.0
vehicle.truck 0 0 0 0 0 0 0 9.917 3.854 3.452 -1.1121650297869643 49.990288596277345 16.244168135262623 2.0019794055281555 1.0
human.pedestrian.adult 0 0 0 0 0 0 0 0.696 1.647 0.716 0.9596406632368387 -44.3106512172012 5.401172909539638 1.5587515072221994 1.0
vehicle.car 0 0 0 0 0 0 0 4.384 1.818 1.899 0.13716137786724442 -47.91050021097875 27.602273806727904 1.078451272241117 1.0
vehicle.truck 0 0 0 0 0 0 0 9.94 3.814 3.464 -0.9026067099038504 47.82085654427344 11.665063978082374 1.981594580039526 1.0
vehicle.car 0 0 0 0 0 0 0 4.243 1.52 2.041 0.5635840223924498 -23.08805109815744 38.91366964321194 1.0669854000500898 1.0
vehicle.car 0 0 0 0 0 0 0 4.994 1.806 1.904 1.1955049113219347 1.0334825215911811 -19.737975455808595 0.0735597899630287 1.0
vehicle.trailer 0 0 0 0 0 0 0 8.517 3.763 2.696 1.0076596782015899 14.771477061337576 -59.16770166832856 -2.9294106044400614 1.0
vehicle.trailer 0 0 0 0 0 0 0 16.44 4.088 3.187 -0.16886699197710459 46.78474935743954 -26.50404914920591 -2.959726317510194 1.0
vehicle.trailer 0 0 0 0 0 0 0 12.839 3.611 2.461 0.8500305560035508 57.5140904947936 -63.97524770950013 2.411474929270966 1.0
vehicle.car 0 0 0 0 0 0 0 5.241 2.808 2.066 -0.21546768197702484 45.384959257027035 -0.8001614656183481 1.5954367647634786 1.0
movable_object.barrier 0 0 0 0 0 0 0 2.973 0.864 0.61 0.9097444701944534 -9.598431233874697 11.72576200283766 3.1181777725841577 1.0
vehicle.trailer 0 0 0 0 0 0 0 14.714 3.742 2.939 -0.40112154571143477 -58.52523086656532 11.744550054450789 1.1614528191600115 1.0
vehicle.car 0 0 0 0 0 0 0 4.056 1.725 1.817 1.71376149772267 -15.331885754560716 -42.10360572407014 0.3813740179744709 1.0
vehicle.car 0 0 0 0 0 0 0 4.4 1.768 1.93 1.7061481424024645 -5.82712152323602 -47.765128747405264 0.4067368967272911 1.0
vehicle.truck 0 0 0 0 0 0 0 7.036 3.566 2.957 1.0959848149488352 -3.0204160278155148 -58.322049272625 1.934437251050495 1.0
human.pedestrian.adult 0 0 0 0 0 0 0 0.943 1.89 0.622 0.563144962379916 -38.204793745018456 5.030053402382642 1.594058012924763 1.0
vehicle.truck 0 0 0 0 0 0 0 9.932 3.967 3.421 -1.2048987098333894 51.91710810112914 20.941217854001895 2.0019794055281555 1.0
vehicle.trailer 0 0 0 0 0 0 0 6.496 3.873 2.531 1.4227007363242732 18.1388840640296 -91.80046699703306 0.35908283528429497 1.0
movable_object.barrier 0 0 0 0 0 0 0 2.979 0.867 0.647 0.9153600907895963 -9.509344167999215 8.684219801996287 3.1181777725841577 1.0
vehicle.truck 0 0 0 0 0 0 0 10.981 4.027 2.946 0.8593190779615961 -13.059825223711975 -54.571965363391996 1.934437251050495 1.0
human.pedestrian.adult 0 0 0 0 0 0 0 1.069 1.774 0.764 0.6897250770514176 -44.326603248669706 4.655325667119205 1.594058012924763 1.0
vehicle.trailer 0 0 0 0 0 0 0 14.598 4.112 4.021 -1.1360162142365957 83.28319975176423 16.76069781867664 -3.058160768547962 1.0
vehicle.car 0 0 0 0 0 0 0 4.407 1.713 1.99 0.4427082727756763 -25.01281749802601 34.046006922861395 1.1248210416437647 1.0
vehicle.truck 0 0 0 0 0 0 0 10.477 3.998 2.437 -0.7016860906053012 0.35796830356741693 18.169041742112064 1.3115589819272877 1.0
vehicle.truck 0 0 0 0 0 0 0 10.768 3.95 2.578 -0.5026428585090742 3.2330649458151055 13.485977564728593 1.2094460766584652 1.0
vehicle.car 0 0 0 0 0 0 0 4.618 1.745 1.961 0.9434167149681425 -18.111580821086157 -0.17032492882561143 1.5989796361915163 1.0
vehicle.car 0 0 0 0 0 0 0 4.338 1.705 1.874 0.3418977274654019 -42.80408711795696 41.2072591558772 1.9608258024751155 1.0
vehicle.truck 0 0 0 0 0 0 0 5.988 1.996 2.009 1.4205141701569137 -8.980228649300644 -31.26211066932454 0.36393163238044846 1.0
vehicle.trailer 0 0 0 0 0 0 0 14.65 4.103 3.106 -0.3679954060292933 -55.09528294911491 19.126179680925425 1.1471421494031127 1.0
vehicle.trailer 0 0 0 0 0 0 0 15.788 4.172 3.334 0.7571886475085214 24.57476052855372 -66.39586039128079 0.39958923399520296 1.0
