vehicle.car 0 0 0 0 0 0 0 4.806 1.801 1.822 0.9595360363824865 -13.667984122260789 -7.639414236801202 -1.622767748689494 1.0
vehicle.car 0 0 0 0 0 0 0 4.504 1.77 2.143 1.5661276992943498 -30.90873163757731 20.407504233283795 0.0514079589147074 1.0
vehicle.car 0 0 0 0 0 0 0 4.16 1.826 1.942 1.33741850796047 -16.953376378341744 19.673637287357685 0.05868414949286471 1.0
vehicle.car 0 0 0 0 0 0 0 4.873 1.844 2.104 1.3030869949259039 -14.342087396695756 20.82970700910802 0.027590423992679636 1.0
vehicle.car 0 0 0 0 0 0 0 4.434 1.849 1.808 0.9052474697811667 13.880230470215588 9.883557415244528 0.07379962657428596 1.0
vehicle.car 0 0 0 0 0 0 0 4.589 2.066 2.279 0.9410432223418803 -36.160534900253715 7.967587477661425 0.027576241404327906 1.0
human.pedestrian.adult 0 0 0 0 0 0 0 0.637 1.821 0.532 0.41834763395642616 41.31848110648676 8.688685216619948 1.5897227412855592 1.0
vehicle.car 0 0 0 0 0 0 0 4.609 1.542 1.772 1.034223555504539 -32.37070331312287 -8.386190402898652 -1.5878633438676806 1.0
vehicle.car 0 0 0 0 0 0 0 4.755 1.57 1.86 1.0933914954754684 6.6928601447198055 -7.496542084751971 -1.5872874218132145 1.0
vehicle.car 0 0 0 0 0 0 0 4.222 1.446 1.852 1.8545743998759614 49.52370727676547 27.91551101214382 -0.02896071195234029 1.0
vehicle.car 0 0 0 0 0 0 0 4.575 1.496 1.892 1.0420535525115238 -9.011455453523384 8.041594965949692 0.016821374995390492 1.0
vehicle.car 0 0 0 0 0 0 0 4.664 1.96 2.136 0.9875763860765864 -30.6859175675673 8.410958344229789 0.027576241404327906 1.0
vehicle.car 0 0 0 0 0 0 0 5.606 2.988 2.449 1.0570598067397603 -44.13009176076898 19.634778296327188 0.01621211507139142 1.0
vehicle.car 0 0 0 0 0 0 0 4.317 1.83 1.949 0.8878758094534203 -24.31010822912945 -0.15639737821519273 1.566325194772336 1.0
vehicle.car 0 0 0 0 0 0 0 4.251 1.811 1.958 0.8060754494197686 -33.51724240290143 8.046527161682716 -3.1191873432618173 1.0
vehicle.car 0 0 0 0 0 0 0 4.723 1.859 2.042 1.5567440501489596 41.02024768218452 28.03866135159816 3.1175038946775375 1.0
vehicle.car 0 0 0 0 0 0 0 4.687 1.668 2.003 1.6298652498633328 7.558910574844629 33.309094567104566 -1.5525401637346157 1.0
vehicle.car 0 0 0 0 0 0 0 4.275 1.528 1.963 1.0408851463043622 -25.124750886877457 7.95184580283292 -3.1191873432618173 1.0
human.pedestrian.adult 0 0 0 0 0 0 0 0.566 1.78 0.575 0.8751734555020411 23.720582911308085 3.9895535648255898 -2.59782242430159 1.0
human.pedestrian.adult 0 0 0 0 0 0 0 0.709 1.869 0.796 0.4108156241049906 -33.771180761619306 4.613577266845359 -1.6025066803749315 1.0
vehicle.car 0 0 0 0 0 0 0 4.639 1.697 1.982 1.377168204409624 41.16982958571048 15.031937445488479 -3.128803796706805 1.0
vehicle.motorcycle 0 0 0 0 0 0 0 2.197 1.472 0.523 1.435127289782092 -0.6102562760497158 21.246658366686557 -1.581598011118662 1.0
vehicle.car 0 0 0 0 0 0 0 4.778 1.579 1.924 1.4762936633569228 -5.42575867570882 20.735831616638933 3.1354103943146567 1.0
vehicle.car 0 0 0 0 0 0 0 4.202 1.564 1.823 1.6871711445599278 52.39580269600546 27.779048369303013 -0.02896071195234029 1.0
movable_object.pushable_pullable 0 0 0 0 0 0 0 2.112 0.901 0.843 1.3494405740826765 -2.1660751065488517 11.471097280313309 -1.581598011118662 1.0
vehicle.bicycle 0 0 0 0 0 0 0 1.732 1.143 0.436 1.3809316956259021 0.14223915437629644 18.404460719660285 -1.581598011118662 1.0
vehicle.car 0 0 0 0 0 0 0 4.516 2.0 2.197 1.0160969893258915 49.32498801601505 51.64081122704945 0.019269640375350505 1.0
human.pedestrian.adult 0 0 0 0 0 0 0 0.89 1.786 0.697 0.8322830233169131 0.3974233013052444 35.32902516562251 1.4519957258188656 1.0
vehicle.car 0 0 0 0 0 0 0 3.814 1.531 1.897 0.46541571289685946 51.7251880329949 -11.994228421011321 -3.0792729533034624 1.0
vehicle.car 0 0 0 0 0 0 0 4.578 1.699 2.113 0.7751449029302215 -20.659098408706683 -8.239048244972413 -1.5529590151734274 1.0
vehicle.car 0 0 0 0 0 0 0 5.188 1.872 2.005 0.889869148780844 -4.84338911855188 -7.883683648082047 -1.6053155370884866 1.0
human.pedestrian.adult 0 0 0 0 0 0 0 1.004 1.835 0.749 0.1049515862314388 88.7293144109306 -0.4947608846801519 -3.093235135931625 1.0
vehicle.car 0 0 0 0 0 0 0 4.526 1.632 1.944 0.9321939634856665 -19.71173816441826 7.772978552410811 -3.1191873432618173 1.0
vehicle.car 0 0 0 0 0 0 0 4.413 1.622 1.722 1.5399479890032348 -22.540257403751426 20.70044214575303 0.024256657697490525 1.0
vehicle.car 0 0 0 0 0 0 0 4.675 1.819 2.097 0.8588506425261644 -27.77545849419415 8.134716303317633 -3.1191873432618173 1.0
vehicle.car 0 0 0 0 0 0 0 4.349 1.638 1.884 0.923035186355198 -11.560124658120882 8.192793226701236 -3.136640071949058 1.0
vehicle.truck 0 0 0 0 0 0 0 5.215 2.0 2.273 1.4200245740801882 24.903570112024063 27.5857862205171 3.100051166115735 1.0
vehicle.car 0 0 0 0 0 0 0 4.681 1.815 1.844 0.6737962062545595 23.49900854046814 5.072043750311045 1.605988186648963 1.0
vehicle.truck 0 0 0 0 0 0 0 6.459 2.305 2.521 1.0634464745580752 -8.39498736880063 18.997325313279525 3.084640406972932 1.0
vehicle.car 0 0 0 0 0 0 0 4.573 1.786 2.07 1.3409136904665748 19.282043343995518 33.20686407662547 -0.02896071195234029 1.0
vehicle.truck 0 0 0 0 0 0 0 5.989 1.972 2.225 0.7520023194552932 -14.386387746921457 8.972744322170387 0.02223055404336982 1.0
vehicle.car 0 0 0 0 0 0 0 4.58 1.485 1.979 0.8526623696522632 48.41243769672761 15.071967178599532 -3.13175330784758 1.0
vehicle.car 0 0 0 0 0 0 0 4.373 1.479 1.917 1.3283719933685734 -2.7877873258910744 15.189742333451242 -3.134545744499917 1.0
vehicle.car 0 0 0 0 0 0 0 4.539 1.732 2.011 1.672749410389926 32.9250891967479 28.14967870186648 -0.02896071195234029 1.0
vehicle.bicycle 0 0 0 0 0 0 0 1.758 1.293 0.33 1.4001608510622203 0.09753864080766583 17.16168716680848 -1.7586163278355418 1.0
vehicle.car 0 0 0 0 0 0 0 4.594 1.744 2.021 0.6189716987177181 -52.54161317850655 7.799687580639749 -3.1064643041315634 1.0
vehicle.car 0 0 0 0 0 0 0 4.157 1.738 1.933 0.5416331417866637 56.20490557032847 15.124161606592454 -3.0929733449466337 1.0
vehicle.bicycle 0 0 0 0 0 0 0 1.705 1.175 0.538 1.3102932059622063 -0.12187041217725182 15.529492486682212 1.3374537659642343 1.0
vehicle.bicycle 0 0 0 0 0 0 0 1.755 1.11 0.309 1.4359030092598546 0.06393350651527224 17.59153736522242 -1.581598011118662 1.0
vehicle.car 0 0 0 0 0 0 0 5.691 2.0 2.214 1.0194249342978197 57.70859960976642 51.31740657355784 0.019269640375350505 1.0
vehicle.car 0 0 0 0 0 0 0 4.53 1.685 1.997 0.8508045893118948 7.258441685941063 47.21449704002785 -1.6048966842547294 1.0
