vehicle.trailer 0 0 0 0 0 0 0 17.114 4.443 2.765 -0.25765039887068814 38.367904098280626 -0.5212512068929521 -1.5831202110653706 1.0
vehicle.truck 0 0 0 0 0 0 0 5.835 3.799 2.86 -0.15909703285008364 27.3779638301079 30.430760910835982 -1.6126328178420497 1.0
vehicle.trailer 0 0 0 0 0 0 0 10.09 4.19 2.839 -0.33380132252677613 36.2174191306144 10.44262116744025 -1.64512987487349 1.0
vehicle.trailer 0 0 0 0 0 0 0 10.68 3.892 2.467 -0.6618532569941162 35.279423967266 2.2690664326980765 -1.5348808683363817 1.0
vehicle.truck 0 0 0 0 0 0 0 10.891 3.698 3.295 -0.24288508193575487 -43.34277903954354 -22.710094262255044 -1.6198582618822552 1.0
vehicle.trailer 0 0 0 0 0 0 0 12.581 4.001 2.578 -0.5865020801298259 -65.29365455017764 2.0174998923567578 -1.5535269058056906 1.0
vehicle.trailer 0 0 0 0 0 0 0 6.168 3.643 2.849 -0.7077448809051305 -26.1729196449809 32.41582679797078 -2.6309230458360178 1.0
vehicle.trailer 0 0 0 0 0 0 0 6.568 3.835 2.861 -0.8529294108614022 -22.00036830686166 32.03701182595962 -2.6026840983528476 1.0
vehicle.truck 0 0 0 0 0 0 0 6.06 2.514 2.726 0.40198467137889093 69.50401961107491 -15.50730186568987 -1.5211695627073922 1.0
vehicle.truck 0 0 0 0 0 0 0 5.336 3.732 2.328 -0.35957841374047034 28.604625071866902 9.784665119769741 -1.609648395752453 1.0
human.pedestrian.adult 0 0 0 0 0 0 0 0.876 1.857 1.131 0.8115505410794147 52.72679518793836 -15.925392112031245 -1.6300671894704886 1.0
vehicle.truck 0 0 0 0 0 0 0 5.353 3.939 2.684 -0.23950684603304384 25.856531530315145 35.50571312924074 -1.5406926140800925 1.0
vehicle.construction 0 0 0 0 0 0 0 7.246 2.671 2.468 0.48531587878101123 85.42802310306418 -14.039008060967578 -1.6187587375958934 1.0
vehicle.trailer 0 0 0 0 0 0 0 13.372 4.149 2.784 -0.4493187804139737 41.92837680827833 7.288293486165695 -1.5932253526046507 1.0
vehicle.truck 0 0 0 0 0 0 0 5.475 3.886 2.708 -0.32929767586325775 26.58902015205932 2.6822919329989205 -1.578861741350793 1.0
vehicle.car 0 0 0 0 0 0 0 4.74 1.92 1.936 0.6789870515153625 11.541842806508013 35.61317801035893 3.046887133000748 1.0
vehicle.truck 0 0 0 0 0 0 0 5.839 2.136 2.316 0.9531916676186907 44.182269451806356 -17.00872942600626 -1.669493960315049 1.0
vehicle.trailer 0 0 0 0 0 0 0 8.49 3.44 2.938 -0.6368026377682652 34.83653922624751 27.14282912700412 -1.6126328178420497 1.0
vehicle.trailer 0 0 0 0 0 0 0 9.476 4.022 3.089 -0.44014003751134145 -66.43762305861085 -12.644087545713992 -1.3474458828046192 1.0
vehicle.trailer 0 0 0 0 0 0 0 17.285 4.199 2.808 -0.9667558961701985 -64.70238049125145 -1.2666249564619063 -1.6005729617696245 1.0
vehicle.trailer 0 0 0 0 0 0 0 14.886 3.906 3.408 -0.2878002261906861 -12.992384810044767 8.91506821549055 -1.658498704928287 1.0
vehicle.truck 0 0 0 0 0 0 0 5.658 3.839 2.819 -0.25272679936590897 26.85560548129542 23.636896824600043 -1.5680584947789091 1.0
vehicle.trailer 0 0 0 0 0 0 0 6.814 4.085 2.826 -0.9182485415781505 -9.277995527429068 33.85108714752577 -2.6026840983528476 1.0
vehicle.construction 0 0 0 0 0 0 0 7.354 3.463 3.159 0.36011146628339386 -5.062853709459668 -19.080845182068053 -1.5371911553647282 1.0
vehicle.car 0 0 0 0 0 0 0 4.689 1.922 2.113 0.673844758417702 17.255878743915872 36.106687749709685 -0.13777068911025303 1.0
vehicle.truck 0 0 0 0 0 0 0 5.185 4.074 2.588 -0.4079388991483458 27.157949694530405 -0.5732572885155006 -1.5691580172733754 1.0
vehicle.car 0 0 0 0 0 0 0 4.397 1.945 1.978 0.6661177565250379 19.691330366450472 36.36468908252605 -0.14982855443659915 1.0
vehicle.trailer 0 0 0 0 0 0 0 12.543 4.127 2.833 0.006701188762494176 40.43901289169864 19.816540526821484 -1.6276771015389961 1.0
vehicle.truck 0 0 0 0 0 0 0 5.754 3.68 2.566 0.02141285705871057 27.47042936175052 26.96305196902685 -1.5951800608191604 1.0
vehicle.truck 0 0 0 0 0 0 0 5.687 4.044 2.612 -0.4753511627784959 -29.50035783873033 2.7812413406615804 -1.5896998970182175 1.0
vehicle.trailer 0 0 0 0 0 0 0 5.3 3.956 2.757 -0.8963117643692118 -17.93564972999034 32.76909847536784 -2.6026840983528476 1.0
vehicle.trailer 0 0 0 0 0 0 0 6.722 4.014 2.672 -0.6023044244654476 -13.338806409485004 33.80109419765005 -2.6026840983528476 1.0
vehicle.truck 0 0 0 0 0 0 0 5.588 1.99 2.311 0.5694467652632156 57.5802623839513 -21.6701155117227 -0.0865237313636662 1.0
vehicle.trailer 0 0 0 0 0 0 0 8.864 4.045 2.855 -0.6579255574989762 33.074813193715386 35.50912043250861 -1.5406926140800925 1.0
vehicle.trailer 0 0 0 0 0 0 0 8.66 4.008 2.926 -0.5184299832157558 34.60983676906078 23.696562174117275 -1.6126328178420497 1.0
vehicle.car 0 0 0 0 0 0 0 4.762 1.751 2.043 0.771237305808172 -17.576943518120117 -0.7373814196033355 -1.5158290338378713 1.0
vehicle.trailer 0 0 0 0 0 0 0 17.032 4.697 2.864 -0.6105287303877356 -17.968490871486413 2.9800208038971587 -1.6124757429948184 1.0
human.pedestrian.adult 0 0 0 0 0 0 0 0.839 1.79 0.911 0.8151055495428223 52.66872437980582 -14.546902669504655 -1.5889908725099104 1.0
