vehicle.truck 0 0 0 0 0 0 0 10.479 3.585 3.347 -0.12470280601163718 4.435217849728852 -36.65223242355034 -0.04915777236461771 1.0
vehicle.trailer 0 0 0 0 0 0 0 17.656 4.063 2.967 -0.7812686801793602 -49.66544311314176 15.247304006300409 -1.3874326326146118 1.0
vehicle.trailer 0 0 0 0 0 0 0 17.285 4.199 2.808 -0.26721457366028145 -1.9337022741640773 2.9643684509763957 -1.5376187444393583 1.0
vehicle.car 0 0 0 0 0 0 0 5.596 2.178 2.705 0.2384363605484202 -57.15285608265113 -35.55409343170262 -0.39142200530119453 1.0
vehicle.trailer 0 0 0 0 0 0 0 17.032 4.697 2.864 -0.5392767786483357 44.51190466264064 4.434056999090286 -1.5530122896991498 1.0
vehicle.truck 0 0 0 0 0 0 0 4.754 3.221 2.352 0.3383875039288067 -13.370493373286456 3.134372799909169 -1.571669551164626 1.0
vehicle.car 0 0 0 0 0 0 0 4.618 2.0 2.104 -0.018667727189533467 -73.68000628780462 -14.159708921173666 -0.42948011268114783 1.0
vehicle.truck 0 0 0 0 0 0 0 5.687 4.044 2.612 -0.30105056366390737 32.9908952885864 4.812395833269763 -1.5302361272865754 1.0
vehicle.truck 0 0 0 0 0 0 0 7.225 3.599 2.653 0.059078605354358 0.6071675046508239 -25.73678529810545 -0.04915777236461771 1.0
vehicle.trailer 0 0 0 0 0 0 0 18.176 4.04 3.116 -0.428320996244158 -50.740243643681254 21.127053639742055 -1.400138376949048 1.0
vehicle.trailer 0 0 0 0 0 0 0 18.966 4.37 3.428 -0.4604237757174724 -51.39455178020546 27.58206520239841 -1.3955482518339508 1.0
vehicle.truck 0 0 0 0 0 0 0 9.514 4.194 2.605 -0.20582855371170816 1.1390475244564493 -35.475636146208956 -0.04915777236461771 1.0
vehicle.trailer 0 0 0 0 0 0 0 14.886 3.906 3.408 0.14357822970798373 49.62836239484078 10.017701446238632 -1.5990358719908961 1.0
movable_object.trafficcone 0 0 0 0 0 0 0 0.435 0.738 0.404 1.3969251107421896 -13.833803502634552 -7.324611035005295 -2.107077158947548 1.0
vehicle.truck 0 0 0 0 0 0 0 10.891 3.698 3.295 0.17082302405415364 17.987485030711234 -19.63311714868858 -1.560394909782862 1.0
vehicle.trailer 0 0 0 0 0 0 0 12.581 4.001 2.578 -0.21633105485074017 -3.068179109163009 6.25328000016161 -1.6129600850184396 1.0
vehicle.truck 0 0 0 0 0 0 0 6.284 3.55 2.902 -0.2641883093382057 -35.21983623657213 6.5509805959335825 2.8102080806961673 1.0
vehicle.trailer 0 0 0 0 0 0 0 18.858 4.308 3.319 -0.4421574914196706 -50.887797297672925 24.378176902645965 -1.400138376949048 1.0
vehicle.truck 0 0 0 0 0 0 0 5.925 1.974 2.194 -0.12568288141607148 -66.25164145833715 -24.71529558024175 -0.43386010676188036 1.0
vehicle.car 0 0 0 0 0 0 0 4.762 1.751 2.043 0.7271517853978343 -13.966140296183017 0.07766933429507249 -1.4216753202900172 1.0
vehicle.construction 0 0 0 0 0 0 0 7.354 3.463 3.159 0.2497230132828468 56.020131229147665 -18.401180893742712 -1.5966240620460237 1.0
vehicle.truck 0 0 0 0 0 0 0 5.029 3.877 2.758 0.4124190906463044 -10.83619685016565 24.49563948653309 -2.6055907321731535 1.0
vehicle.truck 0 0 0 0 0 0 0 5.185 4.074 2.588 -0.16004056069102035 89.47308333466843 -2.667474266276309 -1.4433726446653754 1.0
vehicle.truck 0 0 0 0 0 0 0 7.981 3.81 2.9 -0.15744442899228064 -2.052755986244457 -38.65035791757002 -0.04915777236461771 1.0
vehicle.trailer 0 0 0 0 0 0 0 18.107 4.365 2.982 -0.8581084619055735 -48.456005513319 8.780725363766125 -1.3699796934532884 1.0
vehicle.trailer 0 0 0 0 0 0 0 17.612 3.784 2.856 -0.6182751827226014 -50.243208529312945 18.23902412082699 -1.3894746269870843 1.0
vehicle.trailer 0 0 0 0 0 0 0 7.301 3.96 2.682 -0.2356419608479568 22.508501898886905 6.111150828741203 -1.5825427754050532 1.0
vehicle.trailer 0 0 0 0 0 0 0 9.476 4.022 3.089 -0.13541462730046785 -4.83817050675586 -8.31423567630837 -1.406875215421568 1.0
