movable_object.trafficcone 0 0 0 0 0 0 0 0.312 1.295 0.316 1.1213800380420067 2.0367127165206567 2.326418124243908 1.748917191914753 1.0
vehicle.car 0 0 0 0 0 0 0 4.97 1.705 2.122 0.8639722941548091 -13.408509337841185 -3.316949925497164 -0.4833310486440183 1.0
movable_object.barrier 0 0 0 0 0 0 0 2.961 0.917 0.657 1.2783711070322437 3.640482581118368 1.9734846663995786 1.7863019319055464 1.0
vehicle.car 0 0 0 0 0 0 0 4.46 1.534 1.933 0.5113726138175497 39.08070515514974 -5.714261831405871 1.6353376717163108 1.0
movable_object.barrier 0 0 0 0 0 0 0 3.005 0.883 0.593 1.043389862460354 19.855372325558616 1.6796660312793454 1.571976819527655 1.0
movable_object.barrier 0 0 0 0 0 0 0 2.948 0.928 0.43 1.288072666885767 6.888192039305635 1.634813505925323 1.5471525906419927 1.0
vehicle.car 0 0 0 0 0 0 0 5.878 2.184 2.321 0.8834190883265733 -38.03183865974587 35.84534578003107 -3.092440021042803 1.0
vehicle.car 0 0 0 0 0 0 0 4.266 1.7 1.773 0.3464092442281284 44.6463180225319 -16.209817009533776 -1.5544800842522521 1.0
vehicle.car 0 0 0 0 0 0 0 4.518 1.642 1.893 0.43821053564700696 43.792757146916024 -13.56593116583485 1.587126175298625 1.0
movable_object.barrier 0 0 0 0 0 0 0 3.007 0.953 0.582 0.8413960605149458 29.263542462698624 1.6792481736303724 1.5616794472633124 1.0
movable_object.barrier 0 0 0 0 0 0 0 2.954 0.936 0.565 0.9938309302604758 35.30821085969901 1.879801360567435 1.5555135228353922 1.0
movable_object.barrier 0 0 0 0 0 0 0 2.984 0.933 0.618 0.9215984942969817 23.02700299064953 1.658153548949893 1.5616794472633124 1.0
vehicle.car 0 0 0 0 0 0 0 4.309 1.645 1.961 0.4861444374040842 38.360214285248226 -8.123577594336037 1.677516197638612 1.0
movable_object.trafficcone 0 0 0 0 0 0 0 0.376 1.132 0.39 1.1369046671716057 -14.35225573316296 6.465565275670625 2.2151272523151686 1.0
vehicle.trailer 0 0 0 0 0 0 0 13.057 4.072 2.94 -0.31256217362090855 14.460062933805428 -20.08083811368719 -0.015378893303401142 1.0
human.pedestrian.adult 0 0 0 0 0 0 0 0.712 1.477 0.61 -0.03721434671326004 -4.556398480520865 -27.609590457313203 1.7133820862814249 1.0
movable_object.barrier 0 0 0 0 0 0 0 2.995 0.901 0.545 1.1897050870726928 13.397422893361341 1.6874111090199146 1.5704234871120146 1.0
movable_object.barrier 0 0 0 0 0 0 0 2.935 0.958 0.575 0.9305669216656349 32.25711949108133 1.7654985803577607 1.5616794472633124 1.0
vehicle.car 0 0 0 0 0 0 0 4.53 1.726 1.887 0.9474886009017918 0.7076047500169009 -5.128003233679494 -1.5577961868620624 1.0
vehicle.car 0 0 0 0 0 0 0 4.665 1.832 2.081 0.9538110554414756 0.6014985809481727 -8.157714029688673 -1.5339027962009046 1.0
movable_object.trafficcone 0 0 0 0 0 0 0 0.299 1.281 0.3 1.1757601864249536 1.0224641560345316 5.19229524251213 1.748917191914753 1.0
vehicle.construction 0 0 0 0 0 0 0 11.133 4.173 4.466 -0.5138192788217246 33.72657094931733 28.325709929587163 -1.2247727043321266 1.0
vehicle.car 0 0 0 0 0 0 0 4.655 1.766 1.924 0.4367605146466167 39.22367358966573 -16.5659532231379 -1.4533331744408962 1.0
human.pedestrian.adult 0 0 0 0 0 0 0 0.581 1.06 0.586 -0.2109102586154275 -3.70304936517021 -27.69057204484233 -1.7081029778303414 1.0
vehicle.truck 0 0 0 0 0 0 0 13.944 3.398 2.818 0.1732527420186194 -18.40936496455884 -30.217256884731345 -0.026578930641928622 1.0
vehicle.car 0 0 0 0 0 0 0 4.166 1.563 1.697 0.5695367859938592 38.909903335828666 -10.834135039561755 1.6394857111467633 1.0
vehicle.car 0 0 0 0 0 0 0 5.199 2.018 2.21 0.8573095240772092 -8.342468780799946 -30.665209498674837 -0.06240870609723359 1.0
vehicle.car 0 0 0 0 0 0 0 4.62 2.444 1.956 0.35658261805176206 -48.74120121191855 31.766804857138418 -1.4022187039544871 1.0
movable_object.trafficcone 0 0 0 0 0 0 0 0.349 1.216 0.347 1.136075072562028 -12.761155042750456 6.57223722485107 2.2151272523151686 1.0
vehicle.car 0 0 0 0 0 0 0 4.998 1.795 1.764 0.9269858484190684 -4.654606618955192 -13.239477752631498 1.587126175298625 1.0
movable_object.trafficcone 0 0 0 0 0 0 0 0.345 1.298 0.372 1.0477467795562043 -19.8358326879157 5.667184005611885 2.2151272523151686 1.0
vehicle.truck 0 0 0 0 0 0 0 5.538 3.206 2.773 0.19223036668165852 14.972328127392055 -11.010447280724556 -0.11111380721397879 1.0
movable_object.trafficcone 0 0 0 0 0 0 0 0.341 1.261 0.315 1.0801339366308693 -16.881882758564927 6.6974557595415645 1.4743437992405193 1.0
movable_object.barrier 0 0 0 0 0 0 0 2.987 0.885 0.579 1.1423921258488954 16.708395364457793 1.668869821541054 1.560667163225701 1.0
movable_object.barrier 0 0 0 0 0 0 0 2.987 0.91 0.598 0.9335139535049891 26.16400075005715 1.681585990229179 1.5616794472633124 1.0
human.pedestrian.adult 0 0 0 0 0 0 0 0.939 1.917 0.9 -0.5725494082589302 12.73020091892019 -27.356856258749985 -1.6982206335480372 1.0
movable_object.barrier 0 0 0 0 0 0 0 2.987 0.882 0.467 1.2217170705098497 10.245275029162569 1.6691607626324265 1.5762412118123237 1.0
human.pedestrian.adult 0 0 0 0 0 0 0 0.718 1.885 0.715 -0.5600543810635699 13.618645550496257 -28.231955116547656 -1.802522124542702 1.0
