vehicle.car 0 0 0 0 0 0 0 4.572 1.778 1.912 0.9007987374508637 -2.7588246912015966 -16.650063250678286 -0.12700793396028054 1.0
movable_object.trafficcone 0 0 0 0 0 0 0 0.416 1.28 0.514 0.8105295940974102 23.695465896848955 1.3367528645974114 -0.3693792144763286 1.0
vehicle.car 0 0 0 0 0 0 0 4.441 1.555 1.952 1.0971851683146328 0.0083510680655639 -17.02795964798494 -0.11376752092147768 1.0
vehicle.car 0 0 0 0 0 0 0 4.545 1.784 1.973 0.9884697827871453 -2.3185844094854366 -11.218088629772494 -2.9975957753677553 1.0
movable_object.trafficcone 0 0 0 0 0 0 0 0.586 1.335 0.492 0.8609173565913188 24.712682006844915 -1.598775956408397 -1.5363612770808395 1.0
movable_object.trafficcone 0 0 0 0 0 0 0 0.551 1.216 0.538 0.9138695443142759 24.286259833188307 -4.293736845851695 -1.4411183191964207 1.0
movable_object.trafficcone 0 0 0 0 0 0 0 0.504 1.366 0.41 1.1162489776779796 21.466258383757513 -19.341964661450515 -1.2055000057542724 1.0
vehicle.car 0 0 0 0 0 0 0 4.909 2.0 2.13 0.8347577391530534 8.041602869561038 -17.48686196677591 -0.13274760160146926 1.0
vehicle.truck 0 0 0 0 0 0 0 5.55 3.735 3.726 0.1566998284911023 3.6102364294526077 -31.68106229448959 -1.6908543885381881 1.0
vehicle.car 0 0 0 0 0 0 0 5.093 1.797 2.086 0.8707505336688824 -17.501239426904 0.7310054698000756 -1.6675215941902959 1.0
vehicle.car 0 0 0 0 0 0 0 5.124 2.0 2.087 0.903961547020824 3.3864855530812177 -11.380437267920938 -3.0041698369454792 1.0
vehicle.car 0 0 0 0 0 0 0 5.724 2.154 2.323 0.8174299525573141 -13.441778953007839 -5.9510768086894625 -1.6855682396648737 1.0
vehicle.car 0 0 0 0 0 0 0 4.809 1.834 2.224 0.9541666574844233 0.8821637481120039 -11.695560646995776 -2.979735271818 1.0
vehicle.truck 0 0 0 0 0 0 0 7.359 2.863 2.792 0.5830234680200173 -48.61975318995793 -1.7173048279992804 -1.4593652548205505 1.0
vehicle.bus.rigid 0 0 0 0 0 0 0 14.314 3.583 3.278 0.035968159802021685 -11.694765730797014 4.021342018650613 -1.7292013321590725 1.0
vehicle.trailer 0 0 0 0 0 0 0 13.364 4.468 3.636 -0.42618175780185813 -5.500729160398355 -30.154599364407517 -1.689140335295427 1.0
movable_object.trafficcone 0 0 0 0 0 0 0 0.492 1.187 0.419 0.8993506590632017 23.667014505976567 -5.6711857293670445 -1.4411183191964207 1.0
movable_object.trafficcone 0 0 0 0 0 0 0 0.345 1.332 0.547 1.1944374936932796 18.384694531658504 -19.95612407186414 2.7637254016065693 1.0
