vehicle.car 0 0 0 0 0 0 0 4.441 1.555 1.952 1.191034466288112 -4.714037862278226 -17.638567664719037 -0.27534201358280797 1.0
vehicle.car 0 0 0 0 0 0 0 4.809 1.834 2.224 1.121620144226482 -6.125082351205831 -12.519442534175683 2.914803272148034 1.0
vehicle.car 0 0 0 0 0 0 0 5.724 2.154 2.323 1.1355701478084272 -21.800954178879184 -12.942920797795013 -1.26207961133548 1.0
movable_object.barrier 0 0 0 0 0 0 0 0.444 0.825 3.3 1.3931392142248287 18.729202720183054 -33.60671955101124 -1.8805886550661972 1.0
movable_object.barrier 0 0 0 0 0 0 0 0.462 0.879 3.179 1.3643023360846398 13.988493257336044 -18.21215459375019 -1.8775965674510973 1.0
movable_object.trafficcone 0 0 0 0 0 0 0 0.504 1.366 0.41 1.0914695515503114 15.725283346288732 -11.445960430219348 -0.8169671603104298 1.0
vehicle.bus.rigid 0 0 0 0 0 0 0 14.314 3.583 3.278 0.315204924292287 -23.98721796018356 -2.977047500456541 -1.3231615532442298 1.0
movable_object.barrier 0 0 0 0 0 0 0 0.528 0.85 2.784 1.357290739833887 20.669682851837724 -39.41217670316885 -1.8420169491879408 1.0
vehicle.car 0 0 0 0 0 0 0 4.818 2.0 2.091 1.3148626246927206 0.03479389692557835 -15.867358893861109 -0.27380835518003366 1.0
vehicle.truck 0 0 0 0 0 0 0 7.359 2.863 2.792 1.2718306693970467 -55.61631993278449 -22.176664621394757 -1.8480555299802797 1.0
movable_object.barrier 0 0 0 0 0 0 0 0.514 0.892 3.03 1.335674108169569 17.911029305214146 -30.499627498202983 -1.8437535865686474 1.0
movable_object.trafficcone 0 0 0 0 0 0 0 0.551 1.216 0.538 0.9619315270223863 12.28320387494346 3.61121984409314 -1.0525545725248548 1.0
vehicle.trailer 0 0 0 0 0 0 0 13.364 4.468 3.636 -0.15006686983995207 -4.7742575697816045 -31.918334707393765 -1.2889207159693576 1.0
vehicle.truck 0 0 0 0 0 0 0 5.55 3.735 3.726 0.22302241063425127 3.9141201612857857 -29.672772240864205 -1.2970882448159138 1.0
vehicle.car 0 0 0 0 0 0 0 5.091 1.835 2.251 0.9596685847258342 5.703240211572974 -14.251764398966943 -0.2912376676474171 1.0
movable_object.barrier 0 0 0 0 0 0 0 0.53 0.874 3.159 1.3479992031059402 17.008654805438105 -27.492542970925925 -1.8594694980225528 1.0
movable_object.barrier 0 0 0 0 0 0 0 0.486 0.788 2.973 1.3790604496522598 19.766582784700883 -36.61565397869984 -1.8943746242649828 1.0
vehicle.car 0 0 0 0 0 0 0 5.093 1.797 2.086 0.9679150765077829 -14.857329151000481 -4.015397051016899 -1.2378015169742973 1.0
movable_object.barrier 0 0 0 0 0 0 0 0.48 0.864 3.132 1.402946512992625 16.07993769600903 -24.525538534833878 -1.8594694980225528 1.0
vehicle.car 0 0 0 0 0 0 0 5.124 2.0 2.087 0.9349408482852191 -3.732297278030742 -11.145490775904369 2.879897650576413 1.0
vehicle.car 0 0 0 0 0 0 0 4.909 2.0 2.13 0.9346507994883468 2.6885220067131628 -15.066327628992209 -0.27629807283851804 1.0
vehicle.car 0 0 0 0 0 0 0 4.651 1.384 1.818 1.2228475063995636 -2.5028305217524687 -16.718785066664395 -0.2579156311257016 1.0
movable_object.barrier 0 0 0 0 0 0 0 0.509 0.846 3.066 1.384624299545783 13.331636130982801 -15.088746081665967 -1.6481317699271445 1.0
movable_object.barrier 0 0 0 0 0 0 0 0.486 0.849 3.431 1.37418367102978 15.041476466322333 -21.391642401686102 -1.8951774426106764 1.0
movable_object.trafficcone 0 0 0 0 0 0 0 0.586 1.335 0.492 0.9226074064740574 11.787873257114924 6.224642540976587 -1.1444369745566974 1.0
movable_object.trafficcone 0 0 0 0 0 0 0 0.345 1.332 0.547 1.1525694727348599 13.108006770247929 -13.186622408933038 2.375093387590093 1.0
vehicle.car 0 0 0 0 0 0 0 4.545 1.784 1.973 1.1533896303243267 -9.29872371576914 -13.290272080110428 2.8853080216448914 1.0
movable_object.trafficcone 0 0 0 0 0 0 0 0.492 1.187 0.419 1.0180348973927476 12.751067186398942 2.111011414031873 -1.0525545725248548 1.0
movable_object.trafficcone 0 0 0 0 0 0 0 0.416 1.28 0.514 1.090863143749777 9.785641619961266 8.567213026160301 -0.024284910149923178 1.0
