vehicle.car 0 0 0 0 0 0 0 4.753 1.522 1.968 0.14917801007201598 65.56472168179036 17.087792798445232 -2.3876616093906167 1.0
vehicle.car 0 0 0 0 0 0 0 4.518 1.642 1.893 0.7545443334655462 11.410651134286956 -13.222503748281659 1.5804441114885543 1.0
vehicle.truck 0 0 0 0 0 0 0 13.944 3.398 2.818 -0.9500860294769974 -51.4432077757955 -29.63854670744763 -0.02260588659190077 1.0
movable_object.barrier 0 0 0 0 0 0 0 3.007 0.955 0.677 2.2212441222385144 26.238197590670794 28.047622721277243 -0.5813987555303051 1.0
movable_object.barrier 0 0 0 0 0 0 0 2.877 0.96 0.546 1.0755183624910274 20.408255959844887 1.8603681293080299 1.6002529354379398 1.0
movable_object.barrier 0 0 0 0 0 0 0 2.886 0.949 0.585 1.2748254595318926 11.387503468054286 2.1183025452417596 1.582800226411032 1.0
movable_object.barrier 0 0 0 0 0 0 0 3.284 0.869 0.526 1.1221491170984628 26.381529159343973 2.587088747475834 1.0410409315147806 1.0
vehicle.car 0 0 0 0 0 0 0 4.53 1.726 1.887 0.7506998407444795 -31.980172426774327 -4.371709382083577 -1.5470801153786784 1.0
vehicle.car 0 0 0 0 0 0 0 4.665 1.832 2.081 0.666956702749751 -32.14038695725052 -7.421841410547731 -1.558092760284013 1.0
vehicle.car 0 0 0 0 0 0 0 4.655 1.766 1.924 0.6248030699344881 6.316234195863768 -15.877345035825098 -1.5269746326847384 1.0
movable_object.barrier 0 0 0 0 0 0 0 2.985 0.949 0.621 2.347043037703691 1.6712835054262742 46.77152164647654 -0.960104124747815 1.0
movable_object.trafficcone 0 0 0 0 0 0 0 0.422 1.318 0.441 1.7928251524149432 29.779927847004593 20.93686544953295 -0.4408856274490418 1.0
vehicle.construction 0 0 0 0 0 0 0 11.133 4.173 4.466 0.33699561147422047 1.0787455883646024 28.484535176280108 -1.231520420872334 1.0
vehicle.car 0 0 0 0 0 0 0 4.491 1.467 1.712 0.856031963681142 -32.016952501857766 -9.961709415174363 -1.5612167918066753 1.0
movable_object.barrier 0 0 0 0 0 0 0 2.963 0.956 0.583 1.3701901679750266 5.28660880538593 2.1935015306574006 1.5791101164479535 1.0
vehicle.car 0 0 0 0 0 0 0 4.166 1.563 1.697 0.9332295795113525 6.057125237798956 -10.324310852962514 1.5804441114885543 1.0
vehicle.car 0 0 0 0 0 0 0 4.363 1.455 1.862 0.6452115633654878 24.55931628801461 -5.539985930500304 1.6254895699263052 1.0
human.pedestrian.adult 0 0 0 0 0 0 0 0.885 1.909 0.719 -1.0818772087951436 -4.495895262057181 -28.69095986581559 3.055860768116591 1.0
movable_object.barrier 0 0 0 0 0 0 0 2.996 0.947 0.642 1.2313229376820007 31.51934751268231 10.494725224009073 -0.023090611897575997 1.0
movable_object.barrier 0 0 0 0 0 0 0 2.995 0.901 0.545 1.3334450047718447 -19.33419047645644 2.414864391628326 1.5637418798236684 1.0
movable_object.barrier 0 0 0 0 0 0 0 2.935 0.958 0.575 1.155025145230559 -0.6776233022999711 2.1259117486082877 1.5593612542269195 1.0
movable_object.barrier 0 0 0 0 0 0 0 2.987 0.91 0.598 1.176321792637619 -6.872966064533902 2.0518610143499116 1.5724507747349943 1.0
movable_object.trafficcone 0 0 0 0 0 0 0 0.387 1.316 0.265 0.922967918596294 27.401293836400065 5.180019107819466 -1.5406400763933084 1.0
movable_object.barrier 0 0 0 0 0 0 0 2.987 0.885 0.579 1.2601066844595317 -16.231578764717543 2.275515703243308 1.553985826171571 1.0
movable_object.barrier 0 0 0 0 0 0 0 3.005 0.883 0.593 1.2193526290204129 -13.087566791185733 2.1684978670918538 1.5652951694601027 1.0
movable_object.barrier 0 0 0 0 0 0 0 2.987 0.882 0.467 1.3112697918538683 -22.517188824649473 2.3500510031003095 1.5811945777489758 1.0
vehicle.truck 0 0 0 0 0 0 0 5.538 3.206 2.773 0.024087699200235513 -18.197356824535984 -10.380337001636684 -0.10103247291389295 1.0
movable_object.barrier 0 0 0 0 0 0 0 2.978 0.937 0.644 1.9942818900693673 29.024181586873635 22.612749924415322 -0.42343881663456884 1.0
vehicle.car 0 0 0 0 0 0 0 5.029 1.834 2.017 0.767253368068613 11.26272190782962 -7.814752882681573 1.5972336159799054 1.0
movable_object.barrier 0 0 0 0 0 0 0 2.951 0.907 0.668 1.3420631640635885 31.481613157070672 13.778239761919304 -0.023090611897575997 1.0
movable_object.trafficcone 0 0 0 0 0 0 0 0.291 1.361 0.251 1.1778770369690699 31.96792762077763 8.919794932752271 -1.5406400763933084 1.0
movable_object.barrier 0 0 0 0 0 0 0 2.998 0.971 0.736 2.328329478404847 -3.3229259304049217 50.316196090449296 -0.960104124747815 1.0
movable_object.barrier 0 0 0 0 0 0 0 2.983 0.995 0.647 2.4771004888680803 -6.078742373336341 52.11797130376387 -0.9527222754837297 1.0
movable_object.barrier 0 0 0 0 0 0 0 2.954 0.936 0.565 1.4275137856569475 2.2925353845525316 2.1568361039636628 1.583737717986847 1.0
vehicle.car 0 0 0 0 0 0 0 4.906 1.851 2.054 0.6985285419618219 11.917138490343287 -5.036436695706453 -1.5967853980473965 1.0
movable_object.barrier 0 0 0 0 0 0 0 2.985 0.946 0.677 2.2865437473698225 24.332122099698296 30.470673109047294 -0.7812426633530851 1.0
vehicle.car 0 0 0 0 0 0 0 6.182 2.871 2.171 -0.1365482960626444 -5.15967306840418 -20.111701723612875 -0.060083477256430484 1.0
vehicle.car 0 0 0 0 0 0 0 4.749 1.488 1.902 0.8841512015410077 11.307824851378898 -10.525795047793007 -1.5269746326847384 1.0
vehicle.car 0 0 0 0 0 0 0 4.97 1.705 2.122 0.878336638495161 -24.934464244025765 0.2652202110210227 1.6524286876706045 1.0
movable_object.barrier 0 0 0 0 0 0 0 2.992 0.972 0.559 1.1836240160227574 17.424824974456577 1.9992843742167692 1.6002529354379398 1.0
vehicle.trailer 0 0 0 0 0 0 0 13.057 4.072 2.94 -0.6750072076112176 -18.676378005608456 -19.412171423245237 -0.026334641814232285 1.0
movable_object.barrier 0 0 0 0 0 0 0 2.976 0.975 0.603 1.1912191280305433 14.365454482149554 2.034119773954532 1.582800226411032 1.0
movable_object.barrier 0 0 0 0 0 0 0 2.99 0.953 0.644 2.3458362592397854 -0.8524680032859491 48.52552103814097 -0.960104124747815 1.0
movable_object.barrier 0 0 0 0 0 0 0 2.994 0.957 0.628 2.533762690778788 -8.595160860062188 53.85325151011079 -0.9949556516509439 1.0
movable_object.barrier 0 0 0 0 0 0 0 3.007 0.953 0.582 1.1430582847390933 -3.7690543127681106 2.0217383270174256 1.5724507747349943 1.0
movable_object.barrier 0 0 0 0 0 0 0 2.99 0.95 0.589 2.1067405318154098 27.72447418131758 25.368750416766343 -0.4408856274490418 1.0
movable_object.barrier 0 0 0 0 0 0 0 2.75 0.953 0.54 1.0465730474291408 23.38043437979192 1.744818967750382 1.6002529354379398 1.0
movable_object.barrier 0 0 0 0 0 0 0 2.984 0.933 0.618 1.1554563713091819 -9.977452389090939 2.069504563617105 1.5724507747349943 1.0
vehicle.car 0 0 0 0 0 0 0 4.309 1.645 1.961 0.9115747984739073 5.77111750272918 -7.532012042674009 1.6149830294971501 1.0
movable_object.barrier 0 0 0 0 0 0 0 2.994 0.956 0.577 1.3417382740922248 8.334985141109563 2.1808048565118394 1.5901478156899929 1.0
movable_object.barrier 0 0 0 0 0 0 0 2.948 0.928 0.43 1.3036374820477687 -25.594795567558563 2.373725543154469 1.546289192442214 1.0
vehicle.car 0 0 0 0 0 0 0 4.46 1.534 1.933 0.9740023774071055 6.746453099569976 -5.259702805152873 1.6359263028321198 1.0
