vehicle.truck 0 0 0 0 0 0 0 9.514 4.194 2.605 -0.14716560941786413 6.895276629457697 -35.87270854100869 -0.017706530023691158 1.0
vehicle.trailer 0 0 0 0 0 0 0 18.858 4.308 3.319 -0.34304444843571896 -41.08248224484368 27.18928520228979 -1.4647765158991026 1.0
vehicle.truck 0 0 0 0 0 0 0 7.981 3.81 2.9 -0.09381610338288411 3.5051103068645757 -38.834588878794584 -0.017706530023691158 1.0
vehicle.truck 0 0 0 0 0 0 0 5.925 1.974 2.194 -0.28941225093543804 -59.226880124736354 -20.525250834053786 -0.38666313555338405 1.0
vehicle.trailer 0 0 0 0 0 0 0 17.285 4.199 2.808 -0.2303672919857237 6.554581393511963 2.625677532127167 -1.472973301666224 1.0
vehicle.trailer 0 0 0 0 0 0 0 17.51 3.825 2.931 -0.7060238877906957 -39.943015837941154 14.730111905712612 -1.434617676730337 1.0
vehicle.truck 0 0 0 0 0 0 0 4.754 3.221 2.352 0.25730698147092385 -4.859071602895609 3.6255130589037057 -1.5070241891276224 1.0
vehicle.trailer 0 0 0 0 0 0 0 17.612 3.784 2.856 -0.5002704725401887 -40.729678770791224 21.070256301717475 -1.4541127116555517 1.0
vehicle.car 0 0 0 0 0 0 0 4.762 1.751 2.043 0.7858472911113807 -10.269678376078142 0.23885032295298086 -1.3885766093868046 1.0
vehicle.truck 0 0 0 0 0 0 0 10.891 3.698 3.295 0.22555183593750494 24.55884092365402 -21.13852433791438 -1.4957495211974798 1.0
vehicle.car 0 0 0 0 0 0 0 4.618 2.0 2.104 0.12118776817008226 -66.39017525921392 -9.76782156676689 -0.36483317822454353 1.0
vehicle.construction 0 0 0 0 0 0 0 7.354 3.463 3.159 0.16180379915446738 62.76569820490704 -22.379523079965008 -1.6612630752973807 1.0
vehicle.truck 0 0 0 0 0 0 0 6.712 2.0 2.379 0.5079714415790062 -16.936900138016142 -40.41908555664359 -1.4993972076616835 1.0
movable_object.trafficcone 0 0 0 0 0 0 0 0.435 0.738 0.404 1.454245031053726 -6.176705289677781 -6.7919799107562895 -2.031129882784935 1.0
vehicle.truck 0 0 0 0 0 0 0 5.029 3.877 2.758 0.4632799605208283 -1.17997754881651 24.74709214459569 -2.5409473121492274 1.0
vehicle.trailer 0 0 0 0 0 0 0 18.966 4.37 3.428 -0.362557607228943 -41.44911713238041 30.483151637935897 -1.4601863675190998 1.0
vehicle.trailer 0 0 0 0 0 0 0 18.107 4.365 2.982 -0.7514481432896318 -38.72373535489143 11.633941248163625 -1.434617676730337 1.0
vehicle.truck 0 0 0 0 0 0 0 5.687 4.044 2.612 -0.29510343800789374 41.28310862522598 2.273456653276269 -1.465590666786528 1.0
vehicle.trailer 0 0 0 0 0 0 0 12.581 4.001 2.578 -0.16800548476664603 5.392567912617061 6.040830336207594 -1.6775991618629114 1.0
vehicle.trailer 0 0 0 0 0 0 0 9.476 4.022 3.089 -0.11413952883343387 2.776282056174214 -8.373172327042141 -1.471513388246703 1.0
vehicle.car 0 0 0 0 0 0 0 4.812 2.0 2.088 0.6664400552085112 -30.777512631898478 -33.6593770945362 -1.836451126310732 1.0
vehicle.truck 0 0 0 0 0 0 0 5.185 4.074 2.588 0.2788791768679 98.01986868039131 -9.177033790386588 -1.4101423957026071 1.0
vehicle.truck 0 0 0 0 0 0 0 6.284 3.55 2.902 -0.17771345521692317 -26.672732019399774 8.414944492081116 2.874850089385479 1.0
vehicle.car 0 0 0 0 0 0 0 5.596 2.178 2.705 0.1542648756959098 -46.76605060046357 -46.76064753725445 -0.31805159125064364 1.0
vehicle.trailer 0 0 0 0 0 0 0 18.176 4.04 3.116 -0.3278844352773673 -41.05894678177184 23.980081834477332 -1.4647765158991026 1.0
vehicle.trailer 0 0 0 0 0 0 0 17.656 4.063 2.967 -0.6797608443674659 -40.32898294011985 18.04989753863914 -1.452070706794908 1.0
