vehicle.trailer 0 0 0 0 0 0 0 12.581 4.001 2.578 -0.661891848744371 -76.77680830312288 -7.947847798292042 -1.411435735012553 1.0
vehicle.trailer 0 0 0 0 0 0 0 13.372 4.149 2.784 -0.3846062741846761 28.666659996843393 12.477683763558815 -1.744004830872199 1.0
vehicle.car 0 0 0 0 0 0 0 3.689 1.912 1.871 0.8731344197813029 47.1303216784132 3.844812592547839 -1.7758916643362133 1.0
vehicle.truck 0 0 0 0 0 0 0 5.475 3.886 2.708 -0.45871857983825626 14.037774428939395 5.788755268850454 -1.720914370875116 1.0
vehicle.car 0 0 0 0 0 0 0 4.74 1.92 1.936 0.6672051407208219 -5.514193851798929 36.088871343289746 2.8946326436042753 1.0
vehicle.truck 0 0 0 0 0 0 0 5.754 3.68 2.566 0.1177091301372667 11.520190689975758 29.87883040805409 -1.7372330250096084 1.0
human.pedestrian.adult 0 0 0 0 0 0 0 0.846 1.876 0.821 0.33411915719541774 -28.733980172472354 57.78533287391363 -1.8255741407428552 1.0
human.pedestrian.adult 0 0 0 0 0 0 0 0.839 1.79 0.911 0.6031757708916479 44.50662849533814 -7.343020325804811 -1.4607100390365604 1.0
vehicle.car 0 0 0 0 0 0 0 4.762 1.751 2.043 0.7586694938804437 -19.515658316574015 -2.1014046325885163 -1.4051526424252412 1.0
vehicle.truck 0 0 0 0 0 0 0 5.835 3.799 2.86 -0.05323574571410042 10.93753577240786 33.299517779980086 -1.7546861337141095 1.0
vehicle.trailer 0 0 0 0 0 0 0 10.09 4.19 2.839 -0.1312331521302878 22.954781644240377 14.930246045354373 -1.7755484197838287 1.0
vehicle.car 0 0 0 0 0 0 0 4.661 1.485 1.786 0.6912170481006944 -8.263889344081589 35.569383972870874 2.8829971883675345 1.0
vehicle.truck 0 0 0 0 0 0 0 5.588 1.99 2.311 0.4033075615847523 48.101409104338366 -13.405899680704215 -0.22796987730859009 1.0
vehicle.trailer 0 0 0 0 0 0 0 6.722 4.014 2.672 -0.32572186450170404 -29.866431847323252 30.829804071268814 -2.7447512661064586 1.0
vehicle.trailer 0 0 0 0 0 0 0 17.032 4.697 2.864 -0.7080709059072645 -30.041414642404938 -0.41904903139674304 -1.754529055729905 1.0
vehicle.trailer 0 0 0 0 0 0 0 8.864 4.045 2.855 -0.5074432781573242 15.857377009548824 39.13647072812013 -1.682744437644243 1.0
vehicle.trailer 0 0 0 0 0 0 0 5.3 3.956 2.757 -0.7718707396548583 -34.26608611583419 29.132949776176503 -2.7447512661064586 1.0
vehicle.truck 0 0 0 0 0 0 0 6.06 2.514 2.726 0.21808194755204824 59.714294245461865 -6.144888788894628 -1.3790778155827716 1.0
vehicle.trailer 0 0 0 0 0 0 0 10.68 3.892 2.467 -0.5219627221830521 22.965500750074693 6.798778988060593 -1.7086273858034762 1.0
vehicle.trailer 0 0 0 0 0 0 0 8.66 4.008 2.926 -0.44096745405011145 19.060849093078282 27.600254685809876 -1.7546861337141095 1.0
human.pedestrian.adult 0 0 0 0 0 0 0 0.871 2.0 0.943 0.14054521351276383 -28.35191804962403 58.251062046944135 -1.8922741644776933 1.0
vehicle.truck 0 0 0 0 0 0 0 10.891 3.698 3.295 -0.367773411979827 -51.27918253929569 -29.197052130524643 -1.7619117215111917 1.0
vehicle.trailer 0 0 0 0 0 0 0 6.814 4.085 2.826 -0.5110735226019396 -25.875444632038747 31.585895210137377 -2.7447512661064586 1.0
vehicle.trailer 0 0 0 0 0 0 0 17.285 4.199 2.808 -1.0307520875017029 -75.58832809588256 -11.45101035821731 -1.75309790070901 1.0
vehicle.trailer 0 0 0 0 0 0 0 6.568 3.835 2.861 -0.7337849067451806 -38.16328063201249 27.904241766761235 -2.7447512661064586 1.0
vehicle.trailer 0 0 0 0 0 0 0 9.476 4.022 3.089 -0.6069667974832295 -75.8328697943056 -22.62429816376928 -1.2053507170360298 1.0
vehicle.trailer 0 0 0 0 0 0 0 6.168 3.643 2.849 -0.6136718828426291 -42.41486421794794 27.36431596325337 -2.7729905122543332 1.0
vehicle.truck 0 0 0 0 0 0 0 5.658 3.839 2.819 -0.06925244333905131 11.380947416390624 26.506928025006115 -1.7101108995413412 1.0
vehicle.construction 0 0 0 0 0 0 0 7.354 3.463 3.159 0.17721970935723375 -14.14820072383308 -20.306793646235224 -1.3950996957068096 1.0
vehicle.truck 0 0 0 0 0 0 0 5.839 2.136 2.316 0.7789879046428874 34.35044990603337 -11.19065174731289 -1.811548379775286 1.0
vehicle.truck 0 0 0 0 0 0 0 5.336 3.732 2.328 -0.2159687653663011 15.074353543790563 13.037241336039012 -1.7517016519354094 1.0
vehicle.trailer 0 0 0 0 0 0 0 12.543 4.127 2.833 0.24482768189062679 25.36888561829508 24.64155070804366 -1.769730715543691 1.0
vehicle.construction 0 0 0 0 0 0 0 7.246 2.671 2.468 0.33676351087554623 74.70043810461166 -2.5044238571317776 -1.7608121754171693 1.0
vehicle.car 0 0 0 0 0 0 0 4.397 1.945 1.978 0.8196428564074091 2.496688155401689 38.05121005246981 -0.29156331913257816 1.0
vehicle.trailer 0 0 0 0 0 0 0 14.886 3.906 3.408 -0.31098703173761194 -25.979216676508845 6.284862370370368 -1.8005529158151123 1.0
vehicle.trailer 0 0 0 0 0 0 0 17.114 4.443 2.765 -0.21089417281193287 26.179933161448552 4.3578515761325685 -1.7147010657223527 1.0
vehicle.car 0 0 0 0 0 0 0 4.689 1.922 2.113 0.8248963648487688 0.07459914472486326 37.50133986323628 -0.2794718844108388 1.0
vehicle.truck 0 0 0 0 0 0 0 5.185 4.074 2.588 -0.4633631330495784 15.095212095141346 2.6772453443568054 -1.7112104450300976 1.0
vehicle.truck 0 0 0 0 0 0 0 5.353 3.939 2.684 -0.09033588063310796 8.712620195470206 38.10829395022231 -1.682744437644243 1.0
human.pedestrian.adult 0 0 0 0 0 0 0 0.876 1.857 1.131 0.5775190236626309 44.655603287237206 -8.764073893655153 -1.487478659982166 1.0
