vehicle.car 0 0 0 0 0 0 0 4.545 1.784 1.973 0.6223020045790135 28.490921802767943 -11.75908193366446 -3.076253527542459 1.0
vehicle.car 0 0 0 0 0 0 0 4.809 1.834 2.224 0.6812298482726529 31.84633119085318 -11.882760337546538 -3.0816639932814347 1.0
vehicle.car 0 0 0 0 0 0 0 5.724 2.154 2.323 0.4164127594953968 16.617590120408384 -7.687305616203504 -1.5662037026208067 1.0
vehicle.car 0 0 0 0 0 0 0 5.054 1.554 2.18 1.1332175982387696 -17.91265205578559 4.194356391973055 -1.6024990472323148 1.0
vehicle.emergency.police 0 0 0 0 0 0 0 5.834 2.044 2.24 0.6190236635675831 9.282709417826082 11.751357709767285 -0.04884643825916335 1.0
vehicle.car 0 0 0 0 0 0 0 5.124 2.0 2.087 0.4922367055623781 34.37609721476591 -11.484681882634694 -3.064210878029888 1.0
human.pedestrian.adult 0 0 0 0 0 0 0 0.809 1.79 0.792 1.380072902359456 -34.81146454207885 -9.995181620658931 -1.5693103254628529 1.0
vehicle.car 0 0 0 0 0 0 0 5.063 1.728 2.092 1.0370861514781415 -24.03125182109426 4.37027301116679 -1.5567723406508014 1.0
vehicle.car 0 0 0 0 0 0 0 4.796 1.532 1.924 0.9583334613787561 3.327375786785072 4.20502342058418 -1.625369192737658 1.0
vehicle.bus.rigid 0 0 0 0 0 0 0 14.314 3.583 3.278 -0.2238096971985879 17.478366973784176 2.5146841120130943 -1.609836063478121 1.0
vehicle.car 0 0 0 0 0 0 0 5.093 1.797 2.086 1.1253130510249865 -27.79428532861905 0.5691167613604194 -1.598480010787962 1.0
vehicle.truck 0 0 0 0 0 0 0 6.421 2.165 2.802 1.1151773451974971 -33.141728407156634 -7.026784817074337 -1.5143510560018338 1.0
vehicle.truck 0 0 0 0 0 0 0 7.359 2.863 2.792 0.5617220455601142 -17.81397492378792 -7.512609254892503 -1.5787630416629854 1.0
