movable_object.barrier 0 0 0 0 0 0 0 0.61 1.109 2.996 1.6286719582675633 -42.83361270799293 4.604827886552872 0.45525359078370187 1.0
movable_object.barrier 0 0 0 0 0 0 0 0.563 1.047 4.133 2.0343372075922668 -21.81701786868587 -25.912050657392335 -1.1106558821935337 1.0
vehicle.car 0 0 0 0 0 0 0 5.476 2.0 1.864 1.574798161456848 -6.272529460625944 -23.24598332951619 -2.7061025440591493 1.0
movable_object.barrier 0 0 0 0 0 0 0 0.703 0.905 4.488 2.2100653765418774 -23.92293415622702 -30.08657903800084 -1.1106558821935337 1.0
movable_object.barrier 0 0 0 0 0 0 0 0.41 0.842 2.432 1.3535893678828739 -27.69535622810053 7.6630857758519 0.03899370287485304 1.0
movable_object.trafficcone 0 0 0 0 0 0 0 0.627 1.264 0.414 1.274972388712682 -13.129824572112334 -1.3639381495065024 -2.3010469580187047 1.0
vehicle.car 0 0 0 0 0 0 0 4.222 1.954 1.996 -0.5777140861791255 15.689510716849925 47.762489202053686 0.3580627701293162 1.0
movable_object.trafficcone 0 0 0 0 0 0 0 0.751 1.465 0.716 1.0914865708350827 -14.678847820744169 4.177198370182828 -2.274190132739345 1.0
movable_object.barrier 0 0 0 0 0 0 0 0.651 1.03 2.843 1.4923598829054852 -39.502149481481275 6.016504828530144 0.3396932782378643 1.0
vehicle.car 0 0 0 0 0 0 0 5.3 2.051 2.043 1.5174085502653896 -11.094842228017171 -19.910692786552676 -2.5802799813404373 1.0
movable_object.barrier 0 0 0 0 0 0 0 0.495 0.883 3.185 1.3570917649809036 -11.130741046718539 -3.7488218922789986 -1.6220919480817706 1.0
human.pedestrian.adult 0 0 0 0 0 0 0 0.73 1.95 0.704 0.08429849190535155 14.884157529380902 -26.25759574514086 0.23078406273859553 1.0
movable_object.barrier 0 0 0 0 0 0 0 0.58 1.065 3.221 1.8746039416738045 -50.91591992136188 0.3867457905921794 -0.5142839922971447 1.0
vehicle.car 0 0 0 0 0 0 0 6.095 1.941 2.079 0.8684163945027783 49.64049967940847 -35.3621639647239 0.5370806459927371 1.0
vehicle.car 0 0 0 0 0 0 0 4.991 2.041 1.919 0.5380944885595619 62.30374333699037 -23.977655169559966 2.0831962449219468 1.0
vehicle.car 0 0 0 0 0 0 0 4.395 1.608 1.774 1.2782889724945599 -4.75040232340241 -8.551069063723755 0.48128122103334325 1.0
vehicle.truck 0 0 0 0 0 0 0 5.538 2.549 2.045 0.4550776131045664 62.44589759118663 -41.79284016344657 0.5255374559274748 1.0
vehicle.car 0 0 0 0 0 0 0 5.183 2.186 1.925 1.510700485055224 -8.813782715647777 -21.864723621235203 0.503742604572448 1.0
movable_object.barrier 0 0 0 0 0 0 0 0.47 1.023 2.498 1.6764797491542658 -45.57193713463719 3.2231901809390044 -0.4893980864833303 1.0
vehicle.truck 0 0 0 0 0 0 0 6.39 2.768 2.064 0.7566257220904826 40.21490630047965 -30.572455278315623 0.4630815716256018 1.0
vehicle.car 0 0 0 0 0 0 0 4.236 1.615 1.786 1.2923200044423142 -2.2881726454089732 -9.430490545693964 -2.6398347681978676 1.0
vehicle.truck 0 0 0 0 0 0 0 4.497 1.942 1.913 0.2977258113093142 -44.46416825230756 33.781279366655774 0.4018611586975185 1.0
vehicle.car 0 0 0 0 0 0 0 4.639 1.822 1.845 -0.2532203207933897 -12.473928581652249 42.306347646355846 1.1593556489960086 1.0
movable_object.barrier 0 0 0 0 0 0 0 0.527 0.887 3.035 1.4765789966822755 -11.811984599983482 -6.685810149421772 -1.0899302445075456 1.0
vehicle.car 0 0 0 0 0 0 0 4.147 1.959 1.672 0.2573538185469418 5.719309518081496 43.1369808353363 0.3580627701293162 1.0
movable_object.barrier 0 0 0 0 0 0 0 0.461 0.899 3.241 1.4203285216769468 -33.61900640653233 7.552246031559035 0.08554149436347691 1.0
vehicle.truck 0 0 0 0 0 0 0 5.655 2.0 2.088 0.3474596788271472 43.592022050000885 -30.66417966643726 -2.6533669406360696 1.0
movable_object.barrier 0 0 0 0 0 0 0 0.599 0.948 2.641 1.6023470950920207 -36.693673049138276 7.005478004167618 0.30707516042720107 1.0
vehicle.car 0 0 0 0 0 0 0 4.441 1.581 1.945 0.022160001109802513 -10.087066725806443 50.011435715899104 0.35868877135166466 1.0
vehicle.car 0 0 0 0 0 0 0 4.963 2.138 1.96 1.144570713842987 -9.203964082815856 -5.822150215096504 0.4750282377713928 1.0
vehicle.car 0 0 0 0 0 0 0 5.069 1.75 1.875 1.8115637793887196 -13.951049224533783 -24.37115277339591 -2.614850595454495 1.0
vehicle.car 0 0 0 0 0 0 0 4.692 1.816 1.737 1.1553524350671325 4.635541462199891 -13.362504386086567 0.49692297276014097 1.0
movable_object.barrier 0 0 0 0 0 0 0 1.025 1.113 5.893 2.3408090859242856 -28.555057980281138 -38.857116761600594 -1.1106558821935337 1.0
vehicle.construction 0 0 0 0 0 0 0 4.448 3.002 3.147 1.1333059710868523 -43.30643485885919 -12.456852474783142 -2.23278688215374 1.0
movable_object.barrier 0 0 0 0 0 0 0 6.25 0.993 0.71 1.2693972377573717 -17.426470247630824 5.396514487465304 -1.1387423277896929 1.0
vehicle.car 0 0 0 0 0 0 0 4.634 1.918 1.78 1.1108228498079435 -0.28287322268897025 -11.233438134532522 0.5143436025804418 1.0
movable_object.barrier 0 0 0 0 0 0 0 0.545 0.941 4.714 1.5126910734846033 -13.733064185948933 -10.332277226236853 -1.0899302445075456 1.0
vehicle.car 0 0 0 0 0 0 0 5.051 1.654 1.722 1.793159426453404 -3.717968225384037 -24.316266120814113 0.4405845677512392 1.0
movable_object.barrier 0 0 0 0 0 0 0 0.871 0.954 3.774 2.303651167036619 -26.066554058563067 -34.25250119451378 -1.1106558821935337 1.0
movable_object.barrier 0 0 0 0 0 0 0 0.468 0.908 2.993 1.8875325232619353 -18.094804178285536 -18.633943030566883 -1.0932100391097102 1.0
movable_object.barrier 0 0 0 0 0 0 0 0.555 0.96 2.918 1.398109804508303 -30.555299670668102 7.719534301403659 0.037761285447672766 1.0
movable_object.trafficcone 0 0 0 0 0 0 0 0.409 1.339 0.398 1.1603468100308734 -26.055809204293478 7.721351293616858 -1.261552678717127 1.0
vehicle.truck 0 0 0 0 0 0 0 5.287 3.112 2.961 1.3465186405667338 -19.885536119843394 -49.238797320241396 -1.0646219070040495 1.0
vehicle.car 0 0 0 0 0 0 0 6.065 2.238 2.044 0.5620690125695279 59.354179360146695 -40.4206269073178 0.4674004525597528 1.0
vehicle.car 0 0 0 0 0 0 0 4.891 2.021 1.832 1.542150147992781 -1.426106070101488 -24.949530049449063 -2.691260524784818 1.0
movable_object.barrier 0 0 0 0 0 0 0 0.532 0.966 5.061 1.8465381495358 -16.267164138962386 -15.098912995618607 -1.0899302445075456 1.0
movable_object.barrier 0 0 0 0 0 0 0 0.686 1.246 2.71 1.8765503464585305 -53.86319358102204 -1.3102804869243354 -0.5106076162893949 1.0
movable_object.barrier 0 0 0 0 0 0 0 0.532 0.843 4.246 2.014966361970493 -19.781332418404425 -22.044090404513213 -1.1106558821935337 1.0
vehicle.car 0 0 0 0 0 0 0 4.5 1.803 1.896 1.303378226170918 30.64744037062766 -24.133103883928 -2.6776746296698146 1.0
vehicle.trailer 0 0 0 0 0 0 0 11.632 4.94 3.409 1.0804336434702646 -11.363099017800796 -54.30027009168341 -1.077561301941115 1.0
vehicle.car 0 0 0 0 0 0 0 4.582 1.844 2.087 -0.07082605883639972 -6.6948511974297285 38.07573576148942 2.7174927237429003 1.0
vehicle.car 0 0 0 0 0 0 0 4.153 2.0 2.007 1.6563989546923392 -3.421769027734388 -29.580485304005087 -2.6037946143691943 1.0
movable_object.barrier 0 0 0 0 0 0 0 0.549 1.161 2.682 1.6056584119190904 -48.00792100832733 1.9394877600821208 -0.4968633700236431 1.0
vehicle.car 0 0 0 0 0 0 0 4.658 1.782 1.706 0.20764066654126437 0.3579354293922369 41.29253200610593 0.3580627701293162 1.0
vehicle.emergency.police 0 0 0 0 0 0 0 4.898 1.741 1.957 1.04788350978401 23.664170927122917 -21.676793779459665 -2.6427723730808 1.0
vehicle.car 0 0 0 0 0 0 0 4.031 1.129 1.744 -0.03711884576875251 -4.8350260355031836 39.825739244586515 0.3928517042390567 1.0
vehicle.car 0 0 0 0 0 0 0 4.121 1.52 1.737 1.3924435663228263 9.269437084939957 -15.825739688088753 -2.5758474069490767 1.0
vehicle.car 0 0 0 0 0 0 0 6.271 2.956 2.69 1.5063092562525542 -5.23447551320542 -42.301082706641104 -1.0426706943975326 1.0
