vehicle.truck 0 0 0 0 0 0 0 6.39 2.768 2.064 -0.012734579816253255 40.91321431443811 -16.921402320800638 0.1499980396052436 1.0
movable_object.barrier 0 0 0 0 0 0 0 0.563 1.047 4.133 1.808161352308684 -19.430862508851906 -32.00279533833246 -1.4268483086436943 1.0
movable_object.barrier 0 0 0 0 0 0 0 0.532 0.843 4.246 1.9922187723205893 -18.67573788414036 -27.576041260309413 -1.4268483086436943 1.0
movable_object.barrier 0 0 0 0 0 0 0 0.41 0.842 2.432 1.4965994389449224 -35.44884743420433 -1.7898273757947363 0.29410251795689213 1.0
movable_object.barrier 0 0 0 0 0 0 0 0.549 1.161 2.682 2.008654995912054 -52.96575788356862 -13.54933971328276 -0.8128672651745585 1.0
movable_object.barrier 0 0 0 0 0 0 0 0.495 0.883 3.185 1.4219293045587276 -16.15241053703653 -7.492694676079027 -1.9382958352808002 1.0
vehicle.car 0 0 0 0 0 0 0 4.891 2.021 1.832 1.290055337530344 -0.33166216463222076 -24.662044261718172 -3.000172588400968 1.0
movable_object.barrier 0 0 0 0 0 0 0 0.651 1.03 2.843 1.877399962448672 -46.23006077122781 -7.091531530393292 0.6685136789586634 1.0
vehicle.truck 0 0 0 0 0 0 0 5.655 2.0 2.088 -0.3210633907221372 44.26315542031624 -16.294127316107314 -2.9904919627347324 1.0
vehicle.truck 0 0 0 0 0 0 0 5.287 3.112 2.961 1.3500044828644056 -10.209862926458012 -53.55779816794189 -1.383889928542466 1.0
movable_object.barrier 0 0 0 0 0 0 0 0.58 1.065 3.221 2.1354236067461954 -55.1666548467152 -16.00719371157464 -0.8651788372791422 1.0
vehicle.car 0 0 0 0 0 0 0 5.3 2.051 2.043 1.4668215273184846 -11.100247407818967 -22.800886940487935 -2.8877411140628535 1.0
human.pedestrian.adult 0 0 0 0 0 0 0 0.73 1.95 0.704 -0.2827375538896201 15.53998931534985 -20.64600519085709 0.09418728147701882 1.0
vehicle.truck 0 0 0 0 0 0 0 5.538 2.549 2.045 -0.3512451427149555 65.56735715844749 -20.608864893626485 0.21135336546187045 1.0
vehicle.car 0 0 0 0 0 0 0 4.692 1.816 1.737 1.0766980538890887 1.861562542826142 -11.731959147840886 0.18314434135435675 1.0
vehicle.car 0 0 0 0 0 0 0 4.582 1.844 2.087 0.2989987881353157 -25.008415090541234 33.59120260014824 2.401344807343067 1.0
movable_object.barrier 0 0 0 0 0 0 0 0.468 0.908 2.993 1.9140559542264777 -18.133491601529617 -23.809135163409465 -1.409401309763961 1.0
vehicle.car 0 0 0 0 0 0 0 4.395 1.608 1.774 1.386291625370198 -8.59214474197707 -10.08781048541673 0.16778712245590466 1.0
movable_object.barrier 0 0 0 0 0 0 0 0.527 0.887 3.035 1.5409246433172676 -15.882464536041107 -10.496354155097857 -1.4061212884056502 1.0
vehicle.car 0 0 0 0 0 0 0 4.639 1.822 1.845 0.8428557912162976 -31.74492971778011 35.88573375861973 0.8434638796999545 1.0
vehicle.car 0 0 0 0 0 0 0 4.147 1.959 1.672 0.12485381297355175 -14.742072588589878 42.3131575507457 0.6738574405605013 1.0
vehicle.car 0 0 0 0 0 0 0 5.183 2.186 1.925 1.40696358110342 -8.321582504892918 -23.983643628704968 0.18271294641660996 1.0
vehicle.car 0 0 0 0 0 0 0 5.476 2.0 1.864 1.4255200887775956 -5.463307027914363 -24.47005390175185 -3.0222852418418844 1.0
movable_object.barrier 0 0 0 0 0 0 0 0.461 0.899 3.241 1.5970325747246485 -41.044795236202525 -3.739096824216439 0.39762546597710147 1.0
vehicle.car 0 0 0 0 0 0 0 4.236 1.615 1.786 1.364839529222465 -5.947422247262453 -10.24822162443666 -2.967653198591293 1.0
vehicle.car 0 0 0 0 0 0 0 5.069 1.75 1.875 1.7014092129252898 -12.41420800725804 -27.972862884059577 -2.931036023428077 1.0
vehicle.emergency.police 0 0 0 0 0 0 0 4.941 2.144 2.051 -0.14029274848901185 33.397711875382335 -15.097794357955944 -2.960841646368398 1.0
vehicle.construction 0 0 0 0 0 0 0 4.448 3.002 3.147 1.4671853398730146 -44.02441013876872 -25.76163892834263 -2.5489821486783697 1.0
movable_object.trafficcone 0 0 0 0 0 0 0 0.627 1.264 0.414 1.328745874199001 -18.794481585797428 -5.845899782473204 -2.617240660677062 1.0
vehicle.car 0 0 0 0 0 0 0 4.991 2.041 1.919 -0.11562558709755288 59.75819635900183 -4.082667017793234 1.7601146711340494 1.0
vehicle.car 0 0 0 0 0 0 0 4.963 2.138 1.96 1.3006651076652647 -13.117850977139696 -6.4609814058384005 0.23031662536771202 1.0
vehicle.car 0 0 0 0 0 0 0 5.051 1.654 1.722 1.6050884139957629 -2.705332491885168 -24.740563929648804 0.12817872534295205 1.0
vehicle.car 0 0 0 0 0 0 0 6.271 2.956 2.69 1.2494319992062943 1.5073260447603416 -42.311704233233236 -1.3588581090372074 1.0
movable_object.trafficcone 0 0 0 0 0 0 0 0.751 1.465 0.716 1.1958772583120536 -22.023594432591732 -1.1106742172462218 -2.590384461357953 1.0
movable_object.barrier 0 0 0 0 0 0 0 0.555 0.96 2.918 1.566186857962 -38.18180086137044 -2.634713851041878 0.34014455725401405 1.0
movable_object.barrier 0 0 0 0 0 0 0 0.599 0.948 2.641 1.821680555450635 -43.791832472927 -5.220199354362139 0.6227268125042373 1.0
movable_object.barrier 0 0 0 0 0 0 0 0.61 1.109 2.996 1.937132639172663 -48.79072749140135 -9.362728341664125 0.7712123990074713 1.0
vehicle.car 0 0 0 0 0 0 0 4.5 1.803 1.896 0.8637476508100705 29.771570550054236 -14.70729344205029 -2.9938581938328177 1.0
vehicle.car 0 0 0 0 0 0 0 6.065 2.238 2.044 -0.06753069249596144 62.17981923642394 -20.40078092598317 0.1669849603341853 1.0
vehicle.car 0 0 0 0 0 0 0 4.634 1.918 1.78 1.1274857238538192 -3.277351319165853 -11.274008351788193 0.2037411475446418 1.0
movable_object.barrier 0 0 0 0 0 0 0 6.25 0.993 0.71 1.4307534536782722 -24.979605723673064 -0.7563418593529646 -1.4549364469412112 1.0
vehicle.car 0 0 0 0 0 0 0 4.658 1.782 1.706 0.2497266468846127 -19.25996088083233 38.896146846318544 0.6738574405605013 1.0
vehicle.emergency.police 0 0 0 0 0 0 0 4.898 1.741 1.957 0.8455010397694309 22.515723322286604 -13.612599846342759 -2.958956981282011 1.0
vehicle.car 0 0 0 0 0 0 0 4.153 2.0 2.007 1.3677816122328192 -0.7344773027618058 -29.61222199496323 -2.9199803631674097 1.0
vehicle.car 0 0 0 0 0 0 0 6.095 1.941 2.079 0.25181236142971497 51.39753634194419 -18.684451820794433 0.22276445294168523 1.0
movable_object.barrier 0 0 0 0 0 0 0 0.47 1.023 2.498 1.949579386858707 -51.03365474220789 -11.58058032636951 -0.8128672651745585 1.0
movable_object.barrier 0 0 0 0 0 0 0 0.545 0.941 4.714 1.490299910315268 -16.576636022811662 -14.559618985669905 -1.4061212884056502 1.0
vehicle.car 0 0 0 0 0 0 0 4.121 1.52 1.737 1.257917365384319 6.99561146886116 -12.430937106163551 -2.9094845427620744 1.0
vehicle.trailer 0 0 0 0 0 0 0 11.632 4.94 3.409 0.6046536184643587 -1.2619382336454024 -55.619581081027896 -1.393751462617697 1.0
