vehicle.car 0 0 0 0 0 0 0 4.375 1.662 1.708 1.607968662399748 23.340974186836803 -15.252237260677795 0.0642549518888278 1.0
vehicle.car 0 0 0 0 0 0 0 4.759 2.775 2.177 -0.17561060664005052 74.85794972048024 25.9142324915008 0.06336173961009672 1.0
vehicle.car 0 0 0 0 0 0 0 3.823 1.773 1.695 1.945959872125192 -19.161042566350346 -16.013354764058395 0.024766830373534 1.0
movable_object.barrier 0 0 0 0 0 0 0 0.209 1.253 1.643 0.8914533979446313 62.551616647780634 8.06456373508128 1.624744408099005 1.0
vehicle.car 0 0 0 0 0 0 0 4.031 1.775 1.744 0.6495420697630385 -60.01777863749769 0.19734082540750705 -1.4845627550849194 1.0
vehicle.trailer 0 0 0 0 0 0 0 8.109 4.232 3.13 -0.5007454186019472 -1.4502573337067206 23.078792397021267 -3.0772342579496037 1.0
vehicle.car 0 0 0 0 0 0 0 4.723 2.083 2.042 1.4316128972735203 2.843502697716248 -16.732935135599398 0.08065010136233575 1.0
vehicle.truck 0 0 0 0 0 0 0 4.056 3.404 3.207 0.0678971252781584 22.217471297537585 17.405747703466567 -3.126605868155087 1.0
vehicle.trailer 0 0 0 0 0 0 0 5.322 3.623 2.484 -0.22267267955160058 7.16960567013805 29.976634476015708 -3.090427943365839 1.0
vehicle.truck 0 0 0 0 0 0 0 4.028 3.356 2.363 0.11626187331661832 25.911906184222435 17.71079969771284 -3.090427943365839 1.0
vehicle.truck 0 0 0 0 0 0 0 9.695 3.924 2.746 0.5901447006710865 18.136663994960013 -17.02619408361854 0.04860208630919871 1.0
vehicle.truck 0 0 0 0 0 0 0 8.029 3.633 4.363 -0.23154040476076881 74.68369423243213 8.932591614289729 3.117870978393457 1.0
vehicle.trailer 0 0 0 0 0 0 0 15.689 4.763 3.023 -0.5778036477645884 10.542410601248077 24.750704425575282 -3.090427943365839 1.0
vehicle.truck 0 0 0 0 0 0 0 5.433 5.201 3.703 0.0736417740270709 36.36545662535269 -16.25265677688483 0.16530644215907975 1.0
vehicle.trailer 0 0 0 0 0 0 0 13.893 4.645 3.7 -0.16598762722082933 -20.689358112801695 25.976185782969356 -3.0640231209137525 1.0
vehicle.truck 0 0 0 0 0 0 0 5.338 1.829 2.077 0.9398710770313321 65.37769915545631 -15.818002697112899 0.025238306255251697 1.0
vehicle.car 0 0 0 0 0 0 0 4.963 2.138 1.96 0.793999508734747 -31.203963101818367 -4.196877230648481 1.2517985897775699 1.0
vehicle.trailer 0 0 0 0 0 0 0 9.801 4.501 2.836 -0.43489845043886083 22.664652114306513 24.93970655165223 -3.090427943365839 1.0
movable_object.barrier 0 0 0 0 0 0 0 0.299 1.328 2.035 0.8767542808658546 62.560280544453036 6.19977906310125 1.554941656143722 1.0
vehicle.trailer 0 0 0 0 0 0 0 9.179 2.553 2.919 0.9046756062425712 -12.718439156555009 26.78491208615093 -3.089485537298607 1.0
vehicle.car 0 0 0 0 0 0 0 5.755 2.892 2.015 1.050489580999064 -3.670579360038454 -13.861208483804383 -3.1374435390448667 1.0
vehicle.truck 0 0 0 0 0 0 0 4.969 3.183 2.317 0.9914485063229994 10.68588249031806 -14.801756351144205 0.05419858201931982 1.0
vehicle.car 0 0 0 0 0 0 0 4.445 1.87 1.814 1.7779128300107139 -16.269524375975543 -15.678025453725455 0.024766830373534 1.0
vehicle.truck 0 0 0 0 0 0 0 3.739 3.689 3.149 -0.03404736872507362 -17.202114184370604 12.95289808163173 -1.4683438756155107 1.0
vehicle.trailer 0 0 0 0 0 0 0 10.726 4.687 2.638 -0.3710483738848273 26.332344507306058 25.451587082692097 -3.090427943365839 1.0
vehicle.car 0 0 0 0 0 0 0 4.622 1.899 1.785 0.4408389144119565 -60.0199937519916 2.765422616592192 1.6702212654668278 1.0
vehicle.trailer 0 0 0 0 0 0 0 12.158 4.283 3.129 -0.29790284622261765 2.7476609517921857 23.553048613748654 -3.0787123377182297 1.0
vehicle.car 0 0 0 0 0 0 0 4.991 2.041 1.919 0.5971260068448644 -60.23634268961755 -2.473080173511909 1.5761756298902387 1.0
vehicle.car 0 0 0 0 0 0 0 4.495 1.837 1.966 1.4715714826544801 29.08851011223298 -16.631632996366772 3.1319547149869846 1.0
movable_object.barrier 0 0 0 0 0 0 0 2.134 1.44 0.528 0.8764653238576052 62.79147971889259 13.75857796625 -3.116024915438711 1.0
vehicle.car 0 0 0 0 0 0 0 3.996 1.581 1.562 1.645858524940764 32.45476026966721 -16.10225231626432 0.026024221226206734 1.0
vehicle.car 0 0 0 0 0 0 0 4.616 1.541 1.822 1.2112636801176502 80.29395861044944 -14.777278945909677 2.990768331503766 1.0
vehicle.car 0 0 0 0 0 0 0 4.893 1.939 1.801 1.4833284643095177 -6.950682129364813 -15.378048397491131 -3.085087642114127 1.0
vehicle.car 0 0 0 0 0 0 0 4.585 1.902 1.845 1.5438302099545373 -0.6550622435762359 -14.721133796924516 -3.082260423811161 1.0
vehicle.car 0 0 0 0 0 0 0 4.909 1.873 1.996 0.7084878819869771 -17.534736727386914 7.027015814380255 -1.4998767260943975 1.0
vehicle.trailer 0 0 0 0 0 0 0 14.095 4.889 3.136 -0.4718230743681328 -8.16233204490496 12.022835017884152 -1.4765027395098462 1.0
movable_object.barrier 0 0 0 0 0 0 0 0.457 1.402 2.15 0.909384495998992 62.76990870729833 11.611801541103524 1.5723922764513647 1.0
vehicle.truck 0 0 0 0 0 0 0 8.057 3.881 2.405 0.5435891646430695 7.090787390972396 -16.591014084600058 0.034710671404106996 1.0
vehicle.truck 0 0 0 0 0 0 0 5.538 2.549 2.045 0.6038174042272344 -51.926843346622626 -17.96322933011997 0.05180149646172616 1.0
vehicle.trailer 0 0 0 0 0 0 0 5.291 3.337 2.133 -0.6430831916603481 19.07837953905825 29.334027333018128 -3.090427943365839 1.0
vehicle.truck 0 0 0 0 0 0 0 3.779 4.011 2.593 -0.14892067548178717 -33.55375136030151 18.52857595881496 -3.046571157370497 1.0
movable_object.barrier 0 0 0 0 0 0 0 0.271 1.298 1.874 0.9081030097545395 62.65541348281555 9.601865919904748 1.5898429429190237 1.0
vehicle.car 0 0 0 0 0 0 0 5.132 1.367 2.06 1.5973053456952717 -13.317913913809868 -16.36300254549077 0.024766830373534 1.0
vehicle.truck 0 0 0 0 0 0 0 6.204 4.254 2.647 -0.31317511571726314 41.30946815675456 -3.9003178618787095 -1.5834881673669576 1.0
vehicle.truck 0 0 0 0 0 0 0 3.604 3.113 2.564 -0.40674240050740873 -41.78295080719591 17.548228356514322 -3.064599035784563 1.0
vehicle.trailer 0 0 0 0 0 0 0 13.937 4.505 3.14 -0.22384349253807576 -32.707861026256495 27.169377895802736 -3.0496912451680016 1.0
vehicle.trailer 0 0 0 0 0 0 0 14.433 4.732 3.32 -0.5758197599565182 -40.92210410174358 26.746661201093485 -3.053857664420974 1.0
vehicle.car 0 0 0 0 0 0 0 5.217 1.602 1.808 1.5850111433331457 -10.088591161648091 -14.551760591758951 0.06165361674142256 1.0
vehicle.trailer 0 0 0 0 0 0 0 14.074 4.824 3.5 -0.05524906131327684 -16.847282123206273 25.02204215636218 -3.0814750853567556 1.0
