vehicle.car 0 0 0 0 0 0 0 5.17 2.0 2.45 0.43685836236908493 -26.440073449315225 12.736243574877589 1.545774312978872 1.0
vehicle.truck 0 0 0 0 0 0 0 5.458 1.806 2.438 1.7653927750671234 -18.390360159020943 -35.13945863676986 1.5880233678304725 1.0
vehicle.car 0 0 0 0 0 0 0 4.923 2.0 2.098 -0.23952571219739127 86.71577242957746 -18.08052935831442 2.2702013069256584 1.0
vehicle.car 0 0 0 0 0 0 0 5.593 2.0 2.414 0.2051970439731512 1.9362728685891686 19.972690332777237 -1.545812253684148 1.0
vehicle.car 0 0 0 0 0 0 0 5.245 1.909 2.173 0.9778544309118917 -20.09111825781258 1.2606187016903725 1.570101084891946 1.0
vehicle.car 0 0 0 0 0 0 0 4.75 2.0 2.016 0.5675500900597279 -50.276810060768575 13.795994672311988 -1.575688472469297 1.0
vehicle.car 0 0 0 0 0 0 0 5.157 2.0 2.073 0.6318963515910903 -0.9719282910082677 13.694415990555838 -1.596071377828184 1.0
human.pedestrian.adult 0 0 0 0 0 0 0 0.745 2.0 0.71 1.1640259261675185 -20.348878737570754 -11.564823774475098 -1.5253945785808076 1.0
vehicle.car 0 0 0 0 0 0 0 5.218 2.451 2.384 0.6490974976413362 -59.66213801767791 0.6185937464247266 1.5592814208791888 1.0
vehicle.car 0 0 0 0 0 0 0 5.161 1.835 2.224 0.3745844528072366 19.017245942844593 7.830943722742745 1.5939218490785247 1.0
vehicle.car 0 0 0 0 0 0 0 4.99 1.732 2.288 0.5241347868624434 18.348578320473624 13.508089071276295 1.5850392262295285 1.0
vehicle.car 0 0 0 0 0 0 0 5.034 1.591 2.144 1.7041210758614562 -17.48837416714282 -29.00806303304857 -1.5706974606778266 1.0
vehicle.car 0 0 0 0 0 0 0 4.992 1.549 1.981 0.5652657804549714 19.48849432537894 10.640700757300163 1.5850392262295285 1.0
vehicle.car 0 0 0 0 0 0 0 4.838 1.511 1.952 1.9023220103811924 -17.445539330099788 -32.37518622151233 1.5966442267215424 1.0
vehicle.car 0 0 0 0 0 0 0 4.83 1.74 1.972 0.7993297191010986 -27.213347026421 9.991960883444547 1.5778144677625026 1.0
vehicle.truck 0 0 0 0 0 0 0 8.911 3.595 3.102 -0.48349667414243924 -26.23314626361733 15.963554800431602 -1.5814647872039576 1.0
vehicle.bus.bendy 0 0 0 0 0 0 0 10.573 3.37 3.061 -0.8796069067927068 60.144977955343236 2.444201335955648 1.0697559913190569 1.0
vehicle.car 0 0 0 0 0 0 0 5.144 1.874 2.364 0.5695682121697246 -0.579112306672528 8.108156078460217 -1.596071377828184 1.0
vehicle.bus.bendy 0 0 0 0 0 0 0 8.852 3.492 2.986 -0.6132739308023567 52.03996159903686 -0.33105281635301664 1.532339991583335 1.0
