vehicle.car 0 0 0 0 0 0 0 6.065 2.238 2.044 0.6644739206344743 -21.100512704547622 -8.045535031903928 0.20648336157619518 1.0
vehicle.car 0 0 0 0 0 0 0 6.095 1.941 2.079 0.8353846248446294 -31.468361488901248 -5.18433124399155 0.2762899009062325 1.0
vehicle.trailer 0 0 0 0 0 0 0 10.726 4.687 2.638 0.1510923447078522 68.68284459524831 16.55107795311215 -2.8712740858282206 1.0
vehicle.truck 0 0 0 0 0 0 0 3.604 3.113 2.564 -0.09746955151025521 0.7235437010885343 24.008098602192145 -2.862896517018873 1.0
vehicle.car 0 0 0 0 0 0 0 4.347 2.038 1.856 -0.4960722117053652 -16.57463488716382 43.93709906504055 0.3658030214481691 1.0
vehicle.truck 0 0 0 0 0 0 0 9.253 3.777 3.084 -0.22593816579738632 19.49201275050473 31.78551934150248 -2.862320559100045 1.0
vehicle.truck 0 0 0 0 0 0 0 4.028 3.356 2.363 -0.310988505510196 66.87250586375748 9.148448422659818 -2.8887273544117704 1.0
vehicle.trailer 0 0 0 0 0 0 0 13.937 4.505 3.14 -0.7712102440344277 11.270674254632896 31.527779750068685 -2.8887119050459065 1.0
vehicle.trailer 0 0 0 0 0 0 0 14.074 4.824 3.5 -0.4985072768469383 26.543773174843086 26.313619945731833 -2.879773827654896 1.0
vehicle.truck 0 0 0 0 0 0 0 8.057 3.881 2.405 0.6910348710176589 40.62926403870614 -20.11873964973228 0.22615094179352146 1.0
vehicle.truck 0 0 0 0 0 0 0 9.391 3.743 2.584 -0.712753780219077 15.595520543313713 33.1757999019849 -2.843894489734655 1.0
vehicle.car 0 0 0 0 0 0 0 3.823 1.773 1.695 1.4085780049549628 15.055889427753357 -13.558308196023331 0.20404021450010879 1.0
vehicle.car 0 0 0 0 0 0 0 4.622 1.899 1.785 0.5589518264203062 -20.24655184795524 13.961324511044054 1.9299602055472072 1.0
vehicle.car 0 0 0 0 0 0 0 4.278 2.0 1.926 0.039573389601875814 -12.800533673364676 32.85194846535086 -2.870331609376617 1.0
vehicle.car 0 0 0 0 0 0 0 5.132 1.367 2.06 1.5757747314237673 20.706378345413466 -15.403064615190742 0.1575059322177248 1.0
vehicle.truck 0 0 0 0 0 0 0 9.044 4.333 2.887 -0.6921273007693888 8.06272495997009 34.496839737835195 -2.8187586897894636 1.0
vehicle.car 0 0 0 0 0 0 0 4.909 1.873 1.996 0.7033017873592247 21.606179341201813 8.624270633018845 -1.2456603548114416 1.0
vehicle.car 0 0 0 0 0 0 0 4.5 1.803 1.896 1.2829233746065658 -53.08774498143619 0.07097459583973174 -2.9375790535065285 1.0
vehicle.trailer 0 0 0 0 0 0 0 13.893 4.645 3.7 -0.8569338412836982 22.86873903091457 28.587041252675395 -2.862320559100045 1.0
vehicle.truck 0 0 0 0 0 0 0 9.695 3.924 2.746 0.26963660011833623 51.259128361673035 -23.02994180221179 0.2785063127160474 1.0
vehicle.truck 0 0 0 0 0 0 0 6.39 2.768 2.064 0.4359329205549007 -41.95936646113569 -2.8245467181312054 0.20215550618135447 1.0
vehicle.truck 0 0 0 0 0 0 0 3.779 4.011 2.593 -0.4933657198834578 8.934456139811337 23.215746945731414 -2.879773827654896 1.0
vehicle.truck 0 0 0 0 0 0 0 4.969 3.183 2.317 1.3180557866414864 44.07437299626713 -18.987519935483746 0.2756238504641737 1.0
vehicle.truck 0 0 0 0 0 0 0 3.739 3.689 3.149 -0.19638233029569166 23.508901695106168 14.162581939941798 -1.2664820514996453 1.0
vehicle.car 0 0 0 0 0 0 0 4.963 2.138 1.96 0.4436400559796337 -34.578876632159584 5.4871346691960134 1.7814093953710444 1.0
vehicle.trailer 0 0 0 0 0 0 0 10.089 4.359 3.256 -0.773913415363963 33.08988058681912 22.33480326112069 -2.8406261463931717 1.0
vehicle.car 0 0 0 0 0 0 0 5.217 1.602 1.808 1.3690357757784402 24.17444767268763 -14.181272838561757 0.22332381159614112 1.0
vehicle.emergency.police 0 0 0 0 0 0 0 4.898 1.741 1.957 0.3310548886510014 -60.39669403209544 0.9941447645041265 -2.885219247481576 1.0
vehicle.truck 0 0 0 0 0 0 0 5.538 2.549 2.045 0.7814166775163245 -17.101183100704773 -8.027338564137418 0.2647279318285527 1.0
vehicle.trailer 0 0 0 0 0 0 0 9.801 4.501 2.836 0.008934813640373906 64.78348159681619 17.82649962566577 -2.8999473128151596 1.0
vehicle.car 0 0 0 0 0 0 0 4.893 1.939 1.801 1.3245799065356865 26.99893244246787 -15.782834408083788 -2.8310268487550907 1.0
vehicle.truck 0 0 0 0 0 0 0 5.433 5.201 3.703 0.87671733263266 69.98181935903521 -25.00901072508897 0.40201725902947016 1.0
vehicle.car 0 0 0 0 0 0 0 4.991 2.041 1.919 0.5172067423226635 -21.715813620732476 8.796579774756617 1.7951769076390258 1.0
vehicle.car 0 0 0 0 0 0 0 4.398 1.75 1.85 2.5313576932426307 -8.628934908079207 -81.16416664003938 0.19545435953991142 1.0
vehicle.truck 0 0 0 0 0 0 0 4.056 3.404 3.207 -0.4575138433422554 62.877910489607316 9.60087755765355 -2.924907980397929 1.0
vehicle.trailer 0 0 0 0 0 0 0 8.109 4.232 3.13 -0.5963800606640843 40.83338363341382 20.824718337896787 -2.875532683415172 1.0
vehicle.car 0 0 0 0 0 0 0 4.518 1.648 2.105 0.45938359350646185 -17.87623331245375 22.048206865032647 1.8664868389366216 1.0
vehicle.truck 0 0 0 0 0 0 0 4.1 3.673 2.628 -0.2251416636967502 19.907708497208716 19.662427433422422 -2.879773827654896 1.0
vehicle.trailer 0 0 0 0 0 0 0 12.158 4.283 3.129 -0.02765076473460973 44.90026178156536 20.138928927042706 -2.8770108736157436 1.0
vehicle.car 0 0 0 0 0 0 0 4.445 1.87 1.814 1.4255060512340416 17.93859101479889 -14.016716312546786 0.12987885035468194 1.0
vehicle.car 0 0 0 0 0 0 0 5.755 2.892 2.015 0.7305281079952349 30.459048266995612 -14.997714709246026 -2.8833866542766824 1.0
vehicle.motorcycle 0 0 0 0 0 0 0 2.497 1.492 0.792 1.3031887664412385 5.252734192591934 -15.185247513800851 0.7704400389284114 1.0
vehicle.car 0 0 0 0 0 0 0 4.031 1.775 1.744 0.6382101700427946 -20.97785349330927 11.42344901794571 -1.300156819145215 1.0
vehicle.truck 0 0 0 0 0 0 0 5.655 2.0 2.088 0.8502086365799877 -38.8539891703602 -3.4052019627016006 -2.899305772093814 1.0
vehicle.trailer 0 0 0 0 0 0 0 14.433 4.732 3.32 -0.76135856725465 3.4758309682625903 33.14311689301823 -2.852154342610701 1.0
vehicle.trailer 0 0 0 0 0 0 0 14.095 4.889 3.136 -0.3889822007798027 32.05714064830467 11.296314316548921 -1.2589343568978073 1.0
human.pedestrian.adult 0 0 0 0 0 0 0 0.878 1.752 0.849 -0.7398084366569974 -26.660718991978914 38.10915113431543 0.2674940872714098 1.0
