vehicle.car 0 0 0 0 0 0 0 4.582 1.844 2.087 0.8210869622844681 19.47728144674794 33.71914640177709 -2.9892422385199193 1.0
vehicle.car 0 0 0 0 0 0 0 4.153 2.0 2.007 1.0314871302659971 -14.648232460104266 -24.761104395928317 -2.027266902551659 1.0
movable_object.barrier 0 0 0 0 0 0 0 0.549 1.161 2.682 1.4647295839608385 -34.81998025037335 25.94941909833351 -0.08224809046064152 1.0
movable_object.barrier 0 0 0 0 0 0 0 0.47 1.023 2.498 1.5432923241653194 -32.08649061426701 25.71566857929531 -0.09694846748036845 1.0
vehicle.car 0 0 0 0 0 0 0 4.963 2.138 1.96 0.8986444649861902 -10.022538638737814 -3.7112446696201524 1.0506851026835164 1.0
movable_object.barrier 0 0 0 0 0 0 0 0.555 0.96 2.918 1.4524591269194957 -17.03685585405996 21.28453634084368 0.5546034862503104 1.0
movable_object.barrier 0 0 0 0 0 0 0 0.599 0.948 2.641 1.5601090353804814 -22.576568858546178 24.02764121035432 0.27144832368595884 1.0
movable_object.barrier 0 0 0 0 0 0 0 0.545 0.941 4.714 1.285815326652931 -12.781417117503223 -3.0226880174257156 -0.5132995160073399 1.0
vehicle.car 0 0 0 0 0 0 0 4.639 1.822 1.845 0.3100913214192978 16.99692722565991 40.43049502876314 1.7355623033027259 1.0
vehicle.car 0 0 0 0 0 0 0 6.271 2.956 2.69 0.4837189069536487 -23.086740388327947 -34.449352995073326 -0.4660461862173353 1.0
vehicle.truck 0 0 0 0 0 0 0 6.39 2.768 2.064 0.43734897941456174 21.377945231768233 -49.505330829003995 1.0387141248208938 1.0
vehicle.car 0 0 0 0 0 0 0 4.147 1.959 1.672 0.8792348757987766 32.68747046934818 31.203421693601086 0.22035840969707943 1.0
vehicle.car 0 0 0 0 0 0 0 5.476 2.0 1.864 1.031921143256358 -13.570071040200396 -17.913696436396272 -2.1295828196719713 1.0
movable_object.barrier 0 0 0 0 0 0 0 0.662 1.024 2.711 1.0824605696332366 -48.58650775414316 26.89774915091786 -0.08224809046064152 1.0
vehicle.car 0 0 0 0 0 0 0 4.121 1.52 1.737 1.1514950929222052 3.3812833599153707 -20.278535558246677 -1.9993175052168866 1.0
vehicle.car 0 0 0 0 0 0 0 4.634 1.918 1.78 0.8481581289004053 -1.9932652383426261 -11.106619561508712 1.0900723262086398 1.0
vehicle.truck 0 0 0 0 0 0 0 5.287 3.112 2.961 0.017134943074832987 -39.121813835605764 -32.113397527805446 -0.48491589769355414 1.0
vehicle.emergency.police 0 0 0 0 0 0 0 4.898 1.741 1.957 0.8753681493897781 12.456154982298608 -32.8763931915239 -2.054612722970198 1.0
vehicle.construction 0 0 0 0 0 0 0 4.448 3.002 3.147 0.3809947316019744 -38.722032812904956 11.32780699265159 -1.6562295755854377 1.0
movable_object.barrier 0 0 0 0 0 0 0 0.61 1.109 2.996 1.5172281910842274 -29.121979749995216 25.402839557973486 0.12337772870972286 1.0
movable_object.barrier 0 0 0 0 0 0 0 0.686 1.246 2.71 1.5587499809234397 -41.504844377172226 26.416441336768926 -0.06881572668223868 1.0
vehicle.car 0 0 0 0 0 0 0 4.252 1.11 1.696 1.4458482518696463 31.428684708471653 43.63602667768521 -2.8436216912229266 1.0
vehicle.car 0 0 0 0 0 0 0 5.051 1.654 1.722 1.2595434304372963 -12.03890050056641 -20.16936016863458 1.0161676705308498 1.0
movable_object.barrier 0 0 0 0 0 0 0 6.25 0.993 0.71 1.3079199969026096 -7.299047563896875 12.177094101448224 -0.5621082710982428 1.0
vehicle.trailer 0 0 0 0 0 0 0 11.632 4.94 3.409 -0.2633623587724878 -34.364309044525584 -41.61585170693758 -0.5009318715948297 1.0
movable_object.barrier 0 0 0 0 0 0 0 0.495 0.883 3.185 1.290330223820698 -7.006788979948493 1.0766221060783963 -1.0454826977502698 1.0
vehicle.car 0 0 0 0 0 0 0 4.991 2.041 1.919 0.6871029064757053 43.91341468105927 -56.448243594982586 2.6386390208295634 1.0
vehicle.car 0 0 0 0 0 0 0 4.031 1.129 1.744 0.564798282042185 22.04352949248921 34.18390556533251 0.18556940875014138 1.0
vehicle.car 0 0 0 0 0 0 0 4.234 1.523 1.785 1.2213803192271415 33.749895369716334 43.591113279470406 0.11843136688714351 1.0
vehicle.car 0 0 0 0 0 0 0 4.658 1.782 1.706 1.0719638654794004 27.211461989627114 32.66098804425551 0.2087577291376519 1.0
movable_object.barrier 0 0 0 0 0 0 0 0.653 0.822 2.736 1.4129104215624833 -52.10782767373966 27.201250253408272 -0.08224809046064152 1.0
vehicle.truck 0 0 0 0 0 0 0 5.538 2.549 2.045 0.34688739274772634 34.555603876483254 -71.22409576499216 1.1012846298213272 1.0
vehicle.car 0 0 0 0 0 0 0 4.692 1.816 1.737 0.9063785829544825 1.2362733308603286 -15.451409200692552 1.0900723262086398 1.0
vehicle.car 0 0 0 0 0 0 0 4.891 2.021 1.832 1.0622663702371147 -10.405012884958142 -21.972413972901343 -2.12782902433944 1.0
movable_object.barrier 0 0 0 0 0 0 0 0.41 0.842 2.432 1.3940073162474207 -14.671535512919181 19.674779505289163 0.6009123507666798 1.0
movable_object.trafficcone 0 0 0 0 0 0 0 0.627 1.264 0.414 1.1992181804378819 -7.383150145667916 4.167997668589172 -1.724495201860365 1.0
vehicle.car 0 0 0 0 0 0 0 4.441 1.581 1.945 1.2100414037587344 23.15744563139734 45.61155629281608 0.2197318791086138 1.0
movable_object.barrier 0 0 0 0 0 0 0 0.631 0.895 2.864 1.1176361450404328 -44.87918734287051 26.74073307831532 -0.08224809046064152 1.0
movable_object.barrier 0 0 0 0 0 0 0 0.532 0.966 5.061 1.3407517643536964 -17.511808515842237 -5.637351323921075 -0.5132995160073399 1.0
vehicle.car 0 0 0 0 0 0 0 4.222 1.954 1.996 0.23052934615558796 43.58120829497351 29.65156785952092 0.22035840969707943 1.0
vehicle.car 0 0 0 0 0 0 0 4.236 1.615 1.786 1.039139482485751 -2.693508424761471 -8.582075324927168 -2.074944863608433 1.0
movable_object.barrier 0 0 0 0 0 0 0 0.651 1.03 2.843 1.5314759910833622 -25.367917108005088 24.70576590317802 0.25181132526318306 1.0
vehicle.car 0 0 0 0 0 0 0 5.183 2.186 1.925 0.9639415217486328 -15.045720437861181 -15.381843236417593 1.0852700948136977 1.0
vehicle.car 0 0 0 0 0 0 0 4.395 1.608 1.774 1.0149168902690915 -4.256574081904305 -6.410840649106323 1.0569503185243123 1.0
movable_object.barrier 0 0 0 0 0 0 0 0.527 0.887 3.035 1.3008635049861015 -9.183362640375249 -1.013007562241692 -0.5132995160073399 1.0
movable_object.trafficcone 0 0 0 0 0 0 0 0.409 1.339 0.398 1.2555123493428024 -13.215454610632472 18.778124861550193 -0.6849186202897499 1.0
vehicle.truck 0 0 0 0 0 0 0 4.497 1.942 1.913 0.36054794382020533 -14.473788745875225 50.72356334526692 0.9773458344868402 1.0
vehicle.car 0 0 0 0 0 0 0 5.069 1.75 1.875 1.16501763836906 -20.623815458456892 -14.671983154055818 -2.0383237488524246 1.0
movable_object.barrier 0 0 0 0 0 0 0 0.461 0.899 3.241 1.5403270493319807 -19.69660445873205 22.809619154383892 0.48525857288870755 1.0
movable_object.trafficcone 0 0 0 0 0 0 0 0.751 1.465 0.716 1.1604704898021605 -5.596043084240996 9.665189767057996 -1.6976361996134939 1.0
movable_object.barrier 0 0 0 0 0 0 0 0.58 1.065 3.221 1.6072201273507944 -38.10960762914581 26.23194724538397 -0.07797906937157961 1.0
vehicle.car 0 0 0 0 0 0 0 5.3 2.051 2.043 0.9661483499630554 -15.811202994833764 -12.476978078638279 -1.9950242033772723 1.0
