vehicle.emergency.police 0 0 0 0 0 0 0 4.898 1.741 1.957 1.1304668711597405 15.718396951000427 -11.06074043770835 -3.068731249966506 1.0
vehicle.truck 0 0 0 0 0 0 0 5.538 2.549 2.045 0.39201825742710905 59.56319364374366 -12.307945559926544 0.0850106052445403 1.0
vehicle.emergency.police 0 0 0 0 0 0 0 4.941 2.144 2.051 0.35179667035807793 26.69362693468483 -11.171228100458485 -3.088067965149895 1.0
vehicle.car 0 0 0 0 0 0 0 4.395 1.608 1.774 1.5032468194447701 -15.598850361368799 -11.382227429768385 0.04463402387444004 1.0
vehicle.car 0 0 0 0 0 0 0 4.5 1.803 1.896 1.1072812039069664 23.033233521934132 -11.229341639851016 -3.121086978626538 1.0
vehicle.car 0 0 0 0 0 0 0 4.634 1.918 1.78 1.2836860714407863 -10.287875318882627 -12.026118861630813 0.043175565091595036 1.0
vehicle.truck 0 0 0 0 0 0 0 6.39 2.768 2.064 0.4515759405205293 34.27556122634794 -11.908709282691646 0.03130982837256768 1.0
movable_object.trafficcone 0 0 0 0 0 0 0 0.627 1.264 0.414 1.1740043154362736 -26.266084687674727 -8.623065926478944 -2.7444402686082956 1.0
movable_object.barrier 0 0 0 0 0 0 0 0.47 1.023 2.498 1.8781904821848296 -57.511418447194345 -18.40106905077709 -0.9397183120776909 1.0
vehicle.car 0 0 0 0 0 0 0 4.963 2.138 1.96 0.8625789292041082 -18.649868498760412 -4.600915979929004 0.5852629698414158 1.0
vehicle.car 0 0 0 0 0 0 0 4.316 1.535 1.679 0.9407700033188853 30.12994670426282 -11.724558792059716 -3.088067965149895 1.0
movable_object.barrier 0 0 0 0 0 0 0 0.495 0.883 3.185 1.325121592914407 -23.438459427265524 -9.922369184053524 -2.0654302244722293 1.0
movable_object.barrier 0 0 0 0 0 0 0 0.61 1.109 2.996 1.6091446490670005 -55.520024145171874 -15.881218246948878 0.8980373674192599 1.0
vehicle.car 0 0 0 0 0 0 0 6.095 1.941 2.079 0.7510047467342753 45.03821425215445 -11.974346437620621 0.09611568201356091 1.0
movable_object.barrier 0 0 0 0 0 0 0 0.651 1.03 2.843 1.4179322719924448 -53.257915786936316 -13.26978768067787 0.7647331651298299 1.0
movable_object.barrier 0 0 0 0 0 0 0 0.545 0.941 4.714 1.4696430352495446 -22.966260014084803 -16.986229195895323 -1.5331747426674474 1.0
vehicle.car 0 0 0 0 0 0 0 4.153 2.0 2.007 1.4990674677081532 -5.331693117868628 -29.907930538429554 -3.0472036119687296 1.0
vehicle.car 0 0 0 0 0 0 0 4.692 1.816 1.737 1.1538932437416984 -5.103253363558714 -11.7127069884492 0.053064413080392114 1.0
vehicle.car 0 0 0 0 0 0 0 5.183 2.186 1.925 1.4809580523413788 -13.583323714238599 -25.30779950223878 0.06987368277314854 1.0
movable_object.barrier 0 0 0 0 0 0 0 0.549 1.161 2.682 2.1018721981221598 -59.1192181031342 -20.507560151236575 -0.9397183120776909 1.0
vehicle.construction 0 0 0 0 0 0 0 4.448 3.002 3.147 1.1974294506619476 -48.76055356684938 -31.578042992616272 -2.67617612791498 1.0
vehicle.truck 0 0 0 0 0 0 0 5.655 2.0 2.088 0.27638264364946036 37.50221267629626 -11.286453925721752 -3.0944512834087368 1.0
vehicle.car 0 0 0 0 0 0 0 4.236 1.615 1.786 1.1340597976987565 -13.166763860154042 -11.417528896923322 -3.0716108148826393 1.0
vehicle.car 0 0 0 0 0 0 0 4.121 1.52 1.737 1.382143595790554 0.06526444952911702 -11.733234837431265 -3.0541589066485155 1.0
vehicle.trailer 0 0 0 0 0 0 0 11.632 4.94 3.409 0.7318347140717117 -2.7845639698659497 -55.78686081008382 -1.5208024079762454 1.0
movable_object.barrier 0 0 0 0 0 0 0 0.527 0.887 3.035 1.4140046593543405 -22.789194208609153 -12.867127828890611 -1.5331747426674474 1.0
movable_object.barrier 0 0 0 0 0 0 0 0.599 0.948 2.641 1.4762710320353327 -51.14308546798823 -11.175558631329277 0.749428657386729 1.0
vehicle.car 0 0 0 0 0 0 0 6.065 2.238 2.044 0.711065309646711 55.83110286965672 -12.757434639265346 0.05911845123843795 1.0
vehicle.car 0 0 0 0 0 0 0 5.3 2.051 2.043 1.5157664592191367 -16.4414596019026 -24.42008917648068 -3.0324138304906967 1.0
vehicle.car 0 0 0 0 0 0 0 4.891 2.021 1.832 1.4280943810308668 -5.536036177124052 -24.9382122632049 3.1094527970967194 1.0
vehicle.car 0 0 0 0 0 0 0 5.069 1.75 1.875 1.726003336538841 -17.12876069520893 -29.761579292782972 -3.0582601049664495 1.0
human.pedestrian.adult 0 0 0 0 0 0 0 0.73 1.95 0.704 -0.1241344265173423 9.68284835155934 -18.940944349261017 0.21617370100688893 1.0
vehicle.car 0 0 0 0 0 0 0 5.476 2.0 1.864 1.5251704614968635 -10.676528780869573 -25.429152203969654 3.1336691666020364 1.0
vehicle.car 0 0 0 0 0 0 0 5.051 1.654 1.722 1.7300220965497286 -7.908120943586676 -25.32321423114488 0.02547459404207464 1.0
vehicle.car 0 0 0 0 0 0 0 6.271 2.956 2.69 1.1720175184866282 -1.594467867586498 -42.20994954993203 -1.4859017519185072 1.0
vehicle.emergency.police 0 0 0 0 0 0 0 4.953 1.716 2.087 1.0225024178510633 19.306539558308714 -11.604194489529508 -3.0512793418922257 1.0
movable_object.barrier 0 0 0 0 0 0 0 6.25 0.993 0.71 0.9333186677737686 -33.05489955223287 -4.3620808110669245 -1.5819994230737287 1.0
vehicle.car 0 0 0 0 0 0 0 4.991 2.041 1.919 0.6163037730345425 51.76907313402909 3.4136508121833598 1.611820211158287 1.0
vehicle.truck 0 0 0 0 0 0 0 5.287 3.112 2.961 1.4725110674150563 -11.856778837681665 -54.97608468082095 -1.5150448111145787 1.0
movable_object.barrier 0 0 0 0 0 0 0 0.555 0.96 2.918 0.870750280259424 -45.918229867965245 -7.893338715163479 0.4662767345572796 1.0
movable_object.barrier 0 0 0 0 0 0 0 0.461 0.899 3.241 1.2025730326860442 -48.61469671636707 -9.34240813946363 0.5239457973251076 1.0
