movable_object.barrier 0 0 0 0 0 0 0 0.545 0.941 4.714 1.8330705522117285 -68.89198857652168 -17.306810935432406 -1.5601953070706536 1.0
vehicle.trailer 0 0 0 0 0 0 0 12.158 4.283 3.129 -1.0336288247954823 68.4746724593563 30.362791879527798 -3.0876290518841616 1.0
vehicle.truck 0 0 0 0 0 0 0 4.1 3.673 2.628 -0.8029138690409758 44.163838321137135 25.034312911456002 -3.090391907015179 1.0
vehicle.trailer 0 0 0 0 0 0 0 8.109 4.232 3.13 -1.4015043985202293 64.47083419849979 30.168813161216775 -3.0861509146023414 1.0
vehicle.truck 0 0 0 0 0 0 0 3.604 3.113 2.564 -0.5765778053650498 24.455822283920572 24.917450329341875 -3.073515200658356 1.0
vehicle.car 0 0 0 0 0 0 0 4.031 1.775 1.744 0.6494761406023589 5.372965201981116 8.015467389111151 -1.4584930694049856 1.0
vehicle.car 0 0 0 0 0 0 0 4.634 1.918 1.78 1.4099589960571137 -56.42390234229226 -11.650114614533585 0.046212356067761196 1.0
vehicle.emergency.police 0 0 0 0 0 0 0 4.898 1.741 1.957 1.1058856721999393 -30.37716634657615 -10.31316383638692 -3.0958371319237834 1.0
vehicle.truck 0 0 0 0 0 0 0 5.538 2.549 2.045 0.8879797272343448 13.691419481664944 -10.114898614805266 0.056770884985871906 1.0
vehicle.emergency.police 0 0 0 0 0 0 0 4.941 2.144 2.051 1.1934618305165559 -19.333873333627242 -10.137351872494985 -3.115174661515095 1.0
human.pedestrian.adult 0 0 0 0 0 0 0 0.73 1.95 0.704 -0.2517195278507639 -36.125805204101894 -18.29341041193475 0.2424296421428429 1.0
vehicle.truck 0 0 0 0 0 0 0 9.695 3.924 2.746 -0.7861263626646028 83.84758695528251 -10.335715764268938 0.07002463907059919 1.0
vehicle.trailer 0 0 0 0 0 0 0 13.893 4.645 3.7 -2.082958547144706 45.21939102764602 34.53453991431425 -3.072939263366168 1.0
vehicle.motorcycle 0 0 0 0 0 0 0 2.497 1.492 0.792 0.9833521385338583 37.2099767427338 -12.446033630413012 0.5600752323022862 1.0
vehicle.car 0 0 0 0 0 0 0 4.963 2.138 1.96 0.6463887266757884 -34.864055214106834 -0.18672295878914147 1.6069324751265555 1.0
vehicle.trailer 0 0 0 0 0 0 0 13.937 4.505 3.14 -1.3896534132592009 33.093636655977356 34.84465265072821 -3.0651515706680783 1.0
vehicle.car 0 0 0 0 0 0 0 6.095 1.941 2.079 1.0840690951958996 -0.8857382804905183 -10.337569980281108 0.0678785033185032 1.0
vehicle.car 0 0 0 0 0 0 0 4.622 1.899 1.785 0.4960418887340943 5.9058326700734485 10.540242070504092 1.7484927647438573 1.0
vehicle.truck 0 0 0 0 0 0 0 3.739 3.689 3.149 -1.2337912856431636 49.68273915044042 20.171934040144297 -1.4771765054086714 1.0
vehicle.car 0 0 0 0 0 0 0 4.316 1.535 1.679 1.3858244805352133 -15.504529662465135 -10.467935687900711 3.1331053572523846 1.0
vehicle.car 0 0 0 0 0 0 0 5.755 2.892 2.015 -0.05651671222979665 61.8170219404442 -7.0150754818868695 -3.0940046043139446 1.0
vehicle.emergency.police 0 0 0 0 0 0 0 4.953 1.716 2.087 1.4633389023174719 -26.719431919494614 -10.721653798589674 -3.0958371319237834 1.0
vehicle.car 0 0 0 0 0 0 0 4.5 1.803 1.896 1.4949605779203705 -23.02364064538068 -10.071955462578542 3.1349902428466674 1.0
movable_object.barrier 0 0 0 0 0 0 0 0.495 0.883 3.185 1.023106478813359 -69.65434811125911 -9.84097507200767 -2.092488631546906 1.0
vehicle.car 0 0 0 0 0 0 0 4.518 1.648 2.105 0.43517105010803475 6.8081134084933925 19.12088827053368 1.6559365310118324 1.0
vehicle.truck 0 0 0 0 0 0 0 3.779 4.011 2.593 -0.9980460425830808 32.446958418210926 25.913530049171904 -3.090391907015179 1.0
vehicle.truck 0 0 0 0 0 0 0 6.39 2.768 2.064 0.8492151768432238 -11.569045561863703 -10.294568017604027 0.019214351127100127 1.0
vehicle.trailer 0 0 0 0 0 0 0 14.095 4.889 3.136 -1.2120860050652364 57.595124442747306 19.32022818312525 -1.4678842178303597 1.0
vehicle.car 0 0 0 0 0 0 0 4.909 1.873 1.996 -0.2527132575339244 48.09884241848994 14.3541653918327 -1.4563564535605886 1.0
vehicle.trailer 0 0 0 0 0 0 0 10.089 4.359 3.256 -1.5557381345464094 56.58231447493139 30.02327098332902 -3.051245627888271 1.0
vehicle.car 0 0 0 0 0 0 0 4.991 2.041 1.919 0.6469412144912408 5.540528324092168 5.298777091293277 1.5846314965756196 1.0
vehicle.car 0 0 0 0 0 0 0 6.065 2.238 2.044 0.9976881956184412 9.82151392758177 -10.976596969475455 0.02176883491421444 1.0
vehicle.trailer 0 0 0 0 0 0 0 14.433 4.732 3.32 -1.4420853752780887 25.318756857816208 35.3422157256278 -3.0627734110193376 1.0
vehicle.car 0 0 0 0 0 0 0 3.823 1.773 1.695 0.6630817266800915 46.45576387799865 -8.914979380948823 0.018459347470711318 1.0
vehicle.trailer 0 0 0 0 0 0 0 14.074 4.824 3.5 -1.311543650910506 48.93832103454376 32.7336879876796 -3.090391907015179 1.0
human.pedestrian.adult 0 0 0 0 0 0 0 0.587 1.703 0.67 1.22283185657169 8.528360011703372 -13.699048857348082 -1.598834050403136 1.0
vehicle.car 0 0 0 0 0 0 0 5.217 1.602 1.808 0.6393876715706972 55.5041065748413 -7.405495352465435 0.021401259754936675 1.0
vehicle.truck 0 0 0 0 0 0 0 9.044 4.333 2.887 -1.5316732819514196 29.298017573353714 36.708127935382976 -3.0584666932077713 1.0
vehicle.truck 0 0 0 0 0 0 0 5.655 2.0 2.088 1.0754013209939588 -8.485184797917041 -10.173111783573702 -3.1099231523963464 1.0
