vehicle.car 0 0 0 0 0 0 0 4.909 1.873 1.996 0.619426328223484 31.668698048224577 13.27652147593469 -1.4280967404201288 1.0
vehicle.truck 0 0 0 0 0 0 0 9.695 3.924 2.746 -0.16284132146904579 66.61224032240962 -12.120770026437917 0.09646549339410182 1.0
vehicle.car 0 0 0 0 0 0 0 5.217 1.602 1.808 1.066747163771184 38.323600614435286 -9.08094673726708 0.041805524310808195 1.0
vehicle.truck 0 0 0 0 0 0 0 9.044 4.333 2.887 -1.0882318524512493 13.64404531615234 36.350573209996796 -3.01863081768642 1.0
vehicle.truck 0 0 0 0 0 0 0 5.433 5.201 3.703 1.1751688554735287 85.32280201236145 -11.017634036224955 0.22847910456458642 1.0
human.pedestrian.adult 0 0 0 0 0 0 0 0.878 1.752 0.849 -1.1974402165227236 -21.13368714195181 33.526126785342974 0.0855036274896861 1.0
vehicle.car 0 0 0 0 0 0 0 4.518 1.648 2.105 0.34456027392283783 -9.57897485950251 19.41360533957432 1.6840837938537945 1.0
vehicle.trailer 0 0 0 0 0 0 0 12.158 4.283 3.129 -0.31427262281932344 52.45308910285449 28.921907752950883 -3.0594293985684615 1.0
vehicle.trailer 0 0 0 0 0 0 0 14.433 4.732 3.32 -1.1439946773216545 9.48053320439848 34.17453727218676 -3.0345730713229084 1.0
vehicle.trailer 0 0 0 0 0 0 0 14.095 4.889 3.136 -0.4643327297192885 41.462191447846806 17.920263753008594 -1.4396252103420686 1.0
human.pedestrian.adult 0 0 0 0 0 0 0 0.587 1.703 0.67 1.140587073698994 -11.738500826124344 -13.350010805984617 -1.5705824840790985 1.0
vehicle.truck 0 0 0 0 0 0 0 9.253 3.777 3.084 -0.5716944736111197 25.405034985072458 35.76251696794574 -3.044739204455725 1.0
vehicle.motorcycle 0 0 0 0 0 0 0 2.497 1.492 0.792 1.338524568575605 19.918288673949448 -12.996472553251648 0.5880783705345758 1.0
vehicle.truck 0 0 0 0 0 0 0 9.391 3.743 2.584 -1.0889866600776652 21.322100693297806 36.41347039398404 -3.026313286195987 1.0
vehicle.truck 0 0 0 0 0 0 0 4.1 3.673 2.628 -0.36728532963531774 28.255827339488118 24.04661444812833 -3.062192329967699 1.0
vehicle.truck 0 0 0 0 0 0 0 3.779 4.011 2.593 -0.7731910346874533 16.446996223847727 25.47763025547933 -3.062192329967699 1.0
vehicle.truck 0 0 0 0 0 0 0 3.604 3.113 2.564 -0.254749936748536 8.292401037720644 24.71461899844532 -3.04531515765294 1.0
vehicle.car 0 0 0 0 0 0 0 4.445 1.87 1.814 1.1637276446605451 32.21089324276137 -9.700117452506113 0.04557268831640027 1.0
vehicle.car 0 0 0 0 0 0 0 4.031 1.775 1.744 0.729613712967206 -10.707424648233536 8.369575281511644 -1.4564128535922833 1.0
vehicle.trailer 0 0 0 0 0 0 0 14.074 4.824 3.5 -0.78917453512527 33.31007664366966 31.7910391827018 -3.062192329967699 1.0
vehicle.emergency.police 0 0 0 0 0 0 0 4.898 1.741 1.957 0.5249316601226317 -47.577281722743116 -8.988358108223432 -3.067637705178452 1.0
vehicle.car 0 0 0 0 0 0 0 4.347 2.038 1.856 -0.68269661794666 -12.159756370730118 41.14065083751099 0.20682552813893107 1.0
vehicle.car 0 0 0 0 0 0 0 3.823 1.773 1.695 1.183404104743103 29.261161066207286 -9.732903478805275 0.023297565291005018 1.0
vehicle.truck 0 0 0 0 0 0 0 6.39 2.768 2.064 0.5319835872820355 -28.749602599698434 -9.378925784806437 0.021561909426112358 1.0
vehicle.car 0 0 0 0 0 0 0 4.5 1.803 1.896 1.257146947817013 -40.22486492448167 -8.721933640296578 -3.119997082375649 1.0
vehicle.car 0 0 0 0 0 0 0 4.991 2.041 1.919 0.6159048495350081 -11.06025777853003 5.65475556806058 1.6127749740731696 1.0
vehicle.truck 0 0 0 0 0 0 0 8.057 3.881 2.405 0.8295095218665328 55.60433260500764 -11.436620562581556 0.044574377075147 1.0
vehicle.trailer 0 0 0 0 0 0 0 13.937 4.505 3.14 -1.008817722604003 17.400558726816477 34.50048959256719 -3.0456778593744644 1.0
vehicle.trailer 0 0 0 0 0 0 0 8.109 4.232 3.13 -0.8132517767954871 48.38132347968986 28.848093703392838 -3.0579512204809802 1.0
vehicle.truck 0 0 0 0 0 0 0 5.538 2.549 2.045 0.8699538220998807 -3.3986315685083808 -10.015016891597078 0.08275224497369882 1.0
vehicle.truck 0 0 0 0 0 0 0 5.655 2.0 2.088 0.8709458483315874 -25.63097182723247 -9.28583609357968 -3.0817241143983978 1.0
vehicle.car 0 0 0 0 0 0 0 4.622 1.899 1.785 0.4877362481468879 -10.469895619407087 11.023531809504517 1.7824622565277517 1.0
vehicle.truck 0 0 0 0 0 0 0 4.056 3.404 3.207 -0.7561381569056118 71.96741845307852 21.804865399503143 -3.1073261130302843 1.0
vehicle.car 0 0 0 0 0 0 0 4.963 2.138 1.96 0.4383868600764685 -36.442340532670364 0.48649527804078213 1.6199512511947178 1.0
vehicle.truck 0 0 0 0 0 0 0 3.739 3.689 3.149 -0.5441107018356275 32.87989308409539 19.206265413472266 -1.448918060265763 1.0
vehicle.trailer 0 0 0 0 0 0 0 10.089 4.359 3.256 -1.012916713482448 40.4928666890507 28.926179395277696 -3.0230449696685664 1.0
vehicle.trailer 0 0 0 0 0 0 0 13.893 4.645 3.7 -1.6570274170517498 29.238335695064215 32.50606996720111 -3.044739204455725 1.0
vehicle.car 0 0 0 0 0 0 0 6.065 2.238 2.044 1.0512821837378696 -7.2736893960842215 -10.79118108698967 0.025578960444725407 1.0
vehicle.car 0 0 0 0 0 0 0 6.095 1.941 2.079 0.9574331576280528 -17.980754454893518 -9.828218893172966 0.06823441881083347 1.0
vehicle.car 0 0 0 0 0 0 0 5.755 2.892 2.015 0.4914813198753934 44.670787117938104 -8.292209963305579 -3.0658051269879145 1.0
vehicle.emergency.police 0 0 0 0 0 0 0 4.953 1.716 2.087 1.173649338159785 -43.939502628853404 -9.502954686390515 -3.0536752047279405 1.0
vehicle.car 0 0 0 0 0 0 0 4.278 2.0 1.926 -0.14786369351581774 -6.559859343814629 30.807107397292246 -3.05275018906669 1.0
vehicle.emergency.police 0 0 0 0 0 0 0 4.941 2.144 2.051 1.027648279106786 -36.55625203236907 -9.097374459715333 -3.0869757684314063 1.0
