vehicle.truck 0 0 0 0 0 0 0 6.39 2.768 2.064 0.6621513454554909 -33.263446131559064 -8.099667801598985 0.06073423359241925 1.0
vehicle.car 0 0 0 0 0 0 0 4.5 1.803 1.896 1.4902228170157468 -44.693427628996325 -6.920210890037801 -3.0793775808642083 1.0
vehicle.trailer 0 0 0 0 0 0 0 13.893 4.645 3.7 -1.5234557219867848 26.399871450100523 31.65244644276246 -3.004119444647305 1.0
vehicle.car 0 0 0 0 0 0 0 4.518 1.648 2.105 0.4550539253351387 -12.938977278138783 19.903023167036924 1.7246968920901438 1.0
vehicle.car 0 0 0 0 0 0 0 4.445 1.87 1.814 1.0685341770118573 27.653895747861377 -10.827094673216058 0.03278656427487192 1.0
vehicle.truck 0 0 0 0 0 0 0 3.604 3.113 2.564 -0.22448577276603762 5.170907026409845 24.470433732616495 -3.0046953998212427 1.0
vehicle.car 0 0 0 0 0 0 0 4.347 2.038 1.856 -0.5129683623831501 -14.612692899132332 41.71463222896813 0.2589904872476749 1.0
vehicle.car 0 0 0 0 0 0 0 3.823 1.773 1.695 1.1477016503630926 24.69411826501166 -10.730390158433819 0.06260702728742462 1.0
vehicle.emergency.police 0 0 0 0 0 0 0 4.898 1.741 1.957 0.7245120648170662 -52.05815069870794 -6.938298190200913 -3.0270180239525573 1.0
vehicle.truck 0 0 0 0 0 0 0 5.538 2.549 2.045 0.8653382211103389 -7.94360998191923 -9.755845765754492 0.12310774548555159 1.0
vehicle.truck 0 0 0 0 0 0 0 5.655 2.0 2.088 1.0093810122351985 -30.11800512180169 -8.059388617846476 -3.041104481512045 1.0
vehicle.truck 0 0 0 0 0 0 0 8.057 3.881 2.405 0.5716493117664312 50.9392133874661 -13.570617564208451 0.08461800221743543 1.0
vehicle.truck 0 0 0 0 0 0 0 9.391 3.743 2.584 -1.0505838937758925 18.618468914734287 35.64020155268092 -2.9856934631392296 1.0
vehicle.truck 0 0 0 0 0 0 0 3.779 4.011 2.593 -0.9016804100059526 13.462131918147028 24.890285156255086 -3.0215726300553634 1.0
vehicle.car 0 0 0 0 0 0 0 4.398 1.75 1.85 3.0406210217178637 10.811748873641863 -80.95007940820987 0.054082253573036976 1.0
vehicle.motorcycle 0 0 0 0 0 0 0 2.497 1.492 0.792 1.2240959774675189 15.222629052766441 -13.68223212729093 0.6286725643420805 1.0
vehicle.truck 0 0 0 0 0 0 0 4.056 3.404 3.207 -1.0240536259147803 68.6729211357357 18.985945670163307 -3.066706568015322 1.0
vehicle.car 0 0 0 0 0 0 0 4.031 1.775 1.744 0.8497258852458571 -14.506207631255615 8.948650521178518 -1.44196560501158 1.0
vehicle.emergency.police 0 0 0 0 0 0 0 4.941 2.144 2.051 1.236198519456607 -41.04787548139358 -7.4912119367605685 -3.046356153567716 1.0
vehicle.car 0 0 0 0 0 0 0 4.622 1.899 1.785 0.5679281194488802 -14.168901383142257 11.551276217312223 1.8114405579516637 1.0
vehicle.trailer 0 0 0 0 0 0 0 14.074 4.824 3.5 -0.8461353323522902 30.408773966527093 30.51897976765726 -3.0215726300553634 1.0
vehicle.car 0 0 0 0 0 0 0 4.278 2.0 1.926 -0.15760144196680534 -9.463158271116797 31.165974140531343 -3.012130456751583 1.0
vehicle.car 0 0 0 0 0 0 0 5.217 1.602 1.808 0.9600749892532379 33.78606582039799 -10.31983457614941 0.0818005782704665 1.0
vehicle.emergency.police 0 0 0 0 0 0 0 4.953 1.716 2.087 1.4170647872789446 -48.44140874647424 -7.603016459518479 -3.0095648385077025 1.0
vehicle.truck 0 0 0 0 0 0 0 9.695 3.924 2.746 -0.6161591313000918 61.851010420034754 -15.077290263439215 0.13686710540502078 1.0
vehicle.trailer 0 0 0 0 0 0 0 8.109 4.232 3.13 -0.9779613684064983 45.3489993421725 26.980758092699958 -3.017331506014563 1.0
vehicle.trailer 0 0 0 0 0 0 0 14.433 4.732 3.32 -1.0403624641287774 6.67250850920459 33.887896353267614 -2.993953276620891 1.0
vehicle.trailer 0 0 0 0 0 0 0 12.158 4.283 3.129 -0.47745211943156285 49.44005665343705 26.884974129324753 -3.0188096891746934 1.0
vehicle.car 0 0 0 0 0 0 0 5.755 2.892 2.015 0.2530053114537922 40.141783288211606 -9.969102570101676 -3.0251854394733346 1.0
vehicle.car 0 0 0 0 0 0 0 4.963 2.138 1.96 0.6335530508732539 -36.077108158545855 1.7714384755838746 1.6535826767594841 1.0
vehicle.trailer 0 0 0 0 0 0 0 10.089 4.359 3.256 -1.127521787799486 37.46916032509241 27.380111001608697 -2.9824251353908 1.0
vehicle.truck 0 0 0 0 0 0 0 3.739 3.689 3.149 -0.5856701718434097 29.36109151117061 17.9639371005493 -1.4082911921884111 1.0
vehicle.car 0 0 0 0 0 0 0 4.909 1.873 1.996 0.49342864056146385 28.0534917938996 12.055218903473072 -1.3874697216001444 1.0
vehicle.trailer 0 0 0 0 0 0 0 13.937 4.505 3.14 -0.9713174001183462 14.686954505174576 33.9086365754401 -3.0072397509577433 1.0
vehicle.car 0 0 0 0 0 0 0 5.132 1.367 2.06 1.5223098557286692 30.556303325192232 -11.546602761049007 0.017162331184234603 1.0
vehicle.car 0 0 0 0 0 0 0 4.893 1.939 1.801 0.9843186082009585 36.81326693473425 -11.320342277420142 -2.972825883568035 1.0
vehicle.car 0 0 0 0 0 0 0 6.065 2.238 2.044 1.0678075865325192 -11.87526481535119 -10.341334815026412 0.06503576833658942 1.0
vehicle.car 0 0 0 0 0 0 0 6.095 1.941 2.079 1.0207180142588874 -22.526936143348113 -8.975152362894974 0.11722727845750791 1.0
vehicle.trailer 0 0 0 0 0 0 0 14.095 4.889 3.136 -0.6321806377253263 38.00243606235518 16.323891026721874 -1.3989982753907881 1.0
vehicle.trailer 0 0 0 0 0 0 0 10.726 4.687 2.638 -0.33823603766697086 73.47669318429921 26.697725188607166 -3.0130729287132425 1.0
human.pedestrian.adult 0 0 0 0 0 0 0 0.878 1.752 0.849 -0.9036828568304067 -23.91672527114825 34.50400057811346 0.1258697394078001 1.0
vehicle.truck 0 0 0 0 0 0 0 4.1 3.673 2.628 -0.42451381644282543 24.895918949446767 22.94036921835639 -3.0215726300553634 1.0
vehicle.truck 0 0 0 0 0 0 0 9.253 3.777 3.084 -0.5738515565137576 22.674596195362547 34.82154792509994 -3.004119444647305 1.0
vehicle.truck 0 0 0 0 0 0 0 9.044 4.333 2.887 -1.0017102856629498 10.954472628350882 35.88734785091475 -2.9721932398825777 1.0
vehicle.truck 0 0 0 0 0 0 0 5.433 5.201 3.703 0.6194056258252596 80.66351724609312 -14.327329830846208 0.26611470546690486 1.0
vehicle.car 0 0 0 0 0 0 0 4.991 2.041 1.919 0.6965190890871279 -14.927850797362183 6.218571636221771 1.6533875877467024 1.0
