vehicle.car 0 0 0 0 0 0 0 5.144 1.874 2.364 0.9451228343445766 -30.81716555431779 8.460186650755713 -1.6005720084291077 1.0
vehicle.car 0 0 0 0 0 0 0 5.157 2.0 2.073 0.9027225217816531 -31.23608378636569 14.007290735623103 -1.6005720084291077 1.0
vehicle.car 0 0 0 0 0 0 0 5.161 1.835 2.224 0.8183399713761368 -10.828272304851067 8.238092600687562 1.589465262647522 1.0
vehicle.car 0 0 0 0 0 0 0 4.99 1.732 2.288 0.7568335005980029 -11.54176660285448 13.956398017571892 1.5805828422484183 1.0
vehicle.car 0 0 0 0 0 0 0 4.992 1.549 1.981 0.8488425516586984 -10.683570647545698 11.003190433128447 1.5805828422484183 1.0
vehicle.car 0 0 0 0 0 0 0 5.218 2.451 2.384 0.8353717152958652 -47.893016019209 0.6987471842298768 1.5548256344418725 1.0
vehicle.bus.bendy 0 0 0 0 0 0 0 10.573 3.37 3.061 -0.9357634681868324 35.84082175307593 20.584544153083968 -0.25406581711727405 1.0
vehicle.bus.bendy 0 0 0 0 0 0 0 8.852 3.492 2.986 -0.48200794482539333 33.638986271658645 12.880056730951875 -0.3217004382048838 1.0
vehicle.truck 0 0 0 0 0 0 0 5.154 2.067 2.396 0.9705074087059125 -29.719566310598196 17.1490587020389 1.5915768025899686 1.0
vehicle.truck 0 0 0 0 0 0 0 8.911 3.595 3.102 -0.11068084283033758 -56.52395550322049 16.33335901761374 -1.5859657321381135 1.0
vehicle.car 0 0 0 0 0 0 0 5.17 2.0 2.45 0.7176633201246636 -56.75401973609775 12.989869015168994 1.5413188463225183 1.0
human.pedestrian.adult 0 0 0 0 0 0 0 0.745 2.0 0.71 1.2595329632544416 -55.85249065479295 -11.281484564831883 -1.5298967724964507 1.0
vehicle.car 0 0 0 0 0 0 0 5.245 1.909 2.173 1.0606163792759022 -15.156766438980524 1.770725851153263 1.5830957458966015 1.0
vehicle.car 0 0 0 0 0 0 0 4.923 2.0 2.098 0.003670864474555946 56.855800027912096 -17.198668842144137 2.280276025030621 1.0
