vehicle.car 0 0 0 0 0 0 0 5.157 2.0 2.073 0.8473473355983023 -35.878981178903324 14.453775922480524 -1.5887332863355628 1.0
vehicle.car 0 0 0 0 0 0 0 5.218 2.451 2.384 0.8211771627223199 -44.21835874315741 1.1656568696248841 1.5666998620682095 1.0
vehicle.bus.bendy 0 0 0 0 0 0 0 8.852 3.492 2.986 -0.6586635128866543 29.639844834366187 15.96812831448471 -0.27810613120168526 1.0
vehicle.car 0 0 0 0 0 0 0 5.17 2.0 2.45 0.7951300547638247 -61.41803131414998 13.704142982342585 1.5531932937442896 1.0
vehicle.truck 0 0 0 0 0 0 0 8.911 3.595 3.102 -0.025572253956353763 -61.135890812908215 17.10228666059112 -1.5741272937977717 1.0
vehicle.bus.bendy 0 0 0 0 0 0 0 10.573 3.37 3.061 -0.8854989376134696 32.05636082556141 24.726895873587257 -0.2467811235373869 1.0
human.pedestrian.adult 0 0 0 0 0 0 0 0.745 2.0 0.71 1.184707249547035 -61.74687947776347 -10.702496513798488 -1.5180594667391043 1.0
vehicle.car 0 0 0 0 0 0 0 4.923 2.0 2.098 0.09862487538483783 51.8479478209404 -17.783669090019675 2.2921410899268153 1.0
vehicle.car 0 0 0 0 0 0 0 5.161 1.835 2.224 0.829351215605165 -15.597220648728566 8.394511368402116 1.6013389384593584 1.0
vehicle.car 0 0 0 0 0 0 0 5.144 1.874 2.364 0.9367908089987853 -35.5238519175032 8.867101055194667 -1.5887332863355628 1.0
vehicle.car 0 0 0 0 0 0 0 4.99 1.732 2.288 0.7602754891145334 -16.075963499293785 14.13271786756566 1.592456657969005 1.0
vehicle.car 0 0 0 0 0 0 0 5.245 1.909 2.173 1.0540413084824993 -13.87301550033997 1.8473024998511445 1.5949695219266848 1.0
vehicle.car 0 0 0 0 0 0 0 4.992 1.549 1.981 0.842846203536975 -15.348974596799668 11.190902575476462 1.592456657969005 1.0
vehicle.truck 0 0 0 0 0 0 0 5.934 2.14 2.508 0.671441879717436 28.486306864434848 -24.823237436081683 -0.03805560347309722 1.0
