human.pedestrian.construction_worker 0 0 0 0 0 0 0 1.094 1.106 0.53 0.9863281095408135 32.614744776279494 13.664573913628494 -3.0951527405155588 1.0
vehicle.truck 0 0 0 0 0 0 0 6.227 2.601 2.156 0.5616247348430365 7.023902176600365 5.779582088524016 -1.5197248478406467 1.0
human.pedestrian.construction_worker 0 0 0 0 0 0 0 0.544 1.739 0.665 0.4573311825854358 -8.320433059965945 -12.480074425299772 -0.9489696763032605 1.0
vehicle.truck 0 0 0 0 0 0 0 7.516 3.093 2.312 0.616347192916545 -3.782489494807431 6.024150068255592 -1.5631929981891775 1.0
movable_object.pushable_pullable 0 0 0 0 0 0 0 1.208 1.134 0.758 0.05909664099756862 31.143272212853294 -6.152797413034021 -0.0277157846537488 1.0
human.pedestrian.construction_worker 0 0 0 0 0 0 0 0.563 1.711 0.739 0.5142381575532502 -9.79740677885307 -14.044549810186622 -1.8573470207235294 1.0
vehicle.truck 0 0 0 0 0 0 0 9.791 2.975 2.447 -1.0877599781882379 61.98686787195172 -0.8649381379518706 -1.6300606665939172 1.0
movable_object.pushable_pullable 0 0 0 0 0 0 0 1.214 1.189 0.764 0.2234075656269915 29.208216805471746 -5.038240779026139 -0.11824957242401091 1.0
vehicle.car 0 0 0 0 0 0 0 4.478 1.456 1.871 2.1278182819267326 -50.064133642472584 2.4736719122898867 -1.3818195183914597 1.0
vehicle.truck 0 0 0 0 0 0 0 6.372 2.978 2.877 -0.5324311465082443 35.95050667889485 -1.5144700566360847 -1.5980393584692116 1.0
human.pedestrian.construction_worker 0 0 0 0 0 0 0 0.521 1.773 0.581 -0.6728652782150937 87.80332215260024 13.180700500540766 -1.1000369994447095 1.0
human.pedestrian.construction_worker 0 0 0 0 0 0 0 0.881 1.759 0.616 0.09939198012320694 39.15965892450289 0.6692834553617918 -1.5576346306878532 1.0
movable_object.pushable_pullable 0 0 0 0 0 0 0 1.216 1.139 0.783 0.263116815866102 30.286615988596054 -4.967839235844694 -0.16749483726370862 1.0
vehicle.construction 0 0 0 0 0 0 0 8.514 2.81 4.845 -3.2331040355957725 87.75753728060101 -15.039795530725232 2.5693525901575605 1.0
movable_object.trafficcone 0 0 0 0 0 0 0 0.291 0.734 0.3 1.048368532569306 -10.090097011416757 -14.69182268173854 -2.3566341002330606 1.0
