vehicle.car 0 0 0 0 0 0 0 5.161 1.835 2.224 0.8687179971014312 -27.51800561649139 10.643736023536482 1.6842203353274394 1.0
vehicle.bus.bendy 0 0 0 0 0 0 0 10.573 3.37 3.061 -0.5580327318088419 21.166297009673478 25.27785414392733 -0.3570580338151075 1.0
vehicle.car 0 0 0 0 0 0 0 4.109 1.42 1.802 -0.598634794168989 60.65153937965626 26.663170157057518 -2.398409647992257 1.0
vehicle.car 0 0 0 0 0 0 0 4.923 2.0 2.098 0.8740395273105335 37.62270845201988 -20.782585242653333 2.3750192186832457 1.0
vehicle.car 0 0 0 0 0 0 0 4.23 1.552 1.951 -0.6618789708565189 75.1813691585174 31.44308006953959 0.6984143659004847 1.0
vehicle.truck 0 0 0 0 0 0 0 11.155 4.047 3.557 0.43169132940482613 11.268825570270822 -40.90393301378603 -0.178670552789022 1.0
vehicle.car 0 0 0 0 0 0 0 5.245 1.909 2.173 0.9851535031674845 -10.229121623686401 2.3978974332983576 1.6604005561782191 1.0
vehicle.truck 0 0 0 0 0 0 0 5.934 2.14 2.508 0.8268679404783501 14.736435468548294 -17.199710730837538 -0.11407369536214595 1.0
vehicle.car 0 0 0 0 0 0 0 5.006 1.876 2.064 1.7151109527051733 20.31351672745273 -50.09883143311163 -2.8945231744764346 1.0
vehicle.bus.bendy 0 0 0 0 0 0 0 8.852 3.492 2.986 -0.2625283787516456 18.858134255563986 17.44622220174153 -0.22515922945783373 1.0
vehicle.car 0 0 0 0 0 0 0 4.99 1.732 2.288 0.6111533315195323 -27.063001828875827 16.35170405045292 1.6753380780272842 1.0
vehicle.car 0 0 0 0 0 0 0 4.46 1.617 1.999 -0.47807619038843074 54.24257035474826 32.36767089426649 -2.431096235583923 1.0
vehicle.car 0 0 0 0 0 0 0 4.992 1.549 1.981 0.6440541424304665 -26.962193686325254 13.459015983094684 1.6753380780272842 1.0
vehicle.car 0 0 0 0 0 0 0 5.218 2.451 2.384 0.761909199913226 -29.602843468053962 3.3023939109842346 1.6495813446347176 1.0
vehicle.truck 0 0 0 0 0 0 0 8.911 3.595 3.102 -0.18330871325473738 -72.21078720251039 23.144549913244102 -1.4912796662665997 1.0
vehicle.car 0 0 0 0 0 0 0 3.799 2.0 1.782 -0.7682837036082053 56.287080615974894 30.81225956892225 -2.4225450153005 1.0
