vehicle.bus.bendy 0 0 0 0 0 0 0 8.852 3.492 2.986 -0.6461664355104074 36.46091519970279 24.71656417302204 1.8802426240706378 1.0
vehicle.car 0 0 0 0 0 0 0 4.23 1.552 1.951 -0.406267426920222 74.18817238716692 19.23531800297762 0.8594932174294101 1.0
vehicle.truck 0 0 0 0 0 0 0 5.934 2.14 2.508 0.4212129333731501 15.701952644130042 12.32727678838143 -0.28224345979758425 1.0
vehicle.car 0 0 0 0 0 0 0 5.006 1.876 2.064 1.7020446176103554 7.017656249254624 -52.28928162602676 -2.7334655162656105 1.0
vehicle.car 0 0 0 0 0 0 0 5.218 2.451 2.384 0.5954311351067669 -15.91726682657624 3.564364710681593 1.8106741134699638 1.0
vehicle.car 0 0 0 0 0 0 0 5.161 1.835 2.224 0.9250016111576487 -30.528394045079285 15.176139713067341 1.8453125701153796 1.0
vehicle.car 0 0 0 0 0 0 0 4.99 1.732 2.288 0.4006690177218746 -29.981147616614418 20.95713492825246 1.8364304510126015 1.0
vehicle.truck 0 0 0 0 0 0 0 11.155 4.047 3.557 0.04095660950776143 0.9350506705800044 -15.271378889599156 -0.3635586728176463 1.0
vehicle.car 0 0 0 0 0 0 0 4.992 1.549 1.981 0.6321944402714281 -29.62896592750853 17.892655684307147 1.8364304510126015 1.0
vehicle.car 0 0 0 0 0 0 0 5.245 1.909 2.173 0.949337562273598 -6.827770570819291 2.072545332408448 1.838943269480227 1.0
vehicle.car 0 0 0 0 0 0 0 4.923 2.0 2.098 1.0336127568072915 28.76897223844958 -26.43911070617291 2.5360991964601443 1.0
vehicle.truck 0 0 0 0 0 0 0 8.911 3.595 3.102 -0.2586361778833883 -72.77351081043508 34.48842492393318 -1.3302910075658865 1.0
vehicle.car 0 0 0 0 0 0 0 3.932 1.652 2.109 1.9522372083643766 8.827453868885428 -46.707763799887346 -2.777896313790925 1.0
vehicle.bus.bendy 0 0 0 0 0 0 0 10.573 3.37 3.061 -1.0311883544649845 44.15125043772984 20.124949745755504 2.1199102361515365 1.0
