human.pedestrian.construction_worker 0 0 0 0 0 0 0 0.521 1.773 0.581 -0.8612641289905095 73.19472879557959 8.739472173640621 -1.1669132045417765 1.0
movable_object.pushable_pullable 0 0 0 0 0 0 0 1.216 1.139 0.783 0.6049402274201554 12.036649887426105 -6.239465507293769 -0.10186896155664726 1.0
human.pedestrian.construction_worker 0 0 0 0 0 0 0 0.533 1.618 0.624 0.3009280593353713 1.8855413360781381 -8.954733041148657 -0.09317739215543774 1.0
vehicle.truck 0 0 0 0 0 0 0 6.227 2.601 2.156 0.8743506416821931 -10.365279695694678 6.147255688469941 -1.4353725102765473 1.0
vehicle.truck 0 0 0 0 0 0 0 7.516 3.093 2.312 0.9829993204189698 -21.14789715407724 6.813695641349618 -1.49629027268844 1.0
movable_object.pushable_pullable 0 0 0 0 0 0 0 1.208 1.134 0.758 0.4347528171908538 12.802949346086976 -7.5232082327086065 -0.06508010009568999 1.0
movable_object.pushable_pullable 0 0 0 0 0 0 0 1.214 1.189 0.764 0.5637881109151037 10.954024095941604 -6.238087494276406 -0.05493252642778401 1.0
vehicle.construction 0 0 0 0 0 0 0 8.514 2.81 4.845 -3.265209768407609 68.67327339971672 -20.126494352113365 2.502449209539815 1.0
human.pedestrian.construction_worker 0 0 0 0 0 0 0 0.544 1.739 0.665 0.9865473830083891 -23.547079515695675 -8.008873245552191 -1.0158377590649152 1.0
human.pedestrian.construction_worker 0 0 0 0 0 0 0 0.881 1.759 0.616 0.45759443275942174 16.61089756759538 -1.1437778817361548 -1.4907319354658668 1.0
human.pedestrian.construction_worker 0 0 0 0 0 0 0 1.094 1.106 0.53 1.0330982980165655 15.434897617040125 12.240221125188802 3.1211308591124123 1.0
vehicle.truck 0 0 0 0 0 0 0 6.372 2.978 2.877 -0.23398802980818575 17.882138753636738 -3.184823090540032 -1.6649292957517767 1.0
vehicle.truck 0 0 0 0 0 0 0 9.791 2.975 2.447 -1.127109694091528 43.941749285359535 -4.266357938665262 -1.6969511364265557 1.0
