movable_object.barrier 0 0 0 0 0 0 0 0.552 0.598 0.546 1.5987298011552635 4.782581277584063 10.729166956662322 -0.04391299117918379 1.0
vehicle.motorcycle 0 0 0 0 0 0 0 2.047 1.575 0.682 1.0965316843479687 -6.115371022677571 4.796133186937223 -1.5680721400192796 1.0
vehicle.motorcycle 0 0 0 0 0 0 0 1.903 0.995 0.659 1.444005102573915 6.714364072080094 16.74749907632285 -0.7423900424002383 1.0
movable_object.barrier 0 0 0 0 0 0 0 0.554 0.602 0.554 1.6492951912075626 5.700599593586479 10.670459948453711 -0.6215314098419462 1.0
movable_object.barrier 0 0 0 0 0 0 0 0.601 0.552 0.547 1.6026818887171987 7.08471555832665 10.75921915182248 -0.20129298790913452 1.0
vehicle.car 0 0 0 0 0 0 0 5.078 1.556 1.954 1.6587870782435292 -45.6712703266622 7.327885371703672 -1.561318570145958 1.0
movable_object.barrier 0 0 0 0 0 0 0 0.545 0.597 0.555 1.6574025276679072 1.5822081073373702 11.115025845803334 -0.025466974658410635 1.0
movable_object.barrier 0 0 0 0 0 0 0 0.553 0.601 0.548 1.6948427087729585 8.319104247875753 11.0132190462316 -0.06521347405155353 1.0
movable_object.barrier 0 0 0 0 0 0 0 0.551 0.601 0.548 1.695324740505825 4.108291773075993 10.851694838396243 -0.2116787314954145 1.0
movable_object.barrier 0 0 0 0 0 0 0 0.552 0.601 0.551 1.73900791064157 2.725726711564098 10.961729520807554 -0.13295331811995936 1.0
vehicle.motorcycle 0 0 0 0 0 0 0 1.874 1.135 0.544 1.4012300146891603 1.348866352697892 21.228512300490284 -1.1337136855541665 1.0
vehicle.motorcycle 0 0 0 0 0 0 0 1.964 1.272 0.665 1.467329416065458 1.4437475755093836 22.685425963922487 -1.395465511142632 1.0
vehicle.motorcycle 0 0 0 0 0 0 0 2.02 1.422 0.704 1.3423653748569593 6.423737505881155 22.62570760994681 -1.3374531912529974 1.0
vehicle.truck 0 0 0 0 0 0 0 4.795 1.949 1.831 0.9626700996729786 -1.7726542964615453 7.431946820711865 -1.561318570145958 1.0
vehicle.bicycle 0 0 0 0 0 0 0 1.362 0.845 0.327 1.4735253315838335 -30.334920530102835 -8.029443269788688 -1.6034106793289773 1.0
vehicle.motorcycle 0 0 0 0 0 0 0 2.001 1.204 0.672 1.374812602075978 6.488878630021523 19.073958771502372 -1.1447350539017709 1.0
vehicle.motorcycle 0 0 0 0 0 0 0 1.894 1.674 1.007 1.1067173133558694 -63.077404302078456 3.7172189505903 -1.5484920388309824 1.0
vehicle.car 0 0 0 0 0 0 0 4.552 1.865 1.9 1.3885905569102956 -39.62777899917501 7.236586880772662 -1.561318570145958 1.0
vehicle.truck 0 0 0 0 0 0 0 4.94 2.734 1.945 0.8945970807089796 -31.517774940901056 7.42808523651512 -1.5644508154456345 1.0
vehicle.truck 0 0 0 0 0 0 0 7.696 3.146 2.836 0.7978720770113951 -55.12076433278016 6.9615393754175106 -1.5943186258935205 1.0
movable_object.debris 0 0 0 0 0 0 0 0.878 1.418 1.134 1.3147485160427947 8.621366637002044 9.685248092945132 -1.3267628133640414 1.0
vehicle.car 0 0 0 0 0 0 0 4.129 1.588 1.956 1.0857068102517773 -10.188701088726262 7.210717622223245 -1.5655068298663783 1.0
