vehicle.truck 0 0 0 0 0 0 0 6.372 2.978 2.877 0.8408841712122941 -19.625751840443705 -4.655134545438779 -1.5589587873667732 1.0
vehicle.truck 0 0 0 0 0 0 0 4.748 1.959 1.882 1.1132307547831832 -5.255188445971875 -4.651003700195404 -1.5411096566931048 1.0
vehicle.truck 0 0 0 0 0 0 0 9.791 2.975 2.447 0.19043020244453837 6.7035822424701745 -3.5504348646086394 -1.60406186721593 1.0
human.pedestrian.construction_worker 0 0 0 0 0 0 0 0.521 1.773 0.581 -0.5668204742965687 38.526939161478346 13.148957424273709 -2.7918477245667557 1.0
vehicle.truck 0 0 0 0 0 0 0 6.227 2.601 2.156 1.3829072625094776 -48.616410884256375 1.8085545849184612 -1.528530204044145 1.0
movable_object.trafficcone 0 0 0 0 0 0 0 0.352 0.738 0.336 0.5942592852875296 33.20374612703967 -3.794340917843361 3.031776113741307 1.0
movable_object.trafficcone 0 0 0 0 0 0 0 0.396 0.711 0.34 0.47664244733442795 35.29336198916752 -3.6632957799190473 -2.6929905940944288 1.0
vehicle.construction 0 0 0 0 0 0 0 8.514 2.81 4.845 -1.7191805097879342 32.81265817972705 -16.836571422324823 2.5955127771618764 1.0
vehicle.truck 0 0 0 0 0 0 0 7.516 3.093 2.312 1.4263372478137777 -59.13428279878307 1.5297047579733702 -1.6068888343014551 1.0
human.pedestrian.construction_worker 0 0 0 0 0 0 0 1.094 1.106 0.53 1.2090452504433626 -23.298418264536124 10.34379627502582 -3.0690328010124377 1.0
