movable_object.barrier 0 0 0 0 0 0 0 0.356 1.004 2.109 1.9326120398599826 -9.289458717786369 10.98737011014213 -0.04613894468209878 1.0
vehicle.car 0 0 0 0 0 0 0 4.526 1.859 2.026 0.8962849030788501 23.65748386096413 22.5507933826034 -1.5329346079731172 1.0
movable_object.barrier 0 0 0 0 0 0 0 0.554 0.602 0.554 1.2096399378182212 40.72557799926607 10.900701017808247 -0.5967745077171411 1.0
movable_object.barrier 0 0 0 0 0 0 0 0.371 1.045 2.113 1.645588171753422 -46.74081168682455 -11.542387014328705 -1.6243113785442223 1.0
vehicle.car 0 0 0 0 0 0 0 5.078 1.556 1.954 1.6413534824747176 -10.784164075152026 8.969759060555983 -1.5357606325727984 1.0
movable_object.barrier 0 0 0 0 0 0 0 0.35 1.032 2.107 1.759167020686717 -0.7371454945387367 10.751297331553117 -0.11074526406294716 1.0
movable_object.barrier 0 0 0 0 0 0 0 0.553 0.601 0.548 1.2076016369902034 43.43970728207007 11.237445849329562 -0.05627291902949949 1.0
vehicle.car 0 0 0 0 0 0 0 4.129 1.588 1.956 0.7413605075639504 24.494398567496564 7.952818790021653 -1.5399473434485724 1.0
movable_object.barrier 0 0 0 0 0 0 0 0.364 0.998 2.106 1.5741006544664427 -47.75411658955428 -9.555236111911915 -2.281925848488532 1.0
vehicle.bicycle 0 0 0 0 0 0 0 1.362 0.845 0.327 1.0128858190965526 4.116680279940472 -6.772264313248147 -1.5778374751709627 1.0
vehicle.truck 0 0 0 0 0 0 0 4.795 1.949 1.831 0.06939586099749917 59.924093290954396 7.348706783566618 -1.5357606325727984 1.0
vehicle.car 0 0 0 0 0 0 0 4.552 1.865 1.9 1.3132641298835728 -4.735754657182449 8.727614704164084 -1.5357606325727984 1.0
vehicle.truck 0 0 0 0 0 0 0 4.94 2.734 1.945 0.7188369668258145 3.3302954171269312 8.709879243766618 -1.544259307160142 1.0
vehicle.truck 0 0 0 0 0 0 0 7.696 3.146 2.836 0.8667514770355611 -20.248663659814543 8.84480568888449 -1.568748664165871 1.0
vehicle.motorcycle 0 0 0 0 0 0 0 1.894 1.674 1.007 1.263840039639078 -18.70521139754687 5.676520697355026 -1.5536414390761095 1.0
movable_object.debris 0 0 0 0 0 0 0 0.878 1.418 1.134 0.7655377731152251 43.69326250179437 9.984524746144627 -1.3449099342377444 1.0
movable_object.barrier 0 0 0 0 0 0 0 0.327 1.008 2.108 2.034289761858745 -15.564391475272396 11.123434542953813 -0.04629992471458877 1.0
movable_object.trafficcone 0 0 0 0 0 0 0 0.396 0.7 0.397 1.8562888089223257 1.1174763518997097 10.780608847427743 -0.08722962783317101 1.0
movable_object.barrier 0 0 0 0 0 0 0 0.345 0.998 2.112 1.635324192862354 -49.534689429884104 -8.321415606884337 -2.724998686393855 1.0
vehicle.construction 0 0 0 0 0 0 0 2.612 2.901 3.869 0.8653850081684302 -52.80610081129417 -15.48921661036189 -1.5263890735290326 1.0
movable_object.barrier 0 0 0 0 0 0 0 0.35 0.999 2.111 2.0657370040218437 -17.751363931238636 11.156789419738224 -0.04629992471458877 1.0
movable_object.barrier 0 0 0 0 0 0 0 0.601 0.552 0.547 1.1617161114130026 42.16138878114762 10.995251033650307 -0.17953151371843035 1.0
movable_object.barrier 0 0 0 0 0 0 0 0.376 1.001 2.114 1.741961360403146 -2.9010599870522262 10.85481078161926 -0.04561770413467414 1.0
movable_object.barrier 0 0 0 0 0 0 0 0.35 1.051 2.11 2.0796419764105147 -19.921808300459695 11.184391808390854 -0.04629992471458877 1.0
movable_object.trafficcone 0 0 0 0 0 0 0 0.397 0.804 0.405 1.7324650305896752 10.56325340756104 13.158496878152121 -1.528224575656453 1.0
movable_object.barrier 0 0 0 0 0 0 0 0.34 0.982 2.106 1.3217872124478662 -46.61395179414084 -13.698331472421428 -1.6186067596376095 1.0
