movable_object.barrier 0 0 0 0 0 0 0 0.371 1.045 2.113 1.6467563628085478 -35.50476856219196 -12.025836380863101 -1.6372497570843594 1.0
movable_object.barrier 0 0 0 0 0 0 0 0.345 0.998 2.112 1.738658647605548 -38.32810528768188 -8.812336310138265 -2.7382006555516973 1.0
vehicle.truck 0 0 0 0 0 0 0 7.696 3.146 2.836 0.4365221195615486 -9.286092197575897 8.76763326140661 -1.581667613638201 1.0
movable_object.barrier 0 0 0 0 0 0 0 0.34 0.982 2.106 1.2948906915117577 -35.373885560071066 -14.177756032968817 -1.631543191407105 1.0
movable_object.barrier 0 0 0 0 0 0 0 0.327 1.008 2.108 1.569926574835918 -4.63730216177574 11.070373269269094 -0.02225875270602451 1.0
vehicle.car 0 0 0 0 0 0 0 5.093 1.61 2.137 0.8785678170465966 -34.932588551594826 -6.1388341391756835 -0.18894291470804703 1.0
movable_object.barrier 0 0 0 0 0 0 0 0.349 1.003 2.114 1.6598282191491454 -2.4550052334858905 11.045964026627635 -0.02225875270602451 1.0
movable_object.barrier 0 0 0 0 0 0 0 0.346 0.999 2.113 1.5125241887030225 3.8210659967628247 11.04752462192861 -0.022203352954971223 1.0
movable_object.barrier 0 0 0 0 0 0 0 0.35 0.999 2.111 1.5915131940238758 -6.825082503521626 11.058875698095326 -0.02225875270602451 1.0
movable_object.barrier 0 0 0 0 0 0 0 0.364 0.998 2.106 1.6738280798665897 -36.515843597742695 -10.054335329729293 -2.2950395017064817 1.0
vehicle.motorcycle 0 0 0 0 0 0 0 1.894 1.674 1.007 0.906321983948098 -0.9773784159328509 5.538665565352619 -1.5539901112933343 1.0
vehicle.car 0 0 0 0 0 0 0 4.552 1.865 1.9 0.948012351202377 6.2285456436468385 8.804394635690253 -1.548667525731334 1.0
movable_object.barrier 0 0 0 0 0 0 0 0.351 0.996 2.114 1.3182166597185865 -35.3732122259752 -16.37235678158545 -1.586361978636905 1.0
vehicle.car 0 0 0 0 0 0 0 5.078 1.556 1.954 1.245170146539882 0.17291164400296194 8.972834853655293 -1.548667525731334 1.0
movable_object.trafficcone 0 0 0 0 0 0 0 0.396 0.7 0.397 1.5010824279405919 12.105611604559666 10.995773694934806 -0.06599598442476484 1.0
movable_object.barrier 0 0 0 0 0 0 0 0.35 1.032 2.107 1.3793302497940605 10.385660746684431 10.883963795504606 -0.09117855581056844 1.0
movable_object.trafficcone 0 0 0 0 0 0 0 0.4 0.699 0.401 1.4312489349839719 12.641917313244537 10.921709735456234 -0.06599598442476484 1.0
vehicle.construction 0 0 0 0 0 0 0 2.612 2.901 3.869 0.9289130140003509 -41.52483634843764 -16.066589995670412 -1.512739365943231 1.0
movable_object.barrier 0 0 0 0 0 0 0 0.36 1.09 2.112 1.4375370755799595 5.975126077248165 11.008819292508742 -0.022203352954971223 1.0
vehicle.car 0 0 0 0 0 0 0 4.129 1.588 1.956 0.5111682727794914 35.482386030590476 8.444326772130836 -1.552855789496502 1.0
vehicle.bicycle 0 0 0 0 0 0 0 1.362 0.845 0.327 1.0395874135401884 15.285262261801922 -6.577704704334452 -1.5907596760442049 1.0
vehicle.truck 0 0 0 0 0 0 0 4.94 2.734 1.945 0.38061753124814224 14.298492835349563 8.878761573351778 -1.5585117389660903 1.0
human.pedestrian.adult 0 0 0 0 0 0 0 0.733 1.604 0.685 0.6394563934605877 -16.284546735735137 -6.995441494420546 -1.7753426558597507 1.0
vehicle.car 0 0 0 0 0 0 0 4.661 1.763 1.855 1.016273762292564 -16.926729541279325 8.541416518537297 -1.5252481930836037 1.0
