movable_object.barrier 0 0 0 0 0 0 0 0.358 1.009 2.203 0.982838839126302 22.636221034590047 5.183665542162071 -0.294145864836711 1.0
movable_object.trafficcone 0 0 0 0 0 0 0 0.48 0.786 0.369 1.8195331272416595 -21.50555715496291 -19.93971663326447 -0.7446199689027502 1.0
vehicle.car 0 0 0 0 0 0 0 5.093 1.61 2.137 1.126559816881462 -16.463374040897698 -9.59066510979791 -0.24649353351228953 1.0
movable_object.barrier 0 0 0 0 0 0 0 0.351 1.004 1.983 1.5872615571039324 0.6651530802578028 17.2935382551225 -0.1224691129614115 1.0
human.pedestrian.adult 0 0 0 0 0 0 0 0.339 1.711 0.429 1.1542771526882032 2.563723768588604 16.943235747361015 -2.7066784402250867 1.0
vehicle.car 0 0 0 0 0 0 0 5.057 1.934 1.954 1.1084431211282115 -15.436114916425137 2.6704698081663434 -0.07253881295787323 1.0
vehicle.truck 0 0 0 0 0 0 0 7.696 3.146 2.836 -0.017408970695951653 13.366294700068153 5.56639269233819 -1.2908476998610237 1.0
movable_object.barrier 0 0 0 0 0 0 0 0.355 1.019 2.105 1.4244761705933469 2.35478126584567 11.15635433149719 -0.38371277107299306 1.0
vehicle.motorcycle 0 0 0 0 0 0 0 1.894 1.674 1.007 -0.32707841031116003 41.30722745109157 -6.154471262207193 -1.332269628218608 1.0
movable_object.barrier 0 0 0 0 0 0 0 0.36 1.024 2.115 1.2593085818761351 10.589529594961459 8.792414056498199 -0.16200461077751172 1.0
movable_object.barrier 0 0 0 0 0 0 0 0.364 0.998 2.106 1.6799531082147858 -18.01304669575036 -4.575441931522762 -2.0041352617012116 1.0
movable_object.barrier 0 0 0 0 0 0 0 0.35 0.996 2.106 1.448857016891297 4.382432212576555 10.413051423823555 -0.32458251304354135 1.0
human.pedestrian.adult 0 0 0 0 0 0 0 0.625 1.824 1.028 0.9953816851774231 4.884420887487628 12.625461307590141 -0.6122298787430278 1.0
vehicle.car 0 0 0 0 0 0 0 3.981 1.582 1.723 1.2681350015436528 -10.429574280268492 26.143639499578782 -2.8515418402363792 1.0
vehicle.car 0 0 0 0 0 0 0 4.22 1.477 1.902 1.1063659704319617 -4.452710931486004 27.75166975133233 -0.31622363528342845 1.0
vehicle.truck 0 0 0 0 0 0 0 4.94 2.734 1.945 -0.4273202604498167 35.928704441491334 -1.0646018329702192 -1.27082774674804 1.0
movable_object.barrier 0 0 0 0 0 0 0 0.349 0.997 2.112 1.453688779393519 -1.435568694748173 17.632936748151106 -0.17067766586693622 1.0
vehicle.car 0 0 0 0 0 0 0 4.744 2.0 1.802 1.1835068964470485 -23.663226006439924 6.210957139338639 -2.829134319449511 1.0
vehicle.car 0 0 0 0 0 0 0 4.661 1.763 1.855 0.8865578098991499 5.91651730529126 7.603690370109452 -1.2489786365060453 1.0
vehicle.car 0 0 0 0 0 0 0 4.352 1.562 1.889 1.17034246888388 -9.483606778916045 2.464719124972564 -0.28396651656650107 1.0
vehicle.truck 0 0 0 0 0 0 0 8.699 3.384 3.204 0.7634667878213494 -29.64961690535388 -26.611158656455967 -2.848435501172556 1.0
vehicle.car 0 0 0 0 0 0 0 4.609 1.547 1.814 1.6906623800955107 -19.184140833891224 20.654488921159206 -2.820740227083946 1.0
movable_object.barrier 0 0 0 0 0 0 0 0.34 0.982 2.106 1.5930755695440253 -18.081403578388333 -8.931313558404176 -1.3407146158024936 1.0
movable_object.barrier 0 0 0 0 0 0 0 0.345 0.998 2.112 1.7493069516347282 -19.400733717402932 -2.9471864926126594 -2.4472660557717614 1.0
human.pedestrian.adult 0 0 0 0 0 0 0 0.733 1.604 0.685 0.4966741418565672 5.78698002980815 -7.766291309113715 -2.182499305954442 1.0
vehicle.car 0 0 0 0 0 0 0 4.552 1.865 1.9 0.21837584138026855 28.182375095659044 1.1883418436408555 -1.2578537221139783 1.0
movable_object.debris 0 0 0 0 0 0 0 0.351 0.862 0.605 1.4089266180670967 -2.7665459953620006 18.050840773214606 -1.8416541162001971 1.0
movable_object.barrier 0 0 0 0 0 0 0 0.364 0.998 2.112 1.9626556946053912 -23.216051822782863 -1.1807326809798482 -0.2901350165987928 1.0
human.pedestrian.adult 0 0 0 0 0 0 0 0.303 1.711 0.431 1.1883503115536322 2.724507263347713 16.29632254788369 -1.2213707171828432 1.0
movable_object.trafficcone 0 0 0 0 0 0 0 0.405 0.702 0.397 1.927578119441793 -19.443814868222567 -1.183882660264748 -0.35892184936588123 1.0
vehicle.construction 0 0 0 0 0 0 0 1.67 2.502 1.705 0.5640558379907503 8.057956302075885 11.714798919049162 -0.11265527645370454 1.0
movable_object.barrier 0 0 0 0 0 0 0 0.352 1.004 2.111 1.3813316145922427 12.701673952604674 8.261847762842654 -0.294145864836711 1.0
vehicle.car 0 0 0 0 0 0 0 5.078 1.556 1.954 0.5958673126602235 22.428635891223298 3.0895799550959504 -1.2578537221139783 1.0
movable_object.barrier 0 0 0 0 0 0 0 0.371 1.045 2.113 1.6529661989877114 -17.5853989142902 -6.777551620376222 -1.346420231248171 1.0
vehicle.construction 0 0 0 0 0 0 0 2.612 2.901 3.869 0.9819128653657418 -24.802096197344625 -8.933520485686994 -1.8037702663328403 1.0
human.pedestrian.construction_worker 0 0 0 0 0 0 0 0.736 1.697 0.511 1.5093638246931826 -22.891180484419046 -2.599139566954817 -2.626123369135584 1.0
human.pedestrian.adult 0 0 0 0 0 0 0 0.82 1.726 0.45 1.7088084407802442 -27.89788344672384 11.877791057054125 -2.733989719876126 1.0
movable_object.trafficcone 0 0 0 0 0 0 0 0.401 0.696 0.406 1.8927625836227926 -18.3472571369124 -2.256638466760083 -0.8992196473748244 1.0
movable_object.barrier 0 0 0 0 0 0 0 0.355 1.001 2.108 1.5176002300135591 1.4644201780334285 12.770471440899989 -1.764228244738372 1.0
