vehicle.construction 0 0 0 0 0 0 0 5.375 2.73 2.049 0.28561378273388005 7.797146938161258 -8.320812666857881 -2.8034327010057174 1.0
vehicle.construction 0 0 0 0 0 0 0 6.777 3.873 3.408 -0.37026291324714067 30.574677251209295 23.19692893367329 1.572392247885718 1.0
movable_object.barrier 0 0 0 0 0 0 0 0.503 1.034 2.209 1.4581432849814584 -16.937527904547938 -5.133216865660819 -0.020962455156727344 1.0
vehicle.car 0 0 0 0 0 0 0 4.547 1.537 2.055 1.5394838071387047 -95.55453027211047 3.3708177919658056 1.5341551646442584 1.0
movable_object.barrier 0 0 0 0 0 0 0 0.452 1.112 2.3 1.1453950451737658 9.378718008807583 -5.501915341794009 2.6701792452219673 1.0
movable_object.barrier 0 0 0 0 0 0 0 0.487 1.029 2.061 1.3730431608738383 -2.125630073341704 -4.952812855761524 -0.02155247342166078 1.0
vehicle.car 0 0 0 0 0 0 0 3.956 1.55 1.766 1.1003921077603624 -2.7770232856357078 -2.60744331425784 -1.5496729459011904 1.0
human.pedestrian.adult 0 0 0 0 0 0 0 0.744 2.0 0.655 1.0495045944515233 -38.12043187758974 10.585581265541556 1.6239076517255508 1.0
human.pedestrian.adult 0 0 0 0 0 0 0 0.838 1.614 0.826 0.8178603126962432 39.726370566650935 14.255271052716731 2.1831323264650973 1.0
vehicle.car 0 0 0 0 0 0 0 4.45 1.644 2.03 0.46016895598997465 19.352917208037866 -5.6713866985910935 -2.273663207930868 1.0
human.pedestrian.construction_worker 0 0 0 0 0 0 0 0.994 2.0 1.05 0.6089889411459883 38.285282134120095 16.114895175966392 2.8390154525003943 1.0
movable_object.barrier 0 0 0 0 0 0 0 0.419 1.033 2.148 1.2378729306243095 4.176109870080124 -4.680497424074396 -0.14530653357128287 1.0
movable_object.barrier 0 0 0 0 0 0 0 0.467 1.103 2.264 0.852472059593123 16.130698741154568 -9.787776552161695 -0.19329145636746858 1.0
movable_object.barrier 0 0 0 0 0 0 0 0.618 1.186 2.472 1.1232922338965594 10.99494733135601 -7.1406014748494995 2.518481706634452 1.0
human.pedestrian.adult 0 0 0 0 0 0 0 0.854 1.78 0.847 0.4166402580146056 14.412852063764618 -11.102940585168007 -0.47385896314565557 1.0
movable_object.debris 0 0 0 0 0 0 0 0.939 1.192 1.197 0.11283474984661557 31.695077468304607 -15.192810177206963 -0.08892233891069523 1.0
movable_object.barrier 0 0 0 0 0 0 0 0.683 1.124 2.209 0.17369082219788873 18.639822753239088 -26.69073720181533 -1.576182382293184 1.0
human.pedestrian.adult 0 0 0 0 0 0 0 0.596 1.876 0.649 0.8292900446863553 -28.958566521811825 -9.492319888579797 1.649425216377189 1.0
movable_object.barrier 0 0 0 0 0 0 0 0.545 1.113 2.448 0.6589051155215029 7.126365961630634 -11.689211019545734 -0.6821944772719135 1.0
vehicle.truck 0 0 0 0 0 0 0 6.366 2.998 2.731 0.46597374123752633 -56.50848383216998 -5.329783827946142 -1.61506531515594 1.0
movable_object.barrier 0 0 0 0 0 0 0 0.443 1.068 2.142 1.2592444195548562 2.09219023603452 -4.847952547316232 -0.03454982599377843 1.0
human.pedestrian.adult 0 0 0 0 0 0 0 0.72 1.675 0.703 0.8304334362921362 39.61180317247496 14.928113700558463 2.947657831200985 1.0
movable_object.barrier 0 0 0 0 0 0 0 0.511 1.029 2.175 1.4464242570740173 -12.630571874556573 -5.104819328681548 -0.029732930851416484 1.0
movable_object.barrier 0 0 0 0 0 0 0 0.617 1.117 2.297 0.2710152557425387 17.76365335889651 -28.705327271048407 -2.8190876694649525 1.0
movable_object.barrier 0 0 0 0 0 0 0 0.48 1.096 2.118 0.3641293001091317 14.02558906467079 -21.267014619177907 -1.5633901323930361 1.0
movable_object.barrier 0 0 0 0 0 0 0 0.587 1.084 2.206 0.10650235615315196 67.65507421242187 -7.646839725113987 1.7639457321451566 1.0
movable_object.trafficcone 0 0 0 0 0 0 0 0.401 0.805 0.405 1.0912770033544958 28.169956676260217 14.762380811302002 2.682413489713783 1.0
movable_object.debris 0 0 0 0 0 0 0 0.929 1.182 1.085 0.2872419473332175 33.38133831410814 -15.056933433888034 -0.08553930848041169 1.0
vehicle.truck 0 0 0 0 0 0 0 5.077 2.199 1.953 0.019970471744093055 17.467664627085995 -18.293668940740538 -2.6899037089615403 1.0
movable_object.trafficcone 0 0 0 0 0 0 0 0.445 0.744 0.447 1.2182655408508656 14.798687617983848 -10.176222812047207 -0.4086859381277357 1.0
human.pedestrian.adult 0 0 0 0 0 0 0 0.707 1.739 0.681 0.7953628439233404 -12.55857818882844 -9.240334525790793 1.6194077872122667 1.0
movable_object.barrier 0 0 0 0 0 0 0 0.581 1.101 2.269 1.023378132667917 26.16545472142863 18.858337190029253 1.7294603492270424 1.0
movable_object.barrier 0 0 0 0 0 0 0 0.591 1.127 2.261 1.0078054504105964 27.204220855977134 16.954842401677404 2.2843913668963394 1.0
movable_object.barrier 0 0 0 0 0 0 0 0.703 1.139 2.295 0.9632064146070136 13.471773695662332 -7.573149381490847 -2.183606607136295 1.0
movable_object.barrier 0 0 0 0 0 0 0 0.557 1.105 2.298 0.273421381894792 14.287717532539535 -25.79366754820903 -1.5027798342739214 1.0
movable_object.barrier 0 0 0 0 0 0 0 0.706 1.171 2.339 0.40803711462859965 18.38678727303448 -24.77747275041777 -1.2374987719289692 1.0
movable_object.barrier 0 0 0 0 0 0 0 0.702 1.041 2.256 0.591367937760222 19.820112563028697 -12.757259215610953 -1.5796029587997404 1.0
movable_object.barrier 0 0 0 0 0 0 0 0.495 1.11 2.111 0.41530526692908243 13.86398779645632 -19.188936889512487 -1.4978584248146891 1.0
movable_object.barrier 0 0 0 0 0 0 0 0.563 1.12 2.2 0.9287983075923301 9.893040345329196 -9.890006884529212 -0.620919183033454 1.0
movable_object.barrier 0 0 0 0 0 0 0 0.537 1.055 2.215 1.0249316277433118 32.87184615314148 15.272011695696214 -3.079619999459327 1.0
vehicle.truck 0 0 0 0 0 0 0 7.705 3.602 3.388 0.4464534456750382 31.453063807975283 41.211549175187145 -0.034027648224046914 1.0
movable_object.barrier 0 0 0 0 0 0 0 0.447 1.159 2.114 0.7366499178660114 18.242999799749047 -9.380174455324722 -0.1530176572703077 1.0
movable_object.barrier 0 0 0 0 0 0 0 0.554 1.014 2.23 1.067386727626277 25.926018404581807 20.822430999841938 1.624748092657935 1.0
vehicle.car 0 0 0 0 0 0 0 4.523 1.564 2.036 0.6115012399732802 16.818896778029007 1.2000908717807417 -1.4013329627480147 1.0
movable_object.barrier 0 0 0 0 0 0 0 0.73 1.118 2.096 0.9542172694196909 14.033040079504424 -5.637628717266949 -1.5195335816367432 1.0
movable_object.barrier 0 0 0 0 0 0 0 0.548 1.086 2.289 0.9525424978438815 29.113277371980676 15.773926560146865 2.752939324319409 1.0
movable_object.barrier 0 0 0 0 0 0 0 0.496 1.018 2.111 1.4109131731496738 -10.509978977348952 -5.053636057675996 -0.029732930851416484 1.0
vehicle.car 0 0 0 0 0 0 0 4.278 2.0 1.991 -0.12158507042945477 22.896426248273816 -18.87616639893106 3.058499283510166 1.0
human.pedestrian.adult 0 0 0 0 0 0 0 0.939 1.905 0.94 -0.09240118241862416 44.97915752520458 -15.872230705287738 -0.4915195567062014 1.0
movable_object.trafficcone 0 0 0 0 0 0 0 0.402 0.743 0.402 1.182812457782596 29.667861703964412 13.924231189479546 2.9938897601146603 1.0
movable_object.barrier 0 0 0 0 0 0 0 0.449 1.085 2.182 1.1595708102000637 6.30802720150375 -4.483291263133935 -0.035814497508638965 1.0
movable_object.barrier 0 0 0 0 0 0 0 0.507 1.048 2.035 1.4528136351213448 -14.751617013238915 -5.1003813652126855 -0.03362947147831363 1.0
movable_object.barrier 0 0 0 0 0 0 0 0.381 1.1 2.219 1.256776641717787 -42.698798933637065 -7.832895446676612 -1.3325389160370982 1.0
movable_object.barrier 0 0 0 0 0 0 0 0.498 1.105 2.273 0.9817198386384862 12.709478184037861 -4.455160317031483 -0.050535047447823445 1.0
movable_object.barrier 0 0 0 0 0 0 0 0.48 1.041 2.185 1.3797269165652373 -4.189010740348813 -4.963231609568525 -0.03454982599377843 1.0
vehicle.car 0 0 0 0 0 0 0 5.261 2.0 2.433 0.5778619301896797 7.449422351013399 -20.381035659481245 -1.5730036409700254 1.0
movable_object.barrier 0 0 0 0 0 0 0 0.581 1.073 2.233 1.1466224770878306 25.847225561212216 23.0100459988399 1.5074887555022958 1.0
movable_object.barrier 0 0 0 0 0 0 0 0.423 1.057 2.23 1.4813069164434038 -19.11513848713846 -5.109183622713319 -0.07743562135243565 1.0
movable_object.barrier 0 0 0 0 0 0 0 0.451 1.068 2.126 1.0962877179636925 8.43295274136702 -4.4151685776775595 -0.051693836623140754 1.0
human.pedestrian.adult 0 0 0 0 0 0 0 0.618 1.835 0.637 0.8780451830721998 -29.302892124248988 -9.053528576009512 1.6319732149955577 1.0
vehicle.car 0 0 0 0 0 0 0 4.598 2.0 2.001 0.40304980274714997 28.67641790797434 5.969941881112289 -0.9758545203300866 1.0
movable_object.debris 0 0 0 0 0 0 0 0.988 1.204 1.298 0.940476365125236 31.051401406096016 14.999620007917303 2.8792611202208462 1.0
vehicle.motorcycle 0 0 0 0 0 0 0 2.41 1.726 1.005 0.06304602117855518 35.95314151278554 -14.434543287783761 -0.017805331194903573 1.0
movable_object.barrier 0 0 0 0 0 0 0 0.443 1.143 2.129 1.0264236717340292 10.54157299851524 -4.392154968914528 -0.018198502824354534 1.0
human.pedestrian.construction_worker 0 0 0 0 0 0 0 0.777 1.61 0.789 0.9544315097537244 31.10672371895665 20.149495219574113 2.902054203901039 1.0
movable_object.barrier 0 0 0 0 0 0 0 0.472 1.037 2.194 1.3168006843887408 -0.04441181535532794 -4.9047676014349495 -0.03454982599377843 1.0
