movable_object.trafficcone 0 0 0 0 0 0 0 0.467 0.804 0.494 1.237355285564476 30.01766022435376 14.956321564101295 -3.120914127756376 1.0
movable_object.trafficcone 0 0 0 0 0 0 0 0.404 0.773 0.398 1.19209078997245 28.293486776476946 14.593242995365316 3.127366390127439 1.0
human.pedestrian.adult 0 0 0 0 0 0 0 0.618 1.835 0.637 0.9068745208084179 -32.92075712996406 -9.196723138333876 1.6349438442935549 1.0
movable_object.trafficcone 0 0 0 0 0 0 0 0.395 0.74 0.401 2.158031619464431 22.278266565448902 44.83646331210346 1.6322213943067174 1.0
vehicle.construction 0 0 0 0 0 0 0 5.375 2.73 2.049 0.2858494060411109 4.789820722649448 -8.314084011167049 -2.800488331940974 1.0
movable_object.barrier 0 0 0 0 0 0 0 0.73 1.118 2.096 1.0066060249050353 11.02854312113587 -5.614759701086921 -1.5166103184579454 1.0
movable_object.barrier 0 0 0 0 0 0 0 0.503 1.034 2.209 1.483255091149307 -19.95330407681194 -5.202215314780481 -0.021857153089351655 1.0
movable_object.barrier 0 0 0 0 0 0 0 0.703 1.139 2.295 1.0312572571009753 10.4666518705619 -7.5550693514468 -2.1806705530358172 1.0
movable_object.barrier 0 0 0 0 0 0 0 0.496 1.018 2.111 1.4317781983609286 -13.526051753514066 -5.103591270192643 -0.033588641713466316 1.0
movable_object.barrier 0 0 0 0 0 0 0 0.586 1.052 2.346 0.7459278958085739 12.956304533246579 -13.595986978328702 -0.07877213601259925 1.0
movable_object.barrier 0 0 0 0 0 0 0 0.443 1.143 2.129 1.0583548133915222 7.523402420457453 -4.379618927191395 -0.020305473118259698 1.0
movable_object.trafficcone 0 0 0 0 0 0 0 0.345 0.875 0.349 0.9849548508060171 10.86003250469074 -12.09789762949824 -0.43629312713875024 1.0
movable_object.barrier 0 0 0 0 0 0 0 0.498 1.105 2.273 1.019053504338483 9.69171073259107 -4.433102295070532 -0.048770105975442846 1.0
vehicle.construction 0 0 0 0 0 0 0 6.777 3.873 3.408 -0.2427678846887643 27.474613681735367 23.27090307389211 1.5753642323660308 1.0
movable_object.barrier 0 0 0 0 0 0 0 0.689 1.181 2.155 0.769571924402521 16.740988945152242 -10.503410081598432 -1.5066630336541351 1.0
movable_object.barrier 0 0 0 0 0 0 0 0.472 1.037 2.194 1.3307981410828502 -3.061036329593724 -4.923674052714259 -0.03836675087634234 1.0
movable_object.barrier 0 0 0 0 0 0 0 0.537 1.055 2.215 1.110588604569481 29.79497494540228 15.355543902063108 -3.076672308444248 1.0
vehicle.car 0 0 0 0 0 0 0 3.956 1.55 1.766 1.104364127156949 -2.108855892518439 -2.5588658041265457 -1.542386068146432 1.0
vehicle.car 0 0 0 0 0 0 0 5.261 2.0 2.433 0.8038166602483061 4.480069430290134 -20.38060335439319 -1.5700790587655913 1.0
movable_object.barrier 0 0 0 0 0 0 0 0.507 1.048 2.035 1.4764952430363414 -17.767503548744347 -5.162929745500629 -0.03265463525132972 1.0
movable_object.barrier 0 0 0 0 0 0 0 0.511 1.029 2.175 1.4686294184324042 -15.646459512888628 -5.161105803687347 -0.033588641713466316 1.0
vehicle.truck 0 0 0 0 0 0 0 7.705 3.602 3.388 0.6203549007199942 28.300572399446924 41.285929725383454 -0.037849649511439765 1.0
movable_object.barrier 0 0 0 0 0 0 0 0.48 1.096 2.118 0.43640610676698544 11.057354757117078 -21.244008945468043 -1.5604657820043357 1.0
movable_object.barrier 0 0 0 0 0 0 0 0.492 1.107 2.326 0.3103608095144786 11.22467036951933 -23.413064977221733 -1.4998569999031046 1.0
movable_object.trafficcone 0 0 0 0 0 0 0 0.516 0.905 0.514 1.5321453180549587 -24.424969530978014 -5.254901287586962 -0.0719651279801603 1.0
movable_object.debris 0 0 0 0 0 0 0 0.988 1.204 1.298 0.9816221633686428 27.975789143729262 15.073060847640585 2.8822126774694325 1.0
movable_object.barrier 0 0 0 0 0 0 0 0.581 1.073 2.233 1.2507227066940771 22.76842450068214 23.06532037620458 1.5104623098897436 1.0
vehicle.car 0 0 0 0 0 0 0 4.45 1.644 2.03 0.3932309835284477 17.923896257792407 -7.470271808139005 -2.4828834427070134 1.0
human.pedestrian.construction_worker 0 0 0 0 0 0 0 0.994 2.0 1.05 0.6478623056347106 35.206122852255774 16.210440212985368 2.841967496381793 1.0
movable_object.trafficcone 0 0 0 0 0 0 0 0.399 0.738 0.393 1.4440531305537216 -33.15733235160731 -8.046568233229156 1.6069340544801038 1.0
human.pedestrian.adult 0 0 0 0 0 0 0 0.838 1.614 0.826 0.9071819257645388 36.65332271376191 14.353543098045524 2.186093052059551 1.0
movable_object.barrier 0 0 0 0 0 0 0 0.618 1.186 2.472 1.1651892532121404 7.986384728772806 -7.1267037064902885 2.5214377654390026 1.0
human.pedestrian.adult 0 0 0 0 0 0 0 0.854 1.78 0.847 0.5924677799798632 11.415441518416376 -11.080436708034117 -0.4710114861003909 1.0
movable_object.barrier 0 0 0 0 0 0 0 0.447 1.159 2.114 0.7529743388533963 15.239271904826664 -9.349635211465618 -0.15625020227057895 1.0
movable_object.barrier 0 0 0 0 0 0 0 0.554 1.014 2.23 1.205284818681985 22.83408430686774 20.8789859580095 1.6277188822372288 1.0
vehicle.car 0 0 0 0 0 0 0 4.523 1.564 2.036 0.6267870892056212 16.3643701309135 1.782052700063428 -1.3242460519234491 1.0
movable_object.barrier 0 0 0 0 0 0 0 0.483 1.029 2.14 1.4656851135162596 -9.352232726148639 -5.043967047707502 -0.022323956282548352 1.0
movable_object.barrier 0 0 0 0 0 0 0 0.548 1.086 2.289 1.0478411108774146 26.033985140946147 15.836059711182498 2.755892419159032 1.0
vehicle.truck 0 0 0 0 0 0 0 6.366 2.998 2.731 0.5179516393561429 -59.52419314554903 -5.512891280477155 -1.6121397444881946 1.0
movable_object.barrier 0 0 0 0 0 0 0 0.557 1.105 2.298 0.2674707876956394 11.332144637373512 -25.768414362722222 -1.4998569999031046 1.0
human.pedestrian.adult 0 0 0 0 0 0 0 0.596 1.876 0.649 0.856809477987862 -32.575175688870466 -9.63437820692005 1.6698471082414255 1.0
movable_object.barrier 0 0 0 0 0 0 0 0.545 1.113 2.448 0.7053872358626685 4.131749236221515 -11.683921533674448 -0.6793141519164951 1.0
human.pedestrian.adult 0 0 0 0 0 0 0 0.744 2.0 0.655 1.108057261382092 -41.86448925532836 10.418020428040343 1.6137897739044282 1.0
vehicle.truck 0 0 0 0 0 0 0 5.077 2.199 1.953 0.025149784296571165 14.48978162932646 -18.25839610985746 -2.6869607458061537 1.0
movable_object.barrier 0 0 0 0 0 0 0 0.423 1.057 2.23 1.507982080105938 -22.130959259287653 -5.184651651918746 -0.07520294518450044 1.0
movable_object.barrier 0 0 0 0 0 0 0 0.451 1.068 2.126 1.1446163548421546 5.415041964340458 -4.40928597201245 -0.055336469129374066 1.0
movable_object.barrier 0 0 0 0 0 0 0 0.381 1.1 2.219 1.2923126210649658 -45.697312539035025 -8.01552444640808 -1.3296209382459097 1.0
human.pedestrian.adult 0 0 0 0 0 0 0 0.72 1.675 0.703 0.8959976607738748 36.50691173076963 14.875582116008518 2.950608566829195 1.0
movable_object.barrier 0 0 0 0 0 0 0 0.617 1.117 2.297 0.21455696201841581 14.816267210655596 -28.669063431706352 -2.81614310895453 1.0
movable_object.barrier 0 0 0 0 0 0 0 0.587 1.084 2.206 0.11701374280863042 64.64581092897616 -7.464314078215835 1.7669136082890953 1.0
movable_object.barrier 0 0 0 0 0 0 0 0.419 1.033 2.148 1.2884942517377969 1.1590983380506166 -4.687494528006424 -0.14855278264481697 1.0
human.pedestrian.adult 0 0 0 0 0 0 0 0.707 1.739 0.681 0.8107875245883236 -16.01521084148115 -9.331010059226653 1.6049271254404154 1.0
movable_object.barrier 0 0 0 0 0 0 0 0.563 1.12 2.2 0.9794333414560396 6.900327861437803 -9.891968652596153 -0.6239401531739741 1.0
movable_object.barrier 0 0 0 0 0 0 0 0.581 1.101 2.269 1.1353162029954038 23.079082438395893 18.91610177692125 1.7324289149022345 1.0
movable_object.barrier 0 0 0 0 0 0 0 0.591 1.127 2.261 1.1143958498410096 24.129391239661196 17.019783301345687 2.287350612782161 1.0
movable_object.debris 0 0 0 0 0 0 0 0.939 1.192 1.197 0.1378678719115033 28.707354950589156 -15.110530724037595 -0.09232860846566204 1.0
movable_object.barrier 0 0 0 0 0 0 0 0.449 1.085 2.182 1.2052998995281405 3.2903535539064768 -4.478363218423138 -0.039618682627807544 1.0
vehicle.car 0 0 0 0 0 0 0 4.598 2.0 2.001 0.501593685674814 27.39348148013163 7.439252136026249 -0.8973396235949593 1.0
movable_object.trafficcone 0 0 0 0 0 0 0 0.449 0.875 0.454 0.81235269677063 16.494726525856038 -14.916411738788009 -1.6708818796357958 1.0
movable_object.barrier 0 0 0 0 0 0 0 0.503 1.027 2.129 1.4770868747757053 -11.436314129218168 -5.053224759054703 -0.022323956282548352 1.0
movable_object.debris 0 0 0 0 0 0 0 0.929 1.182 1.085 0.2893327775360185 30.394042731532128 -14.975472544046728 -0.08896060441127851 1.0
movable_object.trafficcone 0 0 0 0 0 0 0 0.354 0.796 0.431 0.8879623621920132 8.500186087206247 -9.518734520457198 -0.5597858930011661 1.0
movable_object.barrier 0 0 0 0 0 0 0 0.452 1.112 2.3 1.151422693539446 6.3636882414223095 -5.492648752770813 2.6731333668436523 1.0
movable_object.barrier 0 0 0 0 0 0 0 0.702 1.041 2.256 0.5974497255684059 16.826224934986385 -12.716293669748882 -1.5766782187621216 1.0
movable_object.trafficcone 0 0 0 0 0 0 0 0.409 0.734 0.408 0.532046210626445 28.24613228844653 -15.550175004352925 1.6560952095164438 1.0
movable_object.barrier 0 0 0 0 0 0 0 0.443 1.068 2.142 1.2919003942738074 -0.9244732662920508 -4.860791290150898 -0.03836675087634234 1.0
