movable_object.barrier 0 0 0 0 0 0 0 2.238 1.156 0.717 1.186599573380821 -9.895362896520117 -8.832877062628423 1.2364031285479173 1.0
human.pedestrian.adult 0 0 0 0 0 0 0 0.554 1.862 0.711 0.9375991928127714 -13.962113969839795 -8.80322039170403 -0.247777538095022 1.0
movable_object.barrier 0 0 0 0 0 0 0 2.049 1.246 0.593 1.2114772776582796 -28.739402439242863 -15.639422501551785 1.2562116968001842 1.0
movable_object.barrier 0 0 0 0 0 0 0 1.766 1.15 0.669 1.129671991555668 0.05347127915938735 -5.085825582429629 1.2855243956072453 1.0
movable_object.barrier 0 0 0 0 0 0 0 2.105 1.232 0.536 1.1782552839704836 -25.004136721998982 -14.235671697200052 1.2213378035122346 1.0
movable_object.barrier 0 0 0 0 0 0 0 2.013 1.188 0.621 1.2240039091027681 -17.667434937703153 -11.760873323269593 1.2274580548782126 1.0
movable_object.barrier 0 0 0 0 0 0 0 2.045 1.189 0.564 1.2249504630191823 -26.883688260932452 -14.939868099311399 1.2213378035122346 1.0
human.pedestrian.adult 0 0 0 0 0 0 0 0.574 1.689 0.737 -0.2020775314439744 22.143534526936165 -3.014949700776629 -0.5579759971643519 1.0
human.pedestrian.construction_worker 0 0 0 0 0 0 0 0.62 1.926 1.013 0.8996797666836996 -3.7097702914541424 -3.202264471739324 -2.7564723914879936 1.0
vehicle.car 0 0 0 0 0 0 0 3.988 1.668 2.01 -0.7219996767245822 13.53659109658627 -34.03995071205142 2.979185572887193 1.0
movable_object.barrier 0 0 0 0 0 0 0 2.187 1.342 0.664 1.1486659282289167 -15.731094587732851 -11.04592420779724 1.1962296266028467 1.0
movable_object.barrier 0 0 0 0 0 0 0 2.24 1.14 0.695 1.2298807761778385 -11.755763061506014 -9.873767048940493 1.4546525626966131 1.0
movable_object.barrier 0 0 0 0 0 0 0 2.04 1.197 0.59 0.6529171521459931 6.002430848872637 -14.933101493107378 -2.758775471704835 1.0
human.pedestrian.adult 0 0 0 0 0 0 0 0.998 1.849 0.769 1.281904344828536 -4.972807612586819 17.34821085359784 -1.371719098245336 1.0
movable_object.barrier 0 0 0 0 0 0 0 2.04 1.141 0.511 1.278168625733575 -21.444508527401553 -13.022513240787807 1.2210762554152268 1.0
movable_object.barrier 0 0 0 0 0 0 0 2.096 1.186 0.661 1.0718880466051115 3.1946538086939973 -5.206736011477579 2.676852918053603 1.0
movable_object.barrier 0 0 0 0 0 0 0 2.129 1.155 0.625 0.6728816918669845 6.293207136533987 -13.053761830436594 2.869858162983859 1.0
movable_object.trafficcone 0 0 0 0 0 0 0 0.499 0.735 0.329 1.6308467870424015 -16.609134679003493 -5.4080110994286255 2.766219191835175 1.0
human.pedestrian.adult 0 0 0 0 0 0 0 0.665 1.835 0.636 -0.6063009905865939 36.76799417446027 9.78686389781246 -1.7820059133284092 1.0
movable_object.barrier 0 0 0 0 0 0 0 2.145 1.063 0.565 0.7582164587972882 5.710649898921532 -11.024231332400495 2.852410486484482 1.0
movable_object.barrier 0 0 0 0 0 0 0 2.75 1.261 0.604 1.1340041203925029 -1.782736029785312 -5.655624627039146 1.184460482680592 1.0
movable_object.pushable_pullable 0 0 0 0 0 0 0 1.14 0.717 0.643 -0.8169294871994643 22.267396178552925 -28.560226453314634 1.1669379241311724 1.0
movable_object.barrier 0 0 0 0 0 0 0 2.199 1.004 0.67 1.2283638623899953 -1.3187650941981772 -3.9499742496112185 1.1769283398668993 1.0
movable_object.barrier 0 0 0 0 0 0 0 2.12 1.193 0.75 1.1900680005090132 -4.079383734579904 -6.648237422346612 1.1836235736320218 1.0
vehicle.bicycle 0 0 0 0 0 0 0 1.543 1.045 0.532 0.03773108626532673 27.879762847164894 1.7371721921337073 2.266410144773552 1.0
vehicle.car 0 0 0 0 0 0 0 4.823 2.221 1.883 -0.5961533068572045 12.935708347444697 -27.76088353507569 2.9896716719347562 1.0
movable_object.barrier 0 0 0 0 0 0 0 2.126 1.154 0.671 1.169718455637394 -8.079919180136223 -8.228416856737004 1.2366123713555783 1.0
movable_object.barrier 0 0 0 0 0 0 0 2.052 1.299 0.574 1.2177040561062058 -23.31654730312986 -13.701227361747126 1.257048689628899 1.0
vehicle.construction 0 0 0 0 0 0 0 7.364 4.601 5.583 -1.1583179435339714 -30.57534147766127 -26.95970750047414 -1.8139289876891862 1.0
movable_object.barrier 0 0 0 0 0 0 0 2.194 1.21 0.705 0.9466203528991239 3.94845932502811 -7.055268199041031 2.795740536439631 1.0
movable_object.barrier 0 0 0 0 0 0 0 1.913 1.216 0.555 1.1608403633826847 -19.72244215553198 -12.406176896143498 1.2129857486416507 1.0
movable_object.barrier 0 0 0 0 0 0 0 1.994 1.335 0.664 1.2679646901966577 -13.847775649112332 -10.419328180977782 1.1962296266028467 1.0
movable_object.barrier 0 0 0 0 0 0 0 2.123 1.128 0.668 1.1533744167292888 1.8043998073049083 -4.525803721814461 1.1802759482106921 1.0
vehicle.truck 0 0 0 0 0 0 0 5.138 2.087 1.841 1.0636305307842275 -12.66061484566515 -4.980343185773588 1.250178399726229 1.0
movable_object.barrier 0 0 0 0 0 0 0 2.141 1.34 0.614 1.2737454992215458 -30.641643689405445 -16.38457811936808 1.2094113081296864 1.0
movable_object.barrier 0 0 0 0 0 0 0 2.243 1.261 0.659 1.1477918067931168 -6.130651176741757 -7.515727251780683 1.20846975106517 1.0
movable_object.barrier 0 0 0 0 0 0 0 2.13 1.312 0.645 1.2837591501832724 -34.523912202405036 -17.66042055468953 1.231067457811041 1.0
movable_object.trafficcone 0 0 0 0 0 0 0 0.481 0.803 0.441 2.06036681139123 -10.264868697821834 11.957125373075916 2.737483041579285 1.0
human.pedestrian.adult 0 0 0 0 0 0 0 0.672 1.615 0.708 1.4845644626037071 -36.959135619522236 -14.307678969773256 1.1531294418674563 1.0
vehicle.truck 0 0 0 0 0 0 0 8.59 3.497 2.854 -1.2548797958184998 15.591381251433134 -50.618860935531735 3.0206588944368216 1.0
human.pedestrian.adult 0 0 0 0 0 0 0 0.53 1.664 0.693 -0.0803672276335296 21.6079925894596 -2.517315864356547 1.4720353806627475 1.0
movable_object.barrier 0 0 0 0 0 0 0 2.282 1.173 0.653 0.8103315455210341 4.834961126711459 -9.097736538231395 2.5864229873165225 1.0
movable_object.barrier 0 0 0 0 0 0 0 2.145 1.166 0.607 1.6169899244659183 -32.6139376639613 -17.03737038530693 1.2054881626218554 1.0
