human.pedestrian.adult 0 0 0 0 0 0 0 0.902 1.862 0.684 -0.8126885578367646 73.85799062893864 -0.5938326055604705 -0.05886293272402199 1.0
human.pedestrian.adult 0 0 0 0 0 0 0 0.681 1.597 0.584 0.2235787225668069 28.299567260061938 17.767827293963133 -0.5068229388996599 1.0
vehicle.bicycle 0 0 0 0 0 0 0 1.667 0.941 0.678 0.7844597127121405 29.105667573389994 29.73249715149551 -1.562385054971493 1.0
human.pedestrian.adult 0 0 0 0 0 0 0 0.707 1.642 0.62 0.022688183570129472 36.05995548476621 20.545822901089494 -1.6189472230791555 1.0
human.pedestrian.adult 0 0 0 0 0 0 0 0.635 1.835 0.67 0.576257368352141 41.863904448371386 33.117667697519586 -0.4920660702784794 1.0
human.pedestrian.adult 0 0 0 0 0 0 0 0.762 1.552 0.641 0.17625557182941898 36.097681907072335 21.90362582284323 -1.7901687501663712 1.0
vehicle.truck 0 0 0 0 0 0 0 5.389 3.001 2.24 0.2420356734519416 -14.694307063449033 12.166483973375833 1.5866799683314827 1.0
human.pedestrian.adult 0 0 0 0 0 0 0 1.021 1.605 0.701 -0.6757562912654405 56.79826262057441 4.19518063674823 2.6595859608970516 1.0
human.pedestrian.adult 0 0 0 0 0 0 0 0.724 1.656 0.58 0.2295624427643692 27.76969145056898 17.48985279584038 -0.5068229388996599 1.0
human.pedestrian.adult 0 0 0 0 0 0 0 0.967 1.862 0.611 -0.5524443183277773 43.62751705264995 7.754918456072704 -2.1861814592226665 1.0
human.pedestrian.adult 0 0 0 0 0 0 0 0.606 1.623 0.726 -0.5901293064380214 51.09860424807589 -3.1741699761807327 -1.485214023713688 1.0
human.pedestrian.adult 0 0 0 0 0 0 0 0.764 1.615 0.544 0.08728350628192871 35.4683718025681 21.22114888995754 -1.7065434567257958 1.0
vehicle.car 0 0 0 0 0 0 0 4.685 1.935 1.811 0.8380217538543561 0.05572099727238505 3.6849726811652608 -1.590901714634649 1.0
