vehicle.construction 0 0 0 0 0 0 0 7.258 2.934 2.797 0.00986893789160237 11.168195903409666 7.138029418532828 1.5275761884016807 1.0
movable_object.trafficcone 0 0 0 0 0 0 0 0.21 0.826 0.28 1.20361757642013 9.100813496057278 2.154353549279217 1.511716715326381 1.0
movable_object.barrier 0 0 0 0 0 0 0 2.259 1.048 0.607 1.4041630828974494 -4.370093429710221 2.0293331623971396 -1.5289463113588129 1.0
vehicle.car 0 0 0 0 0 0 0 4.75 1.633 1.918 0.2831376678811369 24.231027431418028 1.8176340693057227 -1.3232374939872074 1.0
vehicle.car 0 0 0 0 0 0 0 4.696 1.54 2.075 1.7373924495052568 -25.290014458019698 7.7541412254268 1.7433183839184352 1.0
human.pedestrian.construction_worker 0 0 0 0 0 0 0 0.597 1.838 0.544 0.7703859701288666 0.5660516494162341 7.696888131618503 -1.468335347557642 1.0
movable_object.barrier 0 0 0 0 0 0 0 2.141 1.092 0.645 1.2543819716957905 6.032480237629105 8.590930278519307 -1.5466727472661228 1.0
movable_object.trafficcone 0 0 0 0 0 0 0 0.326 0.698 0.351 1.78636910716412 -14.430916881099197 2.12852507233526 1.5592954054116923 1.0
movable_object.trafficcone 0 0 0 0 0 0 0 0.251 0.722 0.331 1.6650293977062978 -9.948871962572255 2.004496756147418 1.555526767483033 1.0
movable_object.barrier 0 0 0 0 0 0 0 1.577 1.052 0.623 1.1553850590637813 5.575728264920182 2.295540437793337 -1.5463935904487904 1.0
vehicle.car 0 0 0 0 0 0 0 4.662 1.526 2.127 2.289809789095326 -52.40230432225351 2.048192802887821 1.789504362494334 1.0
movable_object.trafficcone 0 0 0 0 0 0 0 0.322 0.712 0.303 1.0031882066549214 13.762890840288385 2.0209897455540764 1.511716715326381 1.0
movable_object.barrier 0 0 0 0 0 0 0 2.015 1.127 0.578 1.3117378262878963 -2.163160176717652 2.0860446142921316 -1.5289463113588129 1.0
vehicle.bus.rigid 0 0 0 0 0 0 0 12.306 3.424 3.214 1.0945327770043303 -39.11215566860879 5.051223210391486 1.789504362494334 1.0
movable_object.trafficcone 0 0 0 0 0 0 0 0.362 0.822 0.331 1.7488343738487266 -12.513455096526435 2.178967599017686 1.5592954054116923 1.0
movable_object.trafficcone 0 0 0 0 0 0 0 0.275 0.749 0.365 1.6685851732146506 -8.897193885421597 2.0213068275626456 1.5043365965167492 1.0
movable_object.barrier 0 0 0 0 0 0 0 1.787 1.086 0.741 1.059590208605305 7.704639239489677 2.2187784095248833 -1.5463935904487904 1.0
human.pedestrian.adult 0 0 0 0 0 0 0 0.67 1.728 0.521 0.8184739954415999 14.34693815987615 21.047681086632164 1.6293301109056122 1.0
movable_object.trafficcone 0 0 0 0 0 0 0 0.372 0.743 0.38 1.8597821624645652 -18.731869752890415 2.2821119140336728 1.6897872597368062 1.0
vehicle.car 0 0 0 0 0 0 0 4.613 1.525 2.04 -0.1142335882286416 48.186539957465335 8.895034842132235 -2.7463294573737596 1.0
human.pedestrian.construction_worker 0 0 0 0 0 0 0 0.667 1.685 0.436 0.8077895069922743 1.3340596874812978 8.144761583496955 -3.1107798935318804 1.0
movable_object.barrier 0 0 0 0 0 0 0 2.071 1.059 0.591 1.2584455837453004 3.8238004081289287 8.556290737306204 -1.5302199585773426 1.0
movable_object.trafficcone 0 0 0 0 0 0 0 0.412 0.766 0.341 1.7924800005455017 -15.569224052634693 2.2069880585944905 1.5592954054116923 1.0
movable_object.barrier 0 0 0 0 0 0 0 1.993 1.052 0.562 1.1570226056328385 3.735284219243947 2.3030259688979937 -1.5533550838958252 1.0
human.pedestrian.construction_worker 0 0 0 0 0 0 0 0.614 1.663 0.601 0.8161514398144412 0.8124458399304987 7.99343058164092 -3.0139128309601695 1.0
movable_object.barrier 0 0 0 0 0 0 0 2.703 1.248 0.636 1.143491297425603 8.585313409410311 8.740044514640406 -1.5772755327677324 1.0
movable_object.trafficcone 0 0 0 0 0 0 0 0.247 0.757 0.317 1.6914491914431309 -11.185102150783875 2.091363989632742 1.555526767483033 1.0
movable_object.trafficcone 0 0 0 0 0 0 0 0.289 0.757 0.319 1.64638945604672 -7.768358456420387 2.000572209867937 1.5627499953214317 1.0
movable_object.barrier 0 0 0 0 0 0 0 2.229 1.085 0.496 1.50491314966398 -6.329401239444843 8.201991368612623 -1.5019381420017623 1.0
movable_object.trafficcone 0 0 0 0 0 0 0 0.287 0.715 0.33 0.878194166668487 18.422232180337453 1.8985815478042365 1.4372884257459893 1.0
movable_object.barrier 0 0 0 0 0 0 0 2.176 1.353 0.604 1.1867407429228753 1.6074747617065495 2.31265637542904 -1.5463935904487904 1.0
movable_object.barrier 0 0 0 0 0 0 0 2.25 1.113 0.621 1.5224060295314394 -7.889445033821235 3.4894389435693505 -0.13170169223040595 1.0
movable_object.trafficcone 0 0 0 0 0 0 0 0.37 0.778 0.368 1.763863030045822 -13.55968018043238 2.18506786943439 1.5592954054116923 1.0
vehicle.construction 0 0 0 0 0 0 0 7.932 3.618 2.768 0.07149470334750538 -3.511536564550191 4.706254360235057 -1.2005007475583813 1.0
movable_object.trafficcone 0 0 0 0 0 0 0 0.329 0.717 0.329 1.1140098994873442 10.358080474424277 2.21089742023546 1.511716715326381 1.0
movable_object.trafficcone 0 0 0 0 0 0 0 0.334 0.74 0.315 1.867231699214673 -20.199268373463227 2.4430553598236964 1.5592954054116923 1.0
movable_object.barrier 0 0 0 0 0 0 0 2.29 1.296 0.641 1.4096842640384208 -0.4443637849855539 8.524758496667987 -1.5089169708073467 1.0
movable_object.barrier 0 0 0 0 0 0 0 2.049 1.164 0.573 1.252182109147074 1.7793564838599691 8.525245457379942 -1.5276552164470676 1.0
movable_object.barrier 0 0 0 0 0 0 0 1.726 1.102 0.569 1.2651436805998593 -0.12964519003985636 2.182210016306557 -1.5289463113588129 1.0
movable_object.trafficcone 0 0 0 0 0 0 0 0.384 0.811 0.525 1.4967845596959104 -3.916849666398577 5.971620360592459 -0.5902025643559732 1.0
movable_object.trafficcone 0 0 0 0 0 0 0 0.31 0.735 0.341 1.5679259567812112 -6.317311431963715 1.896149932079848 -1.58877346666016 1.0
movable_object.trafficcone 0 0 0 0 0 0 0 0.374 0.713 0.283 1.8106108963649854 -16.655349841512724 2.255424009613459 1.5592954054116923 1.0
