movable_object.barrier 0 0 0 0 0 0 0 2.04 1.141 0.511 1.3467479236820736 -12.695053746581516 -29.72997539066624 -0.3210289696396629 1.0
vehicle.motorcycle 0 0 0 0 0 0 0 2.36 1.298 0.629 -0.3452333101410128 39.27061884323394 -12.970100546488498 -2.095525530959315 1.0
movable_object.barrier 0 0 0 0 0 0 0 1.994 1.335 0.664 1.5103238631988662 -9.994303178714583 -22.129795505809696 -0.296379429985965 1.0
movable_object.barrier 0 0 0 0 0 0 0 2.199 1.004 0.67 1.3801759990654237 -7.275304417147091 -8.323965749215727 -0.27725770648758896 1.0
movable_object.barrier 0 0 0 0 0 0 0 2.24 1.14 0.695 1.4417621933487215 -9.038673266602085 -20.20791809855831 -0.5536782299633654 1.0
movable_object.barrier 0 0 0 0 0 0 0 1.766 1.15 0.669 1.3773441488295097 -5.48239687033372 -7.951711119689021 -0.38509374475411207 1.0
movable_object.barrier 0 0 0 0 0 0 0 2.187 1.342 0.664 1.4402494810144617 -10.691718377931734 -24.022224532447876 -0.296379429985965 1.0
movable_object.barrier 0 0 0 0 0 0 0 2.75 1.261 0.604 1.4486462082596643 -6.206621194746507 -9.72429035465989 -0.2847166664400298 1.0
human.pedestrian.adult 0 0 0 0 0 0 0 0.672 1.615 0.708 1.359406298734316 -20.08486325563669 -38.50446644060299 -0.30550858103417866 1.0
human.pedestrian.adult 0 0 0 0 0 0 0 0.665 1.835 0.636 0.20791948346724434 3.114192944867675 28.344465035675057 1.6189831360297058 1.0
vehicle.car 0 0 0 0 0 0 0 3.988 1.668 2.01 0.5180167616700457 25.489021745877857 -15.37088724248393 -2.0776409178916193 1.0
human.pedestrian.adult 0 0 0 0 0 0 0 0.998 1.849 0.769 1.205267563341975 -28.36795344534323 -1.031792341208342 2.829803929323365 1.0
movable_object.barrier 0 0 0 0 0 0 0 2.145 1.063 0.565 1.2334289663416345 2.6034423009248173 -7.134025167266943 -1.9683104428511715 1.0
movable_object.barrier 0 0 0 0 0 0 0 2.096 1.186 0.661 1.3985380179418483 -3.5521569067284986 -5.586152305621439 -1.775304545711875 1.0
movable_object.trafficcone 0 0 0 0 0 0 0 0.481 0.803 0.441 1.7908718532391488 -25.29116539850935 -5.6125900807417715 -1.8359341495107753 1.0
human.pedestrian.adult 0 0 0 0 0 0 0 0.574 1.689 0.737 0.465502424300041 6.524928101954169 10.586350447780118 1.4579764958048251 1.0
movable_object.barrier 0 0 0 0 0 0 0 2.04 1.197 0.59 1.328151407852307 5.992826235601508 -9.43075092417191 -2.570555527485899 1.0
movable_object.pushable_pullable 0 0 0 0 0 0 0 1.14 0.717 0.643 0.3124827694177307 26.58463019633013 -5.11856263284906 -0.2673711774402907 1.0
human.pedestrian.adult 0 0 0 0 0 0 0 0.53 1.664 0.693 0.45219623674719567 5.630796111755391 10.541129551327815 -0.5246173631400666 1.0
movable_object.barrier 0 0 0 0 0 0 0 2.123 1.128 0.668 1.3907639395455236 -4.875783412541689 -6.161699381726743 -0.28057226962808635 1.0
vehicle.truck 0 0 0 0 0 0 0 8.59 3.497 2.854 -0.9456603238042337 39.7951183489137 -23.958016120873197 -2.11911584991703 1.0
movable_object.barrier 0 0 0 0 0 0 0 2.194 1.21 0.705 1.2895786246658356 -1.594269968224253 -6.142410866591086 -1.8941917914646522 1.0
vehicle.car 0 0 0 0 0 0 0 4.823 2.221 1.883 0.2698443406383543 20.215397561028755 -11.857902556150467 -2.0881274017280536 1.0
vehicle.bicycle 0 0 0 0 0 0 0 1.543 1.045 0.532 0.6021794621175347 6.136806838797517 17.868448172503292 -1.3648901910377091 1.0
vehicle.construction 0 0 0 0 0 0 0 7.364 4.601 5.583 -1.080733474009807 -7.252292410664273 -45.550216890216774 2.7152653213739963 1.0
movable_object.barrier 0 0 0 0 0 0 0 2.129 1.155 0.625 1.1651216358044811 4.564810988391532 -7.948572882517553 -1.9683104428511715 1.0
movable_object.barrier 0 0 0 0 0 0 0 1.913 1.216 0.555 1.3138669944884724 -11.990853781131335 -27.853922285566238 -0.3129989182165893 1.0
movable_object.barrier 0 0 0 0 0 0 0 2.238 1.156 0.717 1.4758950147419752 -8.828708764384263 -18.24128649647517 -0.33624997436372617 1.0
movable_object.barrier 0 0 0 0 0 0 0 2.282 1.173 0.653 1.3110464293381268 0.48994320387565515 -6.683163662799514 -1.6848768109629706 1.0
movable_object.barrier 0 0 0 0 0 0 0 2.013 1.188 0.621 1.4619260929390192 -11.28230656030373 -25.975074942319928 -0.327365372015187 1.0
movable_object.barrier 0 0 0 0 0 0 0 2.052 1.299 0.574 1.6413159144895055 -13.240230252223162 -31.602800336166506 -0.3567686048242926 1.0
vehicle.truck 0 0 0 0 0 0 0 5.138 2.087 1.841 1.3160115888919526 -13.39945708748539 -17.9852160823174 -0.34993872522251657 1.0
vehicle.car 0 0 0 0 0 0 0 4.231 1.71 2.103 -1.2347197081930452 37.39911252974519 -1.1756121698672823 -0.8981084510271415 1.0
movable_object.barrier 0 0 0 0 0 0 0 2.105 1.232 0.536 1.3341466535283568 -13.929148830435478 -33.2429183921961 -0.32128861856119606 1.0
human.pedestrian.construction_worker 0 0 0 0 0 0 0 0.62 1.926 1.013 1.1056162216830665 -9.008381825098988 -9.096632965221863 -0.4626677763226965 1.0
movable_object.barrier 0 0 0 0 0 0 0 2.126 1.154 0.671 1.4284803983544674 -8.140506298212179 -16.226995003243044 -0.3364578447056914 1.0
movable_object.barrier 0 0 0 0 0 0 0 2.243 1.261 0.659 1.405795364277894 -7.458982338917471 -14.189276062334766 -0.30851816559605183 1.0
movable_object.barrier 0 0 0 0 0 0 0 2.12 1.193 0.75 1.4009717236596528 -6.876205841518645 -12.127064073578365 -0.2838876834902262 1.0
