movable_object.barrier 0 0 0 0 0 0 0 2.703 1.248 0.636 1.465710294445402 -5.57416545380581 8.63434002378666 -1.5532337456705507 1.0
movable_object.barrier 0 0 0 0 0 0 0 2.29 1.296 0.641 1.5937259500282825 -14.949770491081697 8.249946765610714 -1.4953406687148565 1.0
movable_object.barrier 0 0 0 0 0 0 0 2.071 1.059 0.591 1.4799738558199442 -10.398771592534393 8.429017942753697 -1.5201344131153203 1.0
movable_object.barrier 0 0 0 0 0 0 0 2.176 1.353 0.604 1.3889504688634622 -12.081602614391507 2.151464000739074 -1.5223503311645068 1.0
movable_object.barrier 0 0 0 0 0 0 0 1.977 1.085 0.638 1.5679126959765122 -18.23028369197203 8.04554565333516 -1.4953406687148565 1.0
movable_object.barrier 0 0 0 0 0 0 0 1.726 1.102 0.569 1.5219327858809149 -13.773701304987345 2.0224108154053577 -1.5049022026862469 1.0
movable_object.barrier 0 0 0 0 0 0 0 2.601 1.116 0.49 1.4028764122389075 -0.34039458968363556 8.566138520045259 -1.584832824653473 1.0
movable_object.barrier 0 0 0 0 0 0 0 2.015 1.127 0.578 1.5080949264772403 -15.910893220723255 1.8534219726960919 -1.5049022026862469 1.0
vehicle.construction 0 0 0 0 0 0 0 7.932 3.618 2.768 0.2163456627944964 -17.287525780680486 4.430509405174832 -1.2244060156042238 1.0
movable_object.barrier 0 0 0 0 0 0 0 1.787 1.086 0.741 1.4080138603360073 -6.192732377466158 2.2427323948372 -1.5223503311645068 1.0
human.pedestrian.construction_worker 0 0 0 0 0 0 0 0.597 1.838 0.544 0.9590440899438807 -13.523913541674176 7.485888589615218 -1.4442881822076084 1.0
vehicle.bus.rigid 0 0 0 0 0 0 0 12.306 3.424 3.214 0.9249149515142161 -72.66285747241838 -3.4722600203548213 2.127546052814626 1.0
movable_object.trafficcone 0 0 0 0 0 0 0 0.302 0.58 0.31 1.3977141300109854 3.4348870626441275 8.42104614795483 -0.04091228832453986 1.0
vehicle.car 0 0 0 0 0 0 0 4.613 1.525 2.04 -0.7682196708011291 65.14410340059592 -9.437188443582704 -1.9196119863574364 1.0
human.pedestrian.construction_worker 0 0 0 0 0 0 0 0.667 1.685 0.436 1.009144529435141 -12.54799930225841 8.038112586982558 -3.0693368448943588 1.0
movable_object.trafficcone 0 0 0 0 0 0 0 0.287 0.715 0.33 1.3885506080865786 4.651278693100254 2.1320477832530784 1.4612135914874402 1.0
movable_object.barrier 0 0 0 0 0 0 0 2.197 0.989 0.401 1.280006854430909 2.167312079482743 8.47560491754096 -1.591742433915388 1.0
movable_object.barrier 0 0 0 0 0 0 0 2.141 1.092 0.645 1.4929159103902325 -7.850175132442089 8.539641569652725 -1.5226295014665405 1.0
movable_object.trafficcone 0 0 0 0 0 0 0 0.322 0.712 0.303 1.4141245345493672 0.0704109873012818 2.130305298335574 1.5356469365481313 1.0
movable_object.trafficcone 0 0 0 0 0 0 0 0.21 0.826 0.28 1.522547403072523 -4.780896654533918 2.2400943954748707 1.5356469365481313 1.0
movable_object.barrier 0 0 0 0 0 0 0 1.577 1.052 0.623 1.4806642714007647 -8.168696562549997 2.2166085161328746 -1.5223503311645068 1.0
human.pedestrian.construction_worker 0 0 0 0 0 0 0 0.614 1.663 0.601 1.0058608265065319 -13.095449770703198 7.810962412220214 -2.989918025131187 1.0
movable_object.barrier 0 0 0 0 0 0 0 2.25 1.113 0.621 1.6244621689035736 -21.646281676838683 3.091726023544479 -0.15419842650270255 1.0
movable_object.barrier 0 0 0 0 0 0 0 2.049 1.164 0.573 1.4551633324497304 -12.480760458282491 8.347557517815465 -1.503611044397954 1.0
vehicle.construction 0 0 0 0 0 0 0 7.258 2.934 2.797 0.2966023640771402 -2.869875540064204 7.215094904159547 1.5515074298879954 1.0
movable_object.barrier 0 0 0 0 0 0 0 1.993 1.052 0.562 1.4734538582453787 -10.054842473654382 2.1032612093012264 -1.5293121599099466 1.0
movable_object.barrier 0 0 0 0 0 0 0 2.259 1.048 0.607 1.5876061059813629 -18.124612249962915 1.7279826171679453 -1.5049022026862469 1.0
movable_object.trafficcone 0 0 0 0 0 0 0 0.329 0.717 0.329 1.5063603681985671 -3.3692545310406277 2.2809660859348453 1.5356469365481313 1.0
vehicle.car 0 0 0 0 0 0 0 4.75 1.633 1.918 0.7653274422426057 14.335736707432023 3.189601022670366 -1.2755048024298876 1.0
