movable_object.barrier 0 0 0 0 0 0 0 2.137 1.223 0.609 1.7552325259954435 -31.987600991327795 -3.636089219384904 -1.5005445067803427 1.0
movable_object.barrier 0 0 0 0 0 0 0 2.243 1.261 0.659 0.5350559540073103 20.198271799004033 -6.309745189116631 1.571315818770037 1.0
movable_object.barrier 0 0 0 0 0 0 0 2.086 1.363 0.65 2.9417842960723024 -51.903887007321806 -1.761808497067578 -1.4983491905429052 1.0
human.pedestrian.adult 0 0 0 0 0 0 0 0.7 1.587 0.688 0.6634440513608119 13.149446077335572 -1.306579646981859 -1.5599781169965947 1.0
movable_object.barrier 0 0 0 0 0 0 0 2.045 1.189 0.564 0.9238866327595094 -0.7803454800446287 -5.653158742055632 1.6016017277341685 1.0
human.pedestrian.adult 0 0 0 0 0 0 0 0.672 1.615 0.708 1.6264829295600878 -20.7354593833003 -0.5653509084386273 1.6379884678216978 1.0
vehicle.truck 0 0 0 0 0 0 0 5.138 2.087 1.841 0.5406678846007279 15.609375630090783 -1.5397161056445592 1.6478522503889792 1.0
movable_object.barrier 0 0 0 0 0 0 0 2.04 1.141 0.511 0.7597389855712634 5.185716066194507 -5.878689618897997 1.601340335782874 1.0
human.pedestrian.adult 0 0 0 0 0 0 0 0.998 1.849 0.769 -0.03416670422422796 31.454022363140073 5.894482512926229 -0.10107927747637646 1.0
movable_object.barrier 0 0 0 0 0 0 0 2.216 1.216 0.597 2.897320222783991 -53.62810569478616 -1.176612065101989 -1.0251501511154526 1.0
movable_object.barrier 0 0 0 0 0 0 0 2.145 1.063 0.565 -0.3953995189456833 30.86816835679375 -14.081143908711175 -3.0513299287122893 1.0
movable_object.trafficcone 0 0 0 0 0 0 0 0.499 0.735 0.329 1.100003868552999 12.15757761543763 -0.433947719818298 -3.1374800166882384 1.0
movable_object.trafficcone 0 0 0 0 0 0 0 0.486 0.803 0.451 2.9700516183280024 -36.58054070755673 16.675144183242026 2.6178799082901616 1.0
movable_object.barrier 0 0 0 0 0 0 0 2.067 1.299 0.591 1.408455096278688 -14.746827126315603 -4.927448174034319 1.6188538205093472 1.0
movable_object.barrier 0 0 0 0 0 0 0 2.131 1.207 0.696 1.5942243724714744 -22.66142437295111 -4.457507539939115 1.6194811776571765 1.0
vehicle.car 0 0 0 0 0 0 0 4.823 2.221 1.883 -2.3397238023135225 31.287086769766013 -32.280122985691975 -2.91413570565007 1.0
movable_object.barrier 0 0 0 0 0 0 0 2.013 1.188 0.621 0.6756154027446982 9.135013283437582 -5.987247035451294 1.607718327991842 1.0
movable_object.barrier 0 0 0 0 0 0 0 1.994 1.335 0.664 0.6046940808198751 13.097930502727358 -6.142260838554977 1.5765085824324707 1.0
movable_object.barrier 0 0 0 0 0 0 0 2.182 1.126 0.535 2.35377018890356 -40.6006810395602 -2.8189382242668812 -1.4559953388955895 1.0
human.pedestrian.construction_worker 0 0 0 0 0 0 0 0.756 1.009 0.685 2.7431101459249474 -46.629148660976036 0.6818813276961324 -3.008935099986669 1.0
vehicle.truck 0 0 0 0 0 0 0 8.59 3.497 2.854 -3.282283440517648 25.096958362872222 -54.476693928848654 -2.8831638817049177 1.0
movable_object.barrier 0 0 0 0 0 0 0 2.021 1.353 0.673 1.6076573258233005 -20.69744436892246 -4.572868276501481 1.6203176546805338 1.0
movable_object.barrier 0 0 0 0 0 0 0 1.913 1.216 0.555 0.7669885568687075 7.147861567013763 -5.952476320482469 1.593254663715303 1.0
movable_object.barrier 0 0 0 0 0 0 0 2.12 1.193 0.75 0.298594042575003 22.448683566685435 -6.285878050146789 1.5639101067755377 1.0
movable_object.barrier 0 0 0 0 0 0 0 2.238 1.156 0.717 0.9049827016670292 15.938471795855815 -6.165838502181979 1.6166580748927695 1.0
movable_object.barrier 0 0 0 0 0 0 0 2.052 1.299 0.574 0.8895010989361307 3.1921548393891896 -5.7980581801553015 1.6372913861873997 1.0
movable_object.barrier 0 0 0 0 0 0 0 2.014 1.338 0.627 1.364466238418638 -12.775260801886585 -5.141455671009215 1.6166580751706734 1.0
movable_object.barrier 0 0 0 0 0 0 0 2.141 1.34 0.614 1.0752901886300936 -4.779500249005133 -5.474832924603822 1.5896823620255498 1.0
movable_object.barrier 0 0 0 0 0 0 0 2.147 1.288 0.711 1.6659938672234218 -25.904822775866705 -4.173490041204942 -1.515441528305053 1.0
movable_object.barrier 0 0 0 0 0 0 0 2.226 1.161 0.58 1.901042965541663 -34.17254353531998 -3.61421697276197 -1.5262617216198002 1.0
human.pedestrian.adult 0 0 0 0 0 0 0 0.554 1.862 0.711 0.30087346868666154 13.120040185922397 -5.249229373514655 -0.9135157595756045 1.0
movable_object.barrier 0 0 0 0 0 0 0 2.131 1.161 0.536 2.128884030350017 -42.7406439827552 -2.6163676996514877 -1.4734173133276327 1.0
movable_object.barrier 0 0 0 0 0 0 0 2.049 1.246 0.593 1.0573125264786531 -2.761548627873423 -5.535380909173765 1.6364548887388395 1.0
movable_object.barrier 0 0 0 0 0 0 0 2.263 1.245 0.535 1.9955610594425717 -44.912946772943314 -2.429459772667387 -1.484846453872172 1.0
movable_object.barrier 0 0 0 0 0 0 0 2.077 1.096 0.662 1.7386181585501763 -23.891659006285703 -4.237827815144232 -1.5182641672094679 1.0
movable_object.barrier 0 0 0 0 0 0 0 2.75 1.261 0.604 0.3842457277035164 25.45089983954651 -6.3272935038209805 1.564746512173885 1.0
vehicle.bicycle 0 0 0 0 0 0 0 1.604 1.07 0.683 2.9225240420337997 -48.77642128978816 -0.2896576120469424 -1.4420582036051597 1.0
movable_object.barrier 0 0 0 0 0 0 0 2.198 1.189 0.66 1.5400905376931098 -16.703143024435597 -4.859903986077769 1.6139918224657013 1.0
human.pedestrian.construction_worker 0 0 0 0 0 0 0 0.62 1.926 1.013 -0.1668026253535 25.01513038534083 -3.4101545466618837 -2.377385003482395 1.0
movable_object.barrier 0 0 0 0 0 0 0 2.126 1.154 0.671 0.6721014645640189 18.037145666479816 -6.280260152952923 1.6168671932342038 1.0
movable_object.barrier 0 0 0 0 0 0 0 2.254 1.301 0.59 1.66777939641443 -29.802341938092777 -3.8862667970789992 -1.5066426537197533 1.0
vehicle.construction 0 0 0 0 0 0 0 7.364 4.601 5.583 -1.4478664480364674 -8.947562799088615 -15.148947207856672 -1.4356646787855292 1.0
vehicle.car 0 0 0 0 0 0 0 5.341 2.186 2.038 -0.6710813122365112 48.047171084015176 9.77009618162725 0.27267297224871134 1.0
movable_object.trafficcone 0 0 0 0 0 0 0 0.481 0.803 0.441 1.127394603038094 24.542461725912815 13.273850364402433 3.116982766233252 1.0
movable_object.barrier 0 0 0 0 0 0 0 2.105 1.232 0.536 0.9778504329875749 1.2162177231802744 -5.7114792684006375 1.6016017277341685 1.0
movable_object.barrier 0 0 0 0 0 0 0 2.145 1.166 0.607 1.1506563376704213 -6.7852564477681065 -5.404754292319754 1.5857615659429642 1.0
movable_object.barrier 0 0 0 0 0 0 0 2.119 1.278 0.676 1.2762344444319027 -10.986131104135643 -5.258100753012285 1.6089904486425075 1.0
movable_object.barrier 0 0 0 0 0 0 0 2.194 1.21 0.705 0.07933561161860414 30.77594627627949 -9.761253210594745 -3.1079727252616802 1.0
movable_object.barrier 0 0 0 0 0 0 0 2.282 1.173 0.653 -0.18760422444623226 30.802877213150264 -11.979902089656361 2.9659936777185854 1.0
movable_object.barrier 0 0 0 0 0 0 0 2.187 1.342 0.664 0.5345968950186649 11.065262296701272 -6.078359752858787 1.5765085824324707 1.0
movable_object.barrier 0 0 0 0 0 0 0 1.641 1.305 0.683 1.7082067487451185 -27.69491117330477 -4.053629280355276 -1.4890453323866648 1.0
movable_object.barrier 0 0 0 0 0 0 0 2.224 1.251 0.713 1.448310644011621 -18.725796359744322 -4.665770175832287 1.6139918224657013 1.0
movable_object.barrier 0 0 0 0 0 0 0 1.766 1.15 0.669 0.1445760775771442 27.298562095019047 -6.346257904957898 1.6657503031641445 1.0
movable_object.barrier 0 0 0 0 0 0 0 2.123 1.128 0.668 0.31869553241271253 29.237191912070084 -6.5703624517401344 1.5605644967745924 1.0
movable_object.barrier 0 0 0 0 0 0 0 2.13 1.312 0.645 1.2741275698619958 -8.831929424994035 -5.289734384850956 1.6113255801607105 1.0
