movable_object.barrier 0 0 0 0 0 0 0 1.787 1.086 0.741 1.3395180003415055 -0.013437409114737398 2.381191121076418 -1.5276151628663106 1.0
movable_object.trafficcone 0 0 0 0 0 0 0 0.247 0.757 0.317 1.9905490283864122 -18.89865867739014 1.7826618830299783 1.574477266315915 1.0
movable_object.barrier 0 0 0 0 0 0 0 2.25 1.113 0.621 1.6827091361974669 -15.600413736903944 3.2159071214080437 -0.15104290178649293 1.0
vehicle.car 0 0 0 0 0 0 0 4.75 1.633 1.918 0.47384931158704724 19.38957528643799 2.894727933322333 -1.2934774175235582 1.0
movable_object.barrier 0 0 0 0 0 0 0 2.176 1.353 0.604 1.3598560364244032 -6.080423046016637 2.2405261079639285 -1.5276151628663106 1.0
movable_object.barrier 0 0 0 0 0 0 0 2.071 1.059 0.591 1.4673783663069055 -4.079253653426411 8.511849812791919 -1.518421308661435 1.0
movable_object.barrier 0 0 0 0 0 0 0 2.141 1.092 0.645 1.4682312347159683 -1.9553338772830258 8.587096454725321 -1.527894293232456 1.0
human.pedestrian.construction_worker 0 0 0 0 0 0 0 0.597 1.838 0.544 0.9717783684532116 -7.46154799195733 7.572253277214367 -1.4495646578815684 1.0
movable_object.barrier 0 0 0 0 0 0 0 2.259 1.048 0.607 1.61118086702562 -12.055097033803612 1.8367990105523502 -1.5101695535061284 1.0
movable_object.barrier 0 0 0 0 0 0 0 1.977 1.085 0.638 1.6149696848916242 -11.892758278278427 8.144153905697726 -1.5006094196786988 1.0
movable_object.trafficcone 0 0 0 0 0 0 0 0.289 0.757 0.319 1.7983360262635824 -15.494032809227267 1.7147880320215738 1.5816999357243038 1.0
human.pedestrian.construction_worker 0 0 0 0 0 0 0 0.667 1.685 0.436 1.0158068405791845 -6.468536133617752 8.107452252212804 -3.0919122379905994 1.0
human.pedestrian.construction_worker 0 0 0 0 0 0 0 0.614 1.663 0.601 1.01621402026678 -7.004828909706604 7.898984287000619 -2.9950492793624814 1.0
movable_object.trafficcone 0 0 0 0 0 0 0 0.287 0.715 0.33 1.151215888985159 10.663677609106673 2.1311847160985304 1.4562486309071723 1.0
vehicle.construction 0 0 0 0 0 0 0 7.932 3.618 2.768 0.24572961425228013 -11.246314766557921 4.539084361970353 -1.2194845178533473 1.0
movable_object.barrier 0 0 0 0 0 0 0 1.577 1.052 0.623 1.3780470583009796 -2.1310204886917274 2.2912166092314057 -1.5276151628663106 1.0
movable_object.trafficcone 0 0 0 0 0 0 0 0.329 0.717 0.329 1.3846171216796357 2.6682518222330107 2.3003336184690983 1.5306706822209497 1.0
movable_object.trafficcone 0 0 0 0 0 0 0 0.302 0.58 0.31 1.2149076392932858 9.516749944226913 8.423239967959903 -0.04485066900317314 1.0
movable_object.barrier 0 0 0 0 0 0 0 1.993 1.052 0.562 1.3026943039092131 -3.975074861796213 2.2498834332136908 -1.5345759991291636 1.0
vehicle.car 0 0 0 0 0 0 0 4.613 1.525 2.04 -0.4955595190879504 49.47148227811274 -0.6553625251347227 -2.1865537797450445 1.0
vehicle.bus.rigid 0 0 0 0 0 0 0 12.306 3.424 3.214 1.2982750286950482 -53.99813345393016 2.307801978993401 1.8084383986577555 1.0
movable_object.barrier 0 0 0 0 0 0 0 2.015 1.127 0.578 1.4915882985153148 -9.860146839013773 1.942649187448477 -1.5101695535061284 1.0
movable_object.barrier 0 0 0 0 0 0 0 1.726 1.102 0.569 1.465811441968895 -7.781352700614441 2.087785274700891 -1.5101695535061284 1.0
vehicle.construction 0 0 0 0 0 0 0 7.258 2.934 2.797 0.2283392186689479 2.9359463985897114 7.257184032269983 1.546528883397249 1.0
movable_object.trafficcone 0 0 0 0 0 0 0 0.31 0.735 0.341 1.7744412462518295 -14.092317867615446 1.6974888427312056 -1.5699911148943873 1.0
movable_object.trafficcone 0 0 0 0 0 0 0 0.322 0.712 0.303 1.2740515591567905 6.054602711506905 2.153944031755181 1.5306706822209497 1.0
movable_object.barrier 0 0 0 0 0 0 0 2.197 0.989 0.401 1.1794133725431393 7.873560530696654 8.490987353813518 -1.5969976773334933 1.0
movable_object.trafficcone 0 0 0 0 0 0 0 0.21 0.826 0.28 1.4196097846630555 1.19745657187226 2.280921121109076 1.5306706822209497 1.0
movable_object.barrier 0 0 0 0 0 0 0 2.049 1.164 0.573 1.4590154344894997 -6.170973334330852 8.440696191039242 -1.5088785834648117 1.0
movable_object.barrier 0 0 0 0 0 0 0 2.703 1.248 0.636 1.4244894065904519 0.36516581371569623 8.730067908334252 -1.5584942278387617 1.0
movable_object.barrier 0 0 0 0 0 0 0 2.29 1.296 0.641 1.6211813965250652 -8.878434211298739 8.340617219998649 -1.5006094196786988 1.0
