human.pedestrian.construction_worker 0 0 0 0 0 0 0 0.597 1.838 0.544 0.8676802868295979 -1.9814802857435907 7.675888037308809 -1.4618118978381354 1.0
movable_object.barrier 0 0 0 0 0 0 0 2.141 1.092 0.645 1.3611678032455876 3.616634062649501 8.61875961576284 -1.540141572017519 1.0
human.pedestrian.adult 0 0 0 0 0 0 0 0.67 1.728 0.521 1.0225530264447653 11.302541475663467 21.152405624467164 1.6360372858609633 1.0
movable_object.trafficcone 0 0 0 0 0 0 0 0.275 0.749 0.365 1.7182128734765305 -11.270147697546953 1.9492068839745207 1.5110546441878974 1.0
movable_object.trafficcone 0 0 0 0 0 0 0 0.322 0.712 0.303 1.1005417823296004 11.385669646228669 2.096322174261228 1.5184340829591605 1.0
movable_object.trafficcone 0 0 0 0 0 0 0 0.21 0.826 0.28 1.25820916552899 6.721806200843405 2.2187630133336795 1.5184340829591605 1.0
movable_object.barrier 0 0 0 0 0 0 0 1.726 1.102 0.569 1.3347016178235946 -2.49416424989779 2.173834672491709 -1.5224168269536262 1.0
movable_object.barrier 0 0 0 0 0 0 0 1.787 1.086 0.741 1.1298679988524925 5.329652577243129 2.2735063529570008 -1.5398624415817146 1.0
movable_object.trafficcone 0 0 0 0 0 0 0 0.247 0.757 0.317 1.8880353861508186 -13.569908519420004 2.0815491537391635 1.562240201404185 1.0
movable_object.barrier 0 0 0 0 0 0 0 2.259 1.048 0.607 1.4589956208176356 -6.7429093231806005 1.988463954541489 -1.5224168269536262 1.0
vehicle.construction 0 0 0 0 0 0 0 7.258 2.934 2.797 0.114678123089546 8.713322054340388 7.208336277676658 1.5342921119383988 1.0
movable_object.trafficcone 0 0 0 0 0 0 0 0.31 0.735 0.341 1.6668180824292178 -8.657598585987959 1.777161206476077 -1.5822383992202917 1.0
human.pedestrian.construction_worker 0 0 0 0 0 0 0 0.614 1.663 0.601 0.9133538369899373 -1.598891798894797 7.989821113849858 -3.0072943838293593 1.0
movable_object.barrier 0 0 0 0 0 0 0 2.703 1.248 0.636 1.2764200223451316 6.023709111013771 8.768907959658605 -1.5707415116003656 1.0
movable_object.barrier 0 0 0 0 0 0 0 2.29 1.296 0.641 1.5034807374961794 -2.5473732781630063 8.53797266660156 -1.5058785146946319 1.0
movable_object.barrier 0 0 0 0 0 0 0 2.049 1.164 0.573 1.3543625797927936 -0.6710796424926782 8.523413553080353 -1.5211258564495562 1.0
vehicle.construction 0 0 0 0 0 0 0 7.932 3.618 2.768 0.14369545231053119 -5.9004370191889945 4.6790508577527525 -1.2072524440310293 1.0
movable_object.barrier 0 0 0 0 0 0 0 2.071 1.059 0.591 1.3609571660489017 1.4939561824864551 8.574211072593974 -1.5202012434803498 1.0
vehicle.car 0 0 0 0 0 0 0 4.75 1.633 1.918 0.35861422186743697 22.816369919425004 2.2346578507123134 -1.3139269597498249 1.0
movable_object.barrier 0 0 0 0 0 0 0 2.25 1.113 0.621 1.5821586857861596 -10.271873942612135 3.424766699170229 -0.13936542106872984 1.0
movable_object.barrier 0 0 0 0 0 0 0 1.993 1.052 0.562 1.1840591694804836 1.3594688052210975 2.325334273987193 -1.546823279447568 1.0
human.pedestrian.construction_worker 0 0 0 0 0 0 0 0.667 1.685 0.436 0.9082045313560595 -1.079804416713964 8.190877758386238 -3.1041571065250686 1.0
movable_object.trafficcone 0 0 0 0 0 0 0 0.412 0.766 0.341 1.8358316875294327 -17.943335556760335 2.095574948203994 1.5660085088959335 1.0
movable_object.trafficcone 0 0 0 0 0 0 0 0.326 0.698 0.351 1.8332655259167967 -16.80501025737943 2.1002576401185173 1.5660085088959335 1.0
movable_object.trafficcone 0 0 0 0 0 0 0 0.251 0.722 0.331 1.72615146909351 -12.307329680971925 1.8996335851327588 1.562240201404185 1.0
movable_object.trafficcone 0 0 0 0 0 0 0 0.329 0.717 0.329 1.206755937688999 7.983695564794946 2.268600734895733 1.5184340829591605 1.0
movable_object.trafficcone 0 0 0 0 0 0 0 0.37 0.778 0.368 1.8089271953339365 -15.894946752624934 2.096249775539494 1.5660085088959335 1.0
vehicle.car 0 0 0 0 0 0 0 4.696 1.54 2.075 1.8049777354473726 -27.817090300212545 7.552617306459754 1.750016674560543 1.0
movable_object.trafficcone 0 0 0 0 0 0 0 0.287 0.715 0.33 0.9918298454507413 16.048975168146786 1.9990219993995255 1.4440129003344975 1.0
movable_object.barrier 0 0 0 0 0 0 0 2.176 1.353 0.604 1.251229768949869 -0.7674326090686426 2.3153100802668125 -1.5398624415817146 1.0
vehicle.car 0 0 0 0 0 0 0 4.613 1.525 2.04 -0.09253766459206192 47.391791913332504 6.355294670028611 -2.5477802294160368 1.0
movable_object.barrier 0 0 0 0 0 0 0 2.015 1.127 0.578 1.374537323386917 -4.538925226888531 2.061586449621876 -1.5224168269536262 1.0
vehicle.bus.rigid 0 0 0 0 0 0 0 12.306 3.424 3.214 1.1431498564708886 -43.024364997536466 4.351929546189493 1.796199286804339 1.0
movable_object.trafficcone 0 0 0 0 0 0 0 0.362 0.822 0.331 1.8712862275938371 -14.883712298956889 2.1101864469538847 1.5660085088959335 1.0
movable_object.trafficcone 0 0 0 0 0 0 0 0.289 0.757 0.319 1.6971751414639629 -10.141177014337224 1.9359928654860559 1.5694627969739816 1.0
movable_object.barrier 0 0 0 0 0 0 0 1.577 1.052 0.623 1.2231656337666565 3.201223112038618 2.3212406484764556 -1.5398624415817146 1.0
vehicle.car 0 0 0 0 0 0 0 4.662 1.526 2.127 2.317260072344334 -57.438799308993914 0.9624709343078126 1.796199286804339 1.0
