movable_object.barrier 0 0 0 0 0 0 0 2.129 1.155 0.625 0.26940060784153946 13.88817233484809 -15.075544659141654 3.0607670927322363 1.0
movable_object.barrier 0 0 0 0 0 0 0 2.105 1.232 0.536 1.3467969120910106 -16.99332804819108 -10.296970363816547 1.4127422626904593 1.0
vehicle.truck 0 0 0 0 0 0 0 5.138 2.087 1.841 0.9334502643065903 -3.2270386845727383 -3.4828661155759737 1.452029122529332 1.0
movable_object.barrier 0 0 0 0 0 0 0 2.126 1.154 0.671 0.9375075879308254 0.7376113015191086 -7.540868583035352 1.4280105180478326 1.0
movable_object.barrier 0 0 0 0 0 0 0 2.04 1.141 0.511 1.1795106284460974 -13.252633719897998 -9.77860153606983 1.412480823169771 1.0
human.pedestrian.adult 0 0 0 0 0 0 0 0.998 1.849 0.769 1.2076588657001865 9.670097636561202 14.049867651780895 -0.1596411703635674 1.0
vehicle.truck 0 0 0 0 0 0 0 8.59 3.497 2.854 -2.271236398497648 15.843960709336578 -53.702481949538324 -3.071656767837311 1.0
human.pedestrian.adult 0 0 0 0 0 0 0 0.53 1.664 0.693 -0.7787671294872531 30.946732929025266 -7.7103312305160525 1.7214604633648722 1.0
movable_object.barrier 0 0 0 0 0 0 0 2.254 1.301 0.59 1.9072834324370262 -47.74416895179237 -14.355887532461349 -1.6946149036020897 1.0
movable_object.barrier 0 0 0 0 0 0 0 2.096 1.186 0.661 0.7165440256622744 12.39694638438927 -6.7804308607312676 2.8678115006761296 1.0
human.pedestrian.adult 0 0 0 0 0 0 0 0.665 1.835 0.636 -1.5249202858254383 50.57013137431414 2.0028368378701846 -1.8880922252833994 1.0
movable_object.barrier 0 0 0 0 0 0 0 2.141 1.34 0.614 1.3022763804717816 -22.96348853250405 -11.247685733321305 1.4008207350828856 1.0
movable_object.barrier 0 0 0 0 0 0 0 2.131 1.207 0.696 1.8575161080632874 -40.67603690629627 -13.562868868836746 1.4306249824392738 1.0
vehicle.car 0 0 0 0 0 0 0 4.823 2.221 1.883 -1.1484448367921352 17.598183849475465 -30.746824819245546 -3.1026358590643737 1.0
human.pedestrian.construction_worker 0 0 0 0 0 0 0 0.62 1.926 1.013 0.6138481703079517 5.817087778293503 -3.5547620486739766 -2.5657440122956565 1.0
movable_object.barrier 0 0 0 0 0 0 0 2.75 1.261 0.604 0.8574084098949472 7.292864294937646 -6.307781678573804 1.3758804136236558 1.0
human.pedestrian.adult 0 0 0 0 0 0 0 0.554 1.862 0.711 0.9345514009586493 -5.492164382368696 -7.060831928811499 -0.5965393936792687 1.0
movable_object.barrier 0 0 0 0 0 0 0 2.014 1.338 0.627 1.6430053402665137 -30.842956792144818 -12.394372142620488 1.4278013616145646 1.0
movable_object.barrier 0 0 0 0 0 0 0 2.147 1.288 0.711 2.0324370723617853 -43.90281826475704 -13.917100037622145 -1.7034197671285698 1.0
movable_object.barrier 0 0 0 0 0 0 0 2.123 1.128 0.668 0.7911161079081548 11.140608902288687 -5.850621129862285 1.3716976555769556 1.0
movable_object.barrier 0 0 0 0 0 0 0 2.13 1.312 0.645 1.4962437171304954 -26.994752055788293 -11.858589226639337 1.422467889581923 1.0
movable_object.barrier 0 0 0 0 0 0 0 1.994 1.335 0.664 1.2190788217019222 -5.221506084249611 -8.624532102279822 1.3876445840912854 1.0
movable_object.barrier 0 0 0 0 0 0 0 2.052 1.299 0.574 1.2190137808936279 -15.170745262553092 -10.04263110047456 1.44843847759571 1.0
vehicle.construction 0 0 0 0 0 0 0 7.364 4.601 5.583 -1.0556491230272753 -24.949078870286062 -21.425120789879358 -1.6235858825269185 1.0
human.pedestrian.adult 0 0 0 0 0 0 0 0.7 1.587 0.688 1.1930789139160283 -5.822859272971105 -3.7442096388343717 -1.7479856249746994 1.0
movable_object.barrier 0 0 0 0 0 0 0 1.766 1.15 0.669 0.808952279355035 9.337181713391438 -6.0356947512515235 1.476902700581232 1.0
movable_object.barrier 0 0 0 0 0 0 0 2.067 1.299 0.591 1.768157776226567 -32.812021261155046 -12.560432326453101 1.429997510040785 1.0
movable_object.barrier 0 0 0 0 0 0 0 2.243 1.261 0.659 0.9184915394239285 2.7332021564241713 -7.257964836651008 1.3998795716674772 1.0
vehicle.bicycle 0 0 0 0 0 0 0 1.543 1.045 0.532 -0.6903818996286535 37.968653613679 -4.672654824185892 2.4574756826711797 1.0
human.pedestrian.construction_worker 0 0 0 0 0 0 0 0.756 1.009 0.685 2.872895653326294 -65.055205310194 -13.059482026085009 3.0857282802048713 1.0
movable_object.trafficcone 0 0 0 0 0 0 0 0.499 0.735 0.329 1.5732403493489706 -7.108032161365945 -3.0832059096887505 2.957154824053374 1.0
movable_object.barrier 0 0 0 0 0 0 0 2.077 1.096 0.662 1.8193420955245547 -41.82323656148132 -13.689639117357306 -1.7062443123842845 1.0
movable_object.trafficcone 0 0 0 0 0 0 0 0.481 0.803 0.441 1.9392064128391864 2.4687740793866975 12.700527364396095 2.9284260566101885 1.0
movable_object.barrier 0 0 0 0 0 0 0 2.282 1.173 0.653 0.4012372884109282 13.302150800678064 -10.894934673607663 2.777404813515643 1.0
movable_object.barrier 0 0 0 0 0 0 0 2.198 1.189 0.66 1.7270352516834042 -34.75012101330212 -12.902056811381817 1.4251346200580892 1.0
movable_object.barrier 0 0 0 0 0 0 0 2.045 1.189 0.564 1.269435649319389 -18.971325604567227 -10.625948937575687 1.4127422626904593 1.0
movable_object.barrier 0 0 0 0 0 0 0 2.199 1.004 0.67 0.8382265111623175 8.135922411949691 -4.685119647804214 1.3683514714284613 1.0
movable_object.barrier 0 0 0 0 0 0 0 2.145 1.166 0.607 1.4714886636008728 -24.910130121488795 -11.530835388580076 1.3968992311880077 1.0
movable_object.barrier 0 0 0 0 0 0 0 2.119 1.278 0.676 1.5598419509139547 -28.929249407400572 -12.078223607518813 1.4201323310817626 1.0
vehicle.bicycle 0 0 0 0 0 0 0 1.604 1.07 0.683 3.256924567647883 -66.8591860269393 -14.356039146529884 -1.6299842163989835 1.0
movable_object.barrier 0 0 0 0 0 0 0 2.049 1.246 0.593 1.3883876293437463 -20.931435582358425 -10.95454641384693 1.4476018251658065 1.0
movable_object.barrier 0 0 0 0 0 0 0 2.145 1.063 0.565 0.24866659458309082 13.72472451026585 -12.968348439200664 3.0433239233582885 1.0
human.pedestrian.adult 0 0 0 0 0 0 0 0.574 1.689 0.737 -0.7450242774349876 31.54413850102028 -8.382883089100028 -0.3710436454701984 1.0
movable_object.barrier 0 0 0 0 0 0 0 2.013 1.188 0.621 1.1595345348197412 -9.266877556761136 -9.182835001511062 1.4188599780466546 1.0
movable_object.barrier 0 0 0 0 0 0 0 2.04 1.197 0.59 0.12132891725738087 13.256984332248326 -16.84449165660132 -2.550604114497821 1.0
human.pedestrian.adult 0 0 0 0 0 0 0 0.672 1.615 0.708 1.7687029278469413 -32.048077976303794 -8.52502400010761 1.3445627769692834 1.0
movable_object.barrier 0 0 0 0 0 0 0 2.238 1.156 0.717 1.0463953329240214 -1.2357172102829663 -7.774503005797318 1.42780136133661 1.0
movable_object.barrier 0 0 0 0 0 0 0 2.224 1.251 0.713 1.8421115905653824 -36.76149633495004 -13.05785716983853 1.4251346200580892 1.0
movable_object.barrier 0 0 0 0 0 0 0 2.021 1.353 0.673 1.811913651897633 -38.735493173612305 -13.282789527341148 1.4314616131870173 1.0
movable_object.barrier 0 0 0 0 0 0 0 1.913 1.216 0.555 1.1839168289372046 -11.272667945333275 -9.4343035300495 1.404393683128581 1.0
movable_object.barrier 0 0 0 0 0 0 0 2.24 1.14 0.695 0.984805893164982 -3.267368719833587 -8.495713020044638 1.64596638686222 1.0
movable_object.barrier 0 0 0 0 0 0 0 2.194 1.21 0.705 0.6596052908079634 12.803810321921432 -8.745762567290956 2.9866685771359656 1.0
movable_object.barrier 0 0 0 0 0 0 0 2.187 1.342 0.664 1.1346395523887576 -7.231146507649349 -8.912784384899908 1.3876445840912854 1.0
movable_object.barrier 0 0 0 0 0 0 0 2.12 1.193 0.75 0.9531790750504778 4.705668955633996 -6.880836873106575 1.3750438595202166 1.0
