vehicle.bicycle 0 0 0 0 0 0 0 1.667 0.941 0.678 1.6529127661136929 19.508503673108596 29.82518827620506 -1.5559065575862077 1.0
human.pedestrian.adult 0 0 0 0 0 0 0 0.565 1.771 0.485 1.119635417596679 -10.16353756321165 29.14459945784687 -0.21732080232440865 1.0
human.pedestrian.adult 0 0 0 0 0 0 0 0.967 1.862 0.611 0.3420277189622688 36.64782946648076 7.183199477916988 -1.8243559580074056 1.0
human.pedestrian.adult 0 0 0 0 0 0 0 0.874 1.656 0.588 0.4638362002554113 47.745076805922274 2.1167536644160823 2.7673384827596266 1.0
human.pedestrian.adult 0 0 0 0 0 0 0 0.903 1.858 0.638 0.9309250842256964 14.021457382315093 23.536045108023053 -1.698052237713136 1.0
vehicle.truck 0 0 0 0 0 0 0 5.389 3.001 2.24 0.029260888475055036 -24.214316170662165 11.945707257747278 1.5937006230821176 1.0
vehicle.car 0 0 0 0 0 0 0 4.717 1.487 1.854 0.9466743319615558 -15.045957529493593 12.651604134507208 1.619977652602973 1.0
vehicle.car 0 0 0 0 0 0 0 4.685 1.935 1.811 0.7864732545215929 5.3203226814285 3.3618399294808308 -1.5844154394791685 1.0
human.pedestrian.adult 0 0 0 0 0 0 0 0.606 1.623 0.726 0.4119127392085655 40.00748449144647 -2.6231275713491145 -1.4922630478748813 1.0
human.pedestrian.adult 0 0 0 0 0 0 0 1.021 1.605 0.701 0.4427130352829107 46.33486785566808 2.4237887251567596 2.666406776679672 1.0
human.pedestrian.adult 0 0 0 0 0 0 0 0.664 1.642 0.647 0.26778268287622187 39.515839616325884 -3.754384325419127 -1.4156205496727825 1.0
