human.pedestrian.adult 0 0 0 0 0 0 0 0.527 1.662 0.589 -0.4166812843019397 27.07185259008536 -9.915479229713258 -1.505241487477754 1.0
vehicle.bicycle 0 0 0 0 0 0 0 1.68 1.142 0.692 0.7425377833521011 2.817845627979012 -12.705278225209806 2.5252029246382284 1.0
vehicle.car 0 0 0 0 0 0 0 4.648 1.644 1.815 -0.4087693376235575 55.01659806671049 4.59986915218022 -1.5854981442688576 1.0
human.pedestrian.adult 0 0 0 0 0 0 0 0.519 1.664 0.674 -0.4441386265151655 27.30831885041941 -9.25906792414163 -1.540135396787841 1.0
human.pedestrian.adult 0 0 0 0 0 0 0 0.887 1.715 0.902 -0.9924442160744245 15.417783208157541 -44.33180406092676 -1.6697699621982212 1.0
human.pedestrian.adult 0 0 0 0 0 0 0 0.776 1.626 0.72 1.0134843609176756 -3.1146309844146263 -5.170700453661612 -1.5052414874825688 1.0
human.pedestrian.adult 0 0 0 0 0 0 0 0.553 1.711 0.669 -0.46992878840914 25.095023490184996 -10.224745155888407 -1.505241487477754 1.0
human.pedestrian.adult 0 0 0 0 0 0 0 0.74 1.758 0.626 0.9573083840327622 -3.293340725855964 -5.7805644450030655 -1.539786455435987 1.0
human.pedestrian.adult 0 0 0 0 0 0 0 0.523 1.465 0.675 -0.3002885768043084 24.991789062178707 -8.452160926160278 -1.505241487477754 1.0
vehicle.truck 0 0 0 0 0 0 0 8.72 3.684 2.899 -1.0856638278232291 5.903298873335668 -42.099339515538716 2.765665005789497 1.0
human.pedestrian.adult 0 0 0 0 0 0 0 1.674 1.742 1.3 -0.8732058773229963 14.030533182646966 -44.45428093749016 -1.1756984221078355 1.0
vehicle.truck 0 0 0 0 0 0 0 7.687 3.224 2.778 -1.7411304632980893 71.65777937019446 4.843460316575867 -1.5554888607232176 1.0
