human.pedestrian.adult 0 0 0 0 0 0 0 0.874 1.656 0.588 0.898484736896701 -13.152878196870871 -4.6480348673811465 -1.6993727184240823 1.0
human.pedestrian.adult 0 0 0 0 0 0 0 0.664 1.642 0.647 1.5999003786230968 -33.50674261367405 -4.966525683473123 -1.7483601623960565 1.0
human.pedestrian.adult 0 0 0 0 0 0 0 0.764 1.615 0.544 1.4686540353992157 -40.90457243695944 15.305364862381241 -0.629968145909352 1.0
human.pedestrian.adult 0 0 0 0 0 0 0 0.705 1.593 0.522 0.1444957565761963 24.00513100415353 -6.231355060564372 -0.6233734661203503 1.0
human.pedestrian.adult 0 0 0 0 0 0 0 0.578 1.587 0.558 0.8236238623764578 14.372840723816449 9.22496649313144 -2.630615541645568 1.0
human.pedestrian.adult 0 0 0 0 0 0 0 0.791 2.0 0.631 -0.9961004833942158 36.81146949529225 -10.169363017354733 2.9813423406733452 1.0
human.pedestrian.adult 0 0 0 0 0 0 0 0.635 1.752 0.653 0.6310642203266297 19.41903173129319 7.636223876999128 2.861268353033376 1.0
human.pedestrian.adult 0 0 0 0 0 0 0 0.707 1.642 0.62 1.408295836356187 -40.207394176122676 15.652363940801925 -0.6218789122477926 1.0
human.pedestrian.adult 0 0 0 0 0 0 0 0.614 1.819 0.684 -0.6700795665507733 45.64637442933576 -1.5572151338011988 -1.579843709905763 1.0
human.pedestrian.adult 0 0 0 0 0 0 0 0.701 1.904 0.638 -1.3377593588869956 45.33598805344829 -13.154641658361191 -3.069152977559524 1.0
human.pedestrian.adult 0 0 0 0 0 0 0 0.904 1.833 0.726 1.1932372438953038 -20.863419930305078 3.2054695820087775 -2.1985311421378224 1.0
human.pedestrian.adult 0 0 0 0 0 0 0 0.804 1.537 0.54 0.15404561604516875 23.26639688169568 -5.532884090157738 -0.6512878117424865 1.0
human.pedestrian.adult 0 0 0 0 0 0 0 0.967 1.862 0.611 1.0194490520514992 -21.317359002171163 7.516302098287884 -1.335693392457232 1.0
human.pedestrian.adult 0 0 0 0 0 0 0 0.414 1.548 0.466 0.6106389934791309 23.141891976131927 12.709110373610969 -1.571204989951628 1.0
human.pedestrian.adult 0 0 0 0 0 0 0 1.021 1.605 0.701 0.8255496939235544 -13.164008470158777 -5.604906121272208 -1.6956030640778472 1.0
human.pedestrian.adult 0 0 0 0 0 0 0 0.762 1.552 0.641 1.565043612684495 -41.11635303962713 16.18433472860223 -0.629968145909352 1.0
human.pedestrian.adult 0 0 0 0 0 0 0 0.606 1.623 0.726 1.5860819612063257 -33.53920687383886 -4.12145046602079 -1.755218860305713 1.0
vehicle.truck 0 0 0 0 0 0 0 6.232 3.096 2.014 -2.4918210938052816 91.24282901239442 8.893282522432532 -1.559390022644286 1.0
