human.pedestrian.adult 0 0 0 0 0 0 0 0.535 1.66 0.589 2.1115547002168245 -56.93569301759121 7.815852137977185 -2.5233211224703105 1.0
human.pedestrian.adult 0 0 0 0 0 0 0 0.584 1.972 0.814 2.293445966888191 -104.62982119433994 -0.30150802570711244 -1.8692288585516827 1.0
human.pedestrian.adult 0 0 0 0 0 0 0 0.874 1.886 0.841 1.3132782706975483 -36.69296868795958 9.790427904216296 -2.4417744088180537 1.0
vehicle.truck 0 0 0 0 0 0 0 6.511 3.256 2.514 -0.23128103654181525 19.83440172292416 4.623157156794778 -1.551784326320674 1.0
vehicle.bicycle 0 0 0 0 0 0 0 1.785 1.232 0.502 0.8928536152322066 10.421871892070119 -11.10399685999926 -1.6727265076749518 1.0
human.pedestrian.adult 0 0 0 0 0 0 0 0.955 1.734 0.709 0.7508743292261584 -14.92140127967999 -9.502133936901538 -1.8519914685143695 1.0
vehicle.motorcycle 0 0 0 0 0 0 0 2.01 1.403 0.802 -0.02118226439676052 54.45247870808659 -11.898049014526682 2.549058247286469 1.0
human.pedestrian.adult 0 0 0 0 0 0 0 0.82 1.371 0.556 0.9795935505541432 -22.6549595317542 -12.160647295824301 -1.2373322580867665 1.0
human.pedestrian.adult 0 0 0 0 0 0 0 0.828 1.945 0.827 1.3272294229737636 -35.91966841144318 9.214554612866777 -2.465981770704822 1.0
human.pedestrian.adult 0 0 0 0 0 0 0 0.343 1.633 0.608 1.9759280357347286 -72.7469780452264 -6.129483325279252 -1.6133056018436758 1.0
human.pedestrian.adult 0 0 0 0 0 0 0 0.828 1.597 0.769 1.8252926389266806 -44.10075995129101 1.443427072442081 -0.09342954042132234 1.0
human.pedestrian.adult 0 0 0 0 0 0 0 0.832 1.891 0.979 -0.29998910126362865 54.868393665873725 -4.6958162707446665 -1.9923245633776716 1.0
vehicle.car 0 0 0 0 0 0 0 4.71 2.085 2.008 -0.26337663174257275 45.41459227936212 3.525427240517244 -1.601402754745295 1.0
human.pedestrian.adult 0 0 0 0 0 0 0 0.821 1.511 0.681 1.909025777929044 -45.61288849341624 1.860506241812967 -0.2414393151099219 1.0
human.pedestrian.adult 0 0 0 0 0 0 0 0.832 1.955 0.719 0.6373680907898203 5.889240392409843 -10.13769316286879 -1.2713125363822666 1.0
human.pedestrian.adult 0 0 0 0 0 0 0 0.681 1.875 0.776 0.6457856488044252 -18.904330438860494 -13.752649397666067 -0.48457670515262663 1.0
human.pedestrian.adult 0 0 0 0 0 0 0 0.853 1.381 0.69 0.07450138188033723 11.96769653276981 9.691306282835024 3.033485308354596 1.0
vehicle.truck 0 0 0 0 0 0 0 6.011 3.212 2.44 -0.5819404627397744 59.08052816120748 9.09655670938405 -0.7090260048404922 1.0
human.pedestrian.adult 0 0 0 0 0 0 0 0.554 1.893 0.686 0.23928174339981362 -16.515990330570723 27.065912986401603 -2.477989461093495 1.0
human.pedestrian.adult 0 0 0 0 0 0 0 1.131 1.356 0.631 0.9686216287321363 -23.2264995582681 -11.598591591268303 3.064115437934955 1.0
