human.pedestrian.construction_worker 0 0 0 0 0 0 0 0.585 0.539 1.636 1.6581946319648835 -28.15104061317774 8.171489375564533 -0.09588638498048496 1.0
vehicle.truck 0 0 0 0 0 0 0 7.74 2.29 2.424 2.085322741998356 -51.52885393088145 -7.341803120234332 -1.4698407874118233 1.0
vehicle.construction 0 0 0 0 0 0 0 16.886 5.231 4.589 0.28856927754439915 12.127075987836843 -18.94586487339548 -0.8627076929358832 1.0
human.pedestrian.construction_worker 0 0 0 0 0 0 0 1.056 1.851 0.986 2.172138747031691 -47.35781728086404 -5.3387748514670275 -1.7289530568420632 1.0
human.pedestrian.adult 0 0 0 0 0 0 0 0.741 1.634 0.675 0.7823266951864772 1.9074417739845766 -8.924305456439322 -1.172610987872858 1.0
movable_object.trafficcone 0 0 0 0 0 0 0 0.554 0.734 0.479 0.778991424393463 27.27614643895103 -2.126813455879135 -1.198675274152098 1.0
movable_object.trafficcone 0 0 0 0 0 0 0 0.505 0.846 0.469 0.7229288499882605 29.512380771787644 -1.7026413252603885 -1.2525322659891884 1.0
vehicle.truck 0 0 0 0 0 0 0 4.906 2.219 1.761 1.1282791058320774 -10.949199383704013 -4.87055175499249 -1.506778868292713 1.0
human.pedestrian.construction_worker 0 0 0 0 0 0 0 0.679 2.0 0.764 0.13877499871856946 27.52547970653324 -1.5996731994266733 -1.2568299608830422 1.0
movable_object.trafficcone 0 0 0 0 0 0 0 0.397 0.687 0.393 0.5905097277466945 30.87289299774572 -2.695851101230796 -1.3045065020227327 1.0
vehicle.construction 0 0 0 0 0 0 0 6.94 5.286 3.652 -0.8275310955590869 27.483578093600727 -17.094097060512734 -1.8255360382586057 1.0
human.pedestrian.construction_worker 0 0 0 0 0 0 0 0.56 0.511 1.889 1.7544346639016195 -32.525645975138865 7.738422656277441 -3.0441825450549045 1.0
vehicle.truck 0 0 0 0 0 0 0 10.072 3.307 2.864 1.9456878494887153 -62.16818359702825 -8.580066966045854 -1.504737404632146 1.0
movable_object.pushable_pullable 0 0 0 0 0 0 0 0.796 1.298 0.907 2.0035169391704986 -30.141790705535556 -9.477837625030176 -1.8285373778186322 1.0
vehicle.truck 0 0 0 0 0 0 0 6.309 2.84 2.39 1.3386885247671403 -35.23295564880452 1.1005609163290306 -1.6502920304478614 1.0
movable_object.pushable_pullable 0 0 0 0 0 0 0 0.935 1.207 1.207 1.9919081639919138 -29.575902417580657 -10.939797502008503 -1.641707100756837 1.0
vehicle.car 0 0 0 0 0 0 0 4.429 1.477 1.853 1.1604325128081034 -2.5780201969770564 -3.4914222534119754 -1.6236618531825586 1.0
human.pedestrian.adult 0 0 0 0 0 0 0 0.695 1.759 0.597 0.8948546836787957 2.0162311252115175 -9.606620141072087 -1.1861839034695372 1.0
vehicle.truck 0 0 0 0 0 0 0 6.351 3.042 3.419 1.0285349319090438 -25.036569068288546 -5.70367147605087 -1.489330501562577 1.0
vehicle.car 0 0 0 0 0 0 0 4.461 1.534 1.787 0.9895847064630919 5.298580572836911 -3.2709651373288215 -1.5315091748593508 1.0
