vehicle.truck 0 0 0 0 0 0 0 5.17 3.455 2.533 1.218136768489091 -28.135572350456133 9.595250188840591 -1.695132456419742 1.0
vehicle.truck 0 0 0 0 0 0 0 5.779 3.197 2.838 1.2299339603455277 -47.75299676086266 -8.431534419853627 -1.4433982782640964 1.0
vehicle.car 0 0 0 0 0 0 0 3.671 1.454 1.715 -0.6930227763907107 34.99416664799209 -11.58776622010876 2.1397323523043097 1.0
vehicle.trailer 0 0 0 0 0 0 0 14.501 3.495 4.385 0.787768671204403 -18.26571295487221 10.754332503536988 -1.6830938331571206 1.0
vehicle.motorcycle 0 0 0 0 0 0 0 1.747 1.382 0.55 -0.4745896819587396 33.770522713471294 -8.402609158868719 -1.4407814412380642 1.0
vehicle.trailer 0 0 0 0 0 0 0 13.028 2.98 3.726 1.3604633940251938 -57.369286850780945 -9.66716987316521 -1.4608439453642177 1.0
human.pedestrian.adult 0 0 0 0 0 0 0 0.778 1.701 0.88 -0.5509645446321334 31.275590147656782 -5.6789740195027365 -0.5541794431560199 1.0
vehicle.truck 0 0 0 0 0 0 0 16.047 4.461 4.373 1.1525809028867209 -64.61418814885056 4.979696824224621 -1.6841406681846003 1.0
human.pedestrian.construction_worker 0 0 0 0 0 0 0 1.011 1.703 0.735 -0.5268388125752914 38.94507561338489 -5.056121998525007 -3.0861661158367646 1.0
vehicle.truck 0 0 0 0 0 0 0 10.004 4.1 2.934 -1.5538585157064515 22.62129730404115 -14.78887665672815 -0.4585031223079241 1.0
vehicle.truck 0 0 0 0 0 0 0 6.467 3.133 2.657 0.539001862475643 -15.544931532783574 -5.084527383718029 -1.4512488098967635 1.0
