movable_object.pushable_pullable 0 0 0 0 0 0 0 0.796 1.298 0.907 1.0144154941864154 5.585193537991208 -6.951442397061322 -1.7757769257458138 1.0
vehicle.car 0 0 0 0 0 0 0 4.461 1.534 1.787 0.24569563644679526 38.323306739036674 -2.566696701374262 -1.6276727152299566 1.0
vehicle.truck 0 0 0 0 0 0 0 7.808 3.455 2.918 -0.3293632839542502 -11.650917167095805 -22.237194336609615 -0.7976467692612381 1.0
movable_object.pushable_pullable 0 0 0 0 0 0 0 0.921 1.284 1.41 1.0418963873640001 4.523462949617882 -7.163019707334714 -1.7006843360239703 1.0
vehicle.construction 0 0 0 0 0 0 0 16.886 5.231 4.589 -0.91472602555152 47.39342444700321 -18.64885045421459 -0.8097908807673164 1.0
vehicle.truck 0 0 0 0 0 0 0 10.072 3.307 2.864 0.9664996742207785 -26.231782195696603 -4.345314189141839 -1.5572698741808848 1.0
movable_object.pushable_pullable 0 0 0 0 0 0 0 0.935 1.207 1.207 0.943088222867568 6.396146423422699 -8.174766490659039 -1.588927893207691 1.0
vehicle.truck 0 0 0 0 0 0 0 6.351 3.042 3.419 0.006398112661051336 10.991742430677354 -3.4472176569031783 -1.5418607999025937 1.0
human.pedestrian.construction_worker 0 0 0 0 0 0 0 0.584 1.733 0.782 1.446079436636027 -13.708972624147615 -5.587596236907564 -0.04144433709117834 1.0
human.pedestrian.construction_worker 0 0 0 0 0 0 0 0.792 1.862 0.98 1.0251758340746124 -5.2131575228328515 -1.4864077601825125 -0.7659165238063466 1.0
vehicle.car 0 0 0 0 0 0 0 3.899 1.673 1.968 3.1238292360652826 -76.49062654436867 -6.267525389180593 -1.6544455059100827 1.0
vehicle.truck 0 0 0 0 0 0 0 7.74 2.29 2.424 1.15055355932262 -15.825035781254547 -4.069221391563767 -1.5223682838344805 1.0
human.pedestrian.construction_worker 0 0 0 0 0 0 0 0.56 0.511 1.889 1.0729395139813367 4.382095892666992 10.387722461573572 -3.0968444509749506 1.0
human.pedestrian.construction_worker 0 0 0 0 0 0 0 0.823 2.0 0.679 0.5401728060228078 -0.17889433237598024 -13.10166807547424 -1.1868036321842599 1.0
vehicle.truck 0 0 0 0 0 0 0 6.309 2.84 2.39 0.5286966433718997 1.3021191837606014 3.853312911324581 -1.597513748710175 1.0
vehicle.car 0 0 0 0 0 0 0 4.27 1.867 2.218 2.8386093484128194 -73.84687678097889 -2.859684019007396 -1.516382679448979 1.0
vehicle.truck 0 0 0 0 0 0 0 4.906 2.219 1.761 0.17780570410496888 25.143907221521726 -3.2903190578638486 -1.5244100218648757 1.0
human.pedestrian.construction_worker 0 0 0 0 0 0 0 1.056 1.851 0.986 1.086685799210586 -9.61216396781275 -1.8119055654201348 -1.1119582237893297 1.0
human.pedestrian.construction_worker 0 0 0 0 0 0 0 0.858 1.825 0.806 0.651746771475341 -1.7832291331714365 -13.16625210747592 2.9416627037007714 1.0
human.pedestrian.construction_worker 0 0 0 0 0 0 0 0.585 0.539 1.636 1.0601481343429249 8.661102267167491 10.467137999038671 -0.04436104827909304 1.0
vehicle.car 0 0 0 0 0 0 0 4.429 1.477 1.853 0.2432662203174124 28.193058805307327 -0.9608471134277361 -1.7518316679261394 1.0
vehicle.truck 0 0 0 0 0 0 0 9.746 3.586 3.189 0.20954576212882453 -4.345033701366118 -9.227567984356892 -0.1929865392467356 1.0
