human.pedestrian.construction_worker 0 0 0 0 0 0 0 0.56 0.511 1.889 1.3043818682028885 -3.2745736693167133 10.327723697638977 -3.111305353497989 1.0
movable_object.pushable_pullable 0 0 0 0 0 0 0 0.796 1.298 0.907 1.199247336585554 -2.2946541675083902 -7.083236542974992 -1.7612530044497143 1.0
vehicle.construction 0 0 0 0 0 0 0 6.94 5.286 3.652 -1.4822193719112977 54.79731365902385 -18.496089472258042 -1.7582511970523251 1.0
vehicle.truck 0 0 0 0 0 0 0 9.746 3.586 3.189 0.4331910400799013 -12.161759554462563 -8.56704247143178 -0.12412483856047629 1.0
vehicle.car 0 0 0 0 0 0 0 4.429 1.477 1.853 0.6118757140853733 21.77425969510016 -2.030449683091195 -1.8814167363144945 1.0
movable_object.pushable_pullable 0 0 0 0 0 0 0 0.935 1.207 1.207 1.1545141632245688 -1.5583661694167728 -8.199516045190842 -1.5743913419403261 1.0
vehicle.truck 0 0 0 0 0 0 0 6.351 3.042 3.419 0.35662473702629394 3.125376204764786 -3.644052640019424 -1.5562449386077652 1.0
vehicle.car 0 0 0 0 0 0 0 4.461 1.534 1.787 0.6632803479537202 31.63177652581022 -3.146405101504255 -1.6362459227750143 1.0
vehicle.construction 0 0 0 0 0 0 0 16.886 5.231 4.589 -0.32529209134511083 39.314992592731485 -19.332743921671774 -0.7951540246543267 1.0
human.pedestrian.construction_worker 0 0 0 0 0 0 0 0.679 2.0 0.764 -0.4363809917916035 49.975312056425985 -6.766283991040014 -0.9688402627124972 1.0
movable_object.pushable_pullable 0 0 0 0 0 0 0 0.921 1.284 1.41 1.2240930260426706 -3.4557917554191273 -7.231237197217429 -1.6861555866937543 1.0
human.pedestrian.construction_worker 0 0 0 0 0 0 0 1.056 1.851 0.986 1.2312971737024734 -18.00416021217125 -1.6917924283948567 -1.213717885019463 1.0
vehicle.truck 0 0 0 0 0 0 0 7.808 3.455 2.918 -0.2472900602780086 -19.91912390647073 -21.90200845497481 -0.8119270621065944 1.0
vehicle.truck 0 0 0 0 0 0 0 7.74 2.29 2.424 1.1430379411103129 -23.58687179780044 -3.833435643205633 -1.536750867373165 1.0
vehicle.truck 0 0 0 0 0 0 0 10.072 3.307 2.864 0.8806114205397124 -34.13009266740521 -3.996064103298791 -1.571655220084721 1.0
vehicle.truck 0 0 0 0 0 0 0 6.309 2.84 2.39 0.5783128290863798 -6.453816117964119 3.8342606613881887 -1.5829778260874239 1.0
vehicle.car 0 0 0 0 0 0 0 4.27 1.867 2.218 2.182538784843 -73.23278480739775 -1.3068265639499859 -1.4871344727724622 1.0
vehicle.truck 0 0 0 0 0 0 0 4.906 2.219 1.761 0.5300842900630476 17.283374937963927 -3.752908756938326 -1.5387927698016863 1.0
human.pedestrian.construction_worker 0 0 0 0 0 0 0 0.585 0.539 1.636 1.2543315501208738 0.9641007513317597 10.375211816153461 -0.028046914047763494 1.0
human.pedestrian.construction_worker 0 0 0 0 0 0 0 0.584 1.733 0.782 1.4641078270098395 -21.691153582646066 -5.371918524846104 -0.02524524864300659 1.0
human.pedestrian.construction_worker 0 0 0 0 0 0 0 0.792 1.862 0.98 1.200994503483588 -13.326298868698608 -0.869563141989943 -1.0566495981263095 1.0
