vehicle.car 0 0 0 0 0 0 0 4.391 1.51 1.855 1.1986490752008043 4.138659208625421 9.42959669821829 -3.094447809528093 1.0
vehicle.bus.rigid 0 0 0 0 0 0 0 11.88 3.947 2.8 -0.7797129987576343 38.460822844020285 -0.30921277160447946 -1.707206269484054 1.0
movable_object.pushable_pullable 0 0 0 0 0 0 0 0.833 1.298 1.275 2.0869402714722955 -13.062901972873883 14.521000106882779 -2.1623260245665605 1.0
vehicle.bicycle 0 0 0 0 0 0 0 1.762 1.126 0.572 1.7029355555232324 -9.857960870800303 45.93949096673102 -1.6199780894966462 1.0
vehicle.bicycle 0 0 0 0 0 0 0 1.519 1.248 0.624 1.3360015901320843 2.0311550247012553 6.581798355395425 -0.22576347232991623 1.0
vehicle.bicycle 0 0 0 0 0 0 0 1.748 1.138 0.539 1.5962437027741128 -9.968787385252169 44.23803796054744 -1.6144839658268673 1.0
vehicle.truck 0 0 0 0 0 0 0 4.872 1.839 1.978 1.2780977421954929 -9.060295107709637 33.27744993209683 -0.10893882524967324 1.0
vehicle.car 0 0 0 0 0 0 0 4.655 1.737 2.03 1.1799095809272275 2.266785558593427 16.693919919941717 1.6604870604576902 1.0
vehicle.car 0 0 0 0 0 0 0 4.061 1.667 1.861 1.6403726585734548 -9.687743894519357 21.271056722439898 2.9735612233623003 1.0
movable_object.trafficcone 0 0 0 0 0 0 0 0.404 0.671 0.294 2.473010179400971 -13.904452178391823 14.269490111485664 -1.369940157441171 1.0
vehicle.car 0 0 0 0 0 0 0 4.521 1.777 1.927 1.666899480439767 -10.16267111939784 15.654899454450575 2.9875189579997556 1.0
movable_object.debris 0 0 0 0 0 0 0 0.582 1.11 0.719 0.9720797512685205 14.561087730731018 12.6471687709238 -3.0461016184826395 1.0
