movable_object.trafficcone 0 0 0 0 0 0 0 0.353 0.732 0.337 2.3430938026389185 -34.07990957912715 12.24523713573926 -0.039638753511862745 1.0
vehicle.car 0 0 0 0 0 0 0 4.925 2.061 2.102 0.11177643812914917 15.812558641792902 32.346745105126004 -1.444445065328055 1.0
vehicle.car 0 0 0 0 0 0 0 4.332 2.0 2.022 0.10208808744906828 16.179137560452176 36.52063729734351 -1.6022314511332452 1.0
movable_object.pushable_pullable 0 0 0 0 0 0 0 0.698 1.201 1.247 0.10088185645930692 14.362891633197055 47.295074372046635 2.85468619183583 1.0
vehicle.truck 0 0 0 0 0 0 0 5.339 2.434 2.0 -0.44586651386690773 18.016717017813153 43.929442294965206 1.7268770708346857 1.0
vehicle.bus.rigid 0 0 0 0 0 0 0 11.88 3.947 2.8 -0.7303352974380328 38.49922570822824 0.288213070088213 -1.557247048980246 1.0
vehicle.car 0 0 0 0 0 0 0 4.391 1.51 1.855 0.5376316726125993 19.218609212451895 9.482795078296034 -3.103678298849255 1.0
vehicle.car 0 0 0 0 0 0 0 4.477 1.557 2.115 0.5881754764958135 17.07967554001139 21.552863100837968 -1.5963363607108345 1.0
vehicle.car 0 0 0 0 0 0 0 4.521 1.777 1.927 1.0814126691640176 4.952677211411095 15.999825948981842 2.9782412098256614 1.0
vehicle.bicycle 0 0 0 0 0 0 0 1.519 1.248 0.624 0.7676044331844827 17.096983372526164 6.676445968731276 -0.2307467179290832 1.0
movable_object.pushable_pullable 0 0 0 0 0 0 0 0.833 1.298 1.275 1.3712089761226003 2.096943655480333 14.770369988809014 -2.1713173005656454 1.0
movable_object.trafficcone 0 0 0 0 0 0 0 0.238 0.5 0.267 1.3715413487270056 3.1855557760482855 -3.8744172864718553 -0.030557316979194837 1.0
movable_object.trafficcone 0 0 0 0 0 0 0 0.404 0.671 0.294 1.9063593986370913 1.2895201424930702 14.448091699193157 -1.3786058574686955 1.0
vehicle.car 0 0 0 0 0 0 0 4.655 1.737 2.03 0.40293734571535755 17.453785025737375 16.69107094900812 1.6550830553686469 1.0
vehicle.car 0 0 0 0 0 0 0 4.061 1.667 1.861 0.7792438178912844 5.552763859064443 21.489768025236156 2.972424114501459 1.0
vehicle.truck 0 0 0 0 0 0 0 4.872 1.839 1.978 0.14874517542970467 6.244856773114343 33.440300894534275 -0.10881250625912742 1.0
