vehicle.car 0 0 0 0 0 0 0 4.862 2.183 2.23 1.8705643709719055 -35.889276700655074 -10.688600682564367 -0.21078042917246975 1.0
movable_object.barrier 0 0 0 0 0 0 0 1.148 0.892 0.581 0.691281819253704 -8.179777902797348 9.51276404942177 -3.0627253294196155 1.0
vehicle.car 0 0 0 0 0 0 0 4.306 1.416 1.806 -0.5298027804960765 7.902106966736512 13.682045575453982 1.7649536423650476 1.0
movable_object.pushable_pullable 0 0 0 0 0 0 0 0.795 1.194 1.254 0.8390942360985886 3.1819975509164076 5.077729097043653 -2.958252865942587 1.0
vehicle.car 0 0 0 0 0 0 0 4.619 1.82 1.974 1.6787931503108744 -43.87890176740586 -8.986773989955777 -0.1600518009052081 1.0
vehicle.bus.rigid 0 0 0 0 0 0 0 12.892 3.284 3.267 -1.0198495551254232 44.83933930802617 4.920078494698001 1.5223422793729018 1.0
movable_object.pushable_pullable 0 0 0 0 0 0 0 0.854 1.339 1.237 0.812497892934582 1.3553095384070963 4.9157397779971035 3.1288520492801144 1.0
vehicle.bicycle 0 0 0 0 0 0 0 1.764 1.192 0.507 0.44498457732393837 -8.987446269388233 9.976305286234666 3.0777435422688635 1.0
vehicle.car 0 0 0 0 0 0 0 4.199 1.504 1.881 -0.5046372840666655 0.3602315828454094 18.60185170899713 -2.9856096900294773 1.0
vehicle.bus.rigid 0 0 0 0 0 0 0 12.597 3.381 2.946 -0.42213493264785984 25.72304814850525 0.5350787758276145 -1.5434219574501231 1.0
vehicle.car 0 0 0 0 0 0 0 3.892 1.659 1.887 -0.15425086285832423 -5.335878068767434 17.72125180402583 -0.22364449014305876 1.0
vehicle.construction 0 0 0 0 0 0 0 5.026 3.021 4.053 1.160817834905068 -8.164669375104168 -14.508520380483292 -1.6135431355285572 1.0
vehicle.car 0 0 0 0 0 0 0 3.94 1.678 2.143 0.7762761353093184 -54.82182765009876 9.137502358729712 -1.9439095418801582 1.0
vehicle.car 0 0 0 0 0 0 0 4.417 1.544 1.863 -0.744591400297739 7.74196481271453 16.519938515525688 1.739836254480057 1.0
