human.pedestrian.adult 0 0 0 0 0 0 0 0.427 1.587 0.412 0.6555880825363296 21.819739392660086 10.28141891196079 -1.300983782798312 1.0
human.pedestrian.adult 0 0 0 0 0 0 0 0.754 1.735 0.873 -0.2947562509820878 34.64465246663197 -1.176098109314619 -1.7442999565950936 1.0
human.pedestrian.adult 0 0 0 0 0 0 0 0.784 1.891 0.619 0.46021164623585764 21.30134032764879 9.314980368889413 -1.4733432564357747 1.0
human.pedestrian.adult 0 0 0 0 0 0 0 0.569 1.546 0.634 0.2484636180112222 22.86333261671438 9.800319282888951 -1.2311832045570839 1.0
human.pedestrian.adult 0 0 0 0 0 0 0 0.648 1.557 0.492 0.5328272933068552 20.068676677109885 8.45902868074309 -1.2625758656445623 1.0
human.pedestrian.adult 0 0 0 0 0 0 0 0.688 1.905 0.527 0.1670745858129309 28.18863369957914 13.473630350887111 -1.367487313831596 1.0
vehicle.car 0 0 0 0 0 0 0 4.806 2.123 1.894 -0.48816819945912854 35.52613103290924 -3.6517790975237547 -0.9000025367719466 1.0
human.pedestrian.adult 0 0 0 0 0 0 0 0.479 1.721 0.593 0.5725600807166011 21.91407957124591 9.556497342673206 -1.2369998725583535 1.0
vehicle.car 0 0 0 0 0 0 0 4.818 1.654 1.904 0.6640601860031295 -12.838497914808672 20.60773364484801 -0.5882327460092576 1.0
human.pedestrian.adult 0 0 0 0 0 0 0 0.683 1.7 0.691 -0.271801738522637 34.69371171454415 -1.716554657569946 -1.7259876199691773 1.0
human.pedestrian.adult 0 0 0 0 0 0 0 0.775 2.028 0.727 1.4921060394513592 -25.935031055388492 -3.381966765167015 -1.6238002489015724 1.0
human.pedestrian.adult 0 0 0 0 0 0 0 0.841 1.76 0.648 0.9599830542204884 -16.767099476028445 -4.902974879793948 -1.3924458227469358 1.0
human.pedestrian.adult 0 0 0 0 0 0 0 0.808 1.655 0.553 0.4488296795780736 19.809221777617683 9.107985964404731 -1.2813871506521082 1.0
human.pedestrian.adult 0 0 0 0 0 0 0 0.79 1.671 0.637 0.42355212301912937 20.362508853099314 8.253744513034238 -1.3248558427486792 1.0
static_object.bicycle_rack 0 0 0 0 0 0 0 1.98 1.258 6.964 1.6068256261411995 -40.89687203917756 16.660308050637617 -0.3489902417221913 1.0
human.pedestrian.adult 0 0 0 0 0 0 0 0.659 1.736 1.056 2.368291932623908 -48.53196179368586 -4.331249383356813 -1.7559604145051715 1.0
human.pedestrian.adult 0 0 0 0 0 0 0 0.504 1.62 0.63 1.7533436149387835 -25.864857392275074 -4.4030659700235635 -1.3151227288366165 1.0
human.pedestrian.adult 0 0 0 0 0 0 0 0.589 1.642 0.596 1.6032906661285526 -26.142345428904363 -4.931181963041341 -1.046257789911639 1.0
human.pedestrian.adult 0 0 0 0 0 0 0 0.716 1.649 0.854 0.6579186855012354 -5.501943218994615 -6.537277673574721 2.8936577950620377 1.0
human.pedestrian.adult 0 0 0 0 0 0 0 0.582 1.75 0.62 0.4430362652255305 19.217865134048157 9.942777409291542 -2.301855532976327 1.0
human.pedestrian.adult 0 0 0 0 0 0 0 1.029 1.945 0.713 0.5702526263412286 6.611345690538037 12.11275172201241 -1.559533559643831 1.0
vehicle.car 0 0 0 0 0 0 0 4.93 2.096 1.789 -2.456472755261658 87.58282253886733 3.9011938025409982 -1.5308091602897678 1.0
human.pedestrian.adult 0 0 0 0 0 0 0 0.415 1.602 0.861 2.5814212455776246 -48.19222402112999 -5.490159277118504 -1.7526882713060132 1.0
human.pedestrian.adult 0 0 0 0 0 0 0 0.729 1.609 0.444 0.21182328907677728 28.299412052178376 12.730408506380716 -1.4198391699145354 1.0
human.pedestrian.adult 0 0 0 0 0 0 0 0.561 1.877 0.77 1.0564012798877374 -14.185183002239565 10.942251052585096 -1.0134366882254842 1.0
human.pedestrian.adult 0 0 0 0 0 0 0 0.991 1.752 0.757 1.0171405401882494 -16.497296034290887 -4.18864293690999 -1.3658511519890517 1.0
human.pedestrian.adult 0 0 0 0 0 0 0 1.051 1.819 0.724 0.6605233080691284 6.336143460996542 11.349411734277282 -1.543862519954196 1.0
