vehicle.car 0 0 0 0 0 0 0 4.214 1.513 1.928 -0.4653202578738998 23.09720815092126 -17.95365747645291 3.0000020274341788 1.0
movable_object.barrier 0 0 0 0 0 0 0 0.422 1.029 2.046 -0.02003892907922744 23.43325663645404 -8.066294989237342 -1.455622011437801 1.0
human.pedestrian.adult 0 0 0 0 0 0 0 0.779 1.839 0.748 0.2591015867340932 12.927413129890105 -6.573426010385842 -0.16300234914325173 1.0
human.pedestrian.adult 0 0 0 0 0 0 0 0.459 1.539 0.478 0.4782293454069909 25.56149084918864 24.116610812793454 -1.4798868292522611 1.0
human.pedestrian.adult 0 0 0 0 0 0 0 0.384 1.54 0.464 0.44781430321569776 14.826615138656873 0.1926082963949055 1.9994140261205562 1.0
vehicle.car 0 0 0 0 0 0 0 4.692 1.657 1.691 0.8585183591404344 5.762310880020872 6.400876370932425 -1.3964585841208539 1.0
human.pedestrian.adult 0 0 0 0 0 0 0 0.839 1.67 0.582 2.2464923585238084 -59.87934335581055 1.1639849876229167 -0.12918515800537733 1.0
human.pedestrian.adult 0 0 0 0 0 0 0 0.471 1.86 0.565 0.2233118316718612 16.8666873760512 -0.9356177033427475 -1.305335248701411 1.0
vehicle.truck 0 0 0 0 0 0 0 7.609 3.664 3.19 -2.0420808513491893 28.106185378523758 -25.719273560462113 2.981630432154464 1.0
human.pedestrian.adult 0 0 0 0 0 0 0 0.469 1.683 0.637 0.42126190971649746 14.357875071878805 0.6345627286572767 -0.6235776987020252 1.0
movable_object.barrier 0 0 0 0 0 0 0 0.367 0.751 0.409 1.7797290486339137 -11.202150700144422 9.222826788756587 -0.43468885776807653 1.0
movable_object.trafficcone 0 0 0 0 0 0 0 0.303 0.69 0.34 0.8595932795347366 12.488558504240451 1.6762225484573599 -1.3803669996122618 1.0
vehicle.truck 0 0 0 0 0 0 0 9.692 2.911 2.536 -0.643491877970072 39.64205362077567 19.75207160086942 -1.567555815994119 1.0
movable_object.barrier 0 0 0 0 0 0 0 0.458 0.952 2.011 1.4553247225910475 -4.247983744474 10.82493533249137 -0.10411152245952593 1.0
movable_object.barrier 0 0 0 0 0 0 0 0.337 1.028 2.033 2.1300893146221402 -34.886047732491676 5.928508491265579 3.051610027753716 1.0
human.pedestrian.adult 0 0 0 0 0 0 0 0.747 1.573 0.547 0.3745630302359067 14.18755855033257 2.6515735112619825 -0.11917606230385402 1.0
human.pedestrian.adult 0 0 0 0 0 0 0 0.428 1.597 0.508 0.3427435302705564 30.872499278067988 23.952077952034703 -1.8004732915835193 1.0
movable_object.barrier 0 0 0 0 0 0 0 0.492 1.044 2.059 1.7260635705598846 -12.778602238573551 9.004204824061457 -0.15641096194826787 1.0
vehicle.construction 0 0 0 0 0 0 0 2.244 2.895 2.492 -1.0593426004842414 24.53027720683433 -7.8704410978629795 -1.34587254385203 1.0
human.pedestrian.adult 0 0 0 0 0 0 0 0.518 1.655 0.546 0.3802605182267076 26.71552961130509 24.069307066287497 -1.4798868292522611 1.0
human.pedestrian.adult 0 0 0 0 0 0 0 0.76 1.732 0.603 0.38587152716714646 13.349743672691561 -0.0701078346528327 -0.531499066887374 1.0
human.pedestrian.adult 0 0 0 0 0 0 0 0.738 1.739 0.714 0.45269837053142203 29.3317915672538 25.222134518861903 -1.511218322922936 1.0
movable_object.barrier 0 0 0 0 0 0 0 0.438 1.047 2.025 2.0016897719918143 -24.762652774506755 7.269847032461528 -0.2020261869408202 1.0
movable_object.barrier 0 0 0 0 0 0 0 0.43 1.052 2.011 0.006173053100187564 23.365897194955558 -6.064706460685273 -1.5514512499184363 1.0
movable_object.barrier 0 0 0 0 0 0 0 0.387 1.092 2.17 1.2957445972684245 2.1726249506555715 10.642860711451483 -0.14063973223609239 1.0
movable_object.trafficcone 0 0 0 0 0 0 0 0.35 0.72 0.363 1.752166326008934 -10.305313468869517 9.378907783502283 -0.3138411404933521 1.0
movable_object.barrier 0 0 0 0 0 0 0 0.439 1.032 1.987 1.929366528794962 -22.81237577351721 7.587743191457001 -0.18188092335672223 1.0
human.pedestrian.adult 0 0 0 0 0 0 0 0.706 1.621 0.697 0.3916022173180129 29.089608172899844 24.343335074414167 -1.4798868292522611 1.0
movable_object.trafficcone 0 0 0 0 0 0 0 0.295 0.709 0.294 1.7440076156518725 -9.608627876946006 10.222614261758475 -0.14506080736103044 1.0
human.pedestrian.adult 0 0 0 0 0 0 0 0.435 1.756 0.568 0.34110761263947414 16.557194336961967 2.276045917390532 -1.337821942346796 1.0
movable_object.barrier 0 0 0 0 0 0 0 0.418 1.026 2.028 2.1204747807803406 -32.91192969826765 6.112101921676207 -0.12544519602109716 1.0
movable_object.barrier 0 0 0 0 0 0 0 0.417 1.074 2.0 2.023189339922194 -28.769096481434 6.594771042810985 -0.17561446006428838 1.0
human.pedestrian.adult 0 0 0 0 0 0 0 0.605 1.751 0.601 2.1928866036494776 -57.98187051175143 6.044907157572213 -0.11423822264828942 1.0
vehicle.car 0 0 0 0 0 0 0 4.856 1.462 2.224 0.09137086769717351 31.6118653955972 12.658085499019743 -1.9955350464578476 1.0
human.pedestrian.adult 0 0 0 0 0 0 0 0.553 1.871 0.518 0.431834729353172 25.473927599476134 24.76042539549642 -1.4798868292522611 1.0
movable_object.barrier 0 0 0 0 0 0 0 0.387 1.065 2.079 0.1481996654427301 23.029167894575785 -3.9824156981710352 -1.455622011437801 1.0
movable_object.barrier 0 0 0 0 0 0 0 0.456 1.003 2.213 1.2956661544196184 4.335028839989217 10.972064923517474 -0.14063973223609239 1.0
vehicle.car 0 0 0 0 0 0 0 4.335 1.473 1.787 0.23747451658132823 20.976804745916713 -0.47334438128654227 -2.9850326327015635 1.0
human.pedestrian.adult 0 0 0 0 0 0 0 0.49 1.807 0.684 0.23994306071169058 33.3468375858889 24.262044082295365 -1.7655876816503113 1.0
vehicle.car 0 0 0 0 0 0 0 4.103 1.598 1.946 -1.6748781197024323 36.010347769069966 -24.638527032479203 -0.1554702792362832 1.0
human.pedestrian.adult 0 0 0 0 0 0 0 0.55 1.766 0.515 0.37671124035758796 27.828343623093005 24.888337821384752 -1.4798868292522611 1.0
movable_object.barrier 0 0 0 0 0 0 0 0.402 1.037 2.052 1.7938808681804883 -16.85484859345852 8.4218771942586 -0.15641096194826787 1.0
movable_object.barrier 0 0 0 0 0 0 0 0.446 1.069 1.998 1.852879518083167 -18.873736529665706 8.135980953733583 -0.1267931285885826 1.0
movable_object.barrier 0 0 0 0 0 0 0 0.435 1.046 2.031 1.984663748061057 -26.7776974538499 6.916753482874416 -0.15909716291957565 1.0
movable_object.barrier 0 0 0 0 0 0 0 0.553 1.057 2.005 -0.19624925790962477 24.11270652211815 -12.088500201914178 -1.4653930970945055 1.0
human.pedestrian.adult 0 0 0 0 0 0 0 0.569 1.697 0.636 0.27877215576451264 35.135836513511144 24.324302723010486 -1.783030412736367 1.0
vehicle.car 0 0 0 0 0 0 0 4.268 1.614 1.816 1.0817680381032102 6.193187951969722 14.755697346256238 -1.6728133559891534 1.0
human.pedestrian.adult 0 0 0 0 0 0 0 0.75 1.692 0.508 0.3915252367570966 14.123449723047802 -0.3751389530818288 -0.1683797872070354 1.0
movable_object.barrier 0 0 0 0 0 0 0 0.405 1.136 1.986 1.3942811419275816 1.6834272595219086 11.54869577831294 -0.12798912312455002 1.0
human.pedestrian.adult 0 0 0 0 0 0 0 0.407 1.687 0.561 0.32228140752235995 15.637513232872383 -0.4436807675506835 -0.175613786663952 1.0
vehicle.car 0 0 0 0 0 0 0 4.249 1.479 1.835 -1.3657260085780034 35.183204350530715 -18.716223111085508 -0.1593557670781749 1.0
vehicle.car 0 0 0 0 0 0 0 4.356 1.415 1.718 0.9609656949993918 6.351029585927642 9.460434480969006 -1.3953076814008725 1.0
human.pedestrian.adult 0 0 0 0 0 0 0 0.426 1.599 0.486 0.32204368817684337 30.958622611647105 23.35545722833292 -1.7655876816503113 1.0
movable_object.trafficcone 0 0 0 0 0 0 0 0.436 0.742 0.419 2.3911281298369413 -36.817263252070134 5.685499532807661 2.494206134564285 1.0
movable_object.barrier 0 0 0 0 0 0 0 0.463 1.04 1.975 1.8893234722275984 -20.85197802124969 7.895561655044367 -0.14358217388396888 1.0
movable_object.barrier 0 0 0 0 0 0 0 0.458 1.048 2.032 1.7646667127282352 -14.811357786015408 8.697895043350966 -0.15641096194826787 1.0
vehicle.car 0 0 0 0 0 0 0 4.297 1.607 1.627 1.0335623075039018 -0.8334347335679629 8.283603493211068 -1.4267313018608316 1.0
vehicle.car 0 0 0 0 0 0 0 4.156 1.513 1.625 -0.18412851824719056 47.13681915033145 17.495900295155472 -1.663673893644745 1.0
movable_object.barrier 0 0 0 0 0 0 0 0.438 1.077 2.051 1.340476258188846 3.707700099159596 11.81942535776579 -0.1603167716004119 1.0
movable_object.barrier 0 0 0 0 0 0 0 0.44 1.052 2.103 2.095499829685891 -30.847692475958738 6.338585788325912 -0.15767213150931347 1.0
movable_object.barrier 0 0 0 0 0 0 0 0.449 1.045 1.976 -0.12057974427213636 23.754411387876118 -10.102985729167992 -1.4130770750057273 1.0
movable_object.barrier 0 0 0 0 0 0 0 0.415 1.075 2.082 1.6962811524689134 -10.806247415966087 10.076903505569815 -0.14506080736103044 1.0
vehicle.truck 0 0 0 0 0 0 0 6.578 2.814 2.304 -2.1934635125223205 29.527703883386575 -34.85309052984736 3.0407231428955717 1.0
movable_object.barrier 0 0 0 0 0 0 0 0.429 1.049 1.997 0.24433011616685651 22.871623718315774 -1.9880466829257668 -1.455622011437801 1.0
human.pedestrian.adult 0 0 0 0 0 0 0 0.641 1.849 0.641 -0.34712183579950284 10.10575855442129 -13.986258641621225 -0.4883789780281944 1.0
human.pedestrian.adult 0 0 0 0 0 0 0 0.567 1.811 0.652 2.0469011842448133 -58.80966242857292 1.638809246748374 -0.2285487187019104 1.0
human.pedestrian.adult 0 0 0 0 0 0 0 0.793 1.642 0.594 1.1541491050259356 -35.64942718096175 -11.87491762633738 -1.5647242909752892 1.0
human.pedestrian.adult 0 0 0 0 0 0 0 0.47 1.766 0.512 0.33709539812892547 16.559204893629094 0.6346818932336081 -1.3192066434866518 1.0
human.pedestrian.adult 0 0 0 0 0 0 0 0.593 1.632 0.636 0.43579805488547896 28.21914202954594 23.402532533380032 -1.7655876816503113 1.0
