human.pedestrian.adult 0 0 0 0 0 0 0 0.605 1.751 0.601 1.4098543160513355 -20.178517996886736 2.004605674230927 -0.06286142898773406 1.0
human.pedestrian.adult 0 0 0 0 0 0 0 0.553 1.871 0.518 -0.6774869403850021 55.585198638799234 25.907489517539055 -1.4938451277981928 1.0
movable_object.barrier 0 0 0 0 0 0 0 0.418 1.026 2.028 1.1375949988474263 5.1174285254732075 9.215322032686727 -0.11010709103304173 1.0
movable_object.barrier 0 0 0 0 0 0 0 0.463 1.04 1.975 0.7460381493147118 17.196423549267713 10.830739455129377 -0.1282311096652844 1.0
human.pedestrian.adult 0 0 0 0 0 0 0 0.985 1.68 0.734 1.535831174411537 -20.562784229450592 3.0304328008312127 3.066117690347969 1.0
human.pedestrian.adult 0 0 0 0 0 0 0 0.471 1.86 0.565 -1.0575518807617161 54.72281930331116 1.636951894263764 -1.3018191346322574 1.0
movable_object.barrier 0 0 0 0 0 0 0 0.44 1.052 2.103 1.1000920937461238 7.184446664247801 9.412865815393609 -0.142342678572712 1.0
human.pedestrian.adult 0 0 0 0 0 0 0 0.47 1.766 0.512 -0.9833915477023526 54.29519295319205 3.2142207203312645 -1.3331333653248585 1.0
vehicle.car 0 0 0 0 0 0 0 4.337 1.471 1.738 1.73903752157029 -12.046271113688494 13.933578976569931 -1.6448892101280892 1.0
vehicle.car 0 0 0 0 0 0 0 4.692 1.657 1.691 -0.4634706675855672 43.642456804496625 9.019406662632868 -1.4191219897708436 1.0
human.pedestrian.adult 0 0 0 0 0 0 0 0.839 1.67 0.582 1.529058308689844 -22.87184220059582 -2.1485117262110425 -0.047955639961879015 1.0
vehicle.truck 0 0 0 0 0 0 0 5.323 2.008 1.886 0.5887338625485737 13.617062497492679 15.517573122158858 -1.7545447168978212 1.0
movable_object.barrier 0 0 0 0 0 0 0 0.417 1.074 2.0 1.0397568206709644 9.266974017834684 9.63855470830837 -0.16032946191948483 1.0
movable_object.barrier 0 0 0 0 0 0 0 0.847 1.414 1.261 1.7588666360585044 -33.75785797967583 -4.875393019977496 -1.495352668499522 1.0
human.pedestrian.adult 0 0 0 0 0 0 0 0.747 1.573 0.547 -0.7502300403458746 50.59752561136683 -1.2953886796817766 -0.1792880538614412 1.0
vehicle.motorcycle 0 0 0 0 0 0 0 1.823 1.772 0.639 0.23212814968113782 33.91431654451514 17.4916771002161 -1.6966896870966943 1.0
movable_object.barrier 0 0 0 0 0 0 0 0.438 1.077 2.051 -0.1125367528199025 41.79934236379868 14.41067743546168 -0.14499302199147657 1.0
human.pedestrian.adult 0 0 0 0 0 0 0 0.412 1.648 0.611 1.7066588621280625 -23.038340934947474 33.20925729581403 2.401048385653742 1.0
human.pedestrian.adult 0 0 0 0 0 0 0 0.679 1.72 0.626 1.6005869915421602 -18.511677280183687 24.717413802501664 -0.5971166943992774 1.0
movable_object.barrier 0 0 0 0 0 0 0 0.492 1.044 2.059 0.48455617380803384 25.26018488799391 11.824522755729756 -0.14107893334519872 1.0
movable_object.barrier 0 0 0 0 0 0 0 0.554 1.031 1.991 1.743112459999694 -17.42963466723156 6.83422081929542 3.030732600619322 1.0
vehicle.car 0 0 0 0 0 0 0 4.297 1.607 1.627 -0.20922322710829355 36.977568786708495 11.10588813855256 -1.4406798409109216 1.0
human.pedestrian.adult 0 0 0 0 0 0 0 0.622 1.576 0.513 1.6397644633468238 -17.999852287029647 25.069962100023815 -0.4986066673726519 1.0
movable_object.barrier 0 0 0 0 0 0 0 0.39 0.937 2.008 -6.260353971077048e-05 37.803547600025006 13.972295442740316 -0.12528676154647655 1.0
movable_object.trafficcone 0 0 0 0 0 0 0 0.402 0.758 0.402 2.0721449183711953 -23.591690726899902 7.013443470883171 -1.3921403113482231 1.0
human.pedestrian.adult 0 0 0 0 0 0 0 0.76 1.732 0.603 -0.7368947363741853 49.289333748039176 -3.503889351719579 -0.38880348630864425 1.0
vehicle.construction 0 0 0 0 0 0 0 2.244 2.895 2.492 -2.342174257696229 62.27940173670258 -5.5042044039864875 -1.3598049626358701 1.0
movable_object.barrier 0 0 0 0 0 0 0 0.405 1.136 1.986 -0.07050493860578977 39.76993914968551 14.177000476517842 -0.11264480445184333 1.0
vehicle.car 0 0 0 0 0 0 0 4.356 1.415 1.718 -0.45779409732992005 44.32317322078537 12.102827966500536 -1.4092501501501644 1.0
vehicle.truck 0 0 0 0 0 0 0 9.692 2.911 2.536 -2.3553003449840837 78.11351068813649 21.81225296917872 -1.55327576125116 1.0
human.pedestrian.adult 0 0 0 0 0 0 0 0.793 1.642 0.594 0.7014978669824571 -5.059659483350197 -9.019123748642686 -1.386832124853001 1.0
human.pedestrian.adult 0 0 0 0 0 0 0 0.958 1.776 0.64 1.5830853543608323 -26.014203381831905 1.6883224225365574 -0.45375669975739363 1.0
movable_object.barrier 0 0 0 0 0 0 0 0.435 1.046 2.031 0.937784338666195 11.26047627837385 9.933812815969047 -0.1437707346967656 1.0
human.pedestrian.adult 0 0 0 0 0 0 0 0.843 1.78 0.832 0.6442264790412602 -14.608802433288696 -19.00874290603615 3.0632832183303202 1.0
human.pedestrian.adult 0 0 0 0 0 0 0 0.635 1.771 0.673 1.5064123582000137 -26.72176014587491 -2.0312215921669527 -0.051527456343890776 1.0
human.pedestrian.adult 0 0 0 0 0 0 0 0.75 1.692 0.508 -0.7519660815271612 49.949497021341585 -3.8402081099500656 -0.368740353217877 1.0
movable_object.barrier 0 0 0 0 0 0 0 0.438 1.047 2.025 0.890822865112052 13.27831416724115 10.260607666377114 -0.186817943218184 1.0
movable_object.barrier 0 0 0 0 0 0 0 0.458 1.048 2.032 0.5638328434863352 23.24612265234852 11.548190490889658 -0.14107893334519872 1.0
human.pedestrian.adult 0 0 0 0 0 0 0 0.435 1.756 0.568 -0.9105624600051351 54.49157932429802 4.785543830715991 -1.3517526624844187 1.0
human.pedestrian.adult 0 0 0 0 0 0 0 0.641 1.646 0.702 1.757192341099883 -27.401803547568843 40.73897298737627 2.466508272938535 1.0
movable_object.barrier 0 0 0 0 0 0 0 0.439 1.032 1.987 0.7802713353921749 15.231449831970806 10.551181984645279 -0.16661356634556768 1.0
human.pedestrian.adult 0 0 0 0 0 0 0 0.427 1.615 0.628 -0.7683509290115814 53.11145027902485 2.078989988863627 -1.2050870664272786 1.0
human.pedestrian.adult 0 0 0 0 0 0 0 0.567 1.811 0.652 1.4657130838783754 -22.069383338638538 -1.659610757343294 -0.21341727123034815 1.0
human.pedestrian.adult 0 0 0 0 0 0 0 0.663 1.615 0.618 1.628006153862561 -23.87794209341144 -1.6213852427063897 -0.0481316723489158 1.0
movable_object.barrier 0 0 0 0 0 0 0 0.337 1.028 2.033 1.2086817986168434 3.1429736025382136 9.057792910947828 3.06573382828232 1.0
human.pedestrian.adult 0 0 0 0 0 0 0 0.664 1.766 0.6 1.6260147471527222 -26.78112245470259 1.7303010230578026 -0.4519287911919001 1.0
movable_object.barrier 0 0 0 0 0 0 0 0.402 1.037 2.052 0.6561020029001432 21.201122806801763 11.299481757758569 -0.14107893334519872 1.0
movable_object.barrier 0 0 0 0 0 0 0 0.446 1.069 1.998 0.6782906277384226 19.17685676730112 11.043785323970885 -0.11145149837818202 1.0
movable_object.trafficcone 0 0 0 0 0 0 0 0.436 0.742 0.419 1.4348981034871828 1.3175653206901734 9.1030122427858 2.5082850524799145 1.0
movable_object.barrier 0 0 0 0 0 0 0 0.458 0.952 2.011 0.13454659059490415 33.819617389161344 13.731226075498265 -0.08893996111446789 1.0
human.pedestrian.adult 0 0 0 0 0 0 0 0.518 1.655 0.546 -0.571719520927634 56.050784132030785 24.72671798948059 -1.4938451277981928 1.0
human.pedestrian.adult 0 0 0 0 0 0 0 0.459 1.539 0.478 -0.4145876305664964 55.23683124298412 25.23815543770294 -1.4938451277981928 1.0
