movable_object.trafficcone 0 0 0 0 0 0 0 0.346 0.739 0.323 1.335277317991721 -25.398917385288495 1.788683822827653 -0.6282443902466301 1.0
human.pedestrian.adult 0 0 0 0 0 0 0 0.562 1.569 0.584 -0.7945339146759806 10.56055128036223 -21.140339366076145 -0.7286927966159595 1.0
movable_object.barrier 0 0 0 0 0 0 0 0.603 1.004 2.094 0.6665442658917536 17.615372300470412 7.215394514825435 -2.231099732679753 1.0
movable_object.barrier 0 0 0 0 0 0 0 0.394 1.094 2.433 1.0696112703413792 -35.508042875173075 -6.720537139216388 -0.6396825055632327 1.0
human.pedestrian.adult 0 0 0 0 0 0 0 0.541 1.498 0.541 -0.7613868631999126 10.530529060519017 -21.847331543751455 -0.7069714266042748 1.0
movable_object.barrier 0 0 0 0 0 0 0 0.46 1.28 1.246 1.9394461105401457 -8.913769425030733 32.984677745101074 -0.7048812917684835 1.0
movable_object.trafficcone 0 0 0 0 0 0 0 0.381 0.767 0.395 1.4976439525860543 -10.503537946248331 11.624234821271703 -0.959120893829855 1.0
movable_object.barrier 0 0 0 0 0 0 0 0.357 1.035 2.126 2.0111837493257365 4.974117327296543 36.97531695025526 -0.9219370923674219 1.0
human.pedestrian.construction_worker 0 0 0 0 0 0 0 0.935 1.676 0.953 0.6724088311140863 11.798338491216688 4.770614510638251 -0.14403063918113546 1.0
movable_object.trafficcone 0 0 0 0 0 0 0 0.323 0.734 0.323 1.4447000649750437 -25.57645171634456 0.6243753483505784 -0.6282443902466301 1.0
movable_object.trafficcone 0 0 0 0 0 0 0 0.408 0.731 0.388 3.093699518484083 -18.025946082745758 45.23828413786738 -0.8916591271048961 1.0
human.pedestrian.adult 0 0 0 0 0 0 0 0.63 1.697 0.622 1.0038636109618095 0.15357412437615967 6.749174484376072 -0.8179352846614982 1.0
movable_object.barrier 0 0 0 0 0 0 0 0.26 0.947 1.594 1.9235464814944547 6.95767407938736 36.95025062778305 -0.7613576467420735 1.0
human.pedestrian.adult 0 0 0 0 0 0 0 0.593 1.587 0.519 1.5163586159710385 4.6047021955820675 35.1439850448211 -1.139952600053892 1.0
human.pedestrian.adult 0 0 0 0 0 0 0 0.628 1.766 0.783 0.9237374596728376 2.232709475177923 5.465819119355759 -0.5580747741861742 1.0
vehicle.car 0 0 0 0 0 0 0 4.428 1.555 2.016 1.0760208994713372 -16.87090492191992 4.318342008055167 -0.9465516088312178 1.0
human.pedestrian.adult 0 0 0 0 0 0 0 0.444 1.739 0.444 0.5333960912897198 23.23410634243913 18.52649089533699 2.591026650467681 1.0
vehicle.car 0 0 0 0 0 0 0 4.744 1.677 1.875 1.0470448327624435 -9.847840477187837 5.716085257975094 -0.9291190820515318 1.0
human.pedestrian.adult 0 0 0 0 0 0 0 0.692 1.628 0.676 0.958417856473456 -0.7595253393516467 6.711998514465107 -1.7537265869079866 1.0
human.pedestrian.construction_worker 0 0 0 0 0 0 0 0.701 1.802 0.791 0.5464434941590686 12.205185953417727 6.0079834436515185 -2.1847579069468104 1.0
human.pedestrian.adult 0 0 0 0 0 0 0 1.051 2.0 1.138 2.583890929282691 -46.437528101826054 53.522262794011276 2.012027220819528 1.0
vehicle.truck 0 0 0 0 0 0 0 7.704 3.834 2.841 -1.2420962397148174 25.075976530980242 -12.264450015767133 2.5064937208580123 1.0
vehicle.car 0 0 0 0 0 0 0 5.051 1.586 2.068 1.5419657415165746 21.38679269392946 38.641497843997804 -2.217909029401498 1.0
human.pedestrian.adult 0 0 0 0 0 0 0 0.512 1.645 0.606 0.9446411460675288 1.6862236327738338 6.724614678589641 -0.8973066472759825 1.0
movable_object.trafficcone 0 0 0 0 0 0 0 0.386 0.738 0.388 0.5049028478997107 24.599917667474685 -1.8265407353436287 -0.5145581935675843 1.0
human.pedestrian.adult 0 0 0 0 0 0 0 0.759 1.752 0.795 0.8472949036640145 4.048531900187834 5.0504031152568585 -1.2359398938447939 1.0
movable_object.trafficcone 0 0 0 0 0 0 0 0.348 0.757 0.348 2.409112476785058 -10.234636567586909 38.14138885744136 -0.8916591271048961 1.0
movable_object.barrier 0 0 0 0 0 0 0 0.428 1.072 2.425 1.071413541745126 -37.46765416091081 -8.163993532955793 -0.6396825055632327 1.0
human.pedestrian.adult 0 0 0 0 0 0 0 0.6 1.649 0.614 -1.131060348927134 14.836283822914735 -27.54860240559063 -0.3096946492698365 1.0
human.pedestrian.adult 0 0 0 0 0 0 0 0.678 1.862 0.709 0.9231574567068308 0.41454654342271985 5.615161736139814 -0.7552085798937398 1.0
human.pedestrian.adult 0 0 0 0 0 0 0 1.218 1.697 1.059 2.4944174435368387 -42.90323866601891 48.01223578143764 2.3711574827063213 1.0
human.pedestrian.adult 0 0 0 0 0 0 0 0.599 1.628 0.646 1.0356357851424551 -0.8923648053892689 7.352826937488685 -1.634083742977242 1.0
vehicle.car 0 0 0 0 0 0 0 4.687 1.535 1.896 -0.005253265122742934 27.839428683863 -2.6557952891715004 -0.6450101835700348 1.0
movable_object.trafficcone 0 0 0 0 0 0 0 0.303 0.678 0.302 1.3495709379980416 -1.8015233424037247 4.552177820877438 -0.39307274559135763 1.0
human.pedestrian.construction_worker 0 0 0 0 0 0 0 0.665 1.73 0.792 0.7219370786328337 10.893265914270351 7.581743213340648 -2.131419869450802 1.0
vehicle.truck 0 0 0 0 0 0 0 10.091 3.369 2.933 0.8767418095024693 29.75885820333127 44.86476726019376 -2.200461049074116 1.0
movable_object.barrier 0 0 0 0 0 0 0 0.327 1.029 1.977 2.22926385224738 3.7185001171756316 38.62462392300396 -0.9742358751847053 1.0
movable_object.barrier 0 0 0 0 0 0 0 0.584 0.998 2.084 0.8057280611408753 14.514823459981491 9.869183270337452 -2.9537008686237467 1.0
movable_object.barrier 0 0 0 0 0 0 0 0.586 1.057 2.136 0.7066211635225642 14.74414679600233 -1.9356473354103598 -0.9518861024269789 1.0
vehicle.car 0 0 0 0 0 0 0 4.515 1.489 1.811 1.1696873626170403 -10.781064768788195 8.7239696027327 -0.9291190820515318 1.0
movable_object.trafficcone 0 0 0 0 0 0 0 0.388 0.761 0.347 2.054235113606347 -7.136051698251925 33.93053670322941 -0.8916591271048961 1.0
movable_object.barrier 0 0 0 0 0 0 0 0.436 1.063 2.416 0.939164873243741 -45.27104363675381 -13.924949180935053 -0.6222732986767792 1.0
vehicle.car 0 0 0 0 0 0 0 4.919 1.65 2.028 -0.28449456059306366 34.10967813724154 -6.028863490573626 -0.6276002651169748 1.0
vehicle.car 0 0 0 0 0 0 0 4.503 1.635 2.001 -0.2768755007785085 31.55231376393027 -7.603569308193641 -0.6450101835700348 1.0
movable_object.barrier 0 0 0 0 0 0 0 0.565 0.999 2.144 1.0783912327203877 9.125005215570772 8.311961357095141 2.5043544175784875 1.0
human.pedestrian.construction_worker 0 0 0 0 0 0 0 0.63 1.848 1.035 0.5718299085172792 11.172169623314046 4.002331731188657 -0.07495748207544572 1.0
movable_object.barrier 0 0 0 0 0 0 0 0.576 1.05 2.084 0.6512912605310217 18.884426855093654 5.537863327867205 -2.2248009939731084 1.0
human.pedestrian.adult 0 0 0 0 0 0 0 0.776 1.644 0.473 1.482646010357489 -8.292780315447235 24.043950750373376 -2.336015548121626 1.0
movable_object.trafficcone 0 0 0 0 0 0 0 0.347 0.706 0.388 2.1111582719552198 -8.167688188695015 33.72160631858033 -0.8916591271048961 1.0
human.pedestrian.adult 0 0 0 0 0 0 0 0.963 2.0 1.138 2.6339028038888355 -44.66522352497041 53.27527028551164 2.0818171326985278 1.0
human.pedestrian.adult 0 0 0 0 0 0 0 0.597 1.535 0.794 1.0860100423460346 0.8837260888477584 4.537273249558152 -0.8265625334279232 1.0
human.pedestrian.adult 0 0 0 0 0 0 0 0.818 1.532 0.635 1.767342019230782 -13.166129884601114 24.665445045889182 -1.4090518296308296 1.0
human.pedestrian.construction_worker 0 0 0 0 0 0 0 0.901 1.865 1.061 0.5855184623400809 5.08390386109469 4.845164236542841 -0.577944674495761 1.0
human.pedestrian.adult 0 0 0 0 0 0 0 0.807 1.835 0.792 2.0145239022627237 -24.871568103051672 31.177554706416924 2.299811456450122 1.0
human.pedestrian.adult 0 0 0 0 0 0 0 0.673 1.704 0.804 0.8759027609938286 3.647174178748387 4.235048854864614 -0.17430257812767103 1.0
movable_object.barrier 0 0 0 0 0 0 0 0.576 1.046 1.975 0.8557742165967778 13.560436151942879 -0.3184418821983015 -0.8947443354240043 1.0
human.pedestrian.adult 0 0 0 0 0 0 0 1.007 1.683 0.414 1.4874825779953185 -11.230702363119896 23.519263558408156 -1.6462082707333172 1.0
human.pedestrian.adult 0 0 0 0 0 0 0 0.548 1.835 0.661 0.828869953317629 -0.19889374754155742 5.02187438912625 -0.08899521913317798 1.0
movable_object.trafficcone 0 0 0 0 0 0 0 0.346 0.706 0.346 0.8714977742697632 15.76998442447816 -3.071481329985023 -0.8687562082057259 1.0
human.pedestrian.adult 0 0 0 0 0 0 0 0.822 1.766 0.74 0.06452782218313491 -25.852665836748773 -22.578464226578927 -0.9913214352461353 1.0
movable_object.trafficcone 0 0 0 0 0 0 0 0.389 0.734 0.389 0.30924675690575976 27.193001034922556 -5.493541054885729 -0.9492362807497408 1.0
human.pedestrian.adult 0 0 0 0 0 0 0 0.63 1.707 0.696 0.9637219037660475 1.7851734245753053 4.126480951587092 -0.3644003158333806 1.0
human.pedestrian.adult 0 0 0 0 0 0 0 0.604 1.711 0.787 0.9086341221670302 2.4129506920753707 4.429779548235258 -0.3644003158333806 1.0
movable_object.barrier 0 0 0 0 0 0 0 0.453 1.071 2.416 1.0606106608976746 -39.3587588646733 -9.634523130472699 -0.6396825055632327 1.0
movable_object.barrier 0 0 0 0 0 0 0 0.42 1.061 2.408 1.00489939102782 -41.322982700594004 -11.0929767556558 -0.6396825055632327 1.0
movable_object.barrier 0 0 0 0 0 0 0 0.599 1.043 1.926 0.9211080876072992 12.412779595435 1.274588222226368 -0.9819068690264885 1.0
human.pedestrian.adult 0 0 0 0 0 0 0 0.535 1.566 0.764 1.0399857756245585 1.2832518208589976 3.984116891614329 -0.04550662551895357 1.0
movable_object.barrier 0 0 0 0 0 0 0 0.365 1.037 3.249 1.316928111226142 -26.848703277406035 0.7866014042472086 -0.619000635961628 1.0
movable_object.barrier 0 0 0 0 0 0 0 1.169 1.303 0.537 1.8793088960378572 -7.7338173772683145 34.050215487470176 -0.9694764339034325 1.0
movable_object.barrier 0 0 0 0 0 0 0 0.611 1.072 2.001 0.9682817299445532 11.328113824333494 2.982166862427045 -1.051648377915967 1.0
vehicle.construction 0 0 0 0 0 0 0 2.883 3.154 3.861 -0.20791933062090018 13.60327201844584 2.057876725679919 -0.8590133457579281 1.0
movable_object.barrier 0 0 0 0 0 0 0 0.436 1.07 2.416 0.9945375172593711 -43.29714404690567 -12.522782899964145 -0.6396825055632327 1.0
vehicle.car 0 0 0 0 0 0 0 3.898 1.644 1.785 0.34446235448663143 19.342821439636378 8.943321803209084 -0.6450101835700348 1.0
movable_object.barrier 0 0 0 0 0 0 0 0.436 1.081 2.416 1.2023919564919352 -29.645961581145098 -2.45220477263675 -0.6396825055632327 1.0
movable_object.trafficcone 0 0 0 0 0 0 0 0.388 0.734 0.368 3.158911384729821 -18.886716071524642 46.52470686734564 -0.8916591271048961 1.0
movable_object.trafficcone 0 0 0 0 0 0 0 0.346 0.734 0.357 1.4846375752201046 -26.219305731013172 0.015612906095975447 -0.6282443902466301 1.0
human.pedestrian.adult 0 0 0 0 0 0 0 0.618 1.647 0.475 1.5729992389757703 -8.765128644788307 24.161118791437907 -2.3534638507386116 1.0
human.pedestrian.adult 0 0 0 0 0 0 0 0.658 1.835 0.712 0.8416014266139372 3.311088010914471 4.847028843304147 -0.38434860875104704 1.0
movable_object.barrier 0 0 0 0 0 0 0 0.588 0.998 2.026 1.0375069737609277 10.21172255674346 4.591331988592534 -0.9470397293687576 1.0
movable_object.trafficcone 0 0 0 0 0 0 0 0.348 0.777 0.317 2.7197482928466514 -12.680818679277756 41.38927978329209 -0.8916591271048961 1.0
movable_object.barrier 0 0 0 0 0 0 0 0.457 1.326 1.189 1.0031788036172764 10.435457072185159 9.402509853038442 2.852637322848258 1.0
movable_object.barrier 0 0 0 0 0 0 0 0.599 1.021 2.099 0.7546191724260137 16.239121758574107 8.927145447867044 -2.259697126063571 1.0
movable_object.barrier 0 0 0 0 0 0 0 0.287 1.036 1.611 1.942055573386423 8.298476419420991 38.31556652473782 -0.7962053373961808 1.0
human.pedestrian.adult 0 0 0 0 0 0 0 0.619 1.67 0.69 1.0265097206281144 -0.6654087582686142 7.807779316998622 -1.634083742977242 1.0
human.pedestrian.adult 0 0 0 0 0 0 0 0.606 1.818 0.699 0.8358913158843941 3.1449243358253196 4.380799256387642 -0.34545689172312777 1.0
human.pedestrian.adult 0 0 0 0 0 0 0 0.519 1.626 0.494 1.5312095654534792 5.892638244150052 35.02297601995678 -1.2445915156723277 1.0
human.pedestrian.construction_worker 0 0 0 0 0 0 0 0.701 1.741 0.791 0.6397404110041596 11.015186329515833 8.504517356984262 2.2723829290528395 1.0
movable_object.trafficcone 0 0 0 0 0 0 0 0.332 0.651 0.312 2.5072721656693933 -12.394995668813179 37.087611257932586 -0.8916591271048961 1.0
human.pedestrian.adult 0 0 0 0 0 0 0 0.697 1.697 0.628 -0.2609639469440044 2.103026498097026 -18.171974218911195 -1.2784785604525926 1.0
vehicle.truck 0 0 0 0 0 0 0 10.34 2.935 3.281 0.7062973414827509 13.000971574901383 33.80822374822683 -2.0341146039662874 1.0
human.pedestrian.adult 0 0 0 0 0 0 0 0.475 1.814 0.444 0.6919866967263667 23.843794669607515 20.746678987274706 -2.139219022754639 1.0
movable_object.barrier 0 0 0 0 0 0 0 0.441 1.073 2.425 1.1487643462017756 -31.607672626886554 -3.8537431604201173 -0.6396825055632327 1.0
vehicle.truck 0 0 0 0 0 0 0 6.279 2.95 2.299 -0.8943549377111221 30.411740570988883 -19.57782072264579 2.562009468103412 1.0
vehicle.truck 0 0 0 0 0 0 0 6.327 2.921 2.285 0.3720801142427753 -24.351485211262666 -11.703836586180662 -1.0367403912125681 1.0
movable_object.barrier 0 0 0 0 0 0 0 0.42 1.083 2.408 1.135288461917629 -33.55787018542738 -5.271842904163054 -0.6396825055632327 1.0
movable_object.trafficcone 0 0 0 0 0 0 0 0.344 0.705 0.342 0.812618781744954 17.346837997984995 -5.028507663982091 -0.8687562082057259 1.0
movable_object.barrier 0 0 0 0 0 0 0 0.439 0.978 2.416 1.2625665699503918 -27.671719799649274 -1.0286183143942091 -0.6419284617705117 1.0
movable_object.barrier 0 0 0 0 0 0 0 0.611 0.985 2.144 1.0884511365228016 9.036694406661775 6.290638770429259 -0.9819068690264885 1.0
human.pedestrian.adult 0 0 0 0 0 0 0 0.845 1.696 0.432 1.5156234170586755 -10.670634890393183 23.013582315755926 -1.6381310604536976 1.0
human.pedestrian.adult 0 0 0 0 0 0 0 0.595 1.656 0.476 1.5135918311275514 5.130297521594215 34.593869694939045 -1.0702010544608953 1.0
movable_object.barrier 0 0 0 0 0 0 0 0.579 1.118 2.303 1.0269152717065966 12.367731494145191 9.80539214145716 2.9423774748331137 1.0
human.pedestrian.adult 0 0 0 0 0 0 0 0.444 1.697 0.412 0.5573070913170404 24.11516071975178 20.23299827835537 -2.139219022754639 1.0
