movable_object.trafficcone 0 0 0 0 0 0 0 0.389 0.734 0.389 1.1643338837348594 15.844524332631142 4.397534665212918 -0.5042446079765401 1.0
human.pedestrian.adult 0 0 0 0 0 0 0 0.777 1.739 0.688 -0.8258239285184968 8.095079447943995 -18.066311663087962 -1.1636485179080758 1.0
vehicle.truck 0 0 0 0 0 0 0 6.327 2.921 2.285 0.36181277408859963 -11.632153001007989 -3.4824569954206948 0.9743526467642925 1.0
vehicle.construction 0 0 0 0 0 0 0 2.883 3.154 3.861 0.13868765151895546 0.3039679697892682 5.251829543855228 -0.4041206674616369 1.0
movable_object.barrier 0 0 0 0 0 0 0 0.588 0.998 2.026 1.4465147458068721 -3.9946701239909204 6.102983366702762 -0.5020584746639045 1.0
movable_object.barrier 0 0 0 0 0 0 0 0.586 1.057 2.136 1.1967123301786313 3.0850766746859506 2.2391878208992284 -0.5068819935717492 1.0
movable_object.barrier 0 0 0 0 0 0 0 1.169 1.303 0.537 2.3162755942346123 -32.77038073749881 24.589725663662314 -0.5243932611978437 1.0
movable_object.trafficcone 0 0 0 0 0 0 0 0.386 0.738 0.388 1.2493685724715444 11.829680640183199 6.594415232499724 -0.08514658510319251 1.0
human.pedestrian.adult 0 0 0 0 0 0 0 0.658 1.835 0.712 1.0784062392504508 -10.21144735684276 3.393725541301635 -0.08454620636534926 1.0
vehicle.truck 0 0 0 0 0 0 0 10.34 2.935 3.281 1.6452087314284598 -21.41965639212566 30.311292503348316 -1.695946606485383 1.0
movable_object.barrier 0 0 0 0 0 0 0 0.441 1.073 2.425 0.1059247745311015 -37.70192400737626 -19.5925714272673 -1.0863102294091824 1.0
vehicle.car 0 0 0 0 0 0 0 4.579 1.615 1.905 2.1250223376195887 -32.55690586449169 27.560924692746035 2.0329106198972777 1.0
movable_object.barrier 0 0 0 0 0 0 0 0.594 1.001 2.088 1.3674369818414478 4.4293132419907515 9.264865236240418 -1.0803493999822926 1.0
movable_object.trafficcone 0 0 0 0 0 0 0 0.38 0.791 0.38 2.9815937264024615 -38.69316768488172 28.399377033396803 -0.44697790004016547 1.0
human.pedestrian.construction_worker 0 0 0 0 0 0 0 0.901 1.865 1.061 0.8764464357860577 -8.58674393196084 4.1496177419239775 -0.1402296451074143 1.0
human.pedestrian.adult 0 0 0 0 0 0 0 0.512 1.645 0.606 1.164840844541067 -12.512056686952375 4.457631443729556 -0.45259113836691256 1.0
vehicle.truck 0 0 0 0 0 0 0 6.279 2.95 2.299 -0.2027831950727712 24.767016960324362 -6.93380202564539 2.115389158947001 1.0
movable_object.trafficcone 0 0 0 0 0 0 0 0.303 0.678 0.302 1.3129997581442217 -14.756671611492012 0.8637270520055831 -0.08741227906559956 1.0
vehicle.truck 0 0 0 0 0 0 0 7.704 3.834 2.841 -0.7128173387999792 16.809924746274703 -2.5780690598471088 2.061824012995542 1.0
vehicle.bicycle 0 0 0 0 0 0 0 1.679 1.064 0.647 -0.18481868505944615 29.357741557860557 -19.280788619383834 -0.719279334367716 1.0
movable_object.barrier 0 0 0 0 0 0 0 0.611 1.072 2.001 1.371521050453169 -2.1861756027890933 5.1096261739266 -0.5715071022195719 1.0
movable_object.barrier 0 0 0 0 0 0 0 0.46 1.28 1.246 2.230669438912727 -33.06494306479056 23.36679654817283 -1.1515706277504787 1.0
human.pedestrian.adult 0 0 0 0 0 0 0 0.606 1.818 0.699 1.0536758577107679 -10.164087452130865 2.774982098787248 -0.11738331797437596 1.0
human.pedestrian.construction_worker 0 0 0 0 0 0 0 0.701 1.802 0.791 1.1696781712714257 -2.7323182763614335 8.108212112702885 -2.579243552076732 1.0
movable_object.barrier 0 0 0 0 0 0 0 0.436 1.081 2.416 0.24399224355392268 -36.5717961988692 -17.467103593957138 -1.0863102294091824 1.0
vehicle.car 0 0 0 0 0 0 0 4.809 1.567 2.094 3.233104954377221 -63.459752903637394 43.28447040577157 1.9949342073646372 1.0
vehicle.car 0 0 0 0 0 0 0 5.051 1.586 2.068 2.5399403163163536 -12.367941938540543 34.97067162955863 -2.577498913088543 1.0
human.pedestrian.adult 0 0 0 0 0 0 0 0.678 1.862 0.709 1.0808928241142213 -13.1030003456941 2.8273580549818282 -0.311774773618561 1.0
movable_object.trafficcone 0 0 0 0 0 0 0 0.422 0.754 0.389 1.436146065770792 5.4066616038605275 9.944006047365553 -0.5025269228164788 1.0
movable_object.barrier 0 0 0 0 0 0 0 0.42 1.083 2.408 -0.0910259612987645 -38.834389262880656 -21.71483033058984 -1.0863102294091824 1.0
human.pedestrian.adult 0 0 0 0 0 0 0 0.548 1.835 0.661 0.9546914194827363 -13.602806043958823 1.899191868649223 -0.6683792653664149 1.0
human.pedestrian.construction_worker 0 0 0 0 0 0 0 0.63 1.848 1.035 1.0403360432759776 -2.8324747736094484 6.021473679169655 -0.5103244292001641 1.0
human.pedestrian.adult 0 0 0 0 0 0 0 0.535 1.566 0.764 1.1445590565111945 -11.65702201171696 1.634989710668281 -0.4388610693616144 1.0
movable_object.trafficcone 0 0 0 0 0 0 0 0.4 0.746 0.368 1.058247178345765 19.297391763169937 2.3380203734285536 -0.5042446079765401 1.0
movable_object.barrier 0 0 0 0 0 0 0 0.599 1.043 1.926 1.3294241503725097 -0.40210154378000673 4.028385866236175 -0.5367712503626692 1.0
movable_object.barrier 0 0 0 0 0 0 0 0.394 1.094 2.433 -0.13644296116606203 -40.0517951775769 -23.81831128723899 -1.0863102294091824 1.0
movable_object.barrier 0 0 0 0 0 0 0 0.584 0.998 2.084 1.3703699299839938 -2.227324159884222 12.783534856675695 2.8827385243389614 1.0
movable_object.barrier 0 0 0 0 0 0 0 0.576 1.046 1.975 1.2769785062228762 1.2773780720477708 3.121704734620192 -0.45004426405685116 1.0
vehicle.car 0 0 0 0 0 0 0 4.515 1.489 1.811 1.0209757806262192 -24.694373369640832 0.5975395942943568 -0.4842267063102632 1.0
movable_object.barrier 0 0 0 0 0 0 0 0.453 1.071 2.416 -0.41021052653818924 -42.29808825802235 -28.096659416703645 -1.0863102294091824 1.0
human.pedestrian.adult 0 0 0 0 0 0 0 0.759 1.752 0.795 1.115170340909157 -9.632995608848724 3.9913985087946826 -1.6827954105407432 1.0
movable_object.barrier 0 0 0 0 0 0 0 0.439 0.978 2.416 0.3813215189679158 -35.43874556188936 -15.316280048392674 -1.0885586336527808 1.0
human.pedestrian.adult 0 0 0 0 0 0 0 0.597 1.535 0.794 1.231640964684653 -12.245570024364971 1.8605999455356217 -0.3823568337808325 1.0
human.pedestrian.adult 0 0 0 0 0 0 0 0.724 1.735 0.65 -0.27760687645972276 -1.884871860156287 -15.439827520401904 -0.8603236121635884 1.0
vehicle.car 0 0 0 0 0 0 0 4.42 1.533 2.04 1.2558378405594453 4.473379560017971 16.16519673489175 -1.0916436724512462 1.0
vehicle.car 0 0 0 0 0 0 0 4.687 1.535 1.896 0.928425080835271 14.997518591090252 7.2455519247308455 -1.109073661676419 1.0
human.pedestrian.construction_worker 0 0 0 0 0 0 0 0.665 1.73 0.792 1.1365077726104817 -4.578596817675378 9.109243716867386 -2.5782491075802234 1.0
movable_object.trafficcone 0 0 0 0 0 0 0 0.41 0.72 0.381 0.972043086126424 16.975530168508406 -4.99875763805042 -0.43871587849772453 1.0
human.pedestrian.adult 0 0 0 0 0 0 0 0.643 1.634 0.625 1.2311638387061876 -14.681609128289224 4.979020420151375 2.8997840722230244 1.0
movable_object.barrier 0 0 0 0 0 0 0 0.579 1.118 2.303 1.5237817406860834 -4.140717211044857 11.794399452341304 2.4956864989835363 1.0
human.pedestrian.adult 0 0 0 0 0 0 0 0.692 1.628 0.676 1.0497604002594045 -14.602514147795624 3.373579740281761 -2.200580254908612 1.0
movable_object.barrier 0 0 0 0 0 0 0 0.576 1.05 2.084 1.385595012759583 3.525152056988277 10.791783975875255 -2.671622666571066 1.0
human.pedestrian.adult 0 0 0 0 0 0 0 0.628 1.766 0.783 1.1374925084481937 -11.63351661343755 3.442396294741135 -0.12208034566365455 1.0
movable_object.trafficcone 0 0 0 0 0 0 0 0.459 0.706 0.475 0.12758737972878598 31.20453935774343 -18.173789822170534 1.29012820149618 1.0
vehicle.car 0 0 0 0 0 0 0 4.919 1.65 2.028 0.9141311886372503 14.665613416382678 10.89615141517729 -1.0742143621767823 1.0
movable_object.trafficcone 0 0 0 0 0 0 0 0.344 0.705 0.342 1.3428150053166856 6.6201160899303 0.4725459950087197 -0.424224243240392 1.0
movable_object.barrier 0 0 0 0 0 0 0 0.428 1.072 2.425 -0.26998286760216206 -41.15658579709253 -25.98403490312798 -1.0863102294091824 1.0
human.pedestrian.construction_worker 0 0 0 0 0 0 0 0.701 1.741 0.791 0.9915965771055402 -1.9420966626932379 7.3852530909658265 -2.660404533963341 1.0
human.pedestrian.adult 0 0 0 0 0 0 0 0.673 1.704 0.804 1.0631707093739358 -9.635441415637025 2.984949276915957 -0.6178284326375909 1.0
human.pedestrian.adult 0 0 0 0 0 0 0 0.599 1.628 0.646 1.178459028030017 -15.049988913828487 3.7887483770714314 -2.0809423303559544 1.0
movable_object.trafficcone 0 0 0 0 0 0 0 0.415 0.734 0.392 1.12838651890248 11.96582499039346 -2.405341211905964 -0.47723844504521296 1.0
human.pedestrian.adult 0 0 0 0 0 0 0 0.63 1.707 0.696 1.0799051294659452 -11.266100754175097 2.0344135959325844 -0.8103439164830757 1.0
movable_object.barrier 0 0 0 0 0 0 0 0.611 0.985 2.144 1.4809042962172738 -5.7987080369816315 7.087151323565265 -0.5194116886223696 1.0
human.pedestrian.adult 0 0 0 0 0 0 0 0.604 1.711 0.787 1.1073880409235393 -10.76832227752505 2.582825191143489 -0.8103439164830757 1.0
movable_object.barrier 0 0 0 0 0 0 0 0.457 1.326 1.189 1.4896213412008252 -5.953139207981233 10.63671876574046 2.405961208468563 1.0
vehicle.car 0 0 0 0 0 0 0 4.744 1.677 1.875 0.833443997773912 -22.48516871893677 -1.6167764720628757 -0.4842267063102632 1.0
vehicle.car 0 0 0 0 0 0 0 4.713 1.74 2.08 1.0183427522317041 8.230988211635573 10.844022493776492 -1.0742143621767823 1.0
movable_object.trafficcone 0 0 0 0 0 0 0 0.346 0.706 0.346 1.3685472241031644 4.303642249355443 1.558441385388855 -0.424224243240392 1.0
movable_object.barrier 0 0 0 0 0 0 0 0.565 0.999 2.144 1.5241596447388053 -6.599555531608938 8.898682793116219 2.062504530303519 1.0
vehicle.truck 0 0 0 0 0 0 0 10.091 3.369 2.933 2.3414892785572428 -6.51573514827993 45.63085365753724 -2.647284742622216 1.0
human.pedestrian.construction_worker 0 0 0 0 0 0 0 0.935 1.676 0.953 1.173313914056812 -2.558900099030094 7.011410436397936 -0.4006327707832611 1.0
human.pedestrian.adult 0 0 0 0 0 0 0 0.697 1.697 0.628 -0.4773494448210299 -7.941343239557078 -19.918322171161556 -1.8997665584125425 1.0
vehicle.car 0 0 0 0 0 0 0 4.503 1.635 2.001 0.6439968092864126 20.579473676032734 4.422635349975555 -1.0916436724512462 1.0
