human.pedestrian.adult 0 0 0 0 0 0 0 0.497 1.408 0.756 0.8472514862303819 -16.354186439405805 -15.732301591709279 -0.7213225689118623 1.0
human.pedestrian.adult 0 0 0 0 0 0 0 0.67 1.709 0.365 -0.11214058754372092 12.801166459614565 12.020955103359139 -0.3342894259424707 1.0
human.pedestrian.adult 0 0 0 0 0 0 0 0.638 1.577 0.453 -0.21511429207900942 12.200542197231986 12.009645301777477 -0.2819958791124968 1.0
vehicle.car 0 0 0 0 0 0 0 4.806 2.123 1.894 1.4536090625784441 -31.689413500939544 -5.061773420114048 -0.9672999073542439 1.0
human.pedestrian.adult 0 0 0 0 0 0 0 0.784 1.891 0.619 1.6692691845490335 -33.404390698089074 10.047474176144563 -1.540711030775877 1.0
human.pedestrian.adult 0 0 0 0 0 0 0 0.653 1.705 1.015 0.6387038667524391 -11.56699635917833 -15.219877913313912 -0.7180246844378484 1.0
human.pedestrian.adult 0 0 0 0 0 0 0 0.315 1.107 0.481 -0.09295363624580372 17.810220644117205 11.670088978439535 -0.027238838320350567 1.0
human.pedestrian.adult 0 0 0 0 0 0 0 0.875 1.658 0.66 1.2745361342760941 -20.07354178866628 -3.632710002921212 -1.5970733213482209 1.0
human.pedestrian.adult 0 0 0 0 0 0 0 0.754 1.735 0.873 1.8951030257848736 -44.775880742093634 -4.314415924230631 -1.6161337218477643 1.0
human.pedestrian.adult 0 0 0 0 0 0 0 0.729 1.609 0.444 1.1644273124534925 -27.01473861757942 13.763575624466043 -1.2176628673509313 1.0
vehicle.car 0 0 0 0 0 0 0 4.639 1.989 1.935 -0.7806288056634305 55.42541413633898 2.8508904091768357 -1.6594563945530707 1.0
human.pedestrian.adult 0 0 0 0 0 0 0 0.505 1.654 0.518 -0.09568144295450515 -5.94678442298455 29.229330471191254 -0.6873235217957809 1.0
human.pedestrian.adult 0 0 0 0 0 0 0 0.596 1.66 0.615 -0.5994614919152832 30.913314631946008 9.145007447425357 -1.6192287868545971 1.0
human.pedestrian.adult 0 0 0 0 0 0 0 0.582 1.75 0.62 2.0204591525880593 -46.96642882640621 9.205444834363997 -2.3692691487532223 1.0
human.pedestrian.adult 0 0 0 0 0 0 0 1.202 1.739 0.54 1.0498529566996724 -13.064234899553968 -11.708300037337095 -1.1863402357679504 1.0
human.pedestrian.adult 0 0 0 0 0 0 0 0.652 1.257 0.561 -0.5435183905686574 45.090825871173685 8.760836351447558 -0.3352568243526193 1.0
human.pedestrian.adult 0 0 0 0 0 0 0 0.725 1.717 0.62 0.21216041447530173 -8.619282526577983 24.740090415557592 -0.8788424032623752 1.0
human.pedestrian.adult 0 0 0 0 0 0 0 0.876 1.862 0.607 2.1593400987172435 -51.36284200694002 0.09435114431598043 2.6774757128856264 1.0
human.pedestrian.adult 0 0 0 0 0 0 0 0.541 1.776 0.553 2.3937175036970566 -43.72006821516366 7.538948514205983 2.732365259857737 1.0
human.pedestrian.adult 0 0 0 0 0 0 0 0.75 1.406 0.901 1.198519090356268 -11.134480480321244 12.906010906951991 -1.5849788916130825 1.0
human.pedestrian.adult 0 0 0 0 0 0 0 0.531 1.052 0.323 0.7936492718945062 -13.422057400109376 -10.9866146973249 -1.41129484358283 1.0
vehicle.car 0 0 0 0 0 0 0 4.93 2.096 1.789 0.15848295901537923 20.782629895051134 -1.4118798291797632 -1.5981813144496124 1.0
human.pedestrian.adult 0 0 0 0 0 0 0 0.688 1.905 0.527 1.1160126086396613 -27.338833232539216 14.408461425991183 -1.1585250614918756 1.0
human.pedestrian.adult 0 0 0 0 0 0 0 0.691 1.891 0.705 -0.6594230296698483 30.65969646955735 7.65123087721931 -1.5386516703261544 1.0
human.pedestrian.adult 0 0 0 0 0 0 0 0.627 1.807 0.868 -0.019226353404869057 -5.162445012247822 30.312183789072588 -1.5598825398758827 1.0
human.pedestrian.adult 0 0 0 0 0 0 0 0.634 1.746 0.704 -0.5775769183350692 30.293292179001817 8.691506374345817 -1.5848477747114549 1.0
human.pedestrian.adult 0 0 0 0 0 0 0 0.685 1.914 0.446 0.8037872439499245 -12.0775120029977 20.82627481143605 -1.0894918786705183 1.0
