movable_object.barrier 0 0 0 0 0 0 0 0.588 0.998 2.026 1.3086918251747992 2.6792109957796937 6.1680552229298815 -0.7326524238688972 1.0
human.pedestrian.adult 0 0 0 0 0 0 0 0.597 1.535 0.794 1.2783975606472655 -6.385283480118498 3.9608687437334105 -0.6124160984551388 1.0
movable_object.trafficcone 0 0 0 0 0 0 0 0.379 0.759 0.346 0.42487848363500247 27.231682905550127 -5.247247361638578 -0.7348454056096436 1.0
movable_object.barrier 0 0 0 0 0 0 0 0.611 1.072 2.001 1.1963401181563609 4.078952853813332 4.821964280683165 -0.8371142003909249 1.0
movable_object.barrier 0 0 0 0 0 0 0 0.46 1.28 1.246 2.452035324242262 -22.10261821654559 29.79627954331169 -0.9203172220685953 1.0
human.pedestrian.construction_worker 0 0 0 0 0 0 0 0.665 1.73 0.792 1.0613826197422438 2.7454109511766336 9.263309287270014 -2.3467624338450035 1.0
vehicle.truck 0 0 0 0 0 0 0 10.34 2.935 3.281 1.4312853152416587 -4.013037337354131 33.54517525195892 -2.0226806816339042 1.0
vehicle.car 0 0 0 0 0 0 0 5.051 1.586 2.068 2.5163890378577634 4.54446908335282 39.73515649350763 -2.415796401413308 1.0
human.pedestrian.adult 0 0 0 0 0 0 0 0.444 1.711 0.428 1.4717928375925757 12.581870352295105 25.79481913674341 -2.3545607721770834 1.0
human.pedestrian.adult 0 0 0 0 0 0 0 0.63 1.697 0.622 1.2283586338901602 -7.538141804560707 6.142029624909564 -1.0333865840559469 1.0
vehicle.car 0 0 0 0 0 0 0 3.898 1.644 1.785 0.783100879804125 10.64216362992418 12.36184190835255 -0.8604289965174736 1.0
human.pedestrian.adult 0 0 0 0 0 0 0 0.63 1.707 0.696 1.1035401810708083 -5.335822036420104 3.8742628836655686 -0.5794743177350341 1.0
human.pedestrian.adult 0 0 0 0 0 0 0 0.604 1.711 0.787 1.119681898195783 -4.785660825741221 4.345379734598244 -0.5794743177350341 1.0
human.pedestrian.adult 0 0 0 0 0 0 0 1.007 1.683 0.414 1.9115656492214428 -25.499821945588856 19.877340822170392 -1.3209391912495256 1.0
human.pedestrian.adult 0 0 0 0 0 0 0 0.692 1.628 0.676 1.1746437830902716 -8.44868116548589 5.916865713481353 -1.9691088291248544 1.0
vehicle.truck 0 0 0 0 0 0 0 10.091 3.369 2.933 1.9169146252201337 12.729424054549925 49.29586271993622 -2.415796401413308 1.0
movable_object.barrier 0 0 0 0 0 0 0 0.586 1.057 2.136 0.968309721140501 8.479440390154512 0.757571880761334 -0.7374909529087574 1.0
movable_object.barrier 0 0 0 0 0 0 0 1.169 1.303 0.537 2.5180720601647826 -21.17440273427266 31.084972356971093 -0.7550537645860391 1.0
movable_object.barrier 0 0 0 0 0 0 0 0.579 1.118 2.303 1.361759859971017 3.638436286701002 11.708126307757272 2.7271694864375675 1.0
human.pedestrian.adult 0 0 0 0 0 0 0 0.759 1.752 0.795 1.0913447322627665 -3.402887187653227 5.441120612194462 -1.451374941189858 1.0
movable_object.trafficcone 0 0 0 0 0 0 0 0.389 0.734 0.389 0.6670906336418935 21.387746972410195 -0.06924928479984296 -0.7348454056096436 1.0
human.pedestrian.construction_worker 0 0 0 0 0 0 0 0.701 1.741 0.791 0.8665814039057864 4.482921361695195 8.459490862718688 2.456035519386358 1.0
human.pedestrian.adult 0 0 0 0 0 0 0 0.697 1.697 0.628 -0.3498947232507612 -3.8709396890734067 -17.818214238307654 -1.6857604140242888 1.0
vehicle.car 0 0 0 0 0 0 0 4.503 1.635 2.001 0.1452502801845913 26.134146419396615 -1.114780697599209 -0.8604289965174736 1.0
movable_object.trafficcone 0 0 0 0 0 0 0 0.303 0.678 0.302 1.4307693491547901 -8.999241805252678 3.535322374310784 -0.1773395667381763 1.0
human.pedestrian.adult 0 0 0 0 0 0 0 0.507 1.72 0.444 1.1109841463389885 13.248600689998389 22.45944258452294 -2.3545607721770834 1.0
human.pedestrian.adult 0 0 0 0 0 0 0 0.535 1.566 0.764 1.2313482965045741 -5.79109148125713 3.613761793021093 -0.21088761692510083 1.0
human.pedestrian.adult 0 0 0 0 0 0 0 0.562 1.569 0.584 -0.7308904516750271 5.902913633992765 -17.361049635443624 -1.2578733363672416 1.0
human.pedestrian.construction_worker 0 0 0 0 0 0 0 0.935 1.676 0.953 0.9803022370993124 4.159808257839846 6.671636423952894 -0.09475273263368678 1.0
human.pedestrian.construction_worker 0 0 0 0 0 0 0 0.901 1.865 1.061 0.8333227970361683 -2.3699429178990923 5.3870852855642 -0.3649053710564001 1.0
movable_object.trafficcone 0 0 0 0 0 0 0 0.323 0.734 0.323 1.222509160646959 -31.368217975074106 -5.45707368057026 -0.8436567847959946 1.0
vehicle.car 0 0 0 0 0 0 0 4.713 1.74 2.08 0.5875199556172579 15.466961052068147 8.018702037548573 -0.8604289965174736 1.0
vehicle.construction 0 0 0 0 0 0 0 2.883 3.154 3.861 -0.013457109188030336 6.5646417333078 4.387531934894803 -0.6447919695555839 1.0
vehicle.car 0 0 0 0 0 0 0 4.744 1.677 1.875 1.1592592973422724 -17.09598967622282 2.934367961975928 -0.7147618259740511 1.0
movable_object.trafficcone 0 0 0 0 0 0 0 0.346 0.706 0.346 1.1048190921560137 9.692452292710708 -0.16985321911569592 -0.6545139706916601 1.0
human.pedestrian.construction_worker 0 0 0 0 0 0 0 0.63 1.848 1.035 0.8658622240086568 3.7033977352942187 5.846627988654597 -0.2810579297078739 1.0
movable_object.barrier 0 0 0 0 0 0 0 0.439 0.978 2.416 1.0068407844922405 -33.05220000289408 -7.516437825520271 -0.8573461557639916 1.0
movable_object.barrier 0 0 0 0 0 0 0 0.436 1.081 2.416 0.9064596693426682 -34.65761341185355 -9.34459466180504 -0.8550993672426763 1.0
movable_object.trafficcone 0 0 0 0 0 0 0 0.444 0.751 0.412 3.1698745392740673 -29.60089068868067 38.40775989194993 -0.6773705171310471 1.0
human.pedestrian.adult 0 0 0 0 0 0 0 0.678 1.862 0.709 1.1279861238507256 -7.052716222852014 4.958764496609405 -0.5412633354191918 1.0
human.pedestrian.adult 0 0 0 0 0 0 0 0.777 1.739 0.688 -1.1131375504572187 11.043514883134348 -22.51614497430948 -0.7505918845479194 1.0
human.pedestrian.adult 0 0 0 0 0 0 0 0.807 1.835 0.792 2.186632846784643 -33.97035007005853 22.897145671725074 2.06725761052493 1.0
human.pedestrian.adult 0 0 0 0 0 0 0 0.673 1.704 0.804 1.098748930128667 -3.6376066066027746 4.428514088305897 -0.387631494220372 1.0
human.pedestrian.adult 0 0 0 0 0 0 0 0.548 1.835 0.661 1.024674073744228 -7.624841054657355 4.30781457754168 -0.5072844970250578 1.0
human.pedestrian.adult 0 0 0 0 0 0 0 0.599 1.628 0.646 1.2590220294950187 -8.692473830626492 6.510946051446914 -1.8494786161390158 1.0
vehicle.car 0 0 0 0 0 0 0 4.306 1.505 1.954 2.7494359885654753 -24.984486767592525 37.55301065244178 2.2643716334272828 1.0
movable_object.barrier 0 0 0 0 0 0 0 0.599 1.043 1.926 1.1363649793600876 5.568733082903256 3.444159195869302 -0.7674656064989556 1.0
movable_object.trafficcone 0 0 0 0 0 0 0 0.38 0.791 0.38 2.9229169377641426 -26.178337990552528 35.797387510163794 -0.6773705171310471 1.0
movable_object.barrier 0 0 0 0 0 0 0 0.603 1.004 2.094 1.0658091939847765 9.296239512892887 10.320685549744335 -2.4464318852519806 1.0
human.pedestrian.adult 0 0 0 0 0 0 0 0.512 1.645 0.606 1.178723419929745 -6.146106741470892 6.293534504909319 -0.6830071423155033 1.0
movable_object.barrier 0 0 0 0 0 0 0 0.565 0.999 2.144 1.4875105507508564 0.8136278603661703 9.527939362040055 2.293967491196046 1.0
human.pedestrian.construction_worker 0 0 0 0 0 0 0 0.701 1.802 0.791 0.9684305814585668 4.241224517275583 7.785233952906625 -2.4000948992929674 1.0
movable_object.barrier 0 0 0 0 0 0 0 0.611 0.985 2.144 1.3733159528281969 1.1009170408948077 7.598135610215422 -0.732652423868899 1.0
movable_object.barrier 0 0 0 0 0 0 0 0.457 1.326 1.189 1.2717435030093847 1.7437698733771934 11.018862034998124 2.6374411410267964 1.0
vehicle.truck 0 0 0 0 0 0 0 6.327 2.921 2.285 0.34182964324688536 -16.21686136590204 -6.329602470543644 -0.857055773134153 1.0
movable_object.barrier 0 0 0 0 0 0 0 0.576 1.046 1.975 1.109881304839318 7.0304748954011815 2.1452348375714716 -0.6804497482275593 1.0
human.pedestrian.adult 0 0 0 0 0 0 0 0.658 1.835 0.712 1.0642660093368936 -3.8995887184437725 4.9359678312707 -0.17491231705190913 1.0
human.pedestrian.adult 0 0 0 0 0 0 0 0.71 1.752 0.617 -1.6962014987454102 15.895549174724161 -31.057496018813097 -0.3866981875476725 1.0
movable_object.trafficcone 0 0 0 0 0 0 0 0.4 0.746 0.368 0.5424112755718441 24.445059018734245 -2.8423616354039587 -0.7348454056096436 1.0
movable_object.barrier 0 0 0 0 0 0 0 0.599 1.021 2.099 1.1609278734334498 7.654281295887617 11.643967322621554 -2.47502629165713 1.0
human.pedestrian.adult 0 0 0 0 0 0 0 0.566 1.786 0.578 -0.8705212616651143 5.777749296380893 -18.565779532761564 -1.2830850950998798 1.0
vehicle.car 0 0 0 0 0 0 0 4.687 1.535 1.896 0.4028119136749717 21.39156431186203 2.9115563422232067 -0.8604289965174736 1.0
human.pedestrian.adult 0 0 0 0 0 0 0 0.606 1.818 0.699 1.0522714502253505 -4.133598261672577 4.398098270661998 -0.13813729011095432 1.0
movable_object.barrier 0 0 0 0 0 0 0 0.584 0.998 2.084 1.261689164586426 5.726237346513628 12.227038237251069 3.1142298353169746 1.0
human.pedestrian.adult 0 0 0 0 0 0 0 0.643 1.634 0.625 1.2853065665181729 -8.119056923542809 7.415848904677081 3.1312755897078812 1.0
movable_object.trafficcone 0 0 0 0 0 0 0 0.346 0.734 0.357 1.2124879757708098 -31.9406488013821 -6.125848324935788 -0.8436567847959946 1.0
vehicle.truck 0 0 0 0 0 0 0 10.399 3.076 2.828 2.5581985727473304 26.3185020221559 64.64581884003547 -2.415796401413308 1.0
human.pedestrian.adult 0 0 0 0 0 0 0 0.822 1.766 0.74 -0.3198064049652445 -24.790851631286078 -25.947296414246836 -0.7420511592775263 1.0
vehicle.truck 0 0 0 0 0 0 0 7.704 3.834 2.841 -1.0144412247305599 20.78930514142662 -7.084529463396175 2.292666636444518 1.0
vehicle.car 0 0 0 0 0 0 0 4.428 1.555 2.016 1.0016750265044418 -23.68898600243806 0.054000860355531595 -0.732165099860465 1.0
movable_object.trafficcone 0 0 0 0 0 0 0 0.346 0.739 0.323 1.2412983545346075 -31.479208200187898 -4.302675943166843 -0.8436567847959946 1.0
movable_object.barrier 0 0 0 0 0 0 0 0.365 1.037 3.249 1.1434124406234094 -32.70102489328317 -5.63184046132514 -0.834409126851348 1.0
human.pedestrian.adult 0 0 0 0 0 0 0 0.444 1.739 0.444 1.1466040662294468 12.471793609086072 22.62111193953943 2.375868042279322 1.0
movable_object.trafficcone 0 0 0 0 0 0 0 0.388 0.734 0.368 3.5234838175741463 -34.64009264589948 41.02347950854946 -0.6773705171310471 1.0
vehicle.truck 0 0 0 0 0 0 0 6.279 2.95 2.299 -0.7064539528729923 27.64112586065993 -13.08267073147738 2.346855379475736 1.0
vehicle.car 0 0 0 0 0 0 0 4.919 1.65 2.028 0.2439737910166767 24.29870866526677 4.378130636031073 -0.8430123963849567 1.0
movable_object.trafficcone 0 0 0 0 0 0 0 0.344 0.705 0.342 1.0497410789164152 11.670702875022092 -1.7206546396858018 -0.6545139706916601 1.0
movable_object.trafficcone 0 0 0 0 0 0 0 0.381 0.767 0.395 1.588773024212454 -19.10284979612372 8.535340414825702 -0.744714248342067 1.0
human.pedestrian.adult 0 0 0 0 0 0 0 0.628 1.766 0.783 1.1509388177801634 -5.335259645700561 5.30697431760996 -0.3452042562457933 1.0
vehicle.car 0 0 0 0 0 0 0 4.515 1.489 1.811 1.3145093464384385 -18.667724049276888 5.635972204424502 -0.7147618259740511 1.0
human.pedestrian.adult 0 0 0 0 0 0 0 1.218 1.697 1.059 2.72400049517341 -54.96398316601906 35.36984443513049 1.9641429305315885 1.0
human.pedestrian.adult 0 0 0 0 0 0 0 0.619 1.67 0.69 1.2625477148653699 -8.639844069484825 7.051757180941168 -1.8494786161390158 1.0
