movable_object.barrier 0 0 0 0 0 0 0 1.998 1.014 0.436 1.1192430855277 8.155393245153782 22.60417432561992 2.103355764092287 1.0
movable_object.trafficcone 0 0 0 0 0 0 0 0.367 0.696 0.367 1.5324233480147207 -3.491302267893766 5.3126153531891545 1.3388239490421991 1.0
human.pedestrian.adult 0 0 0 0 0 0 0 0.832 2.11 0.52 1.1652496075130974 -17.98224556825212 17.516401761926733 -1.7622079086007432 1.0
human.pedestrian.adult 0 0 0 0 0 0 0 0.587 1.745 0.507 -0.002319223963684669 32.62065580709519 26.105267834967382 1.5530567395604322 1.0
movable_object.barrier 0 0 0 0 0 0 0 2.033 1.009 0.453 1.1618606560713063 0.07734499585536399 9.990024999379772 1.3912145223607055 1.0
movable_object.trafficcone 0 0 0 0 0 0 0 0.362 0.743 0.367 1.0835830931258454 -8.08000687896061 -8.721760778935929 -0.20927047823464306 1.0
movable_object.barrier 0 0 0 0 0 0 0 1.984 1.003 0.458 0.806709497896475 13.954206477502414 10.00699774303054 0.611700112857303 1.0
movable_object.barrier 0 0 0 0 0 0 0 2.172 1.018 0.437 1.7223454510347893 -36.73196953956751 -10.130124135925676 -0.21589539546442893 1.0
movable_object.barrier 0 0 0 0 0 0 0 1.981 1.01 0.44 1.2847611372289431 -1.3791841250414356 5.564818406269025 1.3911447579997587 1.0
movable_object.barrier 0 0 0 0 0 0 0 2.001 1.004 0.462 1.160126144948672 4.078191199173123 10.73606899866481 1.3912145223607055 1.0
movable_object.barrier 0 0 0 0 0 0 0 1.992 0.98 0.35 1.9560396609374053 -35.302800786355675 -0.35280406900030553 1.41135868331446 1.0
movable_object.barrier 0 0 0 0 0 0 0 2.04 0.993 0.32 1.8198126346448706 -28.14956096037681 12.520164982051584 1.41135868331446 1.0
movable_object.barrier 0 0 0 0 0 0 0 2.002 0.991 0.392 1.8302817523404777 -27.136410034572435 13.883413161627137 -0.16846848601143805 1.0
human.pedestrian.adult 0 0 0 0 0 0 0 0.708 1.759 0.609 0.06059185754086727 29.201610080095282 -2.0739183582587226 -1.5155909918915222 1.0
movable_object.barrier 0 0 0 0 0 0 0 2.022 1.016 0.475 1.2454830601358335 -1.7350190073061709 8.92277385106313 0.5886357736414598 1.0
movable_object.barrier 0 0 0 0 0 0 0 2.147 1.008 0.478 0.8588051543103096 -1.6490302146161335 -6.775081293021742 1.2341558215535287 1.0
movable_object.barrier 0 0 0 0 0 0 0 2.084 0.985 0.46 0.7546798669615229 15.140568358755157 11.743553933948435 0.5958536143032847 1.0
movable_object.barrier 0 0 0 0 0 0 0 1.974 1.004 0.462 1.232959767733774 4.514914183237127 6.817998261863019 1.360292614819726 1.0
movable_object.barrier 0 0 0 0 0 0 0 1.977 0.999 0.458 1.19489995704047 6.489318124636656 7.178753756618112 1.3777329523988584 1.0
movable_object.barrier 0 0 0 0 0 0 0 2.017 0.995 0.433 1.5599564217941078 -36.29347267813554 -12.201672423003728 -0.16531382064277977 1.0
human.pedestrian.adult 0 0 0 0 0 0 0 0.591 1.661 0.666 -0.7924589599180986 31.52813632945396 -19.455285074195704 0.9078650849220473 1.0
human.pedestrian.adult 0 0 0 0 0 0 0 0.56 1.56 0.457 1.4577146932524054 -19.64255246708996 16.992394915315863 -1.7622079086007423 1.0
human.pedestrian.adult 0 0 0 0 0 0 0 0.633 1.733 0.581 1.6651394115837683 -27.519851171356876 7.928161957697138 -0.5998420536665616 1.0
movable_object.trafficcone 0 0 0 0 0 0 0 0.346 0.686 0.369 1.1595060081150295 -12.315136403771412 -10.221230558242972 -0.20927047823464306 1.0
movable_object.barrier 0 0 0 0 0 0 0 1.969 0.986 0.461 1.1182474302294936 8.468086029111893 7.528529356613525 1.395173561596633 1.0
human.pedestrian.adult 0 0 0 0 0 0 0 0.774 1.703 0.496 1.31380036654477 -18.594966508553664 17.069779190500807 -1.8319872331398876 1.0
movable_object.barrier 0 0 0 0 0 0 0 1.984 1.011 0.453 1.0117151591659317 10.422932141425413 7.9159871638580785 1.349828547140489 1.0
human.pedestrian.adult 0 0 0 0 0 0 0 0.873 1.273 0.448 -0.971535675021106 48.45592206804656 -5.921067124184329 -0.23485888381011222 1.0
human.pedestrian.adult 0 0 0 0 0 0 0 0.636 1.773 0.512 1.6923033226632278 -27.747999710843416 6.83334628103511 -0.6536137721419379 1.0
movable_object.barrier 0 0 0 0 0 0 0 2.08 0.98 0.408 0.8419511560885228 12.96602799119367 12.021821632288479 1.4019057095516878 1.0
movable_object.barrier 0 0 0 0 0 0 0 1.97 0.999 0.457 0.9372258271805548 12.365679541523148 8.346940617068043 1.360292614819726 1.0
human.pedestrian.adult 0 0 0 0 0 0 0 0.683 1.574 0.656 -0.881239579662058 31.00085749703198 -18.7366752813055 0.9312151316150095 1.0
movable_object.barrier 0 0 0 0 0 0 0 0.334 1.029 0.316 -0.18758351049502942 57.34530625442107 27.74329024070204 1.3329816203903606 1.0
human.pedestrian.adult 0 0 0 0 0 0 0 0.632 1.771 0.539 -1.4660701608418698 39.196320378455326 -25.19676470410222 2.52444102052071 1.0
human.pedestrian.adult 0 0 0 0 0 0 0 0.616 1.717 0.637 -0.8007318472291562 45.22945267929666 -1.0564464466934287 -1.7470486082896137 1.0
movable_object.barrier 0 0 0 0 0 0 0 1.993 0.983 0.447 0.644577915042096 25.939032951898024 25.008456496380763 1.3712799975711505 1.0
movable_object.barrier 0 0 0 0 0 0 0 1.976 0.997 0.441 1.2851962426066093 2.5491094704508392 6.388518132077943 1.360292614819726 1.0
movable_object.trafficcone 0 0 0 0 0 0 0 0.333 0.689 0.37 1.5110139752798288 -2.6921520847314753 5.513410331988001 1.3213842573967876 1.0
movable_object.barrier 0 0 0 0 0 0 0 1.98 0.999 0.448 1.304367357936084 0.5592332341508072 5.991737295159819 1.3911447579997587 1.0
vehicle.car 0 0 0 0 0 0 0 4.483 1.563 1.762 1.2399085801038625 -11.236577664161997 1.0246729391034661 1.2290814322732793 1.0
movable_object.trafficcone 0 0 0 0 0 0 0 0.363 0.688 0.379 1.5190669399876802 -3.093171108486059 5.394482234608289 1.3039448745285345 1.0
vehicle.construction 0 0 0 0 0 0 0 6.806 4.342 2.587 -0.8937805247998658 15.210990239872629 25.60187277482719 -1.5569124245712764 1.0
human.pedestrian.adult 0 0 0 0 0 0 0 0.597 1.633 0.522 1.4245617155499644 -20.359831287223024 17.48768975100245 -1.7964169873862996 1.0
movable_object.barrier 0 0 0 0 0 0 0 1.995 1.031 0.471 1.2024107518272484 -2.6033952059473386 7.023731578260726 0.3151587280220878 1.0
vehicle.bus.rigid 0 0 0 0 0 0 0 10.224 3.06 2.443 -0.5852824316091747 31.141683048485397 5.1222753773167025 0.7596935583166555 1.0
human.pedestrian.adult 0 0 0 0 0 0 0 0.533 1.557 0.684 -0.9582150140453374 27.157564714867064 -24.04367484537761 0.7831189749840699 1.0
movable_object.barrier 0 0 0 0 0 0 0 1.99 1.0 0.448 1.168251744184362 2.103059368011584 10.377414256371383 1.3912145223607055 1.0
movable_object.trafficcone 0 0 0 0 0 0 0 0.337 0.746 0.358 1.022999299724711 -6.239450261338963 -9.046789918100679 -0.20927047823464306 1.0
movable_object.trafficcone 0 0 0 0 0 0 0 0.352 0.877 0.376 0.5573498698803906 34.92309199635078 21.209009253172187 2.878911323950822 1.0
movable_object.trafficcone 0 0 0 0 0 0 0 0.405 0.847 0.427 1.0153129639887302 23.10779947373535 18.9991028276728 1.4397180428185576 1.0
