human.pedestrian.adult 0 0 0 0 0 0 0 0.565 1.835 0.545 0.6689387943002945 -17.789502868750116 -25.8972739535382 2.1875450142092783 1.0
human.pedestrian.adult 0 0 0 0 0 0 0 0.574 1.552 0.674 1.0806835336091176 11.062058281048497 30.43395999787718 2.0956664818686246 1.0
vehicle.car 0 0 0 0 0 0 0 4.412 1.657 1.955 -0.08784938307484202 30.32762391747323 1.593908896479194 -2.4573565285371064 1.0
human.pedestrian.adult 0 0 0 0 0 0 0 0.762 1.725 0.724 0.05406684738530365 33.076776258553984 13.498672236800672 -0.4978224441272836 1.0
human.pedestrian.adult 0 0 0 0 0 0 0 0.635 1.794 0.756 0.935281872272726 -0.1556712443663881 -12.293678781389815 -0.5034205077498051 1.0
vehicle.car 0 0 0 0 0 0 0 4.559 1.741 1.956 0.7623262520112921 12.592982976703592 -5.08809567486642 -0.8451278571367951 1.0
vehicle.construction 0 0 0 0 0 0 0 13.495 3.041 2.164 1.941077105915432 -29.89093517715384 17.481018258134377 -0.8224715694845735 1.0
human.pedestrian.adult 0 0 0 0 0 0 0 0.771 1.849 0.669 0.20957815150287396 30.228479051449348 12.62558561206577 2.3888423188403243 1.0
human.pedestrian.adult 0 0 0 0 0 0 0 0.783 1.693 0.963 1.607772862087821 -33.85222954389545 -17.254020668302225 -2.4681330062241216 1.0
human.pedestrian.adult 0 0 0 0 0 0 0 0.771 1.696 0.611 0.6696784017559251 -25.642267938882902 -31.206195238157488 2.690478934451935 1.0
human.pedestrian.adult 0 0 0 0 0 0 0 0.553 1.711 0.5 0.6197283333722657 -24.427305735943992 -30.394113446649932 -1.0470796010830625 1.0
vehicle.car 0 0 0 0 0 0 0 4.502 1.588 1.913 0.39097026280424974 35.82125582404429 25.628422605348394 -0.8839209592954127 1.0
human.pedestrian.adult 0 0 0 0 0 0 0 0.584 1.632 0.632 0.9011152108220946 -17.987878414633194 -25.315442144157934 2.1578136721960215 1.0
human.pedestrian.adult 0 0 0 0 0 0 0 0.62 1.835 0.526 -0.2290580140742361 44.322529038991924 26.283025279254417 2.4617337297385333 1.0
human.pedestrian.adult 0 0 0 0 0 0 0 0.695 1.769 0.671 0.9086898546683277 -6.059820610701874 -24.86332639477181 2.0420869252241376 1.0
human.pedestrian.adult 0 0 0 0 0 0 0 0.589 1.8 0.579 0.6707748289970785 -23.45281159952259 -29.8634153843162 2.4617337297385333 1.0
human.pedestrian.adult 0 0 0 0 0 0 0 1.025 1.67 0.748 2.561874993837028 -24.6441467086521 18.16350397164802 -0.8183253172828557 1.0
human.pedestrian.adult 0 0 0 0 0 0 0 0.581 1.794 0.608 0.7040279294436178 -26.26816553357031 -31.055708325397514 2.7809491909732174 1.0
