movable_object.barrier 0 0 0 0 0 0 0 1.998 1.014 0.436 0.83670226410088 24.987331731640865 19.404342152301144 2.303346197515653 1.0
vehicle.bus.rigid 0 0 0 0 0 0 0 10.224 3.06 2.443 -0.9877993731891554 36.5489842143832 -11.310127640352258 -0.2114656942461295 1.0
movable_object.trafficcone 0 0 0 0 0 0 0 0.346 0.686 0.369 0.9099748047062982 -1.622656124254265 -8.489932429481733 -0.05510627210412089 1.0
human.pedestrian.adult 0 0 0 0 0 0 0 0.507 1.545 0.49 -1.0495901117640931 -22.857396070357037 -21.725721592184716 -2.1653653951987195 1.0
movable_object.barrier 0 0 0 0 0 0 0 2.013 0.979 0.429 1.7032788865242328 -14.372165395455113 18.285636266202985 -0.06724521725413446 1.0
movable_object.trafficcone 0 0 0 0 0 0 0 0.362 0.743 0.367 0.7803095694773486 2.8440526742091166 -7.872423371651715 -0.05510627210412089 1.0
movable_object.barrier 0 0 0 0 0 0 0 1.985 0.978 0.449 0.7784910152796748 26.828641758856612 18.359549907792438 1.8532125670005728 1.0
human.pedestrian.adult 0 0 0 0 0 0 0 0.568 1.835 0.595 -1.2053784390509743 -24.121872587651104 -22.67094650419936 -2.342469010638137 1.0
human.pedestrian.adult 0 0 0 0 0 0 0 0.595 1.624 0.548 -1.3207944207214801 42.953357033822144 -26.786516498479084 -1.0984019084000405 1.0
movable_object.barrier 0 0 0 0 0 0 0 2.001 1.004 0.462 0.9144812605149151 18.76673500088491 8.842994854677388 1.5912371367288536 1.0
movable_object.trafficcone 0 0 0 0 0 0 0 0.362 0.687 0.37 0.9412859044853552 -0.08940547489463911 -7.855221423378658 -0.10615704086823996 1.0
movable_object.barrier 0 0 0 0 0 0 0 2.04 0.993 0.32 1.6045920480171345 -12.567553454287678 17.10221510292198 1.6113808982274138 1.0
human.pedestrian.adult 0 0 0 0 0 0 0 0.516 1.685 0.423 1.0974631918318045 1.2700356608338679 20.189964089529013 -1.5674712553824683 1.0
movable_object.barrier 0 0 0 0 0 0 0 2.172 1.018 0.437 1.4485000695983434 -25.429806736266062 -3.3434684709893903 -0.05595812383495513 1.0
movable_object.barrier 0 0 0 0 0 0 0 1.981 1.01 0.44 1.0725086692719086 12.288566024231894 4.781289295677478 1.5911673736550584 1.0
movable_object.barrier 0 0 0 0 0 0 0 1.97 0.999 0.457 0.7170925672386465 26.38588210104155 4.722767291794351 1.5603157306340805 1.0
human.pedestrian.adult 0 0 0 0 0 0 0 0.683 1.574 0.656 -1.1751317130638776 35.95251633023472 -27.73352907420931 0.9482410525548781 1.0
movable_object.barrier 0 0 0 0 0 0 0 1.998 0.982 0.464 0.863687792109598 20.79913180783279 8.781462402464424 1.5912371367288536 1.0
human.pedestrian.adult 0 0 0 0 0 0 0 0.334 1.651 0.374 -1.1977184208278797 -16.336599318263985 -20.01588483917436 -1.8795268277394621 1.0
vehicle.truck 0 0 0 0 0 0 0 9.861 2.821 2.506 1.4971013533403472 -65.02868681743081 3.91372542422603 1.5651466090042057 1.0
movable_object.barrier 0 0 0 0 0 0 0 2.011 0.995 0.441 0.6961027884590202 30.860161578976445 17.684406871049614 1.676069524096178 1.0
human.pedestrian.adult 0 0 0 0 0 0 0 0.56 1.56 0.457 1.1364587215876074 -0.2918751215611138 19.627395821229676 -1.6148093659335805 1.0
movable_object.trafficcone 0 0 0 0 0 0 0 0.367 0.696 0.367 1.3168645968501702 10.218704930176433 4.953803735575032 1.5388473264574793 1.0
movable_object.barrier 0 0 0 0 0 0 0 1.98 0.999 0.448 1.065766694316194 14.310240934938472 4.755596861124197 1.5911673736550584 1.0
movable_object.barrier 0 0 0 0 0 0 0 2.002 0.991 0.392 1.5963833449355054 -11.294557797117813 18.058088878072542 -0.06724521725413446 1.0
movable_object.barrier 0 0 0 0 0 0 0 2.017 0.995 0.433 1.20717682346325 -25.394317404796 -5.5037586362742115 -0.06919604381707956 1.0
movable_object.barrier 0 0 0 0 0 0 0 1.946 1.033 0.42 0.47163645929519515 36.97502324592633 17.875115185337183 1.4628477477803035 1.0
movable_object.barrier 0 0 0 0 0 0 0 2.147 1.008 0.478 0.5136835872751342 9.594868503464566 -7.418103852932182 1.455105079168015 1.0
movable_object.barrier 0 0 0 0 0 0 0 1.932 0.995 0.427 0.582508168813455 34.967324610565015 17.630628675286292 1.4628477477803035 1.0
movable_object.barrier 0 0 0 0 0 0 0 1.977 0.999 0.458 0.9185330881528148 20.345063916091313 4.749363774802769 1.588219955408233 1.0
movable_object.barrier 0 0 0 0 0 0 0 1.969 0.986 0.461 0.8916306133906056 22.35035923851397 4.710738307534736 1.5951961018115677 1.0
human.pedestrian.adult 0 0 0 0 0 0 0 0.774 1.703 0.496 0.9974062958152956 0.8570856902130055 19.52941890612092 -1.6191695355196254 1.0
movable_object.barrier 0 0 0 0 0 0 0 1.984 1.011 0.453 0.7867604317434922 24.382067031412273 4.691693904754399 1.5707797461642858 1.0
movable_object.barrier 0 0 0 0 0 0 0 1.974 1.004 0.462 0.9581315591123288 18.346963328174226 4.785530080434549 1.5707797461642858 1.0
movable_object.barrier 0 0 0 0 0 0 0 1.967 1.011 0.46 0.6940895264586256 28.853250133088395 17.96021005293787 1.7003306218897798 1.0
movable_object.barrier 0 0 0 0 0 0 0 2.022 1.016 0.475 1.0159923575808223 12.65872298939207 8.211991079227847 0.7884870323391189 1.0
movable_object.barrier 0 0 0 0 0 0 0 1.976 0.997 0.441 1.0032387836654142 16.303566309205248 4.761530889576908 1.5707797461642858 1.0
human.pedestrian.adult 0 0 0 0 0 0 0 0.633 1.733 0.581 1.362737107289372 -11.909346478261948 9.772902258981057 -0.3226727633548805 1.0
human.pedestrian.adult 0 0 0 0 0 0 0 0.597 1.633 0.522 1.1086601963032818 -0.8543919445695615 20.204385479563804 -1.6385462858159388 1.0
vehicle.car 0 0 0 0 0 0 0 4.483 1.563 1.762 1.089516256286137 -8.907390280351349 -2.596163928585562 -0.33320312890919723 1.0
movable_object.trafficcone 0 0 0 0 0 0 0 0.337 0.746 0.358 0.7108637520571941 4.599752372836924 -8.525446990428955 -0.05510627210412089 1.0
vehicle.construction 0 0 0 0 0 0 0 6.806 4.342 2.587 -1.1001108237708737 32.56953781309484 21.130210050204255 -1.3572559814729868 1.0
human.pedestrian.adult 0 0 0 0 0 0 0 0.636 1.773 0.512 1.1932271473739102 -12.539515262923752 8.92749426497626 -0.39760954590592945 1.0
movable_object.barrier 0 0 0 0 0 0 0 1.992 0.98 0.35 1.6501362440892549 -22.111027536752054 5.82620423189417 1.617194446790677 1.0
movable_object.barrier 0 0 0 0 0 0 0 1.995 1.031 0.471 0.9627314298453516 11.446276389443486 6.536447729788684 0.5142777507834961 1.0
human.pedestrian.adult 0 0 0 0 0 0 0 0.832 2.11 0.52 0.9070983945451611 1.6751127463811033 19.77581943035965 -1.51947049644557 1.0
movable_object.barrier 0 0 0 0 0 0 0 1.99 1.0 0.448 0.9261134591256718 16.737961780308073 8.861780791595123 1.5912371367288536 1.0
movable_object.barrier 0 0 0 0 0 0 0 1.985 1.003 0.432 0.662418367874299 32.901597061011636 17.566045000087726 1.571843594758267 1.0
movable_object.trafficcone 0 0 0 0 0 0 0 0.374 0.704 0.386 -0.3190264507839575 72.70885517234132 14.40977984552484 1.5330050558603041 1.0
