human.pedestrian.adult 0 0 0 0 0 0 0 0.771 1.849 0.669 0.09784439528607425 29.31439670922327 7.414607360972322 2.2346253869223283 1.0
vehicle.car 0 0 0 0 0 0 0 4.559 1.741 1.956 0.5942266803792706 9.80700033349525 -6.9412656973713 -1.0013483601878477 1.0
human.pedestrian.adult 0 0 0 0 0 0 0 0.475 1.752 0.588 -0.5623999984739564 36.079405774370755 9.274212342946162 -0.4870097962301969 1.0
human.pedestrian.adult 0 0 0 0 0 0 0 1.025 1.67 0.748 3.053355530209543 -23.811591464772185 22.307743547411928 -0.514680817770909 1.0
vehicle.construction 0 0 0 0 0 0 0 13.495 3.041 2.164 2.516080546696281 -28.674753092514653 21.898538739835182 -0.6683919724289282 1.0
human.pedestrian.adult 0 0 0 0 0 0 0 0.783 1.693 0.963 1.7844211909752272 -37.8067932084774 -11.709841225697815 -2.623155682353003 1.0
vehicle.car 0 0 0 0 0 0 0 4.924 1.784 2.423 6.3972546760812135 -54.224995855537614 61.106004344334224 -2.5444428450509617 1.0
vehicle.car 0 0 0 0 0 0 0 4.841 1.81 1.651 -0.43387744850287707 32.46974304270392 1.565999714991286 -0.49622499247446505 1.0
human.pedestrian.adult 0 0 0 0 0 0 0 0.581 1.794 0.608 0.8143436178837783 -32.86745228920084 -27.206806792715756 2.6260552198910005 1.0
human.pedestrian.adult 0 0 0 0 0 0 0 0.62 1.835 0.526 -0.27363114662590793 45.987403344376034 19.08703969814673 2.30688674872885 1.0
vehicle.car 0 0 0 0 0 0 0 4.502 1.588 1.913 0.2737717573595795 39.68743390742583 21.24908598678185 -1.0091430056937227 1.0
human.pedestrian.adult 0 0 0 0 0 0 0 0.584 1.632 0.632 0.7246457048724724 -24.004295044822005 -22.45804969787329 1.9980543912419275 1.0
human.pedestrian.adult 0 0 0 0 0 0 0 0.771 1.696 0.611 0.535789637395794 -32.4607975024005 -27.59873735330873 2.5626679021548817 1.0
human.pedestrian.adult 0 0 0 0 0 0 0 0.635 1.794 0.756 0.8112614451710659 -3.4995577977066787 -11.617995816997396 -0.6413982046843039 1.0
human.pedestrian.adult 0 0 0 0 0 0 0 0.589 1.8 0.579 0.40832968391482355 -29.61453637685917 -25.80873356406952 2.30688674872885 1.0
human.pedestrian.adult 0 0 0 0 0 0 0 0.553 1.711 0.5 0.3020852920961582 -30.66442871936858 -26.205650681799533 -1.202331725568957 1.0
human.pedestrian.adult 0 0 0 0 0 0 0 0.565 1.835 0.545 0.5764313675116688 -24.036194292695573 -23.097768345550246 2.0152992430929686 1.0
human.pedestrian.adult 0 0 0 0 0 0 0 0.574 1.552 0.674 1.4061433734090745 13.139675122447626 28.26060401198734 1.9457771420254737 1.0
