vehicle.bicycle 0 0 0 0 0 0 0 1.609 1.219 0.787 1.1083238854565205 -14.94373271267087 18.26528032356192 -1.5557895115557505 1.0
human.pedestrian.adult 0 0 0 0 0 0 0 0.581 1.794 0.608 0.07642294117588314 16.6325829610025 -29.029452743849834 2.76684972247436 1.0
vehicle.construction 0 0 0 0 0 0 0 13.495 3.041 2.164 0.31295809887466153 -19.87177831008285 -3.573862467659707 -1.5734520631978564 1.0
vehicle.car 0 0 0 0 0 0 0 4.412 1.657 1.955 0.9719534280535038 18.154574682511218 12.119219741987886 -0.16406304074791578 1.0
human.pedestrian.adult 0 0 0 0 0 0 0 0.771 1.696 0.611 0.10761797857692715 17.131687328821194 -29.33618829716237 2.778711940149625 1.0
human.pedestrian.adult 0 0 0 0 0 0 0 0.553 1.711 0.5 -0.0420376441902765 16.9265049360691 -34.60015565840984 -0.2950017793342532 1.0
human.pedestrian.adult 0 0 0 0 0 0 0 0.635 1.794 0.756 0.9979624831391358 24.20844204822006 -11.286081419233303 -0.2673077441414442 1.0
human.pedestrian.adult 0 0 0 0 0 0 0 1.025 1.67 0.748 1.0810327558803878 -9.149058731217483 -1.7953588398076177 -1.0736505910834921 1.0
vehicle.car 0 0 0 0 0 0 0 4.502 1.588 1.913 1.2760240355930752 28.237510934119722 33.46153218960309 -1.3307600124082857 1.0
movable_object.trafficcone 0 0 0 0 0 0 0 0.347 0.756 0.331 1.5062145676935284 -20.011342591553152 -1.9959249495812477 -1.5829687462747284 1.0
vehicle.car 0 0 0 0 0 0 0 4.559 1.741 1.956 1.3522631360343897 26.57639194268425 8.978151044510938 -0.08335645688114468 1.0
human.pedestrian.adult 0 0 0 0 0 0 0 0.584 1.632 0.632 0.4842682394359795 19.87629182669294 -20.81149435947424 2.604286784251877 1.0
human.pedestrian.adult 0 0 0 0 0 0 0 0.565 1.835 0.545 0.4894684555331161 20.424455872052157 -21.29643882756099 2.478056030429311 1.0
human.pedestrian.adult 0 0 0 0 0 0 0 0.695 1.769 0.671 0.8599683278881827 26.57705249581642 -13.972779794684756 -1.5961695175233563 1.0
movable_object.trafficcone 0 0 0 0 0 0 0 0.38 0.718 0.416 1.4137377919182281 -12.403468491068681 -4.249663114745654 -2.2020169980913638 1.0
movable_object.trafficcone 0 0 0 0 0 0 0 0.362 0.763 0.367 1.500661562103198 -17.187141594547622 -1.8683009211198758 -1.5572085425136208 1.0
