movable_object.trafficcone 0 0 0 0 0 0 0 0.419 0.754 0.381 0.0339236157212858 -6.135469420145651 12.813189154988422 -0.9191219286102026 1.0
movable_object.barrier 0 0 0 0 0 0 0 0.664 1.188 1.064 -0.21591872547966234 -0.47911158980110036 19.356513149690414 0.6119609904622951 1.0
movable_object.barrier 0 0 0 0 0 0 0 0.611 0.985 2.144 1.3139806804660839 -25.3206025498685 -24.918211848761846 -0.8857709341713154 1.0
movable_object.trafficcone 0 0 0 0 0 0 0 0.352 0.741 0.35 0.11396948009829326 -7.883375645801165 10.522180319145415 -0.9191219286102026 1.0
vehicle.bicycle 0 0 0 0 0 0 0 1.679 1.064 0.647 1.1266571352657724 6.304664433445721 5.551672153700448 -0.7035447768631542 1.0
movable_object.trafficcone 0 0 0 0 0 0 0 0.358 0.756 0.349 -0.016603273167079744 -3.3758666919129294 16.503623521811598 -0.9191219286102026 1.0
movable_object.trafficcone 0 0 0 0 0 0 0 0.415 0.713 0.432 1.0938998284748274 -7.350563410756125 -1.4312766132451018 -0.9840595659346114 1.0
movable_object.trafficcone 0 0 0 0 0 0 0 0.324 0.704 0.333 0.09892134244718365 -7.388128407384549 11.14743924662577 -0.9191219286102026 1.0
vehicle.car 0 0 0 0 0 0 0 4.428 1.555 2.016 3.0191585683596185 -15.708731921682014 -49.092853695077714 -0.9210165668581993 1.0
movable_object.barrier 0 0 0 0 0 0 0 1.105 1.257 1.794 0.12610593191086014 -7.339066067763699 8.458767662938694 0.7207877155323903 1.0
human.pedestrian.adult 0 0 0 0 0 0 0 0.728 1.656 0.613 1.095355116319837 3.9988868452441144 -10.836924000252347 -2.3347196073160976 1.0
vehicle.truck 0 0 0 0 0 0 0 6.327 2.921 2.285 0.3991799257360211 -7.984969166180586 -5.700918236873821 0.6088301841447277 1.0
movable_object.trafficcone 0 0 0 0 0 0 0 0.459 0.706 0.475 1.308918024306198 5.255424809528147 7.20249018726062 0.15044837662671018 1.0
human.pedestrian.adult 0 0 0 0 0 0 0 0.811 1.536 0.534 1.8429717164986277 20.52594613132626 -8.451032809635798 -0.9768253628541146 1.0
movable_object.trafficcone 0 0 0 0 0 0 0 0.376 0.755 0.34 0.004833677885098405 -4.227406068310344 15.246901138954438 -0.9191219286102026 1.0
human.pedestrian.adult 0 0 0 0 0 0 0 0.572 1.683 0.637 1.024270460471118 3.8236521114893587 -10.051403306833668 -2.1780562939739267 1.0
human.pedestrian.adult 0 0 0 0 0 0 0 0.68 1.834 0.697 1.2790825994704582 4.806247425038966 -12.255901486376995 -2.199377760341359 1.0
movable_object.trafficcone 0 0 0 0 0 0 0 0.367 0.745 0.358 0.03361082102493097 -2.58642927920772 17.544884832033855 -0.9191219286102026 1.0
human.pedestrian.adult 0 0 0 0 0 0 0 0.71 1.752 0.617 1.2924970431222778 2.6804603766571726 -13.256640452158583 -2.311040676876031 1.0
movable_object.trafficcone 0 0 0 0 0 0 0 0.344 0.743 0.32 -0.057669620937319435 0.2655920237800869 20.491818724780558 0.6292631907152288 1.0
human.pedestrian.adult 0 0 0 0 0 0 0 0.627 1.664 0.592 1.36015427656397 3.3438208562397795 -13.320713636027483 -2.303246559067013 1.0
human.pedestrian.adult 0 0 0 0 0 0 0 0.724 1.735 0.65 2.1312169548123907 -13.410847378100817 -28.9712982801675 -2.101603591625981 1.0
movable_object.trafficcone 0 0 0 0 0 0 0 0.391 0.75 0.353 0.07783525137152611 -6.838459663930899 11.993251666275327 -0.9191219286102026 1.0
movable_object.trafficcone 0 0 0 0 0 0 0 0.376 0.761 0.367 0.013547797136670925 -5.235920729412046 14.03380087827164 -0.9191219286102026 1.0
vehicle.bicycle 0 0 0 0 0 0 0 1.697 1.079 0.623 1.1292546341501821 6.4469603327816465 6.330175930204938 -0.9900593548695404 1.0
vehicle.car 0 0 0 0 0 0 0 4.208 1.472 1.737 -4.76459906093951 -33.35026784535176 38.960048025548154 -0.8660327848294678 1.0
vehicle.truck 0 0 0 0 0 0 0 7.704 3.834 2.841 -0.4091054204497844 -12.103517125054411 -4.354649872246318 0.6558544598454734 1.0
movable_object.trafficcone 0 0 0 0 0 0 0 0.4 0.746 0.368 0.19589644533421877 -16.57248078394905 -0.9102623275761664 -0.918339747289437 1.0
vehicle.car 0 0 0 0 0 0 0 4.744 1.677 1.875 2.474519489585295 -19.302495841239082 -42.80238637027878 -0.9383999307501067 1.0
vehicle.truck 0 0 0 0 0 0 0 6.279 2.95 2.299 -0.22043994411813916 -6.613970059074559 2.9113096203764157 0.6855638600251033 1.0
movable_object.trafficcone 0 0 0 0 0 0 0 0.322 0.734 0.313 0.13638083416527416 1.8250590521553363 20.963337556095848 0.6292631907152288 1.0
vehicle.car 0 0 0 0 0 0 0 4.503 1.635 2.001 -0.42535872503765915 -18.434476691717556 0.44871642602470396 -2.5074530751964765 1.0
