movable_object.barrier 0 0 0 0 0 0 0 1.97 0.999 0.457 0.876917951298523 2.5466562034940576 11.058699386809947 1.0180361889045244 1.0
movable_object.trafficcone 0 0 0 0 0 0 0 0.326 0.708 0.346 -0.37666536676602 36.0835335717746 42.756186325833845 0.9907140553437674 1.0
movable_object.barrier 0 0 0 0 0 0 0 1.98 0.999 0.448 1.1899166842110596 -7.804985555728906 4.800422093344478 1.0489006408833301 1.0
movable_object.barrier 0 0 0 0 0 0 0 1.995 1.031 0.471 1.0437574796297708 -11.16531582083775 4.796063617764575 0.039800807016736606 1.0
human.pedestrian.adult 0 0 0 0 0 0 0 0.516 1.685 0.423 0.8412754007211437 -31.050230416999305 9.075302044293787 -2.107120486977955 1.0
movable_object.barrier 0 0 0 0 0 0 0 1.992 0.98 0.35 1.806573613081369 -39.49754733813109 -13.116748383622346 1.06912247635338 1.0
human.pedestrian.adult 0 0 0 0 0 0 0 0.636 1.773 0.512 1.4188751419898802 -36.16556452473586 -3.048317650546336 -1.1054244258275787 1.0
movable_object.barrier 0 0 0 0 0 0 0 1.984 1.011 0.453 0.8958866670263462 0.8423280676182304 9.987445078494055 1.0180361889045244 1.0
movable_object.barrier 0 0 0 0 0 0 0 1.99 1.0 0.448 0.9526364183459766 -7.849097382019372 9.51720884093151 1.0489704327528173 1.0
human.pedestrian.adult 0 0 0 0 0 0 0 0.539 1.721 0.715 -1.024138723025139 54.65931135356682 23.369342047963165 -2.0113847504969167 1.0
human.pedestrian.adult 0 0 0 0 0 0 0 0.774 1.703 0.496 0.769531266917153 -30.96671588562505 8.014761096326984 -2.1734358985338256 1.0
movable_object.barrier 0 0 0 0 0 0 0 1.934 0.991 0.453 0.12301865792474515 8.087471358931463 30.118909623549932 1.0290279882407534 1.0
vehicle.car 0 0 0 0 0 0 0 4.483 1.563 1.762 1.0367906252781862 -9.513422793764246 1.4194555726926068 1.0088938637034932 1.0
human.pedestrian.construction_worker 0 0 0 0 0 0 0 0.676 1.838 0.68 0.42051190123568427 -7.802931567749089 24.48219190860931 1.1581079746793757 1.0
human.pedestrian.adult 0 0 0 0 0 0 0 0.616 1.717 0.637 -0.48720868857369726 34.90715513585236 12.069536346575637 -2.111500787892316 1.0
movable_object.barrier 0 0 0 0 0 0 0 2.04 0.993 0.32 1.4070166306242955 -37.07953914802868 1.3953963100597624 1.06912247635338 1.0
human.pedestrian.adult 0 0 0 0 0 0 0 0.56 1.56 0.457 0.9456631076248838 -31.882165054149713 7.643589445286318 -2.1036302094502313 1.0
human.pedestrian.adult 0 0 0 0 0 0 0 0.587 1.745 0.507 -0.4559383201792898 15.590347154694372 34.53840887243104 1.2239594423244586 1.0
human.pedestrian.adult 0 0 0 0 0 0 0 0.683 1.574 0.656 -0.07212677629479647 30.157279768692714 -6.662951395380626 0.9550529771899079 1.0
movable_object.barrier 0 0 0 0 0 0 0 2.011 0.995 0.441 0.28863090658668145 -0.44246148667381957 24.67291052030388 1.1338372500319736 1.0
movable_object.barrier 0 0 0 0 0 0 0 1.985 0.978 0.449 0.4280484381621384 -4.173687765950955 23.130957795762335 1.321518011201329 1.0
movable_object.barrier 0 0 0 0 0 0 0 1.976 0.997 0.441 1.1627965916766667 -6.054190149904451 5.8698466804589176 1.0180361889045244 1.0
human.pedestrian.adult 0 0 0 0 0 0 0 0.633 1.733 0.581 1.3652674609366884 -36.15459056185898 -1.8290573056358908 -0.9916820254318708 1.0
human.pedestrian.adult 0 0 0 0 0 0 0 0.844 1.564 0.554 -0.5850314024987473 46.58055169525141 -20.1844163334238 -2.4624218750859175 1.0
human.pedestrian.adult 0 0 0 0 0 0 0 0.873 1.273 0.448 -0.470903406827867 41.33416089271964 9.620256628172626 -0.5721511950289155 1.0
movable_object.barrier 0 0 0 0 0 0 0 1.946 1.033 0.42 0.26048985951579445 4.657430421518834 27.981853041143705 0.9205268508752722 1.0
human.pedestrian.adult 0 0 0 0 0 0 0 0.639 1.668 0.568 -0.47831046147651063 43.970590596394004 -17.776229525221797 -2.4392071790824286 1.0
human.pedestrian.adult 0 0 0 0 0 0 0 0.595 1.624 0.548 0.024022222591711273 29.55729511009495 -10.01996327791259 -2.569866685325465 1.0
movable_object.barrier 0 0 0 0 0 0 0 1.969 0.986 0.461 1.0050322393834656 -0.8790461006344991 8.962564979698573 1.0494415145619467 1.0
movable_object.barrier 0 0 0 0 0 0 0 2.017 0.995 0.433 1.711332640203299 -36.42265149205797 -24.70410911387009 -0.5004504548467175 1.0
movable_object.barrier 0 0 0 0 0 0 0 2.033 1.009 0.453 0.952747930543494 -9.608348353686386 8.482898923037679 1.0489704327528173 1.0
movable_object.trafficcone 0 0 0 0 0 0 0 0.362 0.743 0.367 1.4234206257618383 -11.074435349835966 -11.83696766445979 -0.5459473150273908 1.0
vehicle.construction 0 0 0 0 0 0 0 6.806 4.342 2.587 -1.6316485127145537 -0.5793380613756057 28.183084840064545 -1.8982463394445634 1.0
movable_object.barrier 0 0 0 0 0 0 0 1.985 1.003 0.432 0.3834428059031846 1.3874582562330622 25.597929675925812 1.0470163072640943 1.0
movable_object.barrier 0 0 0 0 0 0 0 2.013 0.979 0.429 1.5112861670003206 -39.3780588006406 1.4167801904574069 -0.5037447212537156 1.0
human.pedestrian.adult 0 0 0 0 0 0 0 0.591 1.661 0.666 0.06268495640096172 30.891040348326374 -7.176171824147304 0.6773590132480067 1.0
movable_object.barrier 0 0 0 0 0 0 0 1.998 0.982 0.464 0.8027095246413615 -4.469275057258555 11.60508263491247 1.0489704327528173 1.0
vehicle.bus.rigid 0 0 0 0 0 0 0 10.224 3.06 2.443 -0.7593176289199476 26.963459252426393 20.280186956376717 0.8565716514803667 1.0
movable_object.barrier 0 0 0 0 0 0 0 1.958 0.992 0.41 -0.08086829238158122 22.344807529566687 33.95252533577159 2.5370665056287436 1.0
human.pedestrian.adult 0 0 0 0 0 0 0 0.592 1.697 0.504 -0.7025834506793112 46.12784978738434 -17.716067999297838 -2.37863210132571 1.0
movable_object.barrier 0 0 0 0 0 0 0 1.984 1.003 0.458 0.6882616452509167 3.43658520412878 13.122609310236438 0.2692191514857596 1.0
movable_object.barrier 0 0 0 0 0 0 0 1.938 1.007 0.452 0.7396543762606431 -0.8879878423561458 13.547797213186838 1.0824177107999295 1.0
movable_object.barrier 0 0 0 0 0 0 0 2.084 0.985 0.46 0.639390100995985 3.945870618529756 15.146673523358169 0.25339662061402946 1.0
movable_object.barrier 0 0 0 0 0 0 0 2.022 1.016 0.475 1.0265002316130591 -10.970671574836361 6.86154608074754 0.24619206016979467 1.0
movable_object.barrier 0 0 0 0 0 0 0 1.998 1.014 0.436 0.4771693759913386 -6.2846065010243475 23.060436682731865 1.7613348455638818 1.0
movable_object.barrier 0 0 0 0 0 0 0 1.981 0.981 0.44 0.16596863256095878 6.371707820905586 29.09965657289982 1.0290279882407534 1.0
movable_object.barrier 0 0 0 0 0 0 0 1.932 0.995 0.427 0.33404127436640474 3.050603163405487 26.744275830640127 0.9205268508752722 1.0
movable_object.barrier 0 0 0 0 0 0 0 1.981 1.01 0.44 1.2261779813629563 -9.566554901956787 3.7527773268521263 1.0489006408833301 1.0
human.pedestrian.adult 0 0 0 0 0 0 0 0.632 1.771 0.539 -0.3852223927436439 40.82604926595498 -12.706630287350775 2.2964351567620866 1.0
movable_object.barrier 0 0 0 0 0 0 0 1.967 1.011 0.46 0.3588278122960527 -2.249527441370834 23.827086052814387 1.1581079746793757 1.0
movable_object.trafficcone 0 0 0 0 0 0 0 0.379 0.716 0.376 0.382884759408436 14.224898715385246 27.460705332387867 0.9657477159055485 1.0
movable_object.barrier 0 0 0 0 0 0 0 2.08 0.98 0.408 0.6808195160104382 1.8331509158506838 14.698504959664621 1.0596658184518901 1.0
movable_object.barrier 0 0 0 0 0 0 0 1.974 1.004 0.462 1.0850449489934781 -4.3550076007062435 6.923098476830721 1.0180361889045244 1.0
movable_object.trafficcone 0 0 0 0 0 0 0 0.362 0.687 0.37 1.4780536730659417 -13.609159570416884 -13.562940536709787 -0.5459473150273908 1.0
movable_object.barrier 0 0 0 0 0 0 0 2.147 1.008 0.478 1.0761760442381085 -5.591823561086227 -7.953576340569735 0.9145254381332162 1.0
movable_object.trafficcone 0 0 0 0 0 0 0 0.425 0.974 0.429 -0.059726644075215884 26.99609614714954 36.08309596981554 0.9907140553437674 1.0
human.pedestrian.adult 0 0 0 0 0 0 0 0.708 1.759 0.609 0.372202405478287 19.897241645602346 6.148368844584942 -1.8918068779097572 1.0
movable_object.barrier 0 0 0 0 0 0 0 0.334 1.029 0.316 -0.4991909032178169 38.166754095433404 44.17187864506279 0.9907140553437674 1.0
human.pedestrian.adult 0 0 0 0 0 0 0 0.533 1.557 0.684 0.05621411967641632 27.805094634642604 -13.59503295214087 0.4480660396690461 1.0
movable_object.trafficcone 0 0 0 0 0 0 0 0.405 0.847 0.427 0.6052227916380681 9.051342196679128 24.435977617835917 1.0974927326731292 1.0
movable_object.barrier 0 0 0 0 0 0 0 2.002 0.991 0.392 1.358395218834287 -36.60169014695617 3.0085764892368454 -0.5037447212537156 1.0
vehicle.truck 0 0 0 0 0 0 0 9.861 2.821 2.506 1.8513609874323156 -75.26278018570233 -36.979841968698715 1.0577640234180983 1.0
movable_object.barrier 0 0 0 0 0 0 0 1.957 0.996 0.453 0.7447089808047699 -2.661419580079237 12.582222087880949 1.0824177107999295 1.0
movable_object.barrier 0 0 0 0 0 0 0 1.977 0.999 0.458 1.0388472596983094 -2.6336643498962045 7.960248989723915 1.0354835198468821 1.0
