vehicle.construction 0 0 0 0 0 0 0 13.495 3.041 2.164 2.7971467838598265 -43.559273142422896 37.17431833421498 0.1028173150782492 1.0
human.pedestrian.adult 0 0 0 0 0 0 0 0.519 1.615 0.563 0.8919012782166403 19.75505488124536 15.880894103374093 1.8979189108533445 1.0
vehicle.car 0 0 0 0 0 0 0 4.502 1.588 1.913 -0.9198745677418678 34.17634649110333 -10.40333353579086 2.6544105101692033 1.0
human.pedestrian.adult 0 0 0 0 0 0 0 0.574 1.552 0.674 1.8207299254687561 -11.225696468062289 20.9709373425239 -1.566029386960671 1.0
human.pedestrian.adult 0 0 0 0 0 0 0 0.475 1.752 0.588 0.11908012609117974 4.95895262774478 -8.111683698329303 0.08590098155582249 1.0
vehicle.car 0 0 0 0 0 0 0 4.559 1.741 1.956 1.4971402864843837 -26.148762051725384 -7.858072549097944 1.564631710048313 1.0
human.pedestrian.adult 0 0 0 0 0 0 0 1.025 1.67 0.748 3.3833331077826436 -33.26625238362229 39.15203475790832 1.2490884263475026 1.0
vehicle.car 0 0 0 0 0 0 0 4.841 1.81 1.651 0.6827508689182967 -1.2432475963847722 -6.774972557697357 0.10869807018211075 1.0
human.pedestrian.adult 0 0 0 0 0 0 0 0.762 1.725 0.724 0.35221453124956714 5.256689029560959 -5.652376197392244 1.1127996937992926 1.0
human.pedestrian.adult 0 0 0 0 0 0 0 0.771 1.849 0.669 0.7507850680478922 -7.888600886680096 -8.054172305551463 -2.094078954248346 1.0
human.pedestrian.adult 0 0 0 0 0 0 0 0.635 1.794 0.756 1.401952159635119 -33.78703076784339 -3.2148930090758396 1.4428896910352407 1.0
human.pedestrian.adult 0 0 0 0 0 0 0 0.584 1.632 0.632 1.965063827955666 -69.10865566021964 -2.1022168606542286 -1.4013148959396524 1.0
human.pedestrian.adult 0 0 0 0 0 0 0 0.62 1.835 0.526 -0.04101893691115427 17.789841347215514 -4.912772640081035 -1.748691806755697 1.0
