vehicle.car 0 0 0 0 0 0 0 4.123 1.731 1.658 0.8928275731285269 -28.378701977439935 -22.14964224494778 -1.2886574182879844 1.0
human.pedestrian.adult 0 0 0 0 0 0 0 0.743 1.73 0.604 0.3883143296938808 30.830700931706534 -3.4349627251283943 -1.0759849044464023 1.0
human.pedestrian.adult 0 0 0 0 0 0 0 0.679 1.572 0.554 0.4930572108078831 30.114942504227713 -3.965136095215035 -0.033155560391360694 1.0
vehicle.car 0 0 0 0 0 0 0 4.065 1.458 1.74 2.1421978032737625 -61.015147906214196 -0.6924463618359987 -1.5442582302108825 1.0
human.pedestrian.adult 0 0 0 0 0 0 0 0.753 1.885 0.699 0.26829569866849 31.599893774888034 -2.755078250967425 -1.0523599428718278 1.0
movable_object.barrier 0 0 0 0 0 0 0 0.561 1.092 2.005 -0.19154033005765236 47.10602429576307 17.889760719009438 2.9901086621503667 1.0
vehicle.car 0 0 0 0 0 0 0 4.378 1.61 1.773 0.2986603439712147 -21.862055279485126 -29.218861092729263 -1.8531057614064403 1.0
vehicle.car 0 0 0 0 0 0 0 4.396 1.711 1.878 0.8060440284754651 -39.97556853820012 -23.963748798681657 -1.846754130874202 1.0
vehicle.car 0 0 0 0 0 0 0 4.291 1.539 1.744 1.6235414908923904 -5.943557902141194 -70.59316055742138 2.8636469370374495 1.0
movable_object.barrier 0 0 0 0 0 0 0 0.54 1.047 2.019 0.1120855198176216 42.92544064956818 17.83940478137522 -3.0385506694754376 1.0
vehicle.bicycle 0 0 0 0 0 0 0 1.722 0.968 0.597 1.190554371129343 -3.4576704177464204 7.692768360673708 -1.2827779062855669 1.0
movable_object.barrier 0 0 0 0 0 0 0 0.539 1.014 2.002 0.6190000171556657 32.825650973853506 15.236651009172645 -2.7933190746363756 1.0
vehicle.car 0 0 0 0 0 0 0 4.336 1.569 1.703 1.4324340648709777 -3.3663356184486912 -62.05542829105472 2.8601567673403583 1.0
vehicle.bus.rigid 0 0 0 0 0 0 0 10.606 3.189 2.712 0.27736218392546724 2.4308779668181444 -41.82607583981091 2.89345299552149 1.0
vehicle.car 0 0 0 0 0 0 0 4.661 2.0 1.719 0.29875292962107813 5.885540903248193 -29.378776918693355 2.8598426519257263 1.0
vehicle.car 0 0 0 0 0 0 0 4.162 1.428 1.686 0.9424145873660272 -29.90948160851109 -26.845728152287787 -1.2868604142374025 1.0
vehicle.construction 0 0 0 0 0 0 0 10.82 2.959 2.777 -0.27146674181871056 15.134980546144147 19.791918264705522 2.945892848189226 1.0
human.pedestrian.adult 0 0 0 0 0 0 0 0.92 1.711 0.711 0.43824176240969254 11.37258613501692 15.250415965449799 -0.48579316958892704 1.0
movable_object.barrier 0 0 0 0 0 0 0 0.547 1.06 2.013 0.4262933972423557 34.896180026872344 15.876007403717976 -2.814359401692908 1.0
vehicle.car 0 0 0 0 0 0 0 4.304 1.792 1.679 0.21453701378820966 -22.604898322260304 -31.419009605698133 -1.8531057614064403 1.0
movable_object.trafficcone 0 0 0 0 0 0 0 0.425 0.713 0.425 1.1028592015620693 2.0632473889221563 12.368776714948128 2.334768815150671 1.0
vehicle.car 0 0 0 0 0 0 0 4.423 1.413 1.782 0.7491956776182735 13.962132025272618 -0.45807026794883055 2.831415229194187 1.0
human.pedestrian.adult 0 0 0 0 0 0 0 0.674 1.741 0.69 0.4534188659872922 24.19893036380389 12.030919517215763 -1.4060702032236847 1.0
vehicle.car 0 0 0 0 0 0 0 4.538 1.516 1.752 0.42794879682023457 -19.71449910833591 -22.39517506626823 -1.8531057614064403 1.0
vehicle.car 0 0 0 0 0 0 0 4.484 1.499 1.679 0.3515430738309822 -22.366886928663302 -34.14158741285621 -1.8531057614064403 1.0
movable_object.barrier 0 0 0 0 0 0 0 0.536 1.009 2.002 0.4496632174242089 33.7058724000579 19.004502026544166 1.4406329271065514 1.0
vehicle.car 0 0 0 0 0 0 0 4.367 1.671 1.807 0.24232012074084797 -16.575628277096865 -33.761535341194204 -3.0359039512777475 1.0
movable_object.trafficcone 0 0 0 0 0 0 0 0.376 0.711 0.383 1.1600765779814473 6.8381038516952986 12.179441214451243 3.089007561672058 1.0
movable_object.barrier 0 0 0 0 0 0 0 0.54 1.036 1.997 0.5363135099798666 33.457107097838595 16.986377017727317 1.4593270434535555 1.0
movable_object.barrier 0 0 0 0 0 0 0 0.536 1.055 2.028 0.2174828752791409 40.75325907509841 17.56750295167235 -2.9863027173658114 1.0
vehicle.car 0 0 0 0 0 0 0 4.763 1.443 1.781 0.37340687932516414 -18.772328471577083 -20.249519299267146 -1.8531057614064403 1.0
movable_object.barrier 0 0 0 0 0 0 0 0.525 1.024 2.024 0.4796834418557766 36.88508364776502 16.514514952566266 -2.867395830923357 1.0
vehicle.car 0 0 0 0 0 0 0 4.232 1.496 1.78 0.8381865993334012 -40.846079730344385 -26.316318057915108 -1.841658871438387 1.0
vehicle.car 0 0 0 0 0 0 0 4.679 1.626 1.781 0.33080605411145936 -20.325946611218523 -24.804138585867 -1.8531057614064403 1.0
movable_object.barrier 0 0 0 0 0 0 0 0.54 1.031 2.018 0.658815670067315 34.75692868528255 25.884194674972733 1.4841380604723566 1.0
movable_object.barrier 0 0 0 0 0 0 0 0.537 1.017 2.008 -0.03339230494218537 45.01942076109473 17.981198628331608 -3.1010946686600107 1.0
vehicle.truck 0 0 0 0 0 0 0 8.336 3.059 2.389 -0.9906921719738636 49.443983723122265 4.7983928359505885 1.5501446973869175 1.0
