human.pedestrian.adult 0 0 0 0 0 0 0 0.475 1.752 0.588 -0.30448804684991204 23.98007028403182 -5.582859759070486 0.06216929817040029 1.0
human.pedestrian.adult 0 0 0 0 0 0 0 0.771 1.849 0.669 0.15990423809221305 13.978715248017732 -5.376813042806001 -2.182697456899242 1.0
human.pedestrian.adult 0 0 0 0 0 0 0 0.635 1.794 0.756 1.0590254317743564 -18.424123255275067 -6.18181491149627 1.224168512934476 1.0
vehicle.construction 0 0 0 0 0 0 0 13.495 3.041 2.164 2.626848358109027 -29.36164002379236 33.608630979572354 0.16932419176060742 1.0
vehicle.car 0 0 0 0 0 0 0 4.559 1.741 1.956 0.9708754619001696 -6.809879794701234 -8.949777053818767 1.446721660323992 1.0
human.pedestrian.adult 0 0 0 0 0 0 0 0.762 1.725 0.724 -0.047433144454886056 22.451406699585554 -4.109623721382596 1.0611526989975966 1.0
human.pedestrian.adult 0 0 0 0 0 0 0 0.783 1.693 0.963 2.3278863284420623 -52.46041640939361 7.0358227878736885 3.064303034785519 1.0
human.pedestrian.adult 0 0 0 0 0 0 0 0.574 1.552 0.674 1.3830897640781696 8.090874893667884 21.493978202163223 -1.529086837240774 1.0
vehicle.car 0 0 0 0 0 0 0 4.502 1.588 1.913 -0.19633563435744017 43.192732781729894 4.730654181639337 1.5905158883960393 1.0
human.pedestrian.adult 0 0 0 0 0 0 0 0.584 1.632 0.632 1.2674352160700624 -46.80244042884143 -8.340695584038754 -1.5320757341250495 1.0
vehicle.car 0 0 0 0 0 0 0 4.227 1.621 1.769 -0.053182395482458955 18.224854180453 -25.13115948233791 2.3310636332587658 1.0
human.pedestrian.adult 0 0 0 0 0 0 0 0.565 1.835 0.545 1.108066087500598 -46.639206375884804 -8.657043691057577 -1.508727374110701 1.0
vehicle.car 0 0 0 0 0 0 0 4.841 1.81 1.651 0.04816383961041848 17.63394795858767 -7.266508498408919 0.0689499518921255 1.0
human.pedestrian.adult 0 0 0 0 0 0 0 1.025 1.67 0.748 3.070530167350995 -23.14138231917685 34.64362592657422 0.9810164460116262 1.0
