movable_object.trafficcone 0 0 0 0 0 0 0 0.459 0.706 0.475 1.5348328841968677 -2.5899019138109076 8.466919677792484 -0.6361084246449664 1.0
movable_object.barrier 0 0 0 0 0 0 0 0.664 1.188 1.064 1.0377348780051812 -13.406311063475874 16.32870755837533 -0.10524294084710206 1.0
vehicle.bicycle 0 0 0 0 0 0 0 1.697 1.079 0.623 1.2882866356493488 -1.0011661368082598 8.280022438114178 1.495234819569946 1.0
vehicle.car 0 0 0 0 0 0 0 4.744 1.677 1.875 1.8237646356595059 -0.0007975633431205331 -47.361504248603566 1.4433994160886998 1.0
movable_object.trafficcone 0 0 0 0 0 0 0 0.346 0.706 0.346 1.8503100115799254 -12.047006130505764 -23.030487818963024 1.503818903304694 1.0
movable_object.trafficcone 0 0 0 0 0 0 0 0.391 0.75 0.353 1.161070199236056 -15.444027930526891 6.749124928204402 1.4240508348038219 1.0
human.pedestrian.adult 0 0 0 0 0 0 0 0.724 1.735 0.65 1.8259577200715797 -2.8389585593548192 -34.481488512933836 2.4689842528606594 1.0
human.pedestrian.adult 0 0 0 0 0 0 0 0.548 1.835 0.661 1.575691985850266 -6.286070239362239 -40.789396417130895 1.9799182632321282 1.0
movable_object.trafficcone 0 0 0 0 0 0 0 0.367 0.745 0.358 1.1517676898216227 -14.403987822106803 13.769150642986093 1.4240508348038219 1.0
movable_object.barrier 0 0 0 0 0 0 0 0.594 1.001 2.088 1.2921894232132138 -19.372267697327313 -25.528633808790083 3.0034546387026237 1.0
human.pedestrian.adult 0 0 0 0 0 0 0 0.822 1.759 0.694 0.8083747934337918 6.352043529458382 -19.95585879884414 3.138172628575404 1.0
human.pedestrian.adult 0 0 0 0 0 0 0 0.673 1.704 0.804 1.4939203238825436 -8.53143274343074 -36.95595427975325 2.5399368452964106 1.0
vehicle.car 0 0 0 0 0 0 0 3.901 1.564 1.722 -0.14493534365379857 -32.86544211144823 12.549204018935328 1.4356704328546464 1.0
movable_object.trafficcone 0 0 0 0 0 0 0 0.322 0.734 0.313 1.2505377213701325 -12.294903246531641 18.876875844476377 -0.12180757166551714 1.0
movable_object.trafficcone 0 0 0 0 0 0 0 0.412 0.857 0.348 1.5353581508173995 5.249304540172124 23.005712540197756 -0.1306973427397864 1.0
movable_object.barrier 0 0 0 0 0 0 0 1.105 1.257 1.794 1.1186796273928177 -14.192954648465713 3.3822700631514517 -0.2116993384482342 1.0
vehicle.car 0 0 0 0 0 0 0 3.879 1.42 1.605 -0.1797138447274046 -33.911617508737905 7.779140131106522 1.4007769220562682 1.0
human.pedestrian.adult 0 0 0 0 0 0 0 0.604 1.711 0.787 1.6346656047932075 -7.741697219231821 -37.525642411733976 2.7330073411542806 1.0
movable_object.trafficcone 0 0 0 0 0 0 0 0.344 0.705 0.342 2.1476810777519333 -11.728771040247219 -20.439247020362544 1.503818903304694 1.0
vehicle.bicycle 0 0 0 0 0 0 0 1.679 1.064 0.647 1.285479553676555 -0.7133527478756583 7.571058000753655 1.2074259010898798 1.0
vehicle.construction 0 0 0 0 0 0 0 2.883 3.154 3.861 0.6030434046544301 -14.013639230556404 -28.234842174791787 1.513571990270508 1.0
vehicle.truck 0 0 0 0 0 0 0 7.704 3.834 2.841 0.39162561589817513 -12.331349636252135 -10.006686776082553 -0.13751118230968729 1.0
movable_object.trafficcone 0 0 0 0 0 0 0 0.344 0.743 0.32 1.2205199241326243 -13.333209745149135 17.73445711792395 -0.12180757166551714 1.0
movable_object.trafficcone 0 0 0 0 0 0 0 0.358 0.756 0.349 1.1847072809296528 -14.591926344059992 12.479828303420195 1.4240508348038219 1.0
movable_object.trafficcone 0 0 0 0 0 0 0 0.41 0.72 0.381 1.8142828386654928 -9.983105197509426 -8.811333906666126 1.4892155085399725 1.0
movable_object.trafficcone 0 0 0 0 0 0 0 0.352 0.741 0.35 1.2178153456363794 -15.695910112747525 5.037989236729369 1.4240508348038219 1.0
human.pedestrian.adult 0 0 0 0 0 0 0 0.658 1.835 0.712 1.647262414655045 -8.800290196795157 -37.51350864747712 1.989550298855593 1.0
movable_object.trafficcone 0 0 0 0 0 0 0 0.362 0.819 0.354 1.160487706909939 -15.800893869742286 3.945177289226392 -0.2116993384482342 1.0
human.pedestrian.adult 0 0 0 0 0 0 0 0.676 1.546 0.534 0.5098080990801918 15.45856859516033 6.209844252225588 1.7298573874706005 1.0
movable_object.trafficcone 0 0 0 0 0 0 0 0.376 0.72 0.322 1.1641923015281423 -14.200865975302941 15.443721675930052 1.4240508348038219 1.0
human.pedestrian.adult 0 0 0 0 0 0 0 0.71 1.752 0.617 0.6477534213463069 4.766214359174526 -12.449145162538002 3.06250717456728 1.0
vehicle.truck 0 0 0 0 0 0 0 6.327 2.921 2.285 0.6915963054576888 -7.063012544733073 -2.709612850492278 -0.16946520704341594 1.0
movable_object.trafficcone 0 0 0 0 0 0 0 0.324 0.704 0.333 1.2121898383792626 -15.593851276637018 5.831117440514802 1.4240508348038219 1.0
movable_object.barrier 0 0 0 0 0 0 0 0.603 1.004 2.094 1.3739390970122805 -20.43344592573535 -28.994302396290436 -1.6814200585214847 1.0
movable_object.barrier 0 0 0 0 0 0 0 0.576 1.046 1.975 1.6836203479211636 -12.564252126535495 -26.440824479121456 1.4603579037821461 1.0
movable_object.trafficcone 0 0 0 0 0 0 0 0.419 0.754 0.381 1.226856027097723 -15.234069662351667 7.7700493869561145 1.4240508348038219 1.0
vehicle.car 0 0 0 0 0 0 0 4.515 1.489 1.811 1.8630133140536942 -1.2582825078911315 -50.038755853417676 1.4433994160886998 1.0
movable_object.trafficcone 0 0 0 0 0 0 0 0.397 0.72 0.396 1.3729288661807524 4.533054503080283 22.937788966540104 -0.12994192702655738 1.0
vehicle.truck 0 0 0 0 0 0 0 6.279 2.95 2.299 0.47504804171303716 -10.959191108722226 -0.9116093891551507 -0.17684311606776326 1.0
movable_object.barrier 0 0 0 0 0 0 0 0.586 1.057 2.136 1.6570661551736845 -12.258192557827824 -24.44737811283767 1.4206138181122343 1.0
human.pedestrian.adult 0 0 0 0 0 0 0 0.572 1.683 0.637 0.6739316394377446 3.991367158659624 -9.344137349866385 3.01666467412569 1.0
