human.pedestrian.adult 0 0 0 0 0 0 0 0.536 1.739 0.623 0.05407637558660072 57.318346606114424 16.384087687846854 -1.4833922576057343 1.0
human.pedestrian.adult 0 0 0 0 0 0 0 0.561 1.34 0.505 0.5767432458594872 -4.961109578982237 21.118326658510423 -2.671758112549451 1.0
human.pedestrian.adult 0 0 0 0 0 0 0 0.615 1.601 0.376 0.38670300420282344 -4.384224612245792 24.537572253916498 2.031235174933549 1.0
movable_object.barrier 0 0 0 0 0 0 0 0.331 1.118 1.957 1.309357573751256 -34.51190302951492 -14.396594370411158 -1.199614269512331 1.0
vehicle.bicycle 0 0 0 0 0 0 0 1.586 1.927 0.694 1.570808735913214 -42.19559971014042 0.27529097571760913 -1.5277220157156615 1.0
vehicle.car 0 0 0 0 0 0 0 4.608 1.657 1.861 1.1821817510183161 -11.634698205574486 -1.2750490820852067 -1.4170141226902366 1.0
movable_object.trafficcone 0 0 0 0 0 0 0 0.216 0.765 0.233 0.6076156970483373 2.353704000810353 35.016417829050305 -3.1408945291311623 1.0
vehicle.bicycle 0 0 0 0 0 0 0 1.488 1.229 0.591 1.89228536841818 -40.5926339904979 11.089208151117333 -0.7427419335337468 1.0
vehicle.construction 0 0 0 0 0 0 0 2.64 2.028 1.298 0.041448059162971285 1.9857775774447954 36.90975201846346 -0.13466615690196093 1.0
movable_object.barrier 0 0 0 0 0 0 0 0.392 1.055 1.932 1.3453303219977089 -24.045148620001594 -10.219952885638895 2.6534150400909926 1.0
movable_object.barrier 0 0 0 0 0 0 0 0.442 1.155 2.005 1.1787198989454946 -33.82185684610744 -16.322412654332645 -1.2776265665130655 1.0
vehicle.car 0 0 0 0 0 0 0 4.73 1.491 1.837 1.2344339972913216 -4.356904004452314 -2.964316458456487 -1.476760253199891 1.0
