movable_object.barrier 0 0 0 0 0 0 0 0.534 1.042 1.99 1.5071448940614132 -8.242325705957077 -13.170247916995047 -2.0718446780451965 1.0
movable_object.trafficcone 0 0 0 0 0 0 0 0.302 0.743 0.382 1.8387273966858824 -23.916116168740665 -1.0806166747814558 -2.0773242682432445 1.0
movable_object.barrier 0 0 0 0 0 0 0 0.336 1.117 2.12 1.2625138178689315 1.143844760528442 -7.257716004976556 -0.2803217402953564 1.0
vehicle.car 0 0 0 0 0 0 0 5.067 2.126 1.987 0.4133662243411204 -46.60930594095391 45.48179264315113 -2.2989561840591204 1.0
movable_object.barrier 0 0 0 0 0 0 0 0.478 1.124 2.09 1.3732038662820771 -0.8585858180272952 -6.392050658986759 2.5894548662125176 1.0
movable_object.barrier 0 0 0 0 0 0 0 0.479 1.064 2.114 1.3991981325474034 -4.177567050655363 -5.750376383684715 -2.0718446780451965 1.0
movable_object.barrier 0 0 0 0 0 0 0 0.477 1.096 2.07 1.4626661068779683 -6.327604169611043 -9.507288174417516 -2.0718446780451965 1.0
vehicle.car 0 0 0 0 0 0 0 4.244 1.465 1.846 1.2494788014451002 -9.180651092375061 -4.023659500873961 -0.6067055465780058 1.0
movable_object.barrier 0 0 0 0 0 0 0 0.496 1.202 2.008 1.4836898299693568 -9.316889124568592 -14.915019626804199 -2.1067355500239318 1.0
vehicle.bicycle 0 0 0 0 0 0 0 1.766 1.807 0.633 0.37820514361605473 -11.410941001110718 27.88675916037456 -2.5695355482595046 1.0
vehicle.car 0 0 0 0 0 0 0 4.243 1.545 1.835 0.5135122576023824 24.13785109136603 -20.865837937121313 -2.304538983049687 1.0
movable_object.barrier 0 0 0 0 0 0 0 0.443 1.11 2.115 1.453091570685814 -5.306152315359457 -7.563885633073457 -2.1416267310689916 1.0
movable_object.barrier 0 0 0 0 0 0 0 0.436 0.999 1.975 1.2148776164688986 4.870791511538255 -9.330573623688808 -0.6113560792620856 1.0
vehicle.bicycle 0 0 0 0 0 0 0 1.559 1.036 0.673 0.40819554237933675 11.211516977095428 15.339929058700585 -1.5620369271300705 1.0
movable_object.barrier 0 0 0 0 0 0 0 0.436 1.141 2.012 1.6381926455367974 -12.252061247854002 -20.200006900835252 -2.1051227125220864 1.0
movable_object.barrier 0 0 0 0 0 0 0 0.381 1.03 2.146 1.190587111528437 5.873262867684046 -10.863072286486638 -1.2945964834637493 1.0
movable_object.barrier 0 0 0 0 0 0 0 0.472 1.067 2.038 1.4356013693207716 -2.67090382380832 -5.422433209919147 2.757619418605568 1.0
vehicle.construction 0 0 0 0 0 0 0 7.117 3.684 5.252 -0.702246308136022 -14.63209202568678 -43.858604534691395 2.507348159550803 1.0
movable_object.barrier 0 0 0 0 0 0 0 0.387 1.028 2.083 1.2036387055340236 2.9986709578161572 -8.093562581210904 -0.5614776131615891 1.0
movable_object.barrier 0 0 0 0 0 0 0 0.534 1.04 2.002 1.4751333563637803 -10.96366536474106 -18.723796307257178 -2.3354608108793045 1.0
movable_object.barrier 0 0 0 0 0 0 0 0.433 1.072 2.007 1.4495732378907795 -7.293674113640515 -11.481170754518114 -2.0543993639273888 1.0
