vehicle.bus.rigid 0 0 0 0 0 0 0 10.617 3.383 2.809 -1.3979180751192906 89.12072897918398 6.331343054915692 -1.5908987902838625 1.0
human.pedestrian.adult 0 0 0 0 0 0 0 0.72 1.519 0.489 -0.5793899004670195 85.57261710450466 11.640291420840885 -1.5913665987255081 1.0
vehicle.construction 0 0 0 0 0 0 0 2.954 3.042 2.608 -3.0906763564585304 -32.02002480038219 -43.40996208597783 -2.3775683519265876 1.0
human.pedestrian.adult 0 0 0 0 0 0 0 0.569 1.711 0.576 -0.7625357869817146 85.5339964451658 10.415770686461512 -1.5795015237861572 1.0
human.pedestrian.adult 0 0 0 0 0 0 0 0.385 1.931 0.651 2.1914312890619554 -14.533660664583401 64.76352741182565 -0.32535148651171575 1.0
human.pedestrian.adult 0 0 0 0 0 0 0 0.604 1.735 0.751 0.025978734812724724 72.74370197049454 11.950580479274942 -1.5758373169887196 1.0
vehicle.car 0 0 0 0 0 0 0 4.608 1.657 1.861 1.2296686557202083 -13.277830312122317 0.7050905688698829 -1.595961417013827 1.0
vehicle.bicycle 0 0 0 0 0 0 0 1.586 1.927 0.694 1.7526330713445546 -52.685840330479266 7.7254948031764945 -0.4445714896839874 1.0
vehicle.car 0 0 0 0 0 0 0 4.73 1.491 1.837 1.3457338218194899 -19.53839014901012 -1.8714651565060088 -1.527757731844238 1.0
human.pedestrian.adult 0 0 0 0 0 0 0 0.887 1.515 0.671 0.6779529044744961 54.90569492933394 14.729936606438882 -1.9136545658851096 1.0
human.pedestrian.adult 0 0 0 0 0 0 0 0.615 1.601 0.376 1.2926903339188436 -17.572435123244333 25.69855000897879 2.068491153097611 1.0
human.pedestrian.adult 0 0 0 0 0 0 0 0.803 1.846 0.639 -0.1506406046641966 72.81522448219658 12.71228326858488 -1.5518455768965191 1.0
vehicle.construction 0 0 0 0 0 0 0 2.64 2.028 1.298 1.2819511752961394 -10.508250574002252 37.999925514373295 -0.0742409848052219 1.0
