movable_object.barrier 0 0 0 0 0 0 0 0.492 1.145 1.977 0.2271036089973505 23.928356078477762 -4.884732116503391 -3.1365877239595896 1.0
movable_object.barrier 0 0 0 0 0 0 0 0.496 1.202 2.008 -0.1941951182155378 40.0179140408308 -4.16877264940356 3.11332636599567 1.0
movable_object.barrier 0 0 0 0 0 0 0 0.4 1.047 2.054 2.1942241022973388 -51.26797011567824 -4.144660588252228 -3.0808173916322605 1.0
movable_object.trafficcone 0 0 0 0 0 0 0 0.387 0.719 0.437 2.882963583675411 -42.25404855239384 13.956114947004552 -3.1077467403738233 1.0
movable_object.barrier 0 0 0 0 0 0 0 0.51 1.148 2.121 1.2734654860112862 -14.249559674969078 -5.462394253956637 -3.138396444854891 1.0
movable_object.barrier 0 0 0 0 0 0 0 0.433 1.072 2.007 -0.14977370308463867 44.00158709623047 -3.9160737662241605 3.0610008158835926 1.0
vehicle.car 0 0 0 0 0 0 0 4.541 1.519 1.776 1.5669735844240416 -6.597698520159662 13.298530959467346 -1.6137398057931636 1.0
movable_object.barrier 0 0 0 0 0 0 0 0.488 1.111 1.977 0.9936620921271216 -2.020119383789898 -5.416337492730658 3.1320127005817877 1.0
movable_object.barrier 0 0 0 0 0 0 0 0.507 1.121 2.19 1.8008911131240417 -29.10217903802899 -5.016853836124721 -3.138396444854891 1.0
movable_object.barrier 0 0 0 0 0 0 0 0.471 1.16 2.053 0.6131426072382391 11.969175877175136 -5.259417056963704 3.111713866351396 1.0
movable_object.barrier 0 0 0 0 0 0 0 0.434 1.079 2.082 2.3409050350939524 -55.292482317251235 -3.9854115903147216 -3.0808173916322605 1.0
vehicle.car 0 0 0 0 0 0 0 4.505 1.961 1.904 2.074583532166029 -31.74155002172275 13.752462461231381 -1.5605410616705022 1.0
movable_object.barrier 0 0 0 0 0 0 0 0.555 1.135 2.013 1.1097363324884673 -7.91102271217358 -5.507692549310764 3.077657776982395 1.0
vehicle.truck 0 0 0 0 0 0 0 6.286 3.42 2.521 1.3170113938752668 -90.49060138870458 -18.455216932587494 -0.08598381794340426 1.0
vehicle.bicycle 0 0 0 0 0 0 0 1.648 1.128 0.518 1.8633407582416484 -27.99643575938856 -2.7063956903089332 -0.9176899167951067 1.0
movable_object.barrier 0 0 0 0 0 0 0 0.503 1.029 2.031 1.5819657852303695 -26.946088390989214 -4.9583147675095445 -3.103512729537769 1.0
human.pedestrian.construction_worker 0 0 0 0 0 0 0 0.564 1.876 0.599 0.14150421470563412 12.198891688628432 -7.193504922769651 1.5361217593582612 1.0
movable_object.barrier 0 0 0 0 0 0 0 0.509 1.073 2.019 0.3040650459771236 21.93547135983202 -4.937433496054466 3.111713866351396 1.0
movable_object.barrier 0 0 0 0 0 0 0 0.425 1.277 2.03 0.7960432624498556 5.954404819896502 -5.368093083974895 -3.1365877239595896 1.0
movable_object.barrier 0 0 0 0 0 0 0 0.504 1.054 2.13 1.4915158306058633 -22.80556467101468 -5.172893727420171 -3.103512729537769 1.0
human.pedestrian.construction_worker 0 0 0 0 0 0 0 0.652 2.0 0.791 0.5585850791812109 3.3038627845040867 -6.086924447937564 1.5361217593582612 1.0
human.pedestrian.construction_worker 0 0 0 0 0 0 0 0.565 1.821 0.769 1.5304979327578947 -25.39055615135562 -2.7787981900037657 1.1124802151909439 1.0
movable_object.barrier 0 0 0 0 0 0 0 0.524 1.08 2.105 1.4659181723714847 -20.671080740334094 -5.265802874219664 -3.103512729537769 1.0
movable_object.barrier 0 0 0 0 0 0 0 0.433 1.091 2.017 0.010100450769199854 31.95380833992234 -4.545899372228712 3.111713866351396 1.0
movable_object.barrier 0 0 0 0 0 0 0 0.457 1.243 2.006 0.3676297317393582 19.94547744899494 -5.003779298899613 3.111713866351396 1.0
movable_object.barrier 0 0 0 0 0 0 0 0.453 1.131 2.014 0.9103974123503576 1.9877142028921142 -5.394544499245447 3.1288766543932134 1.0
movable_object.barrier 0 0 0 0 0 0 0 0.436 1.097 1.951 1.7470403600851316 -33.34619976065005 -4.830053936872218 -3.051187189429541 1.0
movable_object.barrier 0 0 0 0 0 0 0 0.512 1.035 1.995 1.0022721890234025 -3.9919792504772587 -5.440055257791352 3.1320127005817877 1.0
movable_object.barrier 0 0 0 0 0 0 0 0.444 1.194 1.98 0.5276933414745234 13.969985727604236 -5.197875482349828 3.076830161409461 1.0
movable_object.barrier 0 0 0 0 0 0 0 0.457 1.172 1.997 0.1922770069370937 25.895346620382128 -4.816663652089052 3.076830161409461 1.0
movable_object.barrier 0 0 0 0 0 0 0 0.469 1.098 1.998 1.0822271036473905 -5.993251031005721 -5.370827574832527 3.1326702586650095 1.0
movable_object.barrier 0 0 0 0 0 0 0 0.358 1.144 2.006 0.44554652765161645 15.945626529004869 -5.092726422344672 3.111713866351396 1.0
movable_object.barrier 0 0 0 0 0 0 0 0.436 1.141 2.012 0.014679855263696306 33.98112390854926 -4.511949199071954 3.111713866351396 1.0
movable_object.barrier 0 0 0 0 0 0 0 0.437 1.139 1.985 0.4567959396936125 17.934074193074153 -5.06967565259413 3.111713866351396 1.0
movable_object.trafficcone 0 0 0 0 0 0 0 0.335 0.726 0.391 3.0021985784833745 -46.21274663895877 13.264755796172038 -2.978869075850353 1.0
movable_object.trafficcone 0 0 0 0 0 0 0 0.287 0.645 0.315 1.8176250919157435 -24.659305036649446 -4.307969796369513 -3.0914211649333154 1.0
movable_object.barrier 0 0 0 0 0 0 0 0.466 1.092 1.996 1.2226851325789785 -12.093518052634892 -5.430147107293986 -3.138396444854891 1.0
movable_object.barrier 0 0 0 0 0 0 0 0.479 1.079 2.04 1.5715763344785332 -24.83729412956225 -5.109856254521524 -3.1209545861668886 1.0
human.pedestrian.construction_worker 0 0 0 0 0 0 0 0.643 1.849 0.872 0.6507581048603108 3.0318289992244796 -4.46012183145206 2.16067999712455 1.0
movable_object.barrier 0 0 0 0 0 0 0 0.445 1.174 1.977 0.1479359219013 27.89319595391207 -4.685736539955271 3.0593883177692245 1.0
movable_object.barrier 0 0 0 0 0 0 0 1.873 1.138 0.553 1.946004560058359 -35.19377128050996 -4.525420179498919 -1.3061126409461021 1.0
movable_object.barrier 0 0 0 0 0 0 0 0.478 1.129 2.072 1.719877172965639 -31.338184890457246 -4.975337942703523 -3.138396444854891 1.0
movable_object.barrier 0 0 0 0 0 0 0 0.476 1.079 2.2 1.329541816145633 -18.48365283764762 -5.33290473717181 -3.103512729537769 1.0
movable_object.barrier 0 0 0 0 0 0 0 0.466 1.161 1.985 0.8216513962870973 4.006101086546528 -5.335862879257032 3.1288766543932134 1.0
movable_object.barrier 0 0 0 0 0 0 0 0.391 1.126 2.103 1.169519281517343 -10.037221926206566 -5.354320774687268 3.0924632913081673 1.0
movable_object.trafficcone 0 0 0 0 0 0 0 0.393 0.707 0.448 2.2905802861542326 -17.250198245608804 14.596840991977324 -3.1333339446140904 1.0
human.pedestrian.construction_worker 0 0 0 0 0 0 0 0.68 1.794 0.592 0.8388836018373864 -12.627487879236694 -5.1610196109669735 2.7048345412266457 1.0
human.pedestrian.construction_worker 0 0 0 0 0 0 0 0.552 1.881 0.652 -0.00513393454462846 21.387862183400404 -6.652842829225996 -2.96409391188324 1.0
movable_object.barrier 0 0 0 0 0 0 0 0.441 1.171 2.058 0.07164485823742339 29.92245305312652 -4.6095702817263975 3.111713866351396 1.0
vehicle.construction 0 0 0 0 0 0 0 7.117 3.684 5.252 -1.95774356675512 12.383411144330335 -15.15796682063181 -1.501577184812919 1.0
movable_object.barrier 0 0 0 0 0 0 0 0.393 1.073 2.09 2.454886225255116 -57.26638983696003 -3.9256923143130806 -2.9011975167579296 1.0
movable_object.barrier 0 0 0 0 0 0 0 0.456 1.133 2.025 0.704922988376089 9.8500355434148 -5.33311649704567 3.111713866351396 1.0
movable_object.barrier 0 0 0 0 0 0 0 0.427 1.217 2.08 -0.03784507923961089 37.94226556928108 -4.1978602389507165 3.0784426601951953 1.0
vehicle.construction 0 0 0 0 0 0 0 11.641 4.038 2.71 2.5271995061284844 -79.67308227546282 16.43491872160024 -1.4593836463808092 1.0
movable_object.barrier 0 0 0 0 0 0 0 0.496 1.236 1.999 0.9676363940643622 -0.018750051296139887 -5.415660740317323 3.1288766543932134 1.0
movable_object.barrier 0 0 0 0 0 0 0 0.425 1.188 2.06 0.7194694527005557 7.85589538291966 -5.327880021491455 3.111713866351396 1.0
movable_object.trafficcone 0 0 0 0 0 0 0 0.23 0.714 0.303 1.9078555321811177 -25.857333734067822 -4.0077053998592955 -3.0914211649333154 1.0
vehicle.car 0 0 0 0 0 0 0 4.244 1.465 1.846 1.5772567298736875 -19.248998740453445 0.06607442287078774 1.6005617790494089 1.0
