movable_object.barrier 0 0 0 0 0 0 0 0.512 1.035 1.995 0.41659442343011277 16.91574923737923 -5.132016577264688 3.101088542148519 1.0
human.pedestrian.construction_worker 0 0 0 0 0 0 0 0.565 1.821 0.769 0.8951311988203475 -5.691482362029473 -3.3265271795413853 1.0292350214318775 1.0
movable_object.barrier 0 0 0 0 0 0 0 0.521 1.092 1.881 1.5670255900251542 -28.380358586189736 -5.356712297161471 -3.1117385043891073 1.0
vehicle.construction 0 0 0 0 0 0 0 11.641 4.038 2.71 1.7861212977967051 -59.459673967425246 14.860375611450133 -1.4901878545460372 1.0
movable_object.barrier 0 0 0 0 0 0 0 0.509 1.164 2.036 1.5640879961800458 -26.407254071491653 -5.419153826775653 -3.1117385043891073 1.0
movable_object.barrier 0 0 0 0 0 0 0 0.492 1.145 1.977 -0.3199636454724697 44.8016261929048 -3.688066913174211 3.115674052148412 1.0
movable_object.barrier 0 0 0 0 0 0 0 0.427 1.217 2.08 -0.5970350375426459 58.78528933828795 -2.5954478211996976 3.0475162139021723 1.0
movable_object.trafficcone 0 0 0 0 0 0 0 0.23 0.714 0.303 1.3658598155553217 -5.0056143219882 -4.387623594122399 -3.122342739961015 1.0
movable_object.barrier 0 0 0 0 0 0 0 0.337 1.105 1.881 1.8876747761414618 -40.25968200232916 -4.713864512531106 -3.0564724894412665 1.0
movable_object.barrier 0 0 0 0 0 0 0 0.483 1.105 2.046 1.6336909731069296 -32.41015705381869 -5.292946812821004 -3.129181115476438 1.0
movable_object.barrier 0 0 0 0 0 0 0 0.426 1.142 2.018 1.3613466604408284 -56.3815563109679 -15.625622276112324 1.416678603173998 1.0
movable_object.barrier 0 0 0 0 0 0 0 0.503 1.029 2.031 1.0327699783367255 -6.037072763084527 -5.470938250458335 -3.1344348302480025 1.0
movable_object.barrier 0 0 0 0 0 0 0 0.471 1.16 2.053 0.0821867064287729 32.86357344026278 -4.4502221267648086 3.0807888380418733 1.0
movable_object.barrier 0 0 0 0 0 0 0 0.509 1.073 2.019 -0.23510586437872805 42.804106813823516 -3.5625540166944467 3.0807888380418733 1.0
movable_object.barrier 0 0 0 0 0 0 0 1.873 1.138 0.553 1.3129045153099894 -14.295785661262885 -5.228657614299045 -1.3368921222135732 1.0
movable_object.barrier 0 0 0 0 0 0 0 0.524 1.08 2.105 0.8922770424279128 0.2428898649722057 -5.47360755185661 -3.1344348302480025 1.0
movable_object.trafficcone 0 0 0 0 0 0 0 0.243 0.682 0.294 2.6757827747627645 -39.14185173601658 11.36475832271902 -3.0678694806631714 1.0
movable_object.barrier 0 0 0 0 0 0 0 0.551 1.065 2.079 0.7583957999481966 4.556175063330216 -5.46715692874269 3.1313078646578667 1.0
movable_object.barrier 0 0 0 0 0 0 0 0.466 1.092 1.996 0.7002873361938525 8.823497268458038 -5.373574857473729 3.1138652533425013 1.0
movable_object.barrier 0 0 0 0 0 0 0 0.478 1.129 2.072 1.1461502559440544 -10.426166116672892 -5.512656904986795 3.1138652533425013 1.0
movable_object.barrier 0 0 0 0 0 0 0 0.469 1.098 1.998 0.5259105981088141 14.914833043975198 -5.115183249406129 3.1017461284733407 1.0
movable_object.barrier 0 0 0 0 0 0 0 0.496 1.236 1.999 0.3786473038366426 20.885110792014444 -4.985340523666513 3.097952361324289 1.0
movable_object.barrier 0 0 0 0 0 0 0 0.453 1.131 2.014 0.32189901580274893 22.889649978314033 -4.9022064007415445 3.097952361324289 1.0
movable_object.barrier 0 0 0 0 0 0 0 0.504 1.054 2.13 0.9596160220314034 -1.8901302725350757 -5.447158453306745 -3.1344348302480025 1.0
human.pedestrian.construction_worker 0 0 0 0 0 0 0 0.652 2.0 0.791 0.009355855815199376 23.033052269905088 -5.438999243383143 1.1914697371392844 1.0
movable_object.barrier 0 0 0 0 0 0 0 0.342 1.066 1.999 1.7858261747755741 -38.34348147882597 -4.926397841978891 -3.004144753682761 1.0
movable_object.barrier 0 0 0 0 0 0 0 0.444 1.194 1.98 -0.07612851439486135 34.85498353363764 -4.320175477978774 3.0459036466291263 1.0
movable_object.trafficcone 0 0 0 0 0 0 0 0.301 0.715 0.367 2.5852485204622204 -33.65257415690974 11.195228949707039 -3.0678694806631714 1.0
movable_object.barrier 0 0 0 0 0 0 0 0.476 1.079 2.2 0.7913898174817329 2.433694853013713 -5.473085809055338 -3.1344348302480025 1.0
vehicle.truck 0 0 0 0 0 0 0 6.286 3.42 2.521 0.6091105972772204 -69.11232164476691 -20.91714530082069 -0.10428478214268644 1.0
movable_object.barrier 0 0 0 0 0 0 0 0.488 1.111 1.977 0.39637897718277804 18.884616596521816 -5.047514164066798 3.101088542148519 1.0
movable_object.barrier 0 0 0 0 0 0 0 0.507 1.121 2.19 1.1014366185725097 -8.19943208549962 -5.484016984459742 3.1138652533425013 1.0
movable_object.barrier 0 0 0 0 0 0 0 0.4 1.047 2.054 1.6390077063752329 -30.36730519104417 -5.29804574465479 -3.1117385043891073 1.0
movable_object.barrier 0 0 0 0 0 0 0 0.393 1.073 2.09 1.7364478516849664 -36.33292777724665 -5.272775662103997 -2.932110591695176 1.0
movable_object.barrier 0 0 0 0 0 0 0 0.358 1.144 2.006 -0.09420075930140925 36.86837897292024 -4.166900564702307 3.0807888380418733 1.0
movable_object.barrier 0 0 0 0 0 0 0 0.51 1.148 2.121 0.6999958479894053 6.666426087085481 -5.471522973977565 3.1138652533425013 1.0
movable_object.barrier 0 0 0 0 0 0 0 0.479 1.079 2.04 1.0317374043575023 -3.923134571510521 -5.446995485452846 3.1313078646578667 1.0
movable_object.barrier 0 0 0 0 0 0 0 0.503 1.115 1.974 1.4889961115779564 -24.40893881324996 -5.497443912643597 -3.1117385043891073 1.0
movable_object.barrier 0 0 0 0 0 0 0 0.466 1.161 1.985 0.1671427491963834 24.900531468512177 -4.779788549411399 3.097952361324289 1.0
human.pedestrian.adult 0 0 0 0 0 0 0 0.655 1.683 0.663 2.2072661462433865 -51.370565919707786 7.680353814200672 -1.5329799210079553 1.0
vehicle.construction 0 0 0 0 0 0 0 7.117 3.684 5.252 -2.8123206072322193 33.03861206352855 -14.034061904824924 -1.5323872643125034 1.0
movable_object.trafficcone 0 0 0 0 0 0 0 0.335 0.726 0.391 2.500306540852659 -25.934348396256546 12.141948532100965 -3.009785678145933 1.0
movable_object.trafficcone 0 0 0 0 0 0 0 0.387 0.719 0.437 2.3806714699662814 -21.866891365993652 12.951157872617673 -3.138669024800331 1.0
movable_object.barrier 0 0 0 0 0 0 0 0.391 1.126 2.103 0.5644383671582139 10.870451778469317 -5.2328471361240645 3.061537441414389 1.0
human.pedestrian.construction_worker 0 0 0 0 0 0 0 0.629 1.835 0.709 1.7521162111834716 -37.4182785311051 23.43980571337687 1.6083479437442278 1.0
human.pedestrian.adult 0 0 0 0 0 0 0 0.634 1.584 0.67 0.4498269535566328 -57.192123874255145 -22.70235224477065 2.941223048136255 1.0
movable_object.trafficcone 0 0 0 0 0 0 0 0.35 0.721 0.36 2.9459935148900374 -26.054583161097383 15.312178290730067 -3.003663337753773 1.0
movable_object.barrier 0 0 0 0 0 0 0 0.425 1.277 2.03 0.14237672808778656 26.848517691837728 -4.7520159382175695 3.115674052148412 1.0
movable_object.barrier 0 0 0 0 0 0 0 0.457 1.172 1.997 -0.37009875528946445 46.7543737625828 -3.5406918817749395 3.0459036466291263 1.0
human.pedestrian.construction_worker 0 0 0 0 0 0 0 0.643 1.849 0.872 -0.0268172875693814 23.495150218991977 -3.8805683051804114 -2.968586376313266 1.0
human.pedestrian.construction_worker 0 0 0 0 0 0 0 0.599 1.723 0.577 2.6223304218153647 -37.17102840918866 17.202434423736776 -1.9680514835338903 1.0
movable_object.barrier 0 0 0 0 0 0 0 0.33 1.122 2.05 1.3814198215541176 -18.445700048829522 -4.70836420796286 -3.025422071661895 1.0
movable_object.barrier 0 0 0 0 0 0 0 0.466 1.041 2.163 1.3014616870601 -16.42516708950183 -4.985205781789033 -0.06998303212414925 1.0
movable_object.barrier 0 0 0 0 0 0 0 0.436 1.097 1.951 1.2239556001764473 -12.433846633758403 -5.430132546616446 -3.0821070039329284 1.0
vehicle.car 0 0 0 0 0 0 0 4.541 1.519 1.776 1.2260110422729813 13.48838637892563 13.548533697650374 -1.6445639572665183 1.0
movable_object.barrier 0 0 0 0 0 0 0 0.458 1.06 1.944 1.440174906625297 -22.446686593155416 -5.471353403234548 3.119118967684189 1.0
vehicle.car 0 0 0 0 0 0 0 4.505 1.961 1.904 1.6255479822267405 -11.424519657492075 13.203506083926579 -1.5913587961675635 1.0
movable_object.barrier 0 0 0 0 0 0 0 0.429 1.106 2.007 1.476501355615191 -20.53808525128351 -5.012248505734491 2.6681291960381204 1.0
movable_object.barrier 0 0 0 0 0 0 0 0.423 0.999 2.072 1.2119954432266842 -56.150976091967905 -17.662878513438024 1.5061840918351548 1.0
movable_object.trafficcone 0 0 0 0 0 0 0 0.287 0.645 0.315 1.3051385455857918 -3.7844125394337422 -4.548540136650664 -3.122342739961015 1.0
vehicle.bicycle 0 0 0 0 0 0 0 1.648 1.128 0.518 1.2293738916425523 -7.253436917396151 -3.181534802968655 -0.9483640085832707 1.0
movable_object.debris 0 0 0 0 0 0 0 1.18 1.161 0.991 2.2738190945358374 -27.275039086431274 13.275000124015424 1.540287561920886 1.0
movable_object.barrier 0 0 0 0 0 0 0 0.555 1.135 2.013 0.5211618372429949 13.00138948925052 -5.326791879081046 3.04673129735055 1.0
vehicle.car 0 0 0 0 0 0 0 4.244 1.465 1.846 1.5626470815511937 -20.013938847830364 0.0006583816562884866 1.5922343953695277 1.0
movable_object.barrier 0 0 0 0 0 0 0 0.434 1.079 2.082 1.666477961771988 -34.40240676838448 -5.261512942758996 -3.1117385043891073 1.0
movable_object.trafficcone 0 0 0 0 0 0 0 0.295 0.65 0.327 1.363932875568418 -6.5427801707835185 -4.4600628113981164 -3.122342739961015 1.0
movable_object.trafficcone 0 0 0 0 0 0 0 0.393 0.707 0.448 1.9875464986645455 2.9023878691196883 14.521307206255608 3.1189279717293736 1.0
human.pedestrian.construction_worker 0 0 0 0 0 0 0 0.621 1.76 0.653 2.2608298290838134 -37.366387415764876 16.320188324281343 -1.0353427204636514 1.0
