movable_object.barrier 0 0 0 0 0 0 0 0.537 1.017 2.008 0.13292858863202106 40.45296741817321 17.446620403414975 -3.1395811648540395 1.0
human.pedestrian.adult 0 0 0 0 0 0 0 0.92 1.711 0.711 0.5510602704059843 6.779989636601091 15.132193861386634 -1.0424550333320326 1.0
human.pedestrian.adult 0 0 0 0 0 0 0 0.674 1.741 0.69 0.5967692230349728 26.965214140583736 12.736324830019207 -1.4504775850380733 1.0
vehicle.car 0 0 0 0 0 0 0 4.538 1.516 1.752 0.5178492937307143 -24.5865262703219 -22.235526725930143 -1.8625805283286132 1.0
vehicle.car 0 0 0 0 0 0 0 4.123 1.731 1.658 0.9927238084828334 -33.35916010185077 -22.086151851356707 -1.2793917277778348 1.0
human.pedestrian.adult 0 0 0 0 0 0 0 0.743 1.73 0.604 0.5860662192966354 27.212237362754664 2.322531046127596 -0.43365391791035535 1.0
vehicle.car 0 0 0 0 0 0 0 4.367 1.671 1.807 0.4868258902366571 -22.092317845333763 -30.008598118960958 -2.446198142471694 1.0
vehicle.construction 0 0 0 0 0 0 0 10.82 2.959 2.777 -0.183607294832851 10.477667225763003 19.54004640147864 2.9365015177935083 1.0
vehicle.car 0 0 0 0 0 0 0 4.679 1.626 1.781 0.4879743963231279 -25.180273287444706 -24.735239903509246 -1.8625805283286132 1.0
vehicle.car 0 0 0 0 0 0 0 4.396 1.711 1.878 0.8503520875841645 -44.74773501321388 -23.64623254842314 -1.85622937954449 1.0
vehicle.car 0 0 0 0 0 0 0 4.385 1.587 1.8 0.6684671272692632 -15.814544152615543 -33.22121946671165 -1.2786416302838965 1.0
vehicle.car 0 0 0 0 0 0 0 4.446 1.566 1.802 0.6924303580307495 -14.775334984838159 -30.826399208492045 -1.2611976161702891 1.0
movable_object.barrier 0 0 0 0 0 0 0 0.536 1.009 2.002 0.5932696083772191 29.154914501550678 18.802695415622992 1.415147834998411 1.0
movable_object.barrier 0 0 0 0 0 0 0 0.525 1.024 2.024 0.49416093901666125 32.15567510158224 16.29615032467508 -2.8879245832618317 1.0
vehicle.car 0 0 0 0 0 0 0 4.378 1.61 1.773 0.42741290138983457 -26.741931563774468 -29.098390798596668 -1.8625805283286132 1.0
vehicle.car 0 0 0 0 0 0 0 4.065 1.458 1.74 1.3171919010521407 -16.876868655660942 -0.17106108860227423 -1.562482883016072 1.0
movable_object.barrier 0 0 0 0 0 0 0 0.54 1.036 1.997 0.6805676070533073 28.84534744594811 16.69814456151829 1.4500392759104033 1.0
vehicle.bus.rigid 0 0 0 0 0 0 0 10.606 3.189 2.712 1.0132876496225816 -6.423363739434791 -54.100684480319096 2.866614343563219 1.0
vehicle.bicycle 0 0 0 0 0 0 0 1.722 0.968 0.597 1.256129201915452 -8.129619503723063 7.646705895690385 1.2909572343970996 1.0
human.pedestrian.construction_worker 0 0 0 0 0 0 0 0.514 2.0 0.554 0.1270158592434787 10.488872038564454 40.88460457700253 -1.5793015646159958 1.0
vehicle.truck 0 0 0 0 0 0 0 4.921 2.0 1.885 1.5946819444532316 4.5273576113288465 -54.3467079992515 -0.23636600839515864 1.0
movable_object.barrier 0 0 0 0 0 0 0 0.54 1.047 2.019 0.24195558309485632 38.36595880400189 17.359132353641122 -3.07122359071597 1.0
movable_object.barrier 0 0 0 0 0 0 0 0.553 1.078 2.007 0.4014631354043703 34.197904847741356 16.802772255811135 -2.973619831171596 1.0
movable_object.barrier 0 0 0 0 0 0 0 0.561 1.092 2.005 0.011367415541830628 42.53726953274044 17.33844657845086 3.0272484796375982 1.0
vehicle.car 0 0 0 0 0 0 0 4.661 2.0 1.719 1.2326977571905358 -3.430029038110408 -43.3637516049331 2.850455678171305 1.0
human.pedestrian.adult 0 0 0 0 0 0 0 0.61 1.747 0.654 0.9713923269691018 -10.506499000590342 -33.360700603250955 -0.2740561104212027 1.0
vehicle.truck 0 0 0 0 0 0 0 8.336 3.059 2.389 -0.6780158990595776 44.62954492732539 4.357083232532001 1.5408468907933415 1.0
movable_object.barrier 0 0 0 0 0 0 0 0.539 1.014 2.002 0.6818935192285724 28.20672327386356 14.9360834363622 -2.760119531760422 1.0
human.pedestrian.adult 0 0 0 0 0 0 0 0.753 1.885 0.699 0.45181236224212484 28.52345763869914 2.2596161049906147 -0.3471922600993942 1.0
movable_object.barrier 0 0 0 0 0 0 0 0.54 1.031 2.018 0.7231731102258682 30.408820212771865 25.70338607291048 1.4748474487742538 1.0
movable_object.trafficcone 0 0 0 0 0 0 0 0.376 0.711 0.383 1.2411479282579385 2.116014823543856 12.084678157136908 3.1319591562649247 1.0
human.pedestrian.adult 0 0 0 0 0 0 0 0.679 1.572 0.554 0.6892357219693745 26.33706487426535 2.627278759998584 -0.4569514143058857 1.0
movable_object.trafficcone 0 0 0 0 0 0 0 0.425 0.713 0.425 1.0635693892817153 -2.6623607221026613 12.310549818180995 2.2032652920758222 1.0
vehicle.car 0 0 0 0 0 0 0 4.763 1.443 1.781 0.4358169664287286 -23.679695511945273 -20.082619465284786 -1.8625805283286132 1.0
