movable_object.barrier 0 0 0 0 0 0 0 0.54 1.031 2.018 0.7855451903411095 23.9205388674961 20.9838375794066 1.288490903109473 1.0
movable_object.barrier 0 0 0 0 0 0 0 0.552 1.057 1.995 0.6165585273647761 27.69952920792539 29.8911607190866 1.2104110010760687 1.0
movable_object.barrier 0 0 0 0 0 0 0 0.553 1.078 2.007 0.35585151261653303 25.926596946432188 11.477002442135197 -3.131021183287732 1.0
movable_object.barrier 0 0 0 0 0 0 0 0.54 1.047 2.019 0.06990036510196429 30.0730487574477 11.37037542791523 3.045349771150935 1.0
vehicle.construction 0 0 0 0 0 0 0 10.82 2.959 2.777 0.12444013074461524 3.276236102189403 18.59105897817237 2.7326613877250763 1.0
movable_object.barrier 0 0 0 0 0 0 0 0.525 1.024 2.024 0.49750244278480027 23.867003432242118 11.285470276981338 -3.0548880854034746 1.0
movable_object.barrier 0 0 0 0 0 0 0 0.539 1.014 2.002 0.7846855413585779 19.782217814329655 10.667436844561047 -2.9246925878320837 1.0
vehicle.truck 0 0 0 0 0 0 0 4.921 2.0 1.885 1.572279630929074 -16.405822883412664 -52.78738622672826 -0.42129990674180995 1.0
movable_object.trafficcone 0 0 0 0 0 0 0 0.38 0.712 0.383 1.2883380971801515 3.973284665676638 15.1931050609056 -1.9999468318246443 1.0
human.pedestrian.adult 0 0 0 0 0 0 0 0.674 1.741 0.69 0.3485156360859478 20.781849920900438 8.366159272157384 -1.8723621410479838 1.0
movable_object.trafficcone 0 0 0 0 0 0 0 0.395 0.706 0.393 1.1895280927641656 8.402044535928644 25.41865837574747 -1.946553536116455 1.0
movable_object.barrier 0 0 0 0 0 0 0 0.561 1.092 2.005 -0.21093980793025613 34.20853976748745 10.641167705046405 2.81177520368312 1.0
movable_object.barrier 0 0 0 0 0 0 0 0.57 1.1 1.995 0.6506118534611256 31.866225184071038 40.03744959795028 1.2688135180992859 1.0
human.pedestrian.adult 0 0 0 0 0 0 0 0.753 1.885 0.699 -0.019390697457764894 24.792028154035766 4.778457156843778 -1.2475595141235338 1.0
human.pedestrian.adult 0 0 0 0 0 0 0 0.645 1.707 0.743 0.37617687983110293 17.810086267963243 38.10792291600811 2.7131871674001307 1.0
movable_object.barrier 0 0 0 0 0 0 0 0.537 1.017 2.008 -0.08986249825503867 32.156944156665325 11.23016917765676 2.9828084458938964 1.0
human.pedestrian.adult 0 0 0 0 0 0 0 0.92 1.711 0.711 1.0191136923632176 -5.298257334628482 11.628951142171257 -0.4555066687751115 1.0
vehicle.car 0 0 0 0 0 0 0 4.485 1.621 1.717 0.9700996742336616 -34.830178928250305 -34.75696893724737 -1.092306515725621 1.0
vehicle.car 0 0 0 0 0 0 0 4.212 1.688 1.824 1.9555150649944144 -55.2333643086589 -4.8720810364983045 -2.0374445605875593 1.0
human.pedestrian.adult 0 0 0 0 0 0 0 0.593 1.741 0.669 0.4567726190721235 15.338108669773648 35.969830289187435 -2.9144842672512805 1.0
movable_object.trafficcone 0 0 0 0 0 0 0 0.385 0.712 0.385 1.1667938051135958 9.507597896936113 28.22196890405685 -1.9586106067063138 1.0
movable_object.trafficcone 0 0 0 0 0 0 0 0.392 0.706 0.391 1.207060436358343 6.491754758326523 21.014859722026255 -1.946553536116455 1.0
movable_object.trafficcone 0 0 0 0 0 0 0 0.391 0.709 0.388 1.069394640574524 12.815141074704142 36.50628417630155 -1.9639848230237709 1.0
vehicle.car 0 0 0 0 0 0 0 4.065 1.458 1.74 1.2621139661787752 -9.235856184283886 0.9054952082795168 -1.7226568470884098 1.0
vehicle.truck 0 0 0 0 0 0 0 8.336 3.059 2.389 -1.0027830829321323 34.01788002123431 -2.7280424095786966 1.3544852197054027 1.0
vehicle.car 0 0 0 0 0 0 0 4.357 1.598 1.773 1.0165844469575056 -33.85480398894403 -32.71957896630942 -1.092306515725621 1.0
movable_object.trafficcone 0 0 0 0 0 0 0 0.376 0.711 0.383 1.6020171705454234 -6.66895433859442 13.1124120477708 2.945569858152977 1.0
human.pedestrian.adult 0 0 0 0 0 0 0 0.679 1.572 0.554 0.13775622282622135 24.354845073411706 6.202815538523581 -1.1571848138574339 1.0
human.pedestrian.construction_worker 0 0 0 0 0 0 0 0.696 1.696 0.675 0.6541052158818184 0.2947481787216727 16.90274068478019 2.951817004789241 1.0
movable_object.barrier 0 0 0 0 0 0 0 0.536 1.055 2.028 0.2644274011964296 28.00429976135063 11.506576835306326 3.067016214597306 1.0
movable_object.barrier 0 0 0 0 0 0 0 0.54 1.036 1.997 0.6986402129246649 20.586983545866808 12.274244337323667 1.263684881538615 1.0
vehicle.bus.rigid 0 0 0 0 0 0 0 10.606 3.189 2.712 1.2381482125841592 -29.954427962965397 -55.93618307530287 2.6540491540411963 1.0
human.pedestrian.adult 0 0 0 0 0 0 0 0.61 1.747 0.654 1.0254620609273954 -23.238701847556108 -22.145285064984996 -0.581127803307572 1.0
vehicle.car 0 0 0 0 0 0 0 3.919 1.577 1.634 -2.0018632690723304 68.71869013361389 -29.360232768732967 -2.2940185808693005 1.0
human.pedestrian.adult 0 0 0 0 0 0 0 0.869 1.602 0.529 0.8453290570487568 4.037881585867166 16.383056416324738 -0.24620596934761352 1.0
vehicle.bicycle 0 0 0 0 0 0 0 1.722 0.968 0.597 1.7227563983484169 -17.447806647877936 10.340157742422525 1.1046204218703615 1.0
vehicle.car 0 0 0 0 0 0 0 4.446 1.566 1.802 0.9722619726700295 -30.894145486344392 -26.230811768354425 -1.0748650081442666 1.0
human.pedestrian.adult 0 0 0 0 0 0 0 0.743 1.73 0.604 0.08944376842650192 24.345123975254293 5.418070097631776 -1.1163694240634534 1.0
vehicle.car 0 0 0 0 0 0 0 4.367 1.671 1.807 0.8992639278005926 -40.089246533122875 -20.85817247048778 -2.1439887917675238 1.0
movable_object.barrier 0 0 0 0 0 0 0 0.581 1.106 2.021 0.5051258198357693 28.547316422764442 31.892502916225407 1.1299289626508884 1.0
movable_object.barrier 0 0 0 0 0 0 0 0.536 1.009 2.002 0.6508585760104968 21.266474066046253 14.225568899809389 1.2287967014435912 1.0
movable_object.barrier 0 0 0 0 0 0 0 0.547 1.06 2.013 0.6017015935089984 21.792580489823933 11.016883246472288 -2.9927132062709276 1.0
vehicle.car 0 0 0 0 0 0 0 4.661 2.0 1.719 1.4860790842459526 -24.4567354489539 -44.977356436275436 2.6640654367589427 1.0
