movable_object.trafficcone 0 0 0 0 0 0 0 0.391 0.709 0.388 0.941448728673156 10.926554697252511 37.82342098280227 -1.8614531491189448 1.0
movable_object.trafficcone 0 0 0 0 0 0 0 0.376 0.711 0.383 1.5290244912883408 -6.0694797194744545 12.559945176242671 3.048161924009528 1.0
movable_object.barrier 0 0 0 0 0 0 0 0.54 1.036 1.997 0.5693779398897131 21.149395346875608 14.592743154109103 1.3663227034934966 1.0
movable_object.barrier 0 0 0 0 0 0 0 0.525 1.024 2.024 0.36582477985274076 24.451620741142804 13.915759730016811 -2.9581217163119033 1.0
vehicle.car 0 0 0 0 0 0 0 4.212 1.688 1.824 1.9393773908102643 -52.660789781276854 -10.247206842868234 -1.9349079386235521 1.0
vehicle.car 0 0 0 0 0 0 0 4.304 1.792 1.679 0.857158119575785 -39.093357191881616 -28.626415214862504 -1.9464060777958432 1.0
human.pedestrian.adult 0 0 0 0 0 0 0 0.645 1.707 0.743 0.164460141542782 16.052736244253076 41.297134339235065 2.8594100512392666 1.0
vehicle.car 0 0 0 0 0 0 0 4.385 1.587 1.8 1.1520479130256873 -27.606487578725616 -31.078804967751932 -1.1949463273357956 1.0
vehicle.car 0 0 0 0 0 0 0 4.679 1.626 1.781 1.0543775673618714 -36.22471528838648 -21.706002790813834 -1.9464060777958432 1.0
human.pedestrian.construction_worker 0 0 0 0 0 0 0 0.696 1.696 0.675 0.5620802785528529 0.518464669544835 16.98956294944267 2.914812319232503 1.0
human.pedestrian.adult 0 0 0 0 0 0 0 0.743 1.73 0.604 0.11891421357412124 24.531733068605064 7.406351293972122 -0.9965128733851998 1.0
human.pedestrian.adult 0 0 0 0 0 0 0 0.679 1.572 0.554 0.16381312015298155 24.498932535666622 8.205661755074109 -1.0373170355269252 1.0
movable_object.barrier 0 0 0 0 0 0 0 0.54 1.047 2.019 -0.03541019074466256 30.66849386700314 14.590359637611245 3.140958850458757 1.0
vehicle.bicycle 0 0 0 0 0 0 0 1.722 0.968 0.597 1.6603039253402245 -16.507899465195116 8.697921364516116 1.2072601730053272 1.0
vehicle.car 0 0 0 0 0 0 0 4.367 1.671 1.807 0.9921542099497926 -36.06072697060261 -24.637427373746704 -2.02399741018535 1.0
human.pedestrian.adult 0 0 0 0 0 0 0 0.674 1.741 0.69 0.28535689601857706 21.49650383952687 10.689474557026921 -1.769837190779727 1.0
movable_object.trafficcone 0 0 0 0 0 0 0 0.395 0.706 0.393 1.0780292646527148 7.661351960614719 26.35556443304357 -1.8440230914619171 1.0
vehicle.car 0 0 0 0 0 0 0 4.422 1.504 1.804 1.1145350916953496 -27.776365197837517 -33.38022960974234 -1.1949463273357956 1.0
vehicle.car 0 0 0 0 0 0 0 4.661 2.0 1.719 1.5824351073542404 -17.0090840893494 -44.914746032468486 2.7666660031205357 1.0
vehicle.bus.rigid 0 0 0 0 0 0 0 10.606 3.189 2.712 1.3670055609469425 -21.206375180943816 -56.30010288251746 2.774099474639706 1.0
movable_object.barrier 0 0 0 0 0 0 0 0.537 1.017 2.008 -0.13807824788802692 32.78391781718385 14.605218340256178 3.0714396742392642 1.0
vehicle.truck 0 0 0 0 0 0 0 8.336 3.059 2.389 -1.0722171182246916 36.02202060541664 0.9651032416301277 1.4571212959023274 1.0
human.pedestrian.adult 0 0 0 0 0 0 0 0.869 1.602 0.529 0.7471600068204567 4.225367843443481 16.88026814845335 -0.14657134652633275 1.0
movable_object.barrier 0 0 0 0 0 0 0 0.553 1.078 2.007 0.2457686998247327 26.457192112639742 14.286206772764032 -3.034446152798038 1.0
movable_object.trafficcone 0 0 0 0 0 0 0 0.38 0.712 0.383 1.192388785855904 4.254835598835338 15.73548302201669 -1.897412690233856 1.0
movable_object.barrier 0 0 0 0 0 0 0 0.539 1.014 2.002 0.6475177613364669 20.460428363368102 12.877366034073711 -2.822114236463963 1.0
vehicle.truck 0 0 0 0 0 0 0 4.921 2.0 1.885 1.7508925047744734 -8.949209987206585 -54.00568220884019 -0.31965028450164823 1.0
movable_object.barrier 0 0 0 0 0 0 0 0.54 1.031 2.018 0.6659579484223435 23.540024523757175 23.499002887610796 1.3911282823226037 1.0
movable_object.barrier 0 0 0 0 0 0 0 0.552 1.057 1.995 0.43198199065222076 26.3977512383416 32.768089912552114 1.3130496656887924 1.0
movable_object.barrier 0 0 0 0 0 0 0 0.536 1.009 2.002 0.5408706827504572 21.620346689585045 16.592343406432136 1.3314350934972712 1.0
movable_object.barrier 0 0 0 0 0 0 0 0.547 1.06 2.013 0.4754754320333394 22.39529394697221 13.44428984757209 -2.890132454679188 1.0
movable_object.trafficcone 0 0 0 0 0 0 0 0.392 0.706 0.391 1.1221119811747373 6.191382594075821 21.77496875392697 -1.8440230914619171 1.0
movable_object.barrier 0 0 0 0 0 0 0 0.561 1.092 2.005 -0.31299014948741555 34.841682541573064 14.279978174012545 2.879472294734108 1.0
movable_object.barrier 0 0 0 0 0 0 0 0.536 1.055 2.028 0.150854834197364 28.551018658328353 14.531622246363863 -3.095300345526902 1.0
vehicle.car 0 0 0 0 0 0 0 4.763 1.443 1.781 1.069261382340168 -34.23507499232735 -17.547674885952375 -1.9464060777958432 1.0
vehicle.car 0 0 0 0 0 0 0 4.396 1.711 1.878 1.9124000644549788 -55.58442687551883 -19.418517565171516 -1.9400550536423644 1.0
human.pedestrian.adult 0 0 0 0 0 0 0 0.61 1.747 0.654 1.1209404644216296 -19.48745769429631 -25.054188211278177 -0.4442923369068872 1.0
human.pedestrian.adult 0 0 0 0 0 0 0 0.593 1.741 0.669 0.34303801109769627 12.890698330442461 38.81542219312921 -2.6984848486418613 1.0
vehicle.car 0 0 0 0 0 0 0 4.294 1.719 1.796 1.9672380121103579 -53.56971671258094 -12.691821663107065 -1.9425849935281922 1.0
vehicle.construction 0 0 0 0 0 0 0 10.82 2.959 2.777 -0.02875477760538428 3.2582712340411746 19.022963039330783 2.835259925637498 1.0
human.pedestrian.adult 0 0 0 0 0 0 0 0.92 1.711 0.711 0.9537171580350898 -4.545406654005938 11.15643430581154 -0.5580439720021957 1.0
vehicle.car 0 0 0 0 0 0 0 4.485 1.621 1.717 1.080524747939355 -29.19166036468242 -37.939071994298246 -1.1949463273357956 1.0
vehicle.car 0 0 0 0 0 0 0 4.065 1.458 1.74 1.321272195984445 -9.371664390320376 0.3174911582189635 -1.637590805361163 1.0
human.pedestrian.adult 0 0 0 0 0 0 0 0.753 1.885 0.699 0.006210425063262304 25.155610272282257 6.867013653169137 -1.0230352761302726 1.0
