vehicle.car 0 0 0 0 0 0 0 4.446 1.566 1.802 0.6999879718227258 -17.522634441777875 -30.76804915515717 -1.256697123652609 1.0
vehicle.car 0 0 0 0 0 0 0 4.385 1.587 1.8 0.6854028629849953 -18.58370568616314 -33.104405525435226 -1.2741407214559697 1.0
vehicle.bus.rigid 0 0 0 0 0 0 0 10.606 3.189 2.712 1.117665041998095 -9.214092635193387 -54.095396537859884 2.8620944866149944 1.0
movable_object.barrier 0 0 0 0 0 0 0 0.537 1.017 2.008 0.2996502826876388 37.77476528851104 17.22663036042358 -3.135959756774275 1.0
human.pedestrian.adult 0 0 0 0 0 0 0 0.92 1.711 0.711 0.6550325405036712 3.642283884437178 12.916749428032357 2.346440726473144 1.0
movable_object.barrier 0 0 0 0 0 0 0 0.54 1.031 2.018 0.8978624797764161 27.948662037385727 25.552773949473618 1.4703424984447313 1.0
human.pedestrian.adult 0 0 0 0 0 0 0 0.674 1.741 0.69 0.5721291941382307 26.43913199760205 12.629442727005559 -1.638200990425326 1.0
movable_object.barrier 0 0 0 0 0 0 0 0.553 1.078 2.007 0.5516592859495056 31.64377250184124 16.633808370211906 -2.9709125126198206 1.0
movable_object.barrier 0 0 0 0 0 0 0 0.552 1.057 1.995 0.7004547855882732 30.251301536942375 34.95866208071126 1.392256828427958 1.0
vehicle.bicycle 0 0 0 0 0 0 0 1.722 0.968 0.597 1.2357020625146902 -10.693050513811833 7.621198125610244 1.2864560381271506 1.0
movable_object.trafficcone 0 0 0 0 0 0 0 0.38 0.712 0.383 1.0940219264149444 9.380932149326883 16.412067068953835 -1.8181187790370394 1.0
movable_object.trafficcone 0 0 0 0 0 0 0 0.425 0.713 0.425 1.0949201483881876 -5.140336625085406 12.287898986239561 2.1987509499732294 1.0
vehicle.car 0 0 0 0 0 0 0 4.538 1.516 1.752 0.417871681284274 -27.23395616856046 -22.155486370623446 -1.867112616305957 1.0
vehicle.car 0 0 0 0 0 0 0 4.485 1.621 1.717 0.6241464613287149 -19.68464510375543 -39.95627607675533 -1.2741407214559697 1.0
vehicle.car 0 0 0 0 0 0 0 4.065 1.458 1.74 1.1692296745031445 -9.423996145486639 -0.20185482268730526 -1.5408487787006218 1.0
vehicle.truck 0 0 0 0 0 0 0 8.336 3.059 2.389 -0.48161873073054673 42.10660445425191 4.218034810910007 1.5363407937541602 1.0
vehicle.car 0 0 0 0 0 0 0 4.367 1.671 1.807 0.44474817067885836 -25.754023861066923 -28.730512683844946 -2.2238844251225762 1.0
movable_object.barrier 0 0 0 0 0 0 0 0.539 1.014 2.002 0.8297176556230921 25.729706914785087 14.772348519703899 -2.742831928681296 1.0
movable_object.barrier 0 0 0 0 0 0 0 0.536 1.009 2.002 0.7285892449614629 26.67648627938334 18.612611385619196 1.4106440044667785 1.0
vehicle.car 0 0 0 0 0 0 0 4.422 1.504 1.804 0.6506933701744244 -18.69636927571109 -35.344559352005874 -1.2741407214559697 1.0
vehicle.car 0 0 0 0 0 0 0 4.488 1.485 1.867 0.7272574831983681 -20.304199660103105 -42.47496904511761 -1.2754315567911547 1.0
movable_object.barrier 0 0 0 0 0 0 0 0.525 1.024 2.024 0.6353964807606777 29.63024438130449 16.185479707272144 -2.9054317918858956 1.0
human.pedestrian.adult 0 0 0 0 0 0 0 0.61 1.747 0.654 0.985593259050096 -12.317872373928136 -30.785237435494874 -0.2786367047393341 1.0
vehicle.car 0 0 0 0 0 0 0 4.763 1.443 1.781 0.36323179628092195 -26.317181132401952 -20.005678933655336 -1.867112616305957 1.0
movable_object.barrier 0 0 0 0 0 0 0 0.561 1.092 2.005 0.1963542398943403 39.83786129334613 17.20027125618193 3.0110941807786045 1.0
movable_object.barrier 0 0 0 0 0 0 0 0.536 1.055 2.028 0.5958975424182419 33.68246822401268 16.95564641809403 -3.0176843433524407 1.0
movable_object.barrier 0 0 0 0 0 0 0 0.54 1.036 1.997 0.8121159927724237 26.3668993058164 16.51380596629189 1.4455347807389165 1.0
vehicle.car 0 0 0 0 0 0 0 4.396 1.711 1.878 0.7711416157430696 -47.59149370731184 -23.41549697047487 -1.860761532230284 1.0
movable_object.barrier 0 0 0 0 0 0 0 0.585 1.077 2.027 0.724775862427163 31.732007023747343 41.57031707371924 1.4197504353998855 1.0
human.pedestrian.construction_worker 0 0 0 0 0 0 0 0.514 1.733 0.615 0.031243242808101757 8.724285387934753 41.490063510065845 -2.9441854447632316 1.0
vehicle.car 0 0 0 0 0 0 0 4.123 1.731 1.658 0.9366850619320088 -35.99362433142246 -21.967610473807998 -1.2748908012919689 1.0
movable_object.barrier 0 0 0 0 0 0 0 0.57 1.1 1.995 0.6987473394336696 32.34718229186593 45.71948240008135 1.4506637777626556 1.0
human.pedestrian.adult 0 0 0 0 0 0 0 0.753 1.885 0.699 0.6148609444858663 27.140796865521438 4.879633283500529 -0.6300212713114277 1.0
human.pedestrian.adult 0 0 0 0 0 0 0 0.645 1.707 0.743 0.49666395057931734 15.990148524702409 49.398909345112614 -2.7773824868098114 1.0
human.pedestrian.adult 0 0 0 0 0 0 0 0.743 1.73 0.604 0.6803288128788757 26.12658321716197 4.985300845646349 -0.568705645180577 1.0
movable_object.barrier 0 0 0 0 0 0 0 0.562 1.096 2.031 0.8769109658257592 32.792016981255244 47.870203167951274 1.4215124127774477 1.0
movable_object.trafficcone 0 0 0 0 0 0 0 0.376 0.711 0.383 1.2211119119671232 -0.5276646815822692 12.203713593059831 3.1274373599874075 1.0
human.pedestrian.adult 0 0 0 0 0 0 0 0.679 1.572 0.554 0.7742258906794364 25.61214752971406 5.723777833954384 -0.609452032123766 1.0
movable_object.barrier 0 0 0 0 0 0 0 0.548 1.018 2.05 0.7181268710703567 29.86302285528829 32.91285457198328 1.3831156463542271 1.0
vehicle.car 0 0 0 0 0 0 0 4.661 2.0 1.719 1.361416020674083 -6.157982845767211 -43.42737903621652 2.845935941960038 1.0
vehicle.car 0 0 0 0 0 0 0 4.294 1.719 1.796 0.8890582190541498 -45.97988371090989 -16.676010499373337 -1.863291495930211 1.0
vehicle.construction 0 0 0 0 0 0 0 10.82 2.959 2.777 -0.0347364777384892 8.091576209181907 19.454590318604755 2.9319811429074 1.0
vehicle.car 0 0 0 0 0 0 0 4.679 1.626 1.781 0.4488559906516709 -27.83797000447899 -24.64829066671092 -1.867112616305957 1.0
