human.pedestrian.adult 0 0 0 0 0 0 0 0.684 1.876 0.679 0.7092882315838926 -8.832500765087874 38.49033585060995 2.7372266688065103 1.0
vehicle.car 0 0 0 0 0 0 0 4.886 1.77 1.796 0.7110333798130574 -2.149134087523426 35.487176379706455 -0.406226927010092 1.0
human.pedestrian.adult 0 0 0 0 0 0 0 0.849 1.697 0.67 0.8971882037906131 3.806212238354681 1.166884386188053 -0.43916209964917385 1.0
human.pedestrian.adult 0 0 0 0 0 0 0 0.925 1.752 0.733 1.5262110322549156 -22.06987210797491 7.388272911501637 1.7446183618106232 1.0
human.pedestrian.adult 0 0 0 0 0 0 0 0.666 1.747 0.586 1.134901458698693 29.86915006702976 -24.63057382478799 -2.6153388936598256 1.0
human.pedestrian.adult 0 0 0 0 0 0 0 0.898 1.739 0.661 0.6473065864997836 0.2359016388709617 -4.968158107597346 -1.532452324045095 1.0
human.pedestrian.adult 0 0 0 0 0 0 0 0.678 1.632 0.628 0.8959340466632351 2.487201762909859 32.7182835277913 -2.8474712256636643 1.0
human.pedestrian.adult 0 0 0 0 0 0 0 0.565 1.805 0.669 0.5636164768494035 3.8191703632731233 34.33226329236045 -3.135469363778901 1.0
human.pedestrian.adult 0 0 0 0 0 0 0 0.637 2.0 0.637 0.709760189715992 2.6794468091908294 34.05667440386961 3.0567026041323917 1.0
human.pedestrian.adult 0 0 0 0 0 0 0 0.773 1.917 0.639 0.7773953014144559 -7.0345387714771554 -5.9965637502451905 -1.303360868046802 1.0
human.pedestrian.adult 0 0 0 0 0 0 0 0.681 1.78 0.673 0.8995449475952582 -5.991318011866543 -4.74771031182445 -1.5754725287891471 1.0
vehicle.car 0 0 0 0 0 0 0 4.945 1.658 2.042 2.0577145503607492 -47.785064775001864 9.74800766522483 -0.2942564526923803 1.0
human.pedestrian.adult 0 0 0 0 0 0 0 0.67 1.786 0.646 0.8062553984698695 -9.681192229669794 39.13542279551897 2.875767810002843 1.0
human.pedestrian.adult 0 0 0 0 0 0 0 0.847 1.849 0.756 0.7933298584296677 -5.864790355868061 -5.785652076617145 -1.3350172543328114 1.0
vehicle.car 0 0 0 0 0 0 0 4.607 1.596 1.826 0.685632438849614 13.812262170733922 -3.470194210197154 -0.4288226300375655 1.0
human.pedestrian.adult 0 0 0 0 0 0 0 0.58 1.728 0.612 1.2961592181713093 32.9847106183433 -29.07597778687164 -2.5629933221101506 1.0
human.pedestrian.adult 0 0 0 0 0 0 0 0.974 1.878 0.672 1.1764308417960594 -14.630515579376777 1.2473140076524691 2.512983529008144 1.0
human.pedestrian.adult 0 0 0 0 0 0 0 0.799 1.945 0.717 0.8022622729506542 -6.8584525763191015 -4.999638333977064 -1.4706913287125243 1.0
