human.pedestrian.adult 0 0 0 0 0 0 0 0.804 1.375 0.806 0.6233568982754363 -3.373855648172787 -16.4572960143576 -1.189474358493019 1.0
movable_object.trafficcone 0 0 0 0 0 0 0 0.318 0.821 0.421 1.665828597988038 -10.445928379458229 10.335095182374111 3.0813909870738074 1.0
vehicle.motorcycle 0 0 0 0 0 0 0 2.107 1.366 0.798 2.274028167437558 -37.25018829857589 -5.933422035617976 -1.4951573134216636 1.0
human.pedestrian.adult 0 0 0 0 0 0 0 0.677 1.876 0.534 0.7892642771107661 -0.4377425327952228 -5.596796232333033 -1.5602407749738187 1.0
human.pedestrian.adult 0 0 0 0 0 0 0 0.481 1.772 0.543 0.8994846943271386 5.4916259053698795 -4.5948135058755675 1.742883883876944 1.0
human.pedestrian.adult 0 0 0 0 0 0 0 0.56 1.826 0.79 0.04898555937021676 19.050230982785692 14.314014817849603 2.6173590627499745 1.0
human.pedestrian.adult 0 0 0 0 0 0 0 0.525 1.642 0.539 0.9765411387521675 1.3065763488171864 -5.144068923300371 -1.6387474070913566 1.0
vehicle.car 0 0 0 0 0 0 0 4.854 2.0 1.997 2.0740146389652603 -31.50876559533639 11.000601435818288 -2.5092807124470653 1.0
human.pedestrian.adult 0 0 0 0 0 0 0 0.653 1.631 0.58 0.7242838487046994 8.562934933341914 -5.426338922439311 1.6556510435760163 1.0
human.pedestrian.adult 0 0 0 0 0 0 0 0.501 1.838 0.566 -0.09118662507515074 40.95782945798207 -9.374440573084689 -1.8135634730083696 1.0
human.pedestrian.adult 0 0 0 0 0 0 0 0.818 1.895 0.737 0.7285228181848922 0.5441220359605647 -5.454029136019901 -1.534072485554133 1.0
human.pedestrian.adult 0 0 0 0 0 0 0 1.056 1.734 0.639 1.3558670146576062 -25.390569268365507 -6.412728363342522 -1.5238320479894956 1.0
human.pedestrian.adult 0 0 0 0 0 0 0 0.805 1.855 0.718 0.7858366361459966 5.079470366599586 -3.9584009582834674 1.7971439356716061 1.0
human.pedestrian.adult 0 0 0 0 0 0 0 0.737 1.821 0.651 0.5599094711013956 8.3804747196306 -6.016419708772813 -1.5963342868937715 1.0
human.pedestrian.adult 0 0 0 0 0 0 0 0.597 1.917 0.673 0.726039935516207 2.147534540391095 -5.999615220821447 -1.5317173549061058 1.0
