vehicle.motorcycle 0 0 0 0 0 0 0 2.107 1.366 0.798 0.9762401460319644 -3.4547943078323606 -4.707019879199177 -1.5717281849326028 1.0
human.pedestrian.adult 0 0 0 0 0 0 0 0.805 1.855 0.718 1.6785032609826873 44.161820058149566 1.1557049854634134 2.5441672277993135 1.0
human.pedestrian.adult 0 0 0 0 0 0 0 1.056 1.734 0.639 0.8489867384238984 -1.1004421957460397 -2.8542072328243586 -2.3619179000645323 1.0
human.pedestrian.adult 0 0 0 0 0 0 0 0.481 1.772 0.543 1.7451394553450346 44.74595011256149 0.8126529527720301 2.5037967475896714 1.0
human.pedestrian.adult 0 0 0 0 0 0 0 0.818 1.895 0.737 0.9945540473651333 27.383942208645315 -4.95627009140836 -1.5484987184910848 1.0
human.pedestrian.adult 0 0 0 0 0 0 0 0.756 1.764 0.695 1.03657934798307 8.697944175318122 15.528754594263829 -2.219831560790883 1.0
human.pedestrian.adult 0 0 0 0 0 0 0 0.619 1.325 0.611 1.2010288237525566 9.654351125708423 12.09113127063395 -0.5634548614298183 1.0
human.pedestrian.adult 0 0 0 0 0 0 0 0.695 1.394 0.579 1.3981735894392777 12.843802307889945 14.177424897582 -2.2462872400689076 1.0
human.pedestrian.adult 0 0 0 0 0 0 0 0.677 1.876 0.534 0.9955147363300846 26.209184060534152 -5.334931378739283 -1.7055464100448523 1.0
human.pedestrian.adult 0 0 0 0 0 0 0 0.73 1.794 0.705 -0.5961038220293329 8.697542320253657 -23.573184034209113 -0.45236402955725197 1.0
human.pedestrian.adult 0 0 0 0 0 0 0 0.992 2.0 0.792 2.515474441681406 -29.368487087792293 58.23584558853222 -0.7665240500383028 1.0
human.pedestrian.adult 0 0 0 0 0 0 0 0.42 1.243 0.526 1.3770027589273226 10.064350001560369 13.00984292068487 2.2038332069010735 1.0
human.pedestrian.adult 0 0 0 0 0 0 0 0.521 1.343 0.666 1.3805598702463462 1.23412484138262 24.173998104464943 -0.9571309071384686 1.0
human.pedestrian.adult 0 0 0 0 0 0 0 0.688 1.271 0.616 1.2797505706816135 8.970671701597151 13.189232965199247 -2.554189216888558 1.0
vehicle.car 0 0 0 0 0 0 0 4.854 2.0 1.997 1.1478769099412267 2.9251549911045047 11.836407388579085 -2.5238647767166684 1.0
human.pedestrian.adult 0 0 0 0 0 0 0 0.579 1.463 0.695 1.463428481838184 13.460586761814612 13.273768028845423 -0.3807838499607463 1.0
human.pedestrian.adult 0 0 0 0 0 0 0 0.737 1.821 0.651 1.6219634856876572 47.914676413556776 -3.943825819374325 2.3039146813282434 1.0
