human.pedestrian.adult 0 0 0 0 0 0 0 0.461 1.794 0.476 1.2498435646906763 -22.60388613593348 -6.68213344527267 2.2539441727199643 1.0
human.pedestrian.adult 0 0 0 0 0 0 0 0.925 1.752 0.733 1.3575351358028906 -11.933273190545513 6.5005809525755085 -1.594618076535295 1.0
vehicle.car 0 0 0 0 0 0 0 4.945 1.658 2.042 2.048648349781446 -47.56393416481841 9.618415788144713 -0.3115191705814979 1.0
human.pedestrian.adult 0 0 0 0 0 0 0 0.696 1.945 0.666 1.0858031729341628 -26.40565956475509 -6.0781719019786395 1.9078753306894862 1.0
human.pedestrian.adult 0 0 0 0 0 0 0 0.637 2.0 0.637 0.6540013609019264 3.297268327539126 37.55720418005267 -1.5514662630121583 1.0
human.pedestrian.adult 0 0 0 0 0 0 0 0.525 1.758 0.592 1.0036144050926734 26.77940556625928 -20.41280123154995 -2.5629588529165215 1.0
vehicle.car 0 0 0 0 0 0 0 4.886 1.77 1.796 0.7801938951493405 -2.175867053056923 35.490820975037146 -0.4062383500703586 1.0
human.pedestrian.adult 0 0 0 0 0 0 0 0.718 1.835 0.653 1.1190639557200435 -25.913236065597225 -6.708942714402299 1.9264386828758422 1.0
human.pedestrian.adult 0 0 0 0 0 0 0 0.681 1.78 0.673 1.1288638448227029 -14.417422263499102 -5.357590062552699 -1.5754349734460833 1.0
human.pedestrian.adult 0 0 0 0 0 0 0 0.847 1.849 0.756 0.9479705566884598 -13.73855771646842 -6.416559157990789 -1.67077173755197 1.0
human.pedestrian.adult 0 0 0 0 0 0 0 0.799 1.945 0.717 1.0300270092089288 -15.332649398385623 -5.820575560698178 -1.5715797245788643 1.0
human.pedestrian.adult 0 0 0 0 0 0 0 0.974 1.878 0.672 1.0478198877606788 -6.789678635812421 10.727968150556084 2.600257836080319 1.0
vehicle.car 0 0 0 0 0 0 0 4.607 1.596 1.826 1.4725919650253418 28.349549021234427 -31.616569328894634 -0.516418581285695 1.0
human.pedestrian.adult 0 0 0 0 0 0 0 0.58 1.728 0.612 0.9941167721485569 27.365230445172482 -20.213557646421382 -2.5629588529165215 1.0
human.pedestrian.adult 0 0 0 0 0 0 0 0.666 1.747 0.586 0.6471731750012305 24.636993443517294 -15.380077223041337 -2.5629588529165215 1.0
human.pedestrian.adult 0 0 0 0 0 0 0 0.849 1.697 0.67 0.5940970556967844 7.291127729986183 -6.57906321477476 -0.7436423178660441 1.0
human.pedestrian.adult 0 0 0 0 0 0 0 0.425 1.945 0.471 0.8959318536227909 -22.74569848008459 -7.295835131611697 1.9573370905754253 1.0
human.pedestrian.adult 0 0 0 0 0 0 0 0.678 1.632 0.628 0.7971190771396188 0.04304172980174735 37.8633178352179 -2.7156818494243566 1.0
