vehicle.car 0 0 0 0 0 0 0 4.73 1.762 1.868 1.11604656715338 -10.816355128687325 -2.8283522009564566 1.6469606714102571 1.0
vehicle.car 0 0 0 0 0 0 0 4.234 1.598 1.811 1.0857684399083303 2.3909823371131087 5.778392497213464 1.5399465569409863 1.0
human.pedestrian.adult 0 0 0 0 0 0 0 0.552 1.611 0.548 0.8460247473351417 24.568526883292385 -1.9019990204178017 3.094990840718655 1.0
vehicle.car 0 0 0 0 0 0 0 4.078 1.609 2.028 1.8768469676494843 -43.1983218514861 10.928046307161518 -2.910459358508783 1.0
human.pedestrian.adult 0 0 0 0 0 0 0 0.464 1.656 0.456 2.0735253213599996 -57.55252555452375 6.980092954235248 -1.6116341369902516 1.0
human.pedestrian.adult 0 0 0 0 0 0 0 0.558 1.845 0.615 2.1550579769902716 42.57044433077359 25.811092709263605 0.6938807987563971 1.0
human.pedestrian.adult 0 0 0 0 0 0 0 0.657 1.806 0.676 1.3480801572225336 -31.100100124292965 -2.60647077694094 -1.5298068075887796 1.0
human.pedestrian.adult 0 0 0 0 0 0 0 0.991 1.667 0.627 0.8005844433447983 -1.5387220758904125 -8.349076572458122 -2.7209423862793995 1.0
human.pedestrian.adult 0 0 0 0 0 0 0 0.687 1.372 0.533 0.8071729845078399 22.01867657631381 -5.248973617352413 -0.05689222324665977 1.0
vehicle.car 0 0 0 0 0 0 0 4.405 1.625 1.757 1.3308047880827805 -18.02177826176232 -1.9278826679406293 1.7117147745236707 1.0
human.pedestrian.adult 0 0 0 0 0 0 0 0.619 1.746 0.727 0.7569185542993244 0.5537505203651909 -5.66532551767426 -2.2015138637279437 1.0
human.pedestrian.adult 0 0 0 0 0 0 0 0.935 1.727 0.644 1.8590956653901933 42.067943903756515 16.862311472080513 -2.370567407100486 1.0
human.pedestrian.adult 0 0 0 0 0 0 0 0.66 1.716 0.606 1.8850906188154735 41.4475798915345 17.597618044019093 -2.5799909199480124 1.0
human.pedestrian.adult 0 0 0 0 0 0 0 0.609 1.785 0.573 0.2685056319581665 -6.077277390388134 -20.259701820349914 -2.8837787444853715 1.0
human.pedestrian.adult 0 0 0 0 0 0 0 0.661 1.567 0.679 0.8750680365091923 0.9326978517007355 -6.296688028382 -2.190757806357893 1.0
human.pedestrian.adult 0 0 0 0 0 0 0 0.526 1.577 0.488 0.6519173448574997 10.484807723753791 11.79375955483278 -2.2484043128179314 1.0
human.pedestrian.adult 0 0 0 0 0 0 0 0.503 1.728 0.617 0.7475678241409965 23.628453652901946 -2.0937111895108385 3.1236634260351472 1.0
human.pedestrian.adult 0 0 0 0 0 0 0 0.636 1.839 0.52 1.8372048572625799 -56.931270754145494 7.486630328232212 -1.6756214118720143 1.0
human.pedestrian.adult 0 0 0 0 0 0 0 0.372 1.573 0.528 0.7822399692659858 23.781508125892184 -2.793432684571575 2.006495567367926 1.0
human.pedestrian.adult 0 0 0 0 0 0 0 0.658 1.706 0.66 1.1897663467421045 34.68203944615079 12.815746063451085 0.9168008326298178 1.0
human.pedestrian.adult 0 0 0 0 0 0 0 0.554 1.878 0.541 0.2678946879771125 -6.610622940875714 -21.463026444265687 -2.8508699370988637 1.0
human.pedestrian.adult 0 0 0 0 0 0 0 0.785 1.771 0.724 1.361013446902763 -26.872383305963286 6.19350383859229 -1.4168898442685567 1.0
human.pedestrian.adult 0 0 0 0 0 0 0 0.508 1.581 0.554 1.5133766499775378 -26.090962239512855 7.004014524059413 -1.3283813706774872 1.0
human.pedestrian.adult 0 0 0 0 0 0 0 0.457 1.696 0.535 0.6358537439212272 10.161919851472097 12.32659384676441 -2.27864523781187 1.0
human.pedestrian.adult 0 0 0 0 0 0 0 0.769 1.36 0.462 0.6405676802922748 20.69218596332361 -12.497215840557779 -0.029436660924950786 1.0
human.pedestrian.adult 0 0 0 0 0 0 0 0.714 1.67 0.678 1.420900134350823 -29.238998110778947 -0.1632289661032907 2.326227967902449 1.0
human.pedestrian.adult 0 0 0 0 0 0 0 0.675 1.821 0.706 -0.3430010772143474 -10.608387367172627 -38.30610312152121 -0.38379584220375307 1.0
human.pedestrian.adult 0 0 0 0 0 0 0 0.457 1.685 0.465 0.3914308491263787 -5.526126199528786 -20.521168368494095 -2.905593850910579 1.0
