human.pedestrian.adult 0 0 0 0 0 0 0 0.495 1.744 0.457 0.3479188641778657 11.402487452414286 -11.410203603918616 0.5437496580775418 1.0
human.pedestrian.adult 0 0 0 0 0 0 0 0.492 1.779 0.531 0.0019328885116593475 21.79599310690275 -12.757841134844607 -1.8054935442332551 1.0
human.pedestrian.adult 0 0 0 0 0 0 0 0.372 1.573 0.528 0.8506747747758999 3.4833881539256217 -3.752064874760198 -0.576356308588295 1.0
vehicle.car 0 0 0 0 0 0 0 4.078 1.609 2.028 4.049115055600237 -61.306237922336045 4.591688757040878 2.33440222253682 1.0
human.pedestrian.adult 0 0 0 0 0 0 0 0.558 1.845 0.615 2.049761005720308 24.35691828258855 28.16918280102083 0.6489104879337666 1.0
human.pedestrian.adult 0 0 0 0 0 0 0 0.503 1.728 0.617 0.7941624892704275 2.6940062734794625 -3.9438475862080487 -0.7877291212760529 1.0
vehicle.car 0 0 0 0 0 0 0 4.234 1.598 1.811 1.5389603923197206 -13.509779562791305 4.804296025775223 1.655215791534249 1.0
human.pedestrian.adult 0 0 0 0 0 0 0 0.66 1.716 0.606 1.1358223330655488 18.18065883689586 14.088111983710178 -2.331313055410299 1.0
vehicle.car 0 0 0 0 0 0 0 4.405 1.625 1.757 2.7570822947713802 -39.0536507575907 -1.9750052224556707 1.727737564277695 1.0
human.pedestrian.adult 0 0 0 0 0 0 0 0.687 1.372 0.533 0.9748855274555658 0.8376177559189584 -5.759066541413906 -0.07260838313853313 1.0
vehicle.car 0 0 0 0 0 0 0 4.73 1.762 1.868 2.1977035182997255 -31.794844728932127 -3.0206530707978607 1.6629850661792451 1.0
human.pedestrian.adult 0 0 0 0 0 0 0 0.658 1.706 0.66 1.189249729650263 16.581005321562827 14.429030073838227 0.7002682359766395 1.0
human.pedestrian.adult 0 0 0 0 0 0 0 0.769 1.36 0.462 0.8851045042307999 -0.7233222875099021 -12.991488442042384 -0.025845766557450744 1.0
human.pedestrian.adult 0 0 0 0 0 0 0 0.457 1.696 0.535 1.1256842069125381 -10.774561877533992 11.849284032069477 -2.262661357472699 1.0
human.pedestrian.adult 0 0 0 0 0 0 0 0.526 1.577 0.488 1.1989729754067442 -10.426033113279916 11.293477899591549 -2.232421006031794 1.0
human.pedestrian.adult 0 0 0 0 0 0 0 0.534 1.265 0.402 0.5369695431290167 5.813461818919192 -24.52387846297008 1.9944316876594117 1.0
human.pedestrian.adult 0 0 0 0 0 0 0 0.667 1.784 0.732 1.9553014387305678 24.175258305039012 26.339237981426443 0.7002682359766395 1.0
human.pedestrian.adult 0 0 0 0 0 0 0 0.552 1.611 0.548 0.9361158911387647 3.8421100174901786 -2.978131776724231 -2.4830484501784413 1.0
human.pedestrian.adult 0 0 0 0 0 0 0 0.935 1.727 0.644 1.0885405452266639 18.792992642803785 13.324559272575625 -2.354581835680781 1.0
human.pedestrian.adult 0 0 0 0 0 0 0 0.528 1.53 0.558 0.46197774153039606 12.108094571458277 -10.59888543818365 0.6200177344593154 1.0
vehicle.motorcycle 0 0 0 0 0 0 0 1.488 1.548 0.858 2.253044373701348 60.330639618882536 -1.2579681669367926 1.6641958700253916 1.0
human.pedestrian.adult 0 0 0 0 0 0 0 0.54 1.615 0.528 0.4813632059146828 11.457631191755963 -10.708089812806326 0.6490817173590391 1.0
