human.pedestrian.adult 0 0 0 0 0 0 0 0.56 1.688 0.563 2.103185234642595 -59.89004143639195 7.379820902168421 1.9079428569173444 1.0
human.pedestrian.adult 0 0 0 0 0 0 0 1.042 1.838 0.795 1.55120855442655 -42.12074365700484 -1.1596423228809536 2.2171916740662603 1.0
human.pedestrian.adult 0 0 0 0 0 0 0 0.784 1.763 0.382 0.41267195434718673 -10.450083655752998 -11.320689291347076 1.8599000625534812 1.0
human.pedestrian.adult 0 0 0 0 0 0 0 0.972 1.681 0.481 0.4545415229384935 -11.218604743706807 -10.332869835881569 -1.5427259181202446 1.0
human.pedestrian.adult 0 0 0 0 0 0 0 0.621 1.505 0.388 2.3393461099007054 11.915107175920644 41.83632182441397 -1.5088176383270593 1.0
human.pedestrian.adult 0 0 0 0 0 0 0 0.831 1.681 0.54 2.451256583080289 -59.849424400150504 17.241245879967725 -1.5455667504381454 1.0
human.pedestrian.adult 0 0 0 0 0 0 0 0.588 1.739 0.539 2.768647096739434 -57.612081341825856 20.97329964447931 -1.2827546644520567 1.0
human.pedestrian.adult 0 0 0 0 0 0 0 0.658 1.717 0.606 1.5010385315889798 -40.777619446542694 0.5753891823310988 2.297338905690049 1.0
human.pedestrian.adult 0 0 0 0 0 0 0 0.857 1.661 0.552 0.5102410704897092 -10.303703813461588 -9.82311317997718 -1.5601545219171884 1.0
vehicle.car 0 0 0 0 0 0 0 4.588 1.896 1.79 0.05562671299583255 28.26127746012928 3.8333275771726893 -0.474743714766376 1.0
human.pedestrian.adult 0 0 0 0 0 0 0 0.784 1.581 0.505 0.8468052850961825 12.595455707520376 9.61621157069438 2.73673615255556 1.0
human.pedestrian.adult 0 0 0 0 0 0 0 0.294 1.695 0.555 0.06778326127524287 10.52212027710383 -10.472001487698266 1.8108579354876335 1.0
human.pedestrian.adult 0 0 0 0 0 0 0 0.524 1.775 0.709 -0.004426936412183918 10.610023031252146 -11.120297556761743 1.8094283699274758 1.0
human.pedestrian.adult 0 0 0 0 0 0 0 0.712 1.711 0.574 0.4783564067534445 -10.702616555157269 -9.127172095738507 1.6397427515435448 1.0
human.pedestrian.adult 0 0 0 0 0 0 0 1.006 1.709 0.673 0.5327873260686641 -7.855530675129305 -10.006715879053916 -1.5427259181202446 1.0
human.pedestrian.adult 0 0 0 0 0 0 0 0.589 1.61 0.538 1.1775898743543214 -30.309065828792093 -5.409489021810866 -1.7109110483466115 1.0
human.pedestrian.adult 0 0 0 0 0 0 0 0.802 1.613 0.453 2.207109731217342 13.212704453371236 40.78348525319041 -1.4131768446443438 1.0
human.pedestrian.adult 0 0 0 0 0 0 0 0.558 2.0 0.721 2.681040455279149 -59.66710074427472 19.371642898503268 1.6596662154438153 1.0
human.pedestrian.adult 0 0 0 0 0 0 0 0.524 1.939 0.494 0.029241173553779337 10.673907056455334 -11.68028799390787 1.8442963230772387 1.0
vehicle.car 0 0 0 0 0 0 0 4.337 1.843 2.637 1.4408214793004335 -29.585262648030234 -1.1568914535384436 1.628838711367373 1.0
human.pedestrian.adult 0 0 0 0 0 0 0 1.105 1.862 0.482 0.4228208525241264 -10.128142707424882 -10.56177887130048 -1.5194884776289195 1.0
human.pedestrian.adult 0 0 0 0 0 0 0 0.475 1.564 0.606 0.5644464754964984 -22.906419884533026 -9.58153626463803 1.8357012766165512 1.0
human.pedestrian.adult 0 0 0 0 0 0 0 0.707 1.684 0.648 0.7539876661717073 -22.705216871734553 -8.573363419993694 1.609082830665459 1.0
human.pedestrian.adult 0 0 0 0 0 0 0 0.63 1.471 0.463 1.4825235564645494 -34.46790475516893 -2.982213340318017 2.344720397968019 1.0
human.pedestrian.adult 0 0 0 0 0 0 0 0.601 1.628 0.532 2.727973361031243 -59.81283804204744 17.550732976954265 -1.4061547903405138 1.0
human.pedestrian.adult 0 0 0 0 0 0 0 0.528 1.703 0.61 0.1200518259503473 10.995466658461906 -9.53368000739327 1.755652494144825 1.0
human.pedestrian.adult 0 0 0 0 0 0 0 0.42 1.74 0.626 0.09837319196594985 10.641455792197776 -8.961333658234343 2.185733402120843 1.0
human.pedestrian.adult 0 0 0 0 0 0 0 0.882 1.616 0.455 0.8475628296633942 13.127174264096155 9.601218148164303 2.6960413557565417 1.0
human.pedestrian.adult 0 0 0 0 0 0 0 0.907 1.642 0.555 1.1160512634743671 11.903748939598323 12.737889861348073 2.73673615255556 1.0
human.pedestrian.adult 0 0 0 0 0 0 0 0.51 1.542 0.639 0.6478903865181438 -23.09190700421878 -10.667594569769093 1.712501326803081 1.0
human.pedestrian.adult 0 0 0 0 0 0 0 0.945 1.807 0.372 0.6377005172614988 11.361468356873978 8.646894587188322 2.376285240511569 1.0
human.pedestrian.adult 0 0 0 0 0 0 0 0.612 1.876 0.747 1.1770649566707738 -30.11850267699498 -2.9527073038638996 2.2277592393918297 1.0
human.pedestrian.adult 0 0 0 0 0 0 0 0.686 1.707 0.381 0.5716698071906913 -21.79151079560138 -8.886609975815286 -1.4248340130040438 1.0
human.pedestrian.adult 0 0 0 0 0 0 0 0.523 1.743 0.698 0.39167732317032966 -3.8087276836271613 -11.330939997188947 -0.07490553813147116 1.0
human.pedestrian.adult 0 0 0 0 0 0 0 0.953 1.13 0.633 2.3135268189314138 7.264804423601426 33.13351723761636 -1.2244080546209233 1.0
