human.pedestrian.adult 0 0 0 0 0 0 0 0.528 1.53 0.558 1.3835069892337626 -26.121631577405083 -8.07174061872676 -0.27261437484484574 1.0
vehicle.motorcycle 0 0 0 0 0 0 0 1.488 1.548 0.858 0.4581486774403885 19.914367161898987 -1.1801662652430724 1.64443965042393 1.0
human.pedestrian.adult 0 0 0 0 0 0 0 0.935 1.727 0.644 1.7466216145166231 -27.532071198832046 8.06981921430102 -2.3761915699907803 1.0
human.pedestrian.adult 0 0 0 0 0 0 0 0.503 1.728 0.617 1.849751889587453 -36.97002618347626 -4.891329456021141 -0.08217122302511015 1.0
human.pedestrian.adult 0 0 0 0 0 0 0 0.372 1.573 0.528 2.0249617234760713 -36.34953395796729 -4.57245187419458 -0.22228093685390782 1.0
human.pedestrian.adult 0 0 0 0 0 0 0 0.492 1.779 0.531 0.47681420740595887 -17.99366348378999 -13.236843509140016 -1.8276155645120493 1.0
human.pedestrian.adult 0 0 0 0 0 0 0 0.552 1.611 0.548 2.2319269465186147 -35.97305988781164 -3.6932228534318225 -2.6789432391093104 1.0
human.pedestrian.adult 0 0 0 0 0 0 0 0.66 1.716 0.606 1.8073263758035694 -27.834049545298537 8.964416894949949 -2.2933646933454916 1.0
vehicle.car 0 0 0 0 0 0 0 4.234 1.598 1.811 1.313458851956828 -12.583243172984295 0.6260936904278082 1.6173216283495098 1.0
human.pedestrian.adult 0 0 0 0 0 0 0 0.54 1.615 0.528 1.343747263652845 -26.83289177658638 -8.698696831936516 0.5286005897612558 1.0
