movable_object.barrier 0 0 0 0 0 0 0 2.175 1.073 0.605 0.9654217674976385 11.648352513815928 -23.7043223554463 -1.1381759848698962 1.0
movable_object.barrier 0 0 0 0 0 0 0 2.255 1.082 0.607 1.0993441677402214 9.909895633865386 -23.932176403612544 -2.6781449924176943 1.0
vehicle.car 0 0 0 0 0 0 0 4.32 1.566 2.002 0.7960580085390434 14.124073655313213 -34.66055979111259 0.506796670902883 1.0
vehicle.car 0 0 0 0 0 0 0 4.674 1.699 1.961 1.5416706823576982 -37.8461844524637 -1.1858725490830044 1.5533819219268423 1.0
vehicle.construction 0 0 0 0 0 0 0 7.595 2.88 1.983 0.21145866750244893 9.521006621315793 -27.902955001618928 -2.6576127857733747 1.0
movable_object.barrier 0 0 0 0 0 0 0 2.224 1.037 0.65 0.8179207576251544 12.598394849365956 -25.115332281970268 -2.665776817645452 1.0
vehicle.motorcycle 0 0 0 0 0 0 0 1.959 1.679 0.912 1.0558266183769227 6.974776422291574 -4.821639429556945 2.6431490420322286 1.0
vehicle.car 0 0 0 0 0 0 0 4.143 1.709 1.762 1.1726087163403662 -7.825441016262767 0.17010672916422934 1.5975770807897218 1.0
vehicle.car 0 0 0 0 0 0 0 4.132 1.824 1.877 2.6842800897124692 -3.7787104917427774 -62.2047774448433 0.8318724144690957 1.0
movable_object.barrier 0 0 0 0 0 0 0 2.084 1.045 0.609 1.1479197734097495 8.926291732384023 -25.897700704028367 -2.672231293044697 1.0
vehicle.car 0 0 0 0 0 0 0 4.399 1.696 1.907 1.2393902211314494 -14.807303954061682 -0.6842024352532836 1.5374903458868632 1.0
