human.pedestrian.adult 0 0 0 0 0 0 0 0.588 1.739 0.539 1.1061770753565496 -22.85053396410607 18.102548289698554 -0.7959187330506339 1.0
human.pedestrian.adult 0 0 0 0 0 0 0 0.589 1.87 0.532 1.6979184190784522 -34.47592819192231 11.821515155731895 2.528185435038802 1.0
human.pedestrian.adult 0 0 0 0 0 0 0 0.91 1.701 0.638 1.1022852016155351 -12.67951669245192 5.022702552342582 2.561983753569094 1.0
human.pedestrian.adult 0 0 0 0 0 0 0 0.831 1.681 0.54 1.3928736516600393 -24.08699463652486 14.927040758815096 -1.2961930204688557 1.0
human.pedestrian.adult 0 0 0 0 0 0 0 0.63 1.471 0.463 1.2347115835325173 -9.882562670979608 -0.014754390911847508 2.742594254968097 1.0
human.pedestrian.adult 0 0 0 0 0 0 0 0.645 1.687 0.469 1.4245687736220516 -12.167448650812057 -8.183627771405467 -1.4782806963079587 1.0
vehicle.car 0 0 0 0 0 0 0 4.337 1.843 2.637 0.921453343166941 -1.2853855062112272 -3.382215314579785 1.6940920014220282 1.0
human.pedestrian.adult 0 0 0 0 0 0 0 0.891 1.776 0.612 1.219819972856528 -18.552467039817408 3.563878095826568 2.397058483816741 1.0
human.pedestrian.adult 0 0 0 0 0 0 0 0.485 1.643 0.526 1.2175067648330198 -10.49486209223706 -0.05315247603741212 2.7251538230431294 1.0
human.pedestrian.adult 0 0 0 0 0 0 0 0.712 1.711 0.574 0.5153562715645092 11.522961878990856 -12.36604520101587 -1.575515187852747 1.0
human.pedestrian.adult 0 0 0 0 0 0 0 0.784 1.581 0.505 -0.05462793516182951 37.64938049143901 10.559745919274706 2.934057830274895 1.0
human.pedestrian.adult 0 0 0 0 0 0 0 0.589 1.61 0.538 1.0608557656325617 -1.4067918434435323 -8.315960389661214 -0.13397421675723464 1.0
human.pedestrian.adult 0 0 0 0 0 0 0 0.475 1.564 0.606 1.1968196347955018 -1.2681098980946957 -10.972788412758833 2.0504108710888875 1.0
human.pedestrian.adult 0 0 0 0 0 0 0 0.814 1.89 0.579 1.486687813543368 -12.766854677897305 -9.358576553086161 -1.5262043847242648 1.0
human.pedestrian.adult 0 0 0 0 0 0 0 0.973 1.766 0.485 2.2343600690206937 -38.54113636650604 -2.6297202881153097 3.036243950627524 1.0
static_object.bicycle_rack 0 0 0 0 0 0 0 2.104 1.201 5.255 1.853144806221868 -30.37284126174861 -9.106934581699 -2.4710815186631407 1.0
vehicle.bicycle 0 0 0 0 0 0 0 1.646 1.196 0.413 1.7869067873150937 -28.253295698983983 -12.017962773286278 -0.9136174593172655 1.0
human.pedestrian.adult 0 0 0 0 0 0 0 0.658 1.717 0.606 1.175144522442745 -16.62500385749718 5.321206404632447 2.6516080706816734 1.0
human.pedestrian.adult 0 0 0 0 0 0 0 0.707 1.684 0.648 1.1426327832288927 -0.8484704024679522 -10.492445328258336 2.0504108710888875 1.0
human.pedestrian.adult 0 0 0 0 0 0 0 0.686 1.707 0.381 0.5494163799186569 10.085591643989668 -13.29278503319745 -1.1685667200064813 1.0
human.pedestrian.adult 0 0 0 0 0 0 0 0.601 1.628 0.532 1.3482432460722533 -23.36275331255027 15.884544613399946 -1.1394541769034632 1.0
human.pedestrian.adult 0 0 0 0 0 0 0 0.51 1.542 0.639 1.2421608347011903 -0.7941432287112244 -12.050878748447237 1.9969342624909814 1.0
human.pedestrian.adult 0 0 0 0 0 0 0 1.042 1.838 0.795 1.2237831972774376 -19.276062895369346 3.051486321224374 2.3621805255367514 1.0
human.pedestrian.adult 0 0 0 0 0 0 0 0.907 1.642 0.555 -0.058877806809038535 38.547903239866834 13.766889166644363 2.689889417143652 1.0
human.pedestrian.adult 0 0 0 0 0 0 0 0.809 1.643 0.374 0.6517935637011021 9.931354616529992 -13.91216847792391 -1.3311263061071124 1.0
vehicle.bicycle 0 0 0 0 0 0 0 1.551 1.115 0.616 1.778999602614066 -29.79280849817997 -7.16962627325439 -2.9644679772701377 1.0
human.pedestrian.adult 0 0 0 0 0 0 0 0.558 2.0 0.721 1.9361244802115656 -38.26942183941642 23.02521636644183 2.1225177141449176 1.0
