human.pedestrian.adult 0 0 0 0 0 0 0 0.579 1.557 0.637 -0.06759014028889965 62.63973728615105 -2.6015707243689294 2.241183668364142 1.0
vehicle.construction 0 0 0 0 0 0 0 7.595 2.88 1.983 4.56837466407441 -77.08333077991526 7.38952388723792 -1.5081430082617935 1.0
movable_object.trafficcone 0 0 0 0 0 0 0 0.349 0.761 0.354 -0.2524230622417555 8.08075913285324 -12.082772423464785 -1.5354249891529905 1.0
human.pedestrian.adult 0 0 0 0 0 0 0 0.924 1.679 0.608 0.18822352411823062 60.6466750833544 10.395708661136629 -0.5659255535323737 1.0
vehicle.car 0 0 0 0 0 0 0 4.674 1.699 1.961 3.4006911849956607 -54.29403499075215 20.631820090189873 -3.1391860681274313 1.0
vehicle.bicycle 0 0 0 0 0 0 0 1.484 1.131 0.601 -0.24580168390750246 44.16818072462089 -5.960104457995783 -2.9156562952943137 1.0
human.pedestrian.adult 0 0 0 0 0 0 0 0.52 1.759 0.658 -0.10413583521119585 62.99018666196609 3.352659003074791 2.5256792432975654 1.0
movable_object.barrier 0 0 0 0 0 0 0 2.175 1.073 0.605 4.930143316381102 -72.30554374887184 6.664006466219384 -0.04751025171859524 1.0
vehicle.car 0 0 0 0 0 0 0 4.4 1.634 1.795 -0.17147272183322992 1.3566314613704968 -9.90153146933175 1.577852074692979 1.0
vehicle.car 0 0 0 0 0 0 0 4.557 1.759 1.867 -0.15630611891498414 72.03762764216417 -0.29961083516721115 1.638855555126323 1.0
human.pedestrian.adult 0 0 0 0 0 0 0 0.897 1.821 0.641 0.5276991755924249 31.9173945530254 14.527133535403886 2.702012839833394 1.0
human.pedestrian.adult 0 0 0 0 0 0 0 0.724 1.766 0.695 -0.3916688163430275 72.08863489715657 -7.159495794887622 1.8754002649393184 1.0
human.pedestrian.adult 0 0 0 0 0 0 0 0.606 1.833 0.505 0.31416748344329437 48.30495022023019 21.360468919439235 2.752026174548579 1.0
human.pedestrian.adult 0 0 0 0 0 0 0 0.698 1.832 0.756 -0.6312335246089952 5.730210438122083 -11.619364970678282 -1.454630109082938 1.0
human.pedestrian.adult 0 0 0 0 0 0 0 0.58 1.713 0.585 0.41564800487284415 3.424491256068772 -4.077327307238659 -2.6735073897688792 1.0
human.pedestrian.adult 0 0 0 0 0 0 0 0.718 1.664 0.509 0.1431010542158171 58.786903979149336 8.328779440608256 2.3727578671464826 1.0
human.pedestrian.adult 0 0 0 0 0 0 0 0.838 1.737 0.575 0.6768244143889572 47.677205115873186 19.22321974482422 2.317953896733046 1.0
human.pedestrian.adult 0 0 0 0 0 0 0 0.801 1.777 0.578 0.3339091904507179 60.452045559574046 12.776682628885524 -0.6513095317637791 1.0
human.pedestrian.adult 0 0 0 0 0 0 0 0.689 1.776 0.635 0.9514985196457038 30.494471873189312 23.695824181466058 2.288356546378215 1.0
human.pedestrian.adult 0 0 0 0 0 0 0 1.079 1.972 0.611 0.3745879968809187 41.27270173899313 15.43010774496657 2.354449122290313 1.0
human.pedestrian.adult 0 0 0 0 0 0 0 0.812 1.67 0.505 0.2896300140883068 59.90549331271645 12.401202941025248 -0.6739567489402258 1.0
human.pedestrian.adult 0 0 0 0 0 0 0 0.716 1.668 0.676 -0.05536350090255748 62.5753782965445 2.572192937584152 2.488386513371646 1.0
human.pedestrian.adult 0 0 0 0 0 0 0 0.705 1.607 0.632 0.20906110160988423 59.86377044554222 10.245385264899326 -0.5777117558658595 1.0
vehicle.car 0 0 0 0 0 0 0 4.32 1.566 2.002 4.211974131909594 -66.61887781091754 -0.3827744678373359 1.5836086873953237 1.0
movable_object.pushable_pullable 0 0 0 0 0 0 0 0.514 1.051 1.034 1.5898627274505537 -9.099430620243837 21.925792690586636 -0.4597126843064778 1.0
human.pedestrian.adult 0 0 0 0 0 0 0 0.869 1.835 0.5 1.559782708194676 -15.297932802440622 18.907462210048728 -1.5468333082745955 1.0
