human.pedestrian.adult 0 0 0 0 0 0 0 0.924 1.679 0.608 1.1014286157653235 18.395339569053466 14.602349090209806 -0.9996793701389031 1.0
human.pedestrian.adult 0 0 0 0 0 0 0 0.838 1.862 0.766 1.756058994915298 0.6928995316660753 38.365352789014246 -1.5744491690282478 1.0
human.pedestrian.adult 0 0 0 0 0 0 0 0.535 1.713 0.582 0.2124322135161537 33.86366922586292 -5.852118319748773 -0.0658511013576053 1.0
human.pedestrian.adult 0 0 0 0 0 0 0 0.801 1.777 0.578 1.191829549951125 17.506288622695237 16.73829058891183 -1.2125542736376538 1.0
human.pedestrian.adult 0 0 0 0 0 0 0 0.67 1.722 0.68 -0.35641819446749223 39.95918626594428 -9.810912230451422 1.6388585850385313 1.0
human.pedestrian.adult 0 0 0 0 0 0 0 0.665 1.754 0.632 0.019613589188802627 31.080384475199146 -10.601467009288783 -0.7210294213200754 1.0
human.pedestrian.adult 0 0 0 0 0 0 0 0.892 1.656 0.956 0.06500810814830793 33.74538773046305 -15.239904460314776 2.42316616877575 1.0
human.pedestrian.adult 0 0 0 0 0 0 0 0.52 1.759 0.658 0.4769672708998628 28.987313228489217 -2.6494206458662304 2.407064690277135 1.0
human.pedestrian.adult 0 0 0 0 0 0 0 0.855 1.812 0.727 1.744745163908352 -3.8398400407515423 19.768263098262466 2.5069015717593226 1.0
human.pedestrian.adult 0 0 0 0 0 0 0 0.573 1.917 0.617 -0.11914962989459077 30.091356185356805 -11.064610411402054 -0.8596389481473299 1.0
human.pedestrian.adult 0 0 0 0 0 0 0 0.689 1.776 0.635 1.7323986904778714 -4.486009251045957 19.06901070015345 2.630622585296403 1.0
human.pedestrian.adult 0 0 0 0 0 0 0 0.897 1.821 0.641 1.099160525775353 -4.0965380288111035 7.753189581303354 3.0500322931151143 1.0
human.pedestrian.adult 0 0 0 0 0 0 0 0.724 1.766 0.695 -0.1787075521800725 39.211468833032825 -8.364368913388855 1.6421371712868726 1.0
human.pedestrian.adult 0 0 0 0 0 0 0 0.606 1.833 0.505 1.1662382650611074 12.725065785295266 15.284733825224237 2.6755268869868924 1.0
static_object.bicycle_rack 0 0 0 0 0 0 0 2.057 1.189 5.257 0.5000903788592296 4.972200664794314 -7.876604962009745 -2.538853051542411 1.0
human.pedestrian.adult 0 0 0 0 0 0 0 0.579 1.557 0.637 0.29414380652833705 29.006549127481623 -5.487985699033949 1.9025625867667628 1.0
human.pedestrian.adult 0 0 0 0 0 0 0 0.835 1.991 0.715 2.448091829869425 -6.027219174466409 42.69126091689144 -0.9877862748536685 1.0
human.pedestrian.adult 0 0 0 0 0 0 0 0.718 1.664 0.509 0.6248190224369801 23.765014106580434 4.17704210880232 2.5417218768890475 1.0
vehicle.car 0 0 0 0 0 0 0 4.557 1.759 1.867 0.38780529614651926 33.76108465967783 -0.3761260180130827 1.6323886327145036 1.0
human.pedestrian.adult 0 0 0 0 0 0 0 0.836 1.738 0.559 0.9702927422797778 8.95317577322039 11.000460247485188 2.1521874760529993 1.0
human.pedestrian.adult 0 0 0 0 0 0 0 0.47 1.692 0.526 1.1937556571737322 30.318274233910643 19.7433479907126 -1.4684585013721234 1.0
human.pedestrian.adult 0 0 0 0 0 0 0 1.079 1.972 0.611 0.9502966920836386 8.082282191488975 11.081420282536314 2.190807879128979 1.0
human.pedestrian.adult 0 0 0 0 0 0 0 0.812 1.67 0.505 1.1999179273115195 17.27754187739443 16.08675509128648 -1.1304997071022775 1.0
human.pedestrian.adult 0 0 0 0 0 0 0 0.716 1.668 0.676 0.414897918340456 28.44321243481645 -3.4440600117406888 2.5613825187346055 1.0
vehicle.bicycle 0 0 0 0 0 0 0 1.484 1.131 0.601 0.537861159601243 5.932424788110562 -6.1130151567761475 -2.9224785365801527 1.0
human.pedestrian.adult 0 0 0 0 0 0 0 0.705 1.607 0.632 1.0813332305375556 17.775716584208602 14.071451235491642 -1.0435477822229462 1.0
human.pedestrian.adult 0 0 0 0 0 0 0 0.838 1.737 0.575 1.078734968543362 15.112830614355673 13.56759454892767 2.3403915027641906 1.0
human.pedestrian.adult 0 0 0 0 0 0 0 0.529 1.733 0.551 1.2010337933131052 30.395877732935684 20.35574796268642 -1.5278896822718204 1.0
human.pedestrian.adult 0 0 0 0 0 0 0 0.867 1.804 0.697 2.4198987451999523 -3.4895102127460547 43.716293782502056 2.2839764692717823 1.0
human.pedestrian.adult 0 0 0 0 0 0 0 0.692 1.543 0.554 0.7134275042530484 24.359173598593358 4.572243367657941 2.47393061552709 1.0
human.pedestrian.adult 0 0 0 0 0 0 0 0.869 1.835 0.5 3.3940510203930456 -62.02430788331345 18.552984500722612 -1.5583187913479604 1.0
