human.pedestrian.adult 0 0 0 0 0 0 0 0.772 1.65 0.682 0.27837551411074823 10.309217842158723 -5.889744239272817 -1.2532623465551538 1.0
vehicle.car 0 0 0 0 0 0 0 4.931 1.775 1.838 1.186302764567621 -8.475355572260858 2.961255407442969 -1.5506767554035914 1.0
human.pedestrian.adult 0 0 0 0 0 0 0 0.807 2.0 0.797 1.5025886694239146 -45.81497011365956 4.712251160196009 2.4531627179703257 1.0
human.pedestrian.adult 0 0 0 0 0 0 0 0.872 1.53 0.725 0.40091469588716244 -9.511953464570755 -11.134503259306202 1.801790227196438 1.0
human.pedestrian.adult 0 0 0 0 0 0 0 0.906 1.633 0.609 0.4980293411444837 -4.188132819470515 -10.420254363975374 -1.631760441904289 1.0
human.pedestrian.adult 0 0 0 0 0 0 0 0.675 1.8 0.655 -1.0578222741845247 14.071527782885623 -28.750175761456838 2.741640527400987 1.0
human.pedestrian.adult 0 0 0 0 0 0 0 0.666 1.821 0.782 2.215070674748645 6.026949676123628 42.91096575770293 -1.5977694998114433 1.0
human.pedestrian.adult 0 0 0 0 0 0 0 0.669 1.943 0.923 -0.31644705972379483 25.70505485641412 -7.869646442953791 -1.552694529909254 1.0
human.pedestrian.adult 0 0 0 0 0 0 0 0.796 2.0 0.803 1.3507304253162065 -46.9705431038782 -0.7114898124144194 -0.5206514270309945 1.0
human.pedestrian.adult 0 0 0 0 0 0 0 0.848 1.719 0.763 -0.20667814626676367 24.63487012413474 -7.194794292898133 -1.6267750167806039 1.0
human.pedestrian.adult 0 0 0 0 0 0 0 0.788 2.0 0.551 0.5425102313447799 -18.27445151235485 -10.321506539192878 1.657964630130639 1.0
human.pedestrian.adult 0 0 0 0 0 0 0 0.811 2.0 0.803 1.5779764531608258 -46.90800922341358 0.5734809096733555 -0.37046284129565166 1.0
human.pedestrian.adult 0 0 0 0 0 0 0 0.81 2.0 0.801 -0.948181805702476 63.36121113460976 19.67313957376607 -0.813392322686985 1.0
human.pedestrian.adult 0 0 0 0 0 0 0 0.806 2.0 0.635 0.5711836583377817 -18.120163345493868 -9.691772471390326 1.6666807365232454 1.0
human.pedestrian.adult 0 0 0 0 0 0 0 0.679 1.661 0.603 -0.2137867482861472 24.760636314003992 -8.419785041133766 -1.6354908138433464 1.0
human.pedestrian.adult 0 0 0 0 0 0 0 0.814 2.0 0.811 2.464185861058198 2.6469405336999454 41.08906405314191 -1.6217721897420363 1.0
human.pedestrian.adult 0 0 0 0 0 0 0 0.568 1.798 0.62 -1.0073358787295572 13.13972880871372 -29.34904452471474 2.706757974926443 1.0
human.pedestrian.adult 0 0 0 0 0 0 0 0.929 1.862 0.666 0.3459024914231182 -4.543883092487149 -10.880264325652858 -1.6361897415949498 1.0
human.pedestrian.adult 0 0 0 0 0 0 0 0.848 2.0 0.636 0.44801135912339207 -23.541176191632044 -10.349526457856033 -1.568193925923997 1.0
human.pedestrian.adult 0 0 0 0 0 0 0 0.803 1.862 0.796 -0.8273708252299458 60.529239604253036 17.99825421701892 -0.7500179520845087 1.0
human.pedestrian.adult 0 0 0 0 0 0 0 0.857 1.685 0.47 0.42754716262060577 -4.539742039945212 -9.811921216277876 -1.6152607891978938 1.0
vehicle.bicycle 0 0 0 0 0 0 0 1.863 1.447 0.475 1.090475860499395 32.3517006126395 26.53588283778538 2.5084238643750894 1.0
human.pedestrian.adult 0 0 0 0 0 0 0 0.604 1.737 0.495 -1.0613639445815721 14.643958187245332 -29.471400337255044 2.7715399935321194 1.0
human.pedestrian.adult 0 0 0 0 0 0 0 0.775 1.655 0.667 -0.18398708215179305 7.927596579593402 -13.49853776987117 2.883075572239509 1.0
human.pedestrian.adult 0 0 0 0 0 0 0 0.628 1.374 0.679 1.4064856990403245 -8.647260313564049 33.16055450916529 -0.7760969441522967 1.0
human.pedestrian.adult 0 0 0 0 0 0 0 0.799 2.0 0.796 1.5763442681970716 -46.6393433523719 4.55211723204682 2.4201541654853767 1.0
human.pedestrian.adult 0 0 0 0 0 0 0 0.602 1.64 0.731 0.3477500738387981 10.732783484299631 -5.217559504798603 -1.2223202258913997 1.0
human.pedestrian.adult 0 0 0 0 0 0 0 0.601 1.8 0.608 -1.1615931012991367 15.292642897212161 -29.786041820850187 2.7344708857040683 1.0
human.pedestrian.adult 0 0 0 0 0 0 0 0.81 2.0 0.798 1.6058061935148888 -47.6141352470209 5.95127939458676 2.6193780353106852 1.0
human.pedestrian.adult 0 0 0 0 0 0 0 0.793 1.794 0.793 2.2873126300121673 3.6994330108626943 37.957085533794334 1.8067823373112706 1.0
human.pedestrian.adult 0 0 0 0 0 0 0 0.597 1.746 0.602 -3.189011572221226 43.042619460035645 -34.89767884889831 -2.0029266908306615 1.0
human.pedestrian.adult 0 0 0 0 0 0 0 1.051 1.515 0.483 3.2691249085854333 -2.2172279024734265 41.335963940343014 -1.1973821529063216 1.0
human.pedestrian.adult 0 0 0 0 0 0 0 0.798 1.878 0.796 1.354009784036632 -43.68487031758189 -1.8697318368624756 -0.6335557542504002 1.0
vehicle.car 0 0 0 0 0 0 0 4.481 1.637 1.783 1.1511953544263451 -0.48983285272072513 3.520858271500768 1.5718197273836774 1.0
human.pedestrian.adult 0 0 0 0 0 0 0 0.661 1.008 0.594 1.6582646421019258 -8.666885984791652 31.239855887085387 -1.3232248129863482 1.0
human.pedestrian.adult 0 0 0 0 0 0 0 0.71 2.0 0.712 -3.7400853956524616 45.95271250778456 -45.09674552651999 3.0072930293948303 1.0
human.pedestrian.adult 0 0 0 0 0 0 0 0.817 1.862 0.636 0.5578562143975023 -23.622538996305096 -9.519071641634529 1.6100275958556258 1.0
human.pedestrian.adult 0 0 0 0 0 0 0 0.592 1.862 0.875 -1.0761233661462648 13.95452658818044 -29.841238450063965 2.776523249266843 1.0
vehicle.car 0 0 0 0 0 0 0 4.003 1.514 1.998 0.4785137432965486 30.464068745690216 15.503483538358955 -1.7671746727413744 1.0
human.pedestrian.adult 0 0 0 0 0 0 0 0.726 1.983 0.795 1.267202441243331 -11.225727800765538 36.842951363327266 -0.12653667847409267 1.0
vehicle.car 0 0 0 0 0 0 0 3.921 1.738 1.895 1.2828766099357112 -20.751375682805634 -0.1873632957169216 -1.5509864699970413 1.0
