human.pedestrian.adult 0 0 0 0 0 0 0 0.945 1.807 0.372 0.780543198893755 4.7816025918720415 4.5168356351676024 2.7933883524873453 1.0
human.pedestrian.adult 0 0 0 0 0 0 0 1.006 1.709 0.673 0.6865055086432429 -22.79200656517268 -9.481103854891002 -1.5293541373278678 1.0
human.pedestrian.adult 0 0 0 0 0 0 0 0.712 1.711 0.574 0.6603193829957751 -16.620937671991594 -10.127419569102123 2.0193770979176797 1.0
human.pedestrian.adult 0 0 0 0 0 0 0 0.784 1.581 0.505 0.8225315821611997 5.255126177488596 5.114901174665889 2.680467637279789 1.0
human.pedestrian.adult 0 0 0 0 0 0 0 0.673 1.089 0.43 1.5623162214358701 -8.493679419677427 31.346433217968805 -1.3721075145502493 1.0
human.pedestrian.adult 0 0 0 0 0 0 0 0.801 1.518 0.398 2.7767142225544217 0.002329636041241784 39.669824871617394 -1.399820842254833 1.0
human.pedestrian.adult 0 0 0 0 0 0 0 0.907 1.642 0.555 1.0337498376020402 4.480179074262598 8.428029731750577 2.7502269123445515 1.0
human.pedestrian.adult 0 0 0 0 0 0 0 0.437 1.661 0.705 -1.08841505127191 34.84545126000572 -7.702871739344332 -1.4309902719628056 1.0
human.pedestrian.adult 0 0 0 0 0 0 0 0.528 1.703 0.61 0.09603271642184316 5.722394244236792 -11.292032998173218 2.1643756327125434 1.0
human.pedestrian.adult 0 0 0 0 0 0 0 1.105 1.862 0.482 0.7982093976212636 -25.868527798436002 -10.009592589366031 -1.4945022760457602 1.0
human.pedestrian.adult 0 0 0 0 0 0 0 0.658 1.717 0.606 1.4934052100830186 -46.010590317762066 -1.4054260260142768 2.2062243463098756 1.0
human.pedestrian.adult 0 0 0 0 0 0 0 0.784 1.763 0.382 0.6813727338702126 -16.549593206047838 -11.264957578838954 1.7630269575889201 1.0
human.pedestrian.adult 0 0 0 0 0 0 0 0.612 1.876 0.747 1.2799391301836804 -36.84005733953616 -3.9793605877317986 1.9666535664254994 1.0
vehicle.car 0 0 0 0 0 0 0 4.337 1.843 2.637 1.681229212651913 -38.86388940571998 -0.8171758939482754 1.6440461343829629 1.0
vehicle.car 0 0 0 0 0 0 0 4.588 1.896 1.79 1.3457073030430933 1.458195981238254 15.644179794299847 -1.463607852004758 1.0
human.pedestrian.adult 0 0 0 0 0 0 0 1.042 1.838 0.795 1.5447499848213855 -47.528079632316626 -3.269372080576896 2.1783948566761895 1.0
human.pedestrian.adult 0 0 0 0 0 0 0 0.809 1.643 0.374 0.2148064082646004 -34.8295870552748 -8.987565707412742 -1.6310451331690494 1.0
human.pedestrian.adult 0 0 0 0 0 0 0 0.882 1.616 0.455 0.8688949012809212 6.010135173378163 5.27325791991545 2.7292990453968473 1.0
human.pedestrian.adult 0 0 0 0 0 0 0 0.621 1.505 0.388 2.4897930568096567 -0.8680115738515293 41.79459107593502 -1.460599915795644 1.0
human.pedestrian.adult 0 0 0 0 0 0 0 0.686 1.707 0.381 0.6614522481291133 -34.504427679338306 -8.415908577681847 -1.7007642163441226 1.0
human.pedestrian.adult 0 0 0 0 0 0 0 0.485 1.704 0.575 -1.1864926565312284 34.7963337284092 -8.425124639259845 -1.4658381871222685 1.0
human.pedestrian.adult 0 0 0 0 0 0 0 0.953 1.13 0.633 2.503197638312158 -1.55929894569735 33.04137823225751 -1.2379867308032875 1.0
