human.pedestrian.adult 0 0 0 0 0 0 0 0.67 1.557 0.586 3.480212314649889 -72.77122538301408 8.373697981836058 -0.8729961951600238 1.0
human.pedestrian.adult 0 0 0 0 0 0 0 0.853 1.332 0.583 0.8084569186850277 0.08070035141899834 -9.414830172251673 2.3789640942225176 1.0
human.pedestrian.adult 0 0 0 0 0 0 0 0.484 1.573 0.461 1.6879955377731535 -13.92332835770603 32.53115057360201 -0.8516150766738377 1.0
human.pedestrian.adult 0 0 0 0 0 0 0 0.575 1.821 0.575 1.4586866815983375 14.003493514146525 64.37608182782684 -0.09693796933350995 1.0
vehicle.car 0 0 0 0 0 0 0 4.682 1.516 2.039 2.606358610481161 -65.3481597533613 10.237096855287174 -1.9167590506626206 1.0
vehicle.car 0 0 0 0 0 0 0 4.441 1.444 1.885 1.1479578205927117 -2.185043921463057 3.38373158395763 -1.5844768493571282 1.0
human.pedestrian.adult 0 0 0 0 0 0 0 0.477 1.587 0.538 1.7462575581508468 -14.614016971669088 31.833869586106143 -0.8646686959787431 1.0
vehicle.motorcycle 0 0 0 0 0 0 0 2.153 1.397 1.033 0.4614996347870824 19.780507241251108 -1.4263630385345156 -1.768621905685654 1.0
human.pedestrian.adult 0 0 0 0 0 0 0 0.65 1.645 0.617 -0.7170113586713673 6.797757356191959 -22.157032836210963 -0.17583351892539767 1.0
human.pedestrian.adult 0 0 0 0 0 0 0 0.484 1.587 0.507 1.5365018192643243 -10.85038385844048 34.88577363423954 -1.7844290279574828 1.0
human.pedestrian.adult 0 0 0 0 0 0 0 0.588 1.659 0.684 2.0160370105397405 -25.07218865420763 21.15897075259866 -1.9037308330747962 1.0
vehicle.car 0 0 0 0 0 0 0 4.701 1.818 1.92 1.3386132701261575 -19.85495211685966 0.5816364988794337 -1.6454955518250287 1.0
vehicle.bicycle 0 0 0 0 0 0 0 1.537 1.095 0.333 2.4281302236186213 -31.502701022828486 21.883409059667873 -3.1252374290629428 1.0
human.pedestrian.adult 0 0 0 0 0 0 0 0.951 1.258 0.624 0.9020199090598555 -1.2646695900286984 -10.374409083796298 2.7564031679104755 1.0
vehicle.car 0 0 0 0 0 0 0 4.972 2.182 2.24 -2.3714512384496023 80.87589159658314 -12.9200462525469 2.945270294724903 1.0
human.pedestrian.adult 0 0 0 0 0 0 0 0.609 1.479 0.718 1.8323599716661345 -46.913791800368166 -5.084794845177487 1.924520211793837 1.0
human.pedestrian.adult 0 0 0 0 0 0 0 0.718 1.725 0.743 2.549592890273047 -40.83224241300897 46.80888384490553 -1.8756515745903242 1.0
human.pedestrian.adult 0 0 0 0 0 0 0 0.54 1.702 0.622 1.223584346022725 11.22905249510415 40.80886285902049 -3.0568633590162726 1.0
human.pedestrian.adult 0 0 0 0 0 0 0 0.587 1.65 0.705 -0.2033836063400155 13.288478721007923 -13.279652327504817 -0.32453898584767593 1.0
movable_object.trafficcone 0 0 0 0 0 0 0 0.376 0.75 0.349 -2.3201735807243464 11.460215032140173 -27.598662491909124 2.9424511717757103 1.0
human.pedestrian.adult 0 0 0 0 0 0 0 0.642 1.65 0.697 -0.8066481123176965 6.417193877488868 -23.95477661413743 -0.06680571415600411 1.0
human.pedestrian.adult 0 0 0 0 0 0 0 0.67 1.778 0.656 -0.8551260313788969 6.640690221111974 -23.163269017363604 -0.1132161549694004 1.0
human.pedestrian.adult 0 0 0 0 0 0 0 1.026 1.422 0.628 0.8689450627890984 -2.210601287184821 -10.42834681511173 -3.0556148023263505 1.0
vehicle.car 0 0 0 0 0 0 0 4.807 1.758 1.917 1.3949522154862493 -13.68581689708773 3.4494258153051285 -1.6478787061952378 1.0
human.pedestrian.adult 0 0 0 0 0 0 0 0.429 1.872 0.376 -2.1256535853774077 18.799829462432616 -36.43465988813181 -2.2315324946902155 1.0
movable_object.trafficcone 0 0 0 0 0 0 0 0.349 0.741 0.322 -2.159821919389857 9.547950351173531 -27.709843131568924 2.9424511717757103 1.0
human.pedestrian.adult 0 0 0 0 0 0 0 0.668 1.67 0.589 1.518567286319247 -8.631755155084363 27.499459395786538 -0.7715259739384166 1.0
human.pedestrian.adult 0 0 0 0 0 0 0 0.579 1.587 0.599 1.8182078848607626 -14.687717460704217 34.05112789049968 -0.8390898750911902 1.0
human.pedestrian.adult 0 0 0 0 0 0 0 0.577 1.676 0.61 -0.8974669407706959 6.78898768868817 -24.881099075460952 -0.1281765212683137 1.0
human.pedestrian.adult 0 0 0 0 0 0 0 0.535 1.573 0.52 1.2483856810511669 18.08499259938449 71.90478773962667 -2.30618891804058 1.0
human.pedestrian.adult 0 0 0 0 0 0 0 0.74 2.0 0.849 3.1303772903405735 -47.96248982958467 41.38456755074893 2.122238326103578 1.0
human.pedestrian.adult 0 0 0 0 0 0 0 0.652 1.835 0.697 1.0519672444632544 13.342569867002245 43.38997132034824 -0.7744842259924916 1.0
vehicle.motorcycle 0 0 0 0 0 0 0 2.283 1.365 0.869 0.5584461811111404 27.609352943227606 0.7825953906345046 -1.4199578053017206 1.0
human.pedestrian.adult 0 0 0 0 0 0 0 0.572 1.759 0.572 -0.8210747559378679 6.927050911848917 -24.01873501051676 -0.06276778712559228 1.0
human.pedestrian.adult 0 0 0 0 0 0 0 0.582 1.546 0.603 1.658608039500683 -15.000269205472168 33.54521752669643 -0.8611876296378149 1.0
human.pedestrian.adult 0 0 0 0 0 0 0 0.641 1.546 0.655 1.5456915652881036 -7.868093022902796 27.818654354020886 -0.75413324820701 1.0
