human.pedestrian.adult 0 0 0 0 0 0 0 0.848 1.719 0.763 -1.0676008819961973 35.257839321689744 -7.954067044049309 -1.421939832176431 1.0
human.pedestrian.adult 0 0 0 0 0 0 0 0.601 1.8 0.608 -0.38999905466911944 9.92487255920796 -17.149480562461193 2.760278348613271 1.0
human.pedestrian.adult 0 0 0 0 0 0 0 0.81 2.0 0.812 0.7984623232666946 31.572451833126596 32.295858187845305 -1.0778707743489484 1.0
vehicle.car 0 0 0 0 0 0 0 4.003 1.514 1.998 0.480277733576571 31.91804630797197 16.00039768420076 -1.81911372580677 1.0
vehicle.bicycle 0 0 0 0 0 0 0 1.863 1.447 0.475 1.1143063385143446 32.35509184949045 26.533322013310848 2.4968162035706225 1.0
human.pedestrian.adult 0 0 0 0 0 0 0 0.675 1.8 0.655 -0.3237298269414167 8.718552193779487 -16.509757524413285 2.8288698357321564 1.0
human.pedestrian.adult 0 0 0 0 0 0 0 0.806 2.0 0.763 0.6298209801613199 -20.7282790838405 -10.499039716559254 1.7175370835463495 1.0
human.pedestrian.adult 0 0 0 0 0 0 0 0.788 2.0 0.551 0.6383849938404957 -30.902223304787032 -7.74973532331089 1.8889792083121533 1.0
human.pedestrian.adult 0 0 0 0 0 0 0 0.799 2.0 0.796 1.7705682650506367 -58.2265856119436 7.656755891356806 1.607904334602293 1.0
human.pedestrian.adult 0 0 0 0 0 0 0 0.602 1.776 0.604 0.6638366583158082 -20.219359125737594 -9.677791635962224 1.8598138705357075 1.0
human.pedestrian.adult 0 0 0 0 0 0 0 0.806 2.0 0.635 0.6108868524154397 -30.5763987378751 -7.09841113075026 1.88491081762262 1.0
human.pedestrian.adult 0 0 0 0 0 0 0 0.726 1.983 0.795 1.2201571113911092 -11.21839854274801 36.85512552100267 -1.023738970595943 1.0
vehicle.car 0 0 0 0 0 0 0 4.101 2.074 1.999 2.0735138368638353 -57.16211749047074 14.844400122875708 -1.5842199265822945 1.0
human.pedestrian.adult 0 0 0 0 0 0 0 0.775 1.655 0.667 0.7389188979309391 7.167974285003743 1.0620160581349838 2.723674074451152 1.0
human.pedestrian.adult 0 0 0 0 0 0 0 0.602 1.64 0.731 -0.295093497944104 26.380124113803863 -7.413831882980605 -1.6492222096974238 1.0
human.pedestrian.adult 0 0 0 0 0 0 0 0.666 1.821 0.782 1.4243772657126732 21.40253299153396 43.638264909535486 -1.7825181063121667 1.0
human.pedestrian.adult 0 0 0 0 0 0 0 0.604 1.737 0.495 -0.37383489400417713 9.115224278534345 -17.51123929630487 2.764335960680347 1.0
human.pedestrian.adult 0 0 0 0 0 0 0 0.872 1.53 0.725 0.6465941324768519 -22.473274275464085 -10.48220396377437 -1.4764076450987549 1.0
vehicle.car 0 0 0 0 0 0 0 3.921 1.738 1.895 1.4615062917749087 -38.82812354323924 -0.6083940810097489 -1.5515228858852028 1.0
human.pedestrian.adult 0 0 0 0 0 0 0 0.814 2.0 0.801 -1.4819945577746103 70.4244731453793 7.995776102264421 -0.8533069288063615 1.0
human.pedestrian.adult 0 0 0 0 0 0 0 0.796 1.973 0.752 0.36979894444987954 -13.304628768792575 -15.567569043773963 3.1123693536600356 1.0
human.pedestrian.adult 0 0 0 0 0 0 0 0.661 1.008 0.594 1.618604518651547 -8.667432225738834 31.23855089645327 -1.323228752410225 1.0
vehicle.car 0 0 0 0 0 0 0 4.481 1.637 1.783 1.7541075417866496 -42.04302155104801 2.9847086600594652 -1.55776163656403 1.0
human.pedestrian.adult 0 0 0 0 0 0 0 0.816 2.0 0.737 0.6601332036524178 -32.98672707712908 -8.664802554973088 -1.3871400018405726 1.0
human.pedestrian.adult 0 0 0 0 0 0 0 0.906 1.633 0.609 0.7184107127109763 7.485371186774781 -2.433933687082331 -2.9047399795190323 1.0
human.pedestrian.adult 0 0 0 0 0 0 0 0.669 1.943 0.923 -1.2560745982793984 35.69182001808627 -8.537199459050836 -1.5744412702035886 1.0
human.pedestrian.adult 0 0 0 0 0 0 0 0.777 1.876 0.735 1.2913879631570846 -11.233921454337956 37.59966175583105 -1.3598635657519544 1.0
human.pedestrian.adult 0 0 0 0 0 0 0 0.597 1.746 0.602 -3.1488007425352302 43.096463472768264 -34.98791999842154 -2.002891549307826 1.0
human.pedestrian.adult 0 0 0 0 0 0 0 1.051 1.515 0.483 3.217023473765845 -2.2180213030492433 41.33679399088437 -1.1973831413218043 1.0
vehicle.car 0 0 0 0 0 0 0 4.347 1.585 1.817 2.7741256136888706 -1.2360262137517328 44.51137744862099 1.90015571934791 1.0
human.pedestrian.adult 0 0 0 0 0 0 0 0.857 1.685 0.47 0.5574558636655359 6.573636681944648 -2.560723786345335 -2.920239080865386 1.0
human.pedestrian.adult 0 0 0 0 0 0 0 0.568 1.798 0.62 -0.35086977399778707 7.891560488940772 -18.02785572393855 2.701795921513421 1.0
human.pedestrian.adult 0 0 0 0 0 0 0 0.679 1.661 0.603 -1.1237177570662924 35.11181512788855 -9.267359026495322 -1.5047219692184743 1.0
human.pedestrian.adult 0 0 0 0 0 0 0 0.772 1.65 0.682 -0.3297269907935343 26.355090674192 -8.170276757425645 -1.5619435959819405 1.0
human.pedestrian.adult 0 0 0 0 0 0 0 0.592 1.862 0.875 -0.3739243560025739 8.280259385924008 -17.826652707726826 2.6195728918309857 1.0
human.pedestrian.adult 0 0 0 0 0 0 0 0.929 1.862 0.666 0.4300573896870574 5.755374227680151 -3.3073000950833027 -2.8350860538726668 1.0
