human.pedestrian.adult 0 0 0 0 0 0 0 0.484 1.573 0.461 2.567492689809787 -25.439162547298928 35.76926116651213 -0.8160913443028122 1.0
human.pedestrian.adult 0 0 0 0 0 0 0 0.652 1.835 0.697 1.7965464923760384 6.213939952224044 44.14635691118186 -0.8765945023925141 1.0
human.pedestrian.adult 0 0 0 0 0 0 0 0.587 1.65 0.705 0.0820561944041285 -1.5900280825128628 -13.977001172560765 -0.22812743680639969 1.0
vehicle.bicycle 0 0 0 0 0 0 0 1.537 1.095 0.333 3.1975040423732266 -42.63013874349928 25.1272331587821 -3.0235292209821756 1.0
human.pedestrian.adult 0 0 0 0 0 0 0 0.67 1.557 0.586 4.847277828114141 -86.41566585450936 18.094769005521126 -0.6234851316464578 1.0
human.pedestrian.adult 0 0 0 0 0 0 0 0.853 1.332 0.583 1.009596487617561 -14.343529338477243 -8.762979335381326 2.4807863039024767 1.0
human.pedestrian.adult 0 0 0 0 0 0 0 0.577 1.676 0.61 -0.613752830501656 -9.198141107477607 -23.782403357082387 -0.07216194657726938 1.0
human.pedestrian.adult 0 0 0 0 0 0 0 0.718 1.725 0.743 3.443773957046091 -46.414659954465854 50.20850607968611 -1.8750918664690843 1.0
human.pedestrian.adult 0 0 0 0 0 0 0 0.477 1.587 0.538 2.587712061647882 -26.113751705331378 35.13224025251684 -0.7292140919068508 1.0
vehicle.motorcycle 0 0 0 0 0 0 0 2.153 1.397 1.033 0.6916478881906308 6.071129072876574 -2.8077101025200912 -1.667204926922568 1.0
human.pedestrian.adult 0 0 0 0 0 0 0 0.741 1.799 0.667 2.7359909249647414 6.242872306066811 72.9101998581349 3.0986463422008494 1.0
human.pedestrian.adult 0 0 0 0 0 0 0 0.579 1.587 0.599 2.675715425316001 -26.078719676584075 37.20737643237226 -0.930980624430072 1.0
vehicle.motorcycle 0 0 0 0 0 0 0 2.283 1.365 0.869 0.7548052205036853 14.056890166276764 -1.4115908703234363 -1.5219392515183943 1.0
human.pedestrian.adult 0 0 0 0 0 0 0 0.572 1.759 0.572 -0.46996083663454374 -8.941845113305066 -22.585874533413403 -0.11605190693829748 1.0
human.pedestrian.adult 0 0 0 0 0 0 0 0.642 1.65 0.697 -0.40072454224016235 -9.511731663547787 -22.55306210602806 -0.07721392015429274 1.0
human.pedestrian.adult 0 0 0 0 0 0 0 0.575 1.821 0.575 2.4361347277822025 7.500152699808741 66.14602849184597 -0.20633971065151258 1.0
human.pedestrian.adult 0 0 0 0 0 0 0 0.951 1.258 0.624 1.0725497218183602 -15.842583021610071 -9.560365656676924 2.85817060988908 1.0
vehicle.car 0 0 0 0 0 0 0 4.972 2.182 2.24 -3.8669015670766687 67.39824524532919 -36.10772302795884 2.9576084519897607 1.0
human.pedestrian.adult 0 0 0 0 0 0 0 0.668 1.67 0.589 2.2830743010715175 -20.587461148112673 30.40322867375923 -0.7404511101534652 1.0
movable_object.trafficcone 0 0 0 0 0 0 0 0.349 0.741 0.322 -1.9407627034884563 -6.9259560647689895 -27.810848333582285 3.0441915390119174 1.0
human.pedestrian.adult 0 0 0 0 0 0 0 0.65 1.645 0.617 -0.32518658207185847 -8.569179565965287 -20.853529358501223 -0.3435112299193328 1.0
human.pedestrian.adult 0 0 0 0 0 0 0 0.484 1.587 0.507 2.163425988158136 -18.048958440875317 35.590853302292565 -1.8979685639707684 1.0
vehicle.car 0 0 0 0 0 0 0 4.682 1.516 2.039 3.0132257372526623 -67.88781856415255 11.086325190148859 2.349998483199867 1.0
vehicle.car 0 0 0 0 0 0 0 4.441 1.444 1.885 1.198978217194671 -3.4130247480385276 3.1674535972033553 -1.6493815773828384 1.0
human.pedestrian.adult 0 0 0 0 0 0 0 0.588 1.659 0.684 3.051065119375964 -34.032608563326505 23.47443569906518 -1.7623735115740153 1.0
human.pedestrian.adult 0 0 0 0 0 0 0 0.67 1.778 0.656 -0.4078117909557006 -9.005472692143517 -21.81029860074636 -0.2089305488920825 1.0
human.pedestrian.adult 0 0 0 0 0 0 0 0.54 1.702 0.622 1.7244173294074334 1.221666377427913 37.37384334986332 -2.9389693229378047 1.0
human.pedestrian.adult 0 0 0 0 0 0 0 0.429 1.872 0.376 -1.6546533532434913 0.510167056906045 -38.14804753641249 -2.129986053278338 1.0
human.pedestrian.adult 0 0 0 0 0 0 0 1.026 1.422 0.628 1.120355885160085 -16.606505992471877 -9.550105766986459 -2.953917279862143 1.0
human.pedestrian.adult 0 0 0 0 0 0 0 0.582 1.546 0.603 2.6435809473687195 -26.38037160262066 36.74707816945402 -0.8914433654607699 1.0
human.pedestrian.adult 0 0 0 0 0 0 0 0.641 1.546 0.655 2.3210216706918723 -19.962787846421573 30.733852725052124 -0.7404511101534652 1.0
vehicle.car 0 0 0 0 0 0 0 4.807 1.758 1.917 1.4119181437881356 -13.285029241418899 3.6597744989945684 -1.6626481049132877 1.0
vehicle.car 0 0 0 0 0 0 0 4.701 1.818 1.92 1.4003736123380588 -18.52980321438224 0.8770530439579818 -1.671887714696596 1.0
