human.pedestrian.adult 0 0 0 0 0 0 0 1.051 1.515 0.483 3.2714796925090424 -2.2159051674306625 41.335928710537864 -1.1974143606505194 1.0
human.pedestrian.adult 0 0 0 0 0 0 0 0.872 1.53 0.725 0.3980567286579252 -9.04197942721043 -11.274407599647292 1.7843866293976927 1.0
human.pedestrian.adult 0 0 0 0 0 0 0 0.906 1.633 0.609 0.47770780282872227 -4.6457916153010315 -10.467312544029264 -1.5968708745711302 1.0
human.pedestrian.adult 0 0 0 0 0 0 0 0.791 2.0 0.811 1.6652201591813143 -47.921627307057406 1.2234613218712536 -0.38757104663192443 1.0
human.pedestrian.adult 0 0 0 0 0 0 0 0.793 1.794 0.793 2.247861580358711 4.2553853016756475 37.86275787901667 1.8504004700813228 1.0
human.pedestrian.adult 0 0 0 0 0 0 0 0.679 1.661 0.603 -0.19349484998488564 24.145384698454485 -8.433935434611724 -1.6441795211211305 1.0
human.pedestrian.adult 0 0 0 0 0 0 0 0.804 2.0 0.807 1.496085677497992 -45.84182606697498 0.13445933433511895 -0.5080672947067342 1.0
human.pedestrian.adult 0 0 0 0 0 0 0 0.798 1.878 0.796 1.3889510908985727 -44.023792400241824 -1.4556012830563083 -0.6060956538502005 1.0
vehicle.car 0 0 0 0 0 0 0 4.481 1.637 1.783 1.1503762813358407 -0.4898237790440326 3.520912270507457 1.5722247207210458 1.0
human.pedestrian.adult 0 0 0 0 0 0 0 0.808 2.0 0.795 -0.8275299299908964 62.148160266368535 19.374402193734227 -0.8359582402881998 1.0
human.pedestrian.adult 0 0 0 0 0 0 0 0.726 1.983 0.795 1.2702968565921962 -11.23459837943049 36.84027180580636 -0.11682188361493218 1.0
vehicle.car 0 0 0 0 0 0 0 3.921 1.738 1.895 1.2637381474148122 -19.78255404947083 -0.16873456894468042 -1.550570840905234 1.0
human.pedestrian.adult 0 0 0 0 0 0 0 0.817 1.862 0.636 0.5629194513581821 -22.971932862068748 -9.55141845709778 1.5984381001430723 1.0
vehicle.car 0 0 0 0 0 0 0 4.931 1.775 1.838 1.1867852548991298 -8.475293648799337 2.961527478191467 -1.550708044338637 1.0
vehicle.car 0 0 0 0 0 0 0 4.003 1.514 1.998 0.4792813260802329 30.460565349562586 15.500568081458676 -1.765173830440217 1.0
human.pedestrian.adult 0 0 0 0 0 0 0 0.848 1.719 0.763 -0.1808364762840443 24.042083926344958 -7.209039636571376 -1.6441795211211305 1.0
human.pedestrian.adult 0 0 0 0 0 0 0 0.568 1.798 0.62 -1.03414335981494 13.339927546116012 -29.79453514089103 2.706787595868663 1.0
human.pedestrian.adult 0 0 0 0 0 0 0 0.604 1.737 0.495 -1.0892426994883015 14.853418104112679 -30.014924327610725 2.776552793842285 1.0
human.pedestrian.adult 0 0 0 0 0 0 0 0.772 1.65 0.682 0.2956741308514269 9.739070674197016 -5.640241832465112 -1.2825605487759226 1.0
human.pedestrian.adult 0 0 0 0 0 0 0 0.807 2.0 0.797 1.4676910390572777 -45.434037873173736 4.263001756728763 2.4764464235442283 1.0
human.pedestrian.adult 0 0 0 0 0 0 0 0.81 2.0 0.812 -0.08724996054623779 49.7591247336375 40.47153418212475 -1.0169807237434636 1.0
human.pedestrian.adult 0 0 0 0 0 0 0 0.775 1.655 0.667 -0.2288844897018891 8.036110872307908 -14.045621310320506 2.8463394297911258 1.0
human.pedestrian.adult 0 0 0 0 0 0 0 0.8 1.813 0.803 1.4570093742802794 -44.324094436010625 -2.3129721231111184 -0.6465356190431493 1.0
human.pedestrian.adult 0 0 0 0 0 0 0 0.666 1.821 0.782 2.261508173122067 5.377824439399847 42.89765153753721 -1.5872839738319993 1.0
human.pedestrian.adult 0 0 0 0 0 0 0 0.929 1.862 0.666 0.3594990489673179 -5.059360996528087 -10.932217972500421 -1.6156598724970435 1.0
human.pedestrian.adult 0 0 0 0 0 0 0 0.81 2.0 0.798 1.570870716288023 -47.273874508341535 5.378984332802768 2.645569244278784 1.0
human.pedestrian.adult 0 0 0 0 0 0 0 0.788 2.0 0.551 0.5412812476216965 -17.702415905862956 -10.369995781728523 1.6536376904305872 1.0
human.pedestrian.adult 0 0 0 0 0 0 0 0.601 1.8 0.608 -1.1951629551822867 15.522647861567554 -30.29740163850587 2.7310201123830122 1.0
human.pedestrian.adult 0 0 0 0 0 0 0 0.814 2.0 0.811 2.5206768840362117 1.8411850923046935 41.04534521625541 -1.6130294198863497 1.0
human.pedestrian.adult 0 0 0 0 0 0 0 0.811 2.0 0.803 1.6181147987831523 -47.1885557249355 1.3567772643057774 -0.3533516479910723 1.0
human.pedestrian.adult 0 0 0 0 0 0 0 0.669 1.943 0.923 -0.2877022987981131 25.26077676381091 -7.877759655628362 -1.5395952946743439 1.0
human.pedestrian.adult 0 0 0 0 0 0 0 0.592 1.862 0.875 -1.102246693452277 14.136780550630075 -30.306801892832222 2.7939941942914803 1.0
human.pedestrian.adult 0 0 0 0 0 0 0 0.81 2.0 0.801 -0.9321683490506788 62.991803647012645 20.054448256550486 -0.8249551897432124 1.0
human.pedestrian.adult 0 0 0 0 0 0 0 0.806 2.0 0.635 0.5702770882342578 -17.5851418939836 -9.750335352650719 1.6623537380728894 1.0
human.pedestrian.adult 0 0 0 0 0 0 0 0.675 1.8 0.655 -1.0827550990224728 14.2467906074867 -29.18877422540316 2.7532976532597413 1.0
human.pedestrian.adult 0 0 0 0 0 0 0 0.857 1.685 0.47 0.4280994336510956 -5.102284700649044 -9.834625360077382 -1.623215040084271 1.0
vehicle.bicycle 0 0 0 0 0 0 0 1.863 1.447 0.475 1.0905555404774643 32.352479283572464 26.534911945101534 2.50890090265624 1.0
human.pedestrian.adult 0 0 0 0 0 0 0 0.799 2.0 0.796 1.5623721130149808 -46.191879929054416 4.119488995719029 2.476864993319615 1.0
human.pedestrian.adult 0 0 0 0 0 0 0 0.848 2.0 0.636 0.4432063316779358 -22.878381765781423 -10.338599479074311 1.5786833635960855 1.0
human.pedestrian.adult 0 0 0 0 0 0 0 0.661 1.008 0.594 1.6603285430731298 -8.665939585806107 31.240107497013675 -1.323256647099166 1.0
human.pedestrian.adult 0 0 0 0 0 0 0 0.71 2.0 0.712 -3.770651482454668 46.05506717665361 -45.88130113810642 3.011682757837069 1.0
human.pedestrian.adult 0 0 0 0 0 0 0 0.602 1.64 0.731 0.38372242642926124 10.146961610550832 -4.987557006774905 -1.2614874002071979 1.0
human.pedestrian.adult 0 0 0 0 0 0 0 0.626 1.932 0.67 0.5154900161744244 -22.931332775113532 -8.536903261737347 1.6073770567109413 1.0
