human.pedestrian.construction_worker 0 0 0 0 0 0 0 1.022 1.692 0.759 0.3029051570178718 32.326074892585694 4.763572166427087 -1.9261969024337349 1.0
movable_object.barrier 0 0 0 0 0 0 0 2.212 0.957 0.606 0.44594530761198165 -22.833372769047113 -16.91935264040916 0.6599798514531812 1.0
vehicle.truck 0 0 0 0 0 0 0 4.865 1.906 2.13 0.1475263913633107 41.7061903512965 12.06615345118096 -0.4652105128653652 1.0
movable_object.barrier 0 0 0 0 0 0 0 2.113 1.218 0.475 0.13660714610454694 -22.762390107876538 -18.81872131542953 1.4464560272733307 1.0
human.pedestrian.construction_worker 0 0 0 0 0 0 0 0.527 1.147 0.646 0.32527988286738785 30.712591116137297 -4.134777032990911 -0.24166855497025885 1.0
vehicle.car 0 0 0 0 0 0 0 4.306 1.477 1.875 0.1635876267310712 43.36847655598484 5.461168847836137 1.4319911868109179 1.0
vehicle.truck 0 0 0 0 0 0 0 4.972 1.949 1.962 0.17273054212188832 28.6789183017905 0.04174695027864686 1.472349820656257 1.0
movable_object.barrier 0 0 0 0 0 0 0 2.569 1.033 0.542 0.45979009062543774 33.04492417545334 0.3733725324551392 -0.062485789413102566 1.0
vehicle.car 0 0 0 0 0 0 0 4.781 1.526 1.95 1.4227527131465165 -23.166922078743713 0.46714183520293157 1.5932364641855221 1.0
movable_object.barrier 0 0 0 0 0 0 0 2.141 1.064 0.546 0.6710983572026384 37.789905927259646 9.255669025564544 -0.4686861069406021 1.0
human.pedestrian.construction_worker 0 0 0 0 0 0 0 0.833 1.734 0.686 0.10352255695188217 27.27890952923438 -1.5173898915524584 1.6101273750496743 1.0
movable_object.barrier 0 0 0 0 0 0 0 2.265 1.121 0.54 0.6135379746045271 -20.8905810731331 -16.060567961774446 1.4609034830975514 1.0
vehicle.car 0 0 0 0 0 0 0 4.692 1.642 2.143 0.9176852534696692 -49.64642720382131 -10.760582608875746 -0.06868414298766545 1.0
movable_object.pushable_pullable 0 0 0 0 0 0 0 1.331 1.176 0.814 0.42380832989154404 25.728173868503116 -2.3967583775632675 -0.07071483268861556 1.0
movable_object.barrier 0 0 0 0 0 0 0 2.238 1.052 0.52 0.7628609899722818 39.08181196922164 11.277042914277022 -0.5429579315245814 1.0
vehicle.car 0 0 0 0 0 0 0 4.662 1.79 1.982 1.3705644771645886 -40.215037431998766 -0.22602574203478287 1.1197360650385777 1.0
