human.pedestrian.adult 0 0 0 0 0 0 0 0.872 1.53 0.725 0.44342247907650517 -4.9147936063431 -11.61611790384714 1.592676272550822 1.0
human.pedestrian.adult 0 0 0 0 0 0 0 0.906 1.633 0.609 0.42080021732119244 -8.910355664374734 -10.474225582438871 -1.596827040760651 1.0
human.pedestrian.adult 0 0 0 0 0 0 0 0.848 1.719 0.763 0.08215852953789099 19.407295207655686 -7.3616400178164305 -1.5918418495571451 1.0
human.pedestrian.adult 0 0 0 0 0 0 0 0.793 1.794 0.793 2.0826007059793046 8.739395768015795 36.30476823434525 1.857713080053907 1.0
human.pedestrian.adult 0 0 0 0 0 0 0 0.679 1.661 0.603 0.04136525598774976 19.13306717437531 -8.379362914579769 -1.4872652142960927 1.0
human.pedestrian.adult 0 0 0 0 0 0 0 0.848 2.0 0.636 0.5002632060600323 -17.573474059368728 -10.422126563870002 1.5752457659955752 1.0
human.pedestrian.adult 0 0 0 0 0 0 0 0.798 1.878 0.796 1.6364359538344164 -46.29697506535532 2.157983429540808 -0.3875377075858779 1.0
human.pedestrian.adult 0 0 0 0 0 0 0 0.803 1.862 0.796 -0.5736459995840387 57.356862100960754 21.106539692697943 -0.7664090159617238 1.0
human.pedestrian.adult 0 0 0 0 0 0 0 0.726 1.983 0.795 1.270035187229044 -11.253022537719295 36.83562468033848 -1.2536207365135787 1.0
vehicle.car 0 0 0 0 0 0 0 4.481 1.637 1.783 1.1477664859959351 -0.4848879408934794 3.520923065745823 1.5752631964831654 1.0
human.pedestrian.adult 0 0 0 0 0 0 0 0.804 2.0 0.807 1.8197863216560557 -48.58257193111141 5.572120305804796 -0.3875377075858779 1.0
vehicle.car 0 0 0 0 0 0 0 4.931 1.775 1.838 1.1874326067125944 -8.4752384306455 2.9678167018438755 -1.5507565812434372 1.0
vehicle.car 0 0 0 0 0 0 0 4.003 1.514 1.998 0.48416056369331584 30.429678273533863 15.483880766651918 -1.7493423384597202 1.0
human.pedestrian.adult 0 0 0 0 0 0 0 0.666 1.821 0.782 2.606557348832542 0.30169452304943073 42.8723578330566 -1.6081571362720108 1.0
human.pedestrian.adult 0 0 0 0 0 0 0 0.604 1.737 0.495 -1.256587181359924 15.892758159840657 -33.80127076904073 2.7765993897434393 1.0
human.pedestrian.adult 0 0 0 0 0 0 0 0.808 2.0 0.795 -0.5112862803882148 58.65975421977169 22.832491427875297 -0.69695811668171 1.0
human.pedestrian.adult 0 0 0 0 0 0 0 0.807 2.0 0.797 1.2130662337092657 -43.02180046125353 0.42563952813763783 2.650900630685621 1.0
human.pedestrian.adult 0 0 0 0 0 0 0 0.775 1.655 0.667 -0.46111971815061176 9.696928207592052 -18.360282273552716 2.7434957586122586 1.0
human.pedestrian.adult 0 0 0 0 0 0 0 0.8 1.813 0.803 1.652124802651739 -47.024402231020915 1.7743995682089788 -0.3875377075858779 1.0
vehicle.car 0 0 0 0 0 0 0 3.964 1.8 2.024 1.431955957946489 -24.40826566717896 0.20018496864928276 1.5761521425282448 1.0
human.pedestrian.adult 0 0 0 0 0 0 0 0.817 1.862 0.636 0.6008508524343216 -17.687280027874092 -9.652506965022916 1.6101071646568554 1.0
human.pedestrian.adult 0 0 0 0 0 0 0 0.777 1.876 0.735 1.3404101157093773 -11.22663124481216 37.62519220063055 -1.3755768805680386 1.0
human.pedestrian.adult 0 0 0 0 0 0 0 0.929 1.862 0.666 0.23359902209136776 -9.32378598400709 -11.224532241954348 -1.5541111586552478 1.0
human.pedestrian.adult 0 0 0 0 0 0 0 0.814 2.0 0.811 2.851278414719517 -3.1128824765225813 40.750684787107964 -1.604270023934852 1.0
human.pedestrian.adult 0 0 0 0 0 0 0 0.568 1.798 0.62 -1.251575405684542 15.113194272076905 -33.77855454137681 2.706834277011433 1.0
human.pedestrian.adult 0 0 0 0 0 0 0 0.601 1.8 0.608 -1.4161964154361208 16.889852791325715 -34.334066403652265 2.7206651554576577 1.0
human.pedestrian.adult 0 0 0 0 0 0 0 0.669 1.943 0.923 -0.07651535883767341 19.97040894613003 -7.887106967004578 -1.5744113617947075 1.0
human.pedestrian.adult 0 0 0 0 0 0 0 0.597 1.746 0.602 -3.192489860094315 43.02037977754282 -34.87101334800398 -2.0028542549561825 1.0
human.pedestrian.adult 0 0 0 0 0 0 0 0.772 1.65 0.682 0.5290630496895998 4.969893253092308 -4.502273627819632 -1.5793441499895202 1.0
human.pedestrian.adult 0 0 0 0 0 0 0 0.592 1.862 0.875 -1.2832731715354222 15.459737566338692 -34.063350954349794 2.7765993897434393 1.0
human.pedestrian.adult 0 0 0 0 0 0 0 0.84 2.0 0.886 -0.9284951049988969 65.56442489293421 15.86389912441575 -0.564665361380726 1.0
human.pedestrian.adult 0 0 0 0 0 0 0 0.791 2.0 0.811 1.98600400377647 -50.32237892702551 7.50405412949513 -0.35331966992048436 1.0
vehicle.bicycle 0 0 0 0 0 0 0 1.863 1.447 0.475 1.0877058299787412 32.35367999374214 26.53340145726018 2.5125253766201245 1.0
human.pedestrian.adult 0 0 0 0 0 0 0 0.626 1.932 0.67 0.673926020332599 -17.663173040121418 -8.715964988933152 1.6101071646568554 1.0
human.pedestrian.adult 0 0 0 0 0 0 0 0.661 1.008 0.594 1.6589554870069783 -8.664621915086395 31.240438247593467 -1.323305787980086 1.0
vehicle.car 0 0 0 0 0 0 0 3.921 1.738 1.895 1.2062512464394186 -13.511030983339634 -0.12910309450660076 -1.5470440574788507 1.0
human.pedestrian.adult 0 0 0 0 0 0 0 0.857 1.685 0.47 0.3737720971395887 -9.308195763497332 -9.94152621934345 -1.5591948728588934 1.0
human.pedestrian.adult 0 0 0 0 0 0 0 0.602 1.64 0.731 0.5185318297379871 5.531786315275789 -3.961016498465681 -1.5620359579552083 1.0
human.pedestrian.adult 0 0 0 0 0 0 0 0.675 1.8 0.655 -1.2710359080529106 15.674548520346676 -32.943995557962765 2.6719519921946375 1.0
