human.pedestrian.adult 0 0 0 0 0 0 0 0.592 1.862 0.875 -0.7948673339475518 11.829464013367375 -24.374909564205257 2.735869950660467 1.0
human.pedestrian.adult 0 0 0 0 0 0 0 0.604 1.737 0.495 -0.7756514317803467 12.43576934165958 -23.920304683029894 2.6544779304662045 1.0
human.pedestrian.adult 0 0 0 0 0 0 0 0.661 1.008 0.594 1.651429995725305 -8.666026258823308 31.23994235394141 -1.3232739225301788 1.0
vehicle.car 0 0 0 0 0 0 0 4.481 1.637 1.783 1.1598627646841853 -0.5934398110771735 3.50516476873207 1.5842689934906877 1.0
human.pedestrian.adult 0 0 0 0 0 0 0 1.051 1.515 0.483 3.2577524248125833 -2.2156548486636694 41.336317689912626 -1.1974322521236473 1.0
human.pedestrian.adult 0 0 0 0 0 0 0 0.568 1.798 0.62 -0.7458765245391619 11.085502209352914 -24.511268409760547 2.7068012529353105 1.0
human.pedestrian.adult 0 0 0 0 0 0 0 0.799 2.0 0.796 1.6578088443023782 -50.52791338635629 7.477447042380081 1.9998003398279378 1.0
human.pedestrian.adult 0 0 0 0 0 0 0 0.679 1.661 0.603 -0.29708670441500395 27.7057793991354 -8.229719778498541 -1.6790340170267033 1.0
human.pedestrian.adult 0 0 0 0 0 0 0 0.669 1.943 0.923 -0.5203852781519156 29.24866099046687 -8.091954971317119 -1.4698717525731357 1.0
human.pedestrian.adult 0 0 0 0 0 0 0 0.793 1.794 0.793 2.7004720348854145 -2.4594447588530186 38.496470854836396 1.677530015154228 1.0
human.pedestrian.adult 0 0 0 0 0 0 0 0.626 1.932 0.67 0.7223475956960405 -30.868162147908965 -8.392429185704454 1.5926440688174868 1.0
human.pedestrian.adult 0 0 0 0 0 0 0 0.775 1.655 0.667 0.14864671889050324 8.495305960298518 -7.391752015938337 -3.0353846640286086 1.0
human.pedestrian.adult 0 0 0 0 0 0 0 0.806 2.0 0.635 0.6549108078201109 -23.588287534310894 -9.11480574258646 1.6100749423298817 1.0
vehicle.car 0 0 0 0 0 0 0 3.964 1.8 2.024 1.951928963365266 -59.53720739698284 0.308457100578696 1.5761199567283715 1.0
human.pedestrian.adult 0 0 0 0 0 0 0 0.772 1.65 0.682 0.09462964617882919 16.483502667729653 -8.028333918950034 -1.348466829799909 1.0
human.pedestrian.adult 0 0 0 0 0 0 0 0.788 2.0 0.551 0.5538736326806434 -23.84106296382441 -9.666934415518869 1.7653832806499468 1.0
human.pedestrian.adult 0 0 0 0 0 0 0 0.796 1.876 0.796 1.0994306420336877 28.39816716576151 42.401483757282556 -1.5333994971855098 1.0
vehicle.car 0 0 0 0 0 0 0 4.931 1.775 1.838 1.3410781596595673 -13.277033065506382 2.894106558068752 -1.5550818654350893 1.0
human.pedestrian.adult 0 0 0 0 0 0 0 0.597 1.746 0.602 -3.192888313059872 43.06228783527818 -34.93539750242161 -2.0028881807195837 1.0
human.pedestrian.adult 0 0 0 0 0 0 0 0.848 1.719 0.763 -0.40834599184032705 28.77823915552245 -7.149091515916223 -1.5918761214914197 1.0
human.pedestrian.adult 0 0 0 0 0 0 0 0.602 1.64 0.731 0.07309229531980044 16.988185621318173 -7.389856621879 -1.3311654716048444 1.0
human.pedestrian.adult 0 0 0 0 0 0 0 0.872 1.53 0.725 0.5520315186305149 -14.648079514662129 -10.10185154560854 1.6320819510776374 1.0
vehicle.car 0 0 0 0 0 0 0 3.921 1.738 1.895 1.5292706711556294 -34.049477640200855 -0.4783769437240752 -1.5559502286640932 1.0
human.pedestrian.adult 0 0 0 0 0 0 0 0.805 2.0 0.802 -2.1191866809510467 79.69564214056 5.266909385975982 2.7039408998242527 1.0
human.pedestrian.adult 0 0 0 0 0 0 0 0.84 2.0 0.886 -1.634761694804672 70.96008983173411 6.573224544184803 -0.4783143901608078 1.0
vehicle.car 0 0 0 0 0 0 0 4.533 2.0 2.049 1.6264448293674691 -51.592785164632005 -6.287407093948378 -0.23169646096796548 1.0
human.pedestrian.adult 0 0 0 0 0 0 0 0.814 2.0 0.811 2.0459801220033182 8.552275381736504 41.13087076398206 -1.569443179459948 1.0
vehicle.bicycle 0 0 0 0 0 0 0 1.863 1.447 0.475 1.100245083123395 32.35405998784353 26.53398904901541 2.503548616591723 1.0
human.pedestrian.adult 0 0 0 0 0 0 0 0.675 1.8 0.655 -0.7772806071875961 11.971356462553352 -23.227781742249054 2.7940076966912795 1.0
vehicle.car 0 0 0 0 0 0 0 4.347 1.585 1.817 0.5864285736489241 18.508920801542182 8.98190761955137 2.188206718475225 1.0
human.pedestrian.adult 0 0 0 0 0 0 0 0.929 1.862 0.666 0.2464891926585394 0.7766923562550933 -10.192794479344569 -1.566792772890782 1.0
human.pedestrian.adult 0 0 0 0 0 0 0 0.726 1.983 0.795 1.2532646193257428 -11.121113392310106 36.88332108481033 -0.24795267375811392 1.0
human.pedestrian.adult 0 0 0 0 0 0 0 0.803 1.862 0.796 -1.054036839479051 65.57407684375139 11.332388623693646 -0.5410562441438387 1.0
human.pedestrian.adult 0 0 0 0 0 0 0 0.601 1.8 0.608 -0.8411550978901322 13.242967822578573 -24.167563418220773 2.7553568051995043 1.0
