vehicle.car 0 0 0 0 0 0 0 4.306 1.477 1.875 0.12317039337889324 55.58577778869086 6.839433185095259 1.3802661504351068 1.0
human.pedestrian.construction_worker 0 0 0 0 0 0 0 1.022 1.692 0.759 0.2141903077664078 46.2024662079008 7.36072787430199 -1.950025108959915 1.0
vehicle.car 0 0 0 0 0 0 0 4.692 1.642 2.143 -0.04027226850331922 -37.2448360071102 -17.69853777403494 -0.12494225246468993 1.0
movable_object.barrier 0 0 0 0 0 0 0 2.113 1.218 0.475 -0.074182026066204 -9.842527552185253 -19.046530158841108 1.4226476517016682 1.0
vehicle.car 0 0 0 0 0 0 0 4.634 1.881 1.791 1.1534879573368724 -45.8537495581245 5.39073605591401 -0.5101032934327474 1.0
movable_object.barrier 0 0 0 0 0 0 0 2.238 1.052 0.52 0.7212073051163461 51.25033304042735 12.522398844586242 -0.5192087348484158 1.0
vehicle.truck 0 0 0 0 0 0 0 4.972 1.949 1.962 0.01084917280789699 41.20467807540094 1.031420790151482 1.4485409725243077 1.0
vehicle.car 0 0 0 0 0 0 0 4.781 1.526 1.95 1.1292913515406529 -23.082156021547693 -0.07744795060971751 1.4333260027698493 1.0
movable_object.barrier 0 0 0 0 0 0 0 2.265 1.121 0.54 0.2452161587680828 -8.049311688618578 -16.17249055121953 1.4370948415372329 1.0
movable_object.barrier 0 0 0 0 0 0 0 2.671 1.48 0.574 -0.06415309612740405 -7.897252983105203 -18.73448485531218 1.4226476517016682 1.0
movable_object.pushable_pullable 0 0 0 0 0 0 0 1.331 1.176 0.814 0.2547235493605733 38.18427445629637 -1.439029627517657 -0.1309266262098845 1.0
movable_object.barrier 0 0 0 0 0 0 0 2.077 1.278 0.694 0.10505839020467311 -6.732078453524605 -17.307004281535363 -0.08745643473573494 1.0
vehicle.car 0 0 0 0 0 0 0 4.662 1.79 1.982 0.899455250230932 -33.03283192899538 -5.071348465385187 0.6113895954448898 1.0
movable_object.barrier 0 0 0 0 0 0 0 2.212 0.957 0.606 0.2481913194625332 -9.990252846880482 -17.12819268503739 0.6362105892728649 1.0
