vehicle.car 0 0 0 0 0 0 0 4.807 1.758 1.917 1.8757001744898896 -27.22160458384278 4.036353645732527 -1.6693136423436075 1.0
human.pedestrian.adult 0 0 0 0 0 0 0 0.951 1.258 0.624 2.971246520059898 -57.99854719504542 -4.423178652891007 3.019420797685761 1.0
vehicle.motorcycle 0 0 0 0 0 0 0 2.283 1.365 0.869 2.1264663891668087 -27.041257144587306 -1.153343754572212 -1.6830027111368775 1.0
vehicle.car 0 0 0 0 0 0 0 4.701 1.818 1.92 1.6670803914925494 -20.678883773851904 -0.3215543602554994 -1.6399485063392865 1.0
vehicle.car 0 0 0 0 0 0 0 4.441 1.444 1.885 1.390496439952952 -9.425105186233063 0.6003761244345726 -1.6600930485515182 1.0
human.pedestrian.adult 0 0 0 0 0 0 0 0.65 1.645 0.617 2.151980520116677 -52.66640290302095 -13.386082282316487 -0.556067522523989 1.0
vehicle.car 0 0 0 0 0 0 0 4.64 1.602 2.157 -0.5885906244271387 31.794035460360448 -1.0447274431114573 -0.1771088148248836 1.0
vehicle.car 0 0 0 0 0 0 0 4.972 2.182 2.24 -5.140302923283165 42.32054736901694 -80.80061806057871 -1.409502951662862 1.0
vehicle.motorcycle 0 0 0 0 0 0 0 2.153 1.397 1.033 2.119930898545989 -35.11542595623677 -1.3104624623978147 -1.5059279890553192 1.0
human.pedestrian.adult 0 0 0 0 0 0 0 0.853 1.332 0.583 3.1988890939497 -56.44712084712686 -3.9954764836925207 2.642007038115839 1.0
human.pedestrian.adult 0 0 0 0 0 0 0 0.588 1.659 0.684 3.2770559036191056 -64.87283055625853 27.736382567540435 2.637716158551921 1.0
