human.pedestrian.adult 0 0 0 0 0 0 0 0.592 1.862 0.875 -0.8418424348704071 12.206568580601395 -25.33939433990735 2.7824479017317074 1.0
human.pedestrian.adult 0 0 0 0 0 0 0 0.929 1.862 0.666 0.23321349190678942 -0.2381514804487687 -10.207110098709737 -1.615786309611483 1.0
human.pedestrian.adult 0 0 0 0 0 0 0 0.661 1.008 0.594 1.649619036354585 -8.663873693956111 31.24049176815904 -1.3233377719917154 1.0
human.pedestrian.adult 0 0 0 0 0 0 0 0.71 2.0 0.712 -3.644262101582849 46.823998928637224 -38.8182001145494 -2.6740463066027624 1.0
human.pedestrian.adult 0 0 0 0 0 0 0 0.772 1.65 0.682 0.12947477792666934 15.540075125858527 -7.683638395036238 -1.3164517041373074 1.0
human.pedestrian.adult 0 0 0 0 0 0 0 0.679 1.661 0.603 -0.2789322563424903 27.62033422723681 -8.256222657766136 -1.6702462726250893 1.0
human.pedestrian.adult 0 0 0 0 0 0 0 0.601 1.8 0.608 -0.886636202750172 13.698793415054624 -25.26810225198699 2.740324521221533 1.0
human.pedestrian.adult 0 0 0 0 0 0 0 0.666 1.821 0.782 2.124128782643262 11.288364620860515 42.26973198357936 -1.4338298831071246 1.0
human.pedestrian.adult 0 0 0 0 0 0 0 0.788 2.0 0.551 0.5233551435501643 -22.811359860179792 -9.920252525649243 1.6809238060658256 1.0
human.pedestrian.adult 0 0 0 0 0 0 0 0.796 1.876 0.796 1.0660076000456595 29.662464093921816 42.48719259377459 1.6554795265284135 1.0
human.pedestrian.adult 0 0 0 0 0 0 0 0.806 2.0 0.635 0.6273445738089601 -22.63428466747691 -9.12625027469299 1.6589485108154998 1.0
vehicle.car 0 0 0 0 0 0 0 3.964 1.8 2.024 1.8470519618761856 -55.91437687775326 0.27820677305771585 1.5744418157223858 1.0
human.pedestrian.adult 0 0 0 0 0 0 0 0.669 1.943 0.923 -0.477664971538895 28.69750568680029 -8.016813061858912 -1.4697995008835818 1.0
human.pedestrian.adult 0 0 0 0 0 0 0 0.568 1.798 0.62 -0.7944054341298874 11.504408554277875 -25.417586592682387 2.7277983918171183 1.0
human.pedestrian.adult 0 0 0 0 0 0 0 0.799 2.0 0.796 1.6328417061508016 -49.70123313859926 7.290504245566414 2.258948246899836 1.0
vehicle.car 0 0 0 0 0 0 0 4.931 1.775 1.838 1.2531907820828 -10.55236842476761 2.914055594667068 -1.5507892258923057 1.0
human.pedestrian.adult 0 0 0 0 0 0 0 0.848 1.719 0.763 -0.38601874380359613 28.491646337579777 -7.163063158620082 -1.5918043040130563 1.0
vehicle.bicycle 0 0 0 0 0 0 0 1.863 1.447 0.475 1.0933041023303445 32.35532281675219 26.531930490009533 2.50451026622188 1.0
human.pedestrian.adult 0 0 0 0 0 0 0 0.775 1.655 0.667 0.03578367910147251 8.402201502318928 -8.446142239208896 -3.0107600613557643 1.0
human.pedestrian.adult 0 0 0 0 0 0 0 0.906 1.633 0.609 0.34763816108315143 0.9870806514263806 -10.368085929519811 -1.4573562760464096 1.0
human.pedestrian.adult 0 0 0 0 0 0 0 0.857 1.685 0.47 0.34165054151574337 -0.16837929089046116 -9.620431951991893 -1.6074647190639464 1.0
human.pedestrian.adult 0 0 0 0 0 0 0 0.602 1.64 0.731 0.10703866017345187 15.864484285129988 -7.099455788310473 -1.2614060464779087 1.0
vehicle.car 0 0 0 0 0 0 0 4.533 2.0 2.049 1.6244744929524697 -51.60625303707748 -6.222984059684158 -0.23160132241665998 1.0
human.pedestrian.adult 0 0 0 0 0 0 0 0.814 2.0 0.811 2.1196091297831807 7.478593616755599 41.138897570846844 -1.5868017021069694 1.0
human.pedestrian.adult 0 0 0 0 0 0 0 0.793 1.794 0.793 2.6409963924619944 -1.445164396984028 38.39548268524677 1.6664579099736851 1.0
human.pedestrian.adult 0 0 0 0 0 0 0 0.675 1.8 0.655 -0.8271616469127708 12.338781101129907 -24.34126392564261 2.7597741204503974 1.0
vehicle.car 0 0 0 0 0 0 0 4.347 1.585 1.817 0.36095300688605636 24.346823188564567 6.418860794452937 1.8233989374127066 1.0
vehicle.car 0 0 0 0 0 0 0 4.003 1.514 1.998 0.46823105186352787 30.50037403554458 15.51698111651367 -1.7918006718216883 1.0
human.pedestrian.adult 0 0 0 0 0 0 0 0.726 1.983 0.795 1.2520745541440133 -11.136485366553691 36.87597026613917 -0.22477466234061616 1.0
vehicle.car 0 0 0 0 0 0 0 3.921 1.738 1.895 1.464120981576297 -31.39661707922402 -0.4356870047173964 -1.555121209409827 1.0
human.pedestrian.adult 0 0 0 0 0 0 0 0.777 1.876 0.735 1.3290744162579176 -11.227719120512214 37.61420628759376 -1.3675669281181122 1.0
human.pedestrian.adult 0 0 0 0 0 0 0 0.604 1.737 0.495 -0.8420768418604695 13.037623602199819 -25.05408136065535 2.7243101392383213 1.0
vehicle.car 0 0 0 0 0 0 0 4.481 1.637 1.783 1.1523172235128598 -0.4944604777789118 3.51947301685228 -1.568568427937108 1.0
