human.pedestrian.adult 0 0 0 0 0 0 0 0.592 1.862 0.875 -0.6910277532840221 10.92949395982783 -22.658148938005336 2.654450068689676 1.0
human.pedestrian.adult 0 0 0 0 0 0 0 0.679 1.661 0.603 -0.38032304512082166 29.129040669837845 -8.354887382175102 -1.5073717349927973 1.0
human.pedestrian.adult 0 0 0 0 0 0 0 0.661 1.008 0.594 1.649695390422889 -8.667019435500988 31.239613203953944 -1.3232474212508833 1.0
human.pedestrian.adult 0 0 0 0 0 0 0 0.803 1.862 0.796 -1.1691307342171349 66.13319305262077 10.431448339870284 -0.5410888159735965 1.0
human.pedestrian.adult 0 0 0 0 0 0 0 0.666 1.821 0.782 1.8232393182395128 14.733860928749323 42.28838737501778 -1.6256519807448733 1.0
human.pedestrian.adult 0 0 0 0 0 0 0 0.669 1.943 0.923 -0.5525267350272925 29.719546329369074 -8.023753035958483 -1.5570450468254826 1.0
human.pedestrian.adult 0 0 0 0 0 0 0 0.675 1.8 0.655 -0.6840882125826329 11.19221265325998 -21.60460030082896 2.7184008116455036 1.0
human.pedestrian.adult 0 0 0 0 0 0 0 0.848 1.719 0.763 -0.47378137322211855 29.6733625843913 -7.24948420041496 -1.522186209086871 1.0
vehicle.bicycle 0 0 0 0 0 0 0 1.863 1.447 0.475 1.1242331375875252 32.355105432426576 26.53424374545053 2.501732094921371 1.0
human.pedestrian.adult 0 0 0 0 0 0 0 0.775 1.655 0.667 0.3809761684182642 8.601872003747632 -5.279426268561858 -3.08452483396351 1.0
vehicle.car 0 0 0 0 0 0 0 3.921 1.738 1.895 1.5454015731279076 -37.36623125706314 -0.5230683047092717 -1.5577110456019945 1.0
human.pedestrian.adult 0 0 0 0 0 0 0 0.814 2.0 0.811 1.899172628630892 10.558566995394102 40.92462577471534 -1.5055649725864688 1.0
human.pedestrian.adult 0 0 0 0 0 0 0 0.793 1.794 0.793 2.7832017180070263 -4.483211483806337 38.71025684614858 1.6833138186306567 1.0
vehicle.car 0 0 0 0 0 0 0 4.931 1.775 1.838 1.476072469640925 -21.44690753837283 2.7825372094064313 -1.568127470919019 1.0
human.pedestrian.adult 0 0 0 0 0 0 0 0.601 1.8 0.608 -0.7068062649461605 12.12053280810083 -22.44083925006113 2.608210753892447 1.0
human.pedestrian.adult 0 0 0 0 0 0 0 0.857 1.685 0.47 0.26880443641155666 3.8064435677169692 -8.593228558597797 -2.3438741397442637 1.0
human.pedestrian.adult 0 0 0 0 0 0 0 0.628 1.374 0.679 1.3972296720760813 -8.647478972376955 33.16022254251307 -0.7760997857304286 1.0
human.pedestrian.adult 0 0 0 0 0 0 0 0.872 1.53 0.725 0.589919136051305 -16.640367518626032 -10.008416090013508 1.6143331547590059 1.0
vehicle.car 0 0 0 0 0 0 0 4.481 1.637 1.783 1.1702758786655127 -3.218101034947948 3.5136794019002218 1.5790775299254216 1.0
human.pedestrian.adult 0 0 0 0 0 0 0 0.906 1.633 0.609 0.3411806953693872 4.610070868040073 -8.827761795719455 -2.318109502463579 1.0
human.pedestrian.adult 0 0 0 0 0 0 0 0.81 2.0 0.798 2.09498864772407 -53.55411275300541 12.976248852864535 2.209553912612324 1.0
human.pedestrian.adult 0 0 0 0 0 0 0 0.602 1.64 0.731 0.027219653992893167 19.156880471528805 -7.561054321854114 -1.5272406337353113 1.0
vehicle.car 0 0 0 0 0 0 0 4.347 1.585 1.817 1.4087512465880425 10.362676770327797 19.646935418669663 2.6469558494380045 1.0
human.pedestrian.adult 0 0 0 0 0 0 0 0.604 1.737 0.495 -0.6754133588739362 11.530731608252161 -22.577554392255728 2.5672456857188255 1.0
human.pedestrian.adult 0 0 0 0 0 0 0 0.726 1.983 0.795 1.2593412824476518 -11.255915597616323 36.83447051510774 -0.4437405260016245 1.0
vehicle.car 0 0 0 0 0 0 0 4.003 1.514 1.998 0.48547667516123916 30.52419208918581 15.53046968782604 -1.8035759068321946 1.0
human.pedestrian.adult 0 0 0 0 0 0 0 1.051 1.515 0.483 3.2549034131825803 -2.216865501837113 41.33630471334008 -1.197405993531822 1.0
human.pedestrian.adult 0 0 0 0 0 0 0 0.777 1.876 0.735 1.329288358338029 -11.232540100758996 37.60905878814122 -1.3647956395018639 1.0
human.pedestrian.adult 0 0 0 0 0 0 0 0.626 1.932 0.67 0.7716546224829176 -33.39545798261846 -8.479633974602553 -1.5577566318270613 1.0
