movable_object.barrier 0 0 0 0 0 0 0 2.238 1.052 0.52 1.0094991202136248 7.9965636303210905 -4.461009772737915 -1.3639518231809955 1.0
human.pedestrian.construction_worker 0 0 0 0 0 0 0 0.843 0.906 0.421 0.3273227274324947 26.87329998613295 -1.893728541102599 3.0114341392330246 1.0
movable_object.barrier 0 0 0 0 0 0 0 2.321 1.055 0.56 1.3913613926339317 -2.175798229181207 -6.934386493791018 -0.7557669205947128 1.0
vehicle.truck 0 0 0 0 0 0 0 4.972 1.949 1.962 1.0756798505450818 -7.288176011991734 -4.255631639421244 2.311206297429515 1.0
human.pedestrian.construction_worker 0 0 0 0 0 0 0 1.024 0.834 0.625 1.0600615129255584 20.333074073551835 7.015922680165149 2.8784029864030867 1.0
human.pedestrian.construction_worker 0 0 0 0 0 0 0 0.833 1.734 0.686 1.1301800709009409 -10.008688947865744 -5.162961839361174 2.448999286087539 1.0
human.pedestrian.construction_worker 0 0 0 0 0 0 0 0.641 0.899 0.658 2.1883834524564403 -30.193144975324593 -1.8145424392791463 2.0422203724142545 1.0
vehicle.car 0 0 0 0 0 0 0 4.781 1.526 1.95 1.457831659635235 -13.689747070778187 5.463874262326866 2.1877938828312153 1.0
human.pedestrian.construction_worker 0 0 0 0 0 0 0 0.7 0.937 0.551 0.7893729203570493 25.927146185407516 7.143965224709044 -0.061437436601689654 1.0
vehicle.car 0 0 0 0 0 0 0 4.306 1.477 1.875 0.8614433827667963 6.447829728481696 -11.621777105915488 2.25746337016348 1.0
vehicle.car 0 0 0 0 0 0 0 4.662 1.79 1.982 1.7809174478946108 -27.353650450773312 17.89163005311952 2.346038369380505 1.0
movable_object.barrier 0 0 0 0 0 0 0 2.141 1.064 0.546 1.0481731923468014 5.562124526804873 -4.918197444724204 -1.2976549447574133 1.0
human.pedestrian.construction_worker 0 0 0 0 0 0 0 1.018 0.858 0.605 1.0532366975319847 22.552099506358026 17.01896749414332 -1.1221136430272267 1.0
human.pedestrian.construction_worker 0 0 0 0 0 0 0 0.694 1.008 0.67 1.7426046780354159 -8.471678748501153 -9.220750122111426 -0.2844613382877128 1.0
human.pedestrian.construction_worker 0 0 0 0 0 0 0 1.022 1.692 0.759 1.3133205071515621 -7.935955157368218 -1.7049648448080175 -1.7992903385199366 1.0
human.pedestrian.construction_worker 0 0 0 0 0 0 0 0.639 0.817 0.617 1.086971763353973 23.807380515303503 16.712039923022004 -0.9971998810912766 1.0
human.pedestrian.construction_worker 0 0 0 0 0 0 0 0.858 0.895 0.627 0.5001395416155457 27.622548103854584 -3.9817100081721657 -0.056803108055639484 1.0
vehicle.truck 0 0 0 0 0 0 0 4.865 1.906 2.13 0.3390864090879965 10.024727412858535 -5.723180311121905 -1.318481951151842 1.0
movable_object.barrier 0 0 0 0 0 0 0 2.569 1.033 0.542 1.4664169362968258 -4.227697531621796 -7.313929532205828 -0.8061015568041867 1.0
movable_object.pushable_pullable 0 0 0 0 0 0 0 1.331 1.176 0.814 1.581283948540674 -11.195572997329021 -3.861319206105716 -0.9380509918011111 1.0
