human.pedestrian.construction_worker 0 0 0 0 0 0 0 1.024 0.834 0.625 1.0021318840110576 4.389630758171412 -6.643141692907979 -2.458898810893242 1.0
movable_object.barrier 0 0 0 0 0 0 0 2.569 1.033 0.542 2.0976584664334283 -21.530623796600896 4.7780027034742245 -1.7208073798870895 1.0
movable_object.barrier 0 0 0 0 0 0 0 2.321 1.055 0.56 1.9582228913718642 -20.019700982361226 3.336191699972813 -0.19720878563698108 1.0
vehicle.truck 0 0 0 0 0 0 0 4.972 1.949 1.962 1.7120129485500832 -20.89396801323375 8.962840686961918 -3.0259841462797645 1.0
vehicle.motorcycle 0 0 0 0 0 0 0 1.963 1.48 0.622 0.5271219022542291 -3.6049073766781135 -16.51126291873758 -3.1319281559880796 1.0
human.pedestrian.construction_worker 0 0 0 0 0 0 0 0.527 1.147 0.646 2.5501835746787624 -25.204665493506177 8.129908375746068 -1.5460609796758895 1.0
human.pedestrian.construction_worker 0 0 0 0 0 0 0 0.843 0.906 0.421 0.5882642187728427 1.0329481392135056 -17.146227351477936 -2.3258992696195024 1.0
movable_object.barrier 0 0 0 0 0 0 0 2.141 1.064 0.546 1.4537483885890934 -13.820486212283894 -1.7364740400990448 -2.2903041986427173 1.0
human.pedestrian.construction_worker 0 0 0 0 0 0 0 0.632 0.61 0.729 0.788987214935251 14.918865714852325 -3.4848336684974077 -1.3631235888452267 1.0
vehicle.truck 0 0 0 0 0 0 0 4.865 1.906 2.13 0.8355911488450403 -11.935150905211792 -5.874729156311415 -2.2646050137493967 1.0
vehicle.car 0 0 0 0 0 0 0 4.306 1.477 1.875 1.281555527240911 -18.69309282155928 -6.372646647945688 -3.0942580002474998 1.0
human.pedestrian.construction_worker 0 0 0 0 0 0 0 0.639 0.817 0.617 0.7787007594502846 14.28739170177307 -3.8274862033476613 -0.07075785137468316 1.0
human.pedestrian.adult 0 0 0 0 0 0 0 0.565 0.952 0.706 0.5565297119193905 0.2839739571799577 -17.971272559767677 2.3584171545449166 1.0
vehicle.car 0 0 0 0 0 0 0 4.662 1.79 1.982 1.6812173597556943 -15.71526723925032 19.573524827263817 3.0400787390223805 1.0
human.pedestrian.construction_worker 0 0 0 0 0 0 0 1.018 0.858 0.605 0.7255120366552015 13.824660088867965 -2.60690830162018 -2.068245133220991 1.0
vehicle.car 0 0 0 0 0 0 0 4.781 1.526 1.95 1.2693476424845256 -11.184674583459824 5.742210698689685 2.4358999599046953 1.0
movable_object.barrier 0 0 0 0 0 0 0 2.238 1.052 0.52 1.4068635805699061 -12.066080917882733 -3.462272080935295 -2.3275184873491437 1.0
human.pedestrian.construction_worker 0 0 0 0 0 0 0 0.7 0.937 0.551 0.5567346153195816 7.831753135407479 -11.031170728041346 -0.893886813920485 1.0
human.pedestrian.construction_worker 0 0 0 0 0 0 0 0.858 0.895 0.627 0.5835311416289448 -0.33039215364513774 -18.988278068436802 -0.8925799598746629 1.0
vehicle.motorcycle 0 0 0 0 0 0 0 1.942 1.327 0.79 0.8119903236671886 -3.578243359529082 -13.92848301857748 -3.1319281559880796 1.0
human.pedestrian.construction_worker 0 0 0 0 0 0 0 0.594 1.711 0.696 0.28436582435050195 -8.036920298047301 -32.48469185404948 -2.7369951607076324 1.0
