vehicle.truck 0 0 0 0 0 0 0 4.865 1.906 2.13 0.6558125040654419 -3.264991046725165 -8.125696734257362 -1.9079196824933105 1.0
human.pedestrian.construction_worker 0 0 0 0 0 0 0 0.639 0.817 0.617 0.6647041777218773 20.565514272071436 2.9002464085739352 -0.4106879973600357 1.0
human.pedestrian.construction_worker 0 0 0 0 0 0 0 1.018 0.858 0.605 0.5069620830342974 19.72198754785869 3.846475818972117 -1.7115876067450175 1.0
vehicle.motorcycle 0 0 0 0 0 0 0 1.963 1.48 0.622 0.2044535446268127 8.218235407956303 -15.208759086110518 2.7945098048282766 1.0
vehicle.motorcycle 0 0 0 0 0 0 0 1.942 1.327 0.79 0.5530922404996372 7.378883565688584 -12.875063616555487 2.7945098048282766 1.0
human.pedestrian.construction_worker 0 0 0 0 0 0 0 0.632 0.61 0.729 0.5381106824495993 21.044751718134314 3.41823439805427 -1.7198030810703155 1.0
vehicle.car 0 0 0 0 0 0 0 4.662 1.79 1.982 1.9529281640345983 -18.401904709611987 21.039896980374365 2.8252404768613832 1.0
human.pedestrian.construction_worker 0 0 0 0 0 0 0 0.694 1.008 0.67 2.2076421394154 -20.56965457564615 -0.7794563397645048 -0.8745183726018411 1.0
vehicle.truck 0 0 0 0 0 0 0 4.972 1.949 1.962 1.583205943973533 -16.883826314866408 2.6326102583340147 2.9004505692050664 1.0
movable_object.barrier 0 0 0 0 0 0 0 2.238 1.052 0.52 1.2667837547268348 -4.283333261907451 -5.9414304355560095 -1.9708258137939554 1.0
human.pedestrian.construction_worker 0 0 0 0 0 0 0 0.858 0.895 0.627 0.2529294798236953 12.039076319049208 -16.42092484038074 -0.536834844545762 1.0
vehicle.car 0 0 0 0 0 0 0 4.781 1.526 1.95 1.4718441936734425 -11.803929367588294 6.488808718683826 2.3583338733518513 1.0
human.pedestrian.construction_worker 0 0 0 0 0 0 0 0.843 0.906 0.421 0.13415712729691545 12.78258721880614 -14.231192740278555 -2.682654792629606 1.0
vehicle.car 0 0 0 0 0 0 0 4.306 1.477 1.875 1.1162728214731352 -9.506749562538968 -11.02835343568765 2.837994535202106 1.0
human.pedestrian.construction_worker 0 0 0 0 0 0 0 0.833 1.734 0.686 1.7501029399671777 -19.58541630100231 3.482759621410446 3.0382160864775365 1.0
human.pedestrian.construction_worker 0 0 0 0 0 0 0 0.527 1.147 0.646 2.3184966807171 -20.66234648984142 0.25404812549705613 -1.1895423717954632 1.0
human.pedestrian.construction_worker 0 0 0 0 0 0 0 0.7 0.937 0.551 0.47203665316428084 17.05133849882325 -6.134725304701973 -0.538137721731264 1.0
movable_object.barrier 0 0 0 0 0 0 0 2.321 1.055 0.56 1.8601358571977809 -14.088840375155717 -2.342662238723851 -0.17365882062954618 1.0
movable_object.barrier 0 0 0 0 0 0 0 2.569 1.033 0.542 2.026637749089923 -16.041583222165023 -1.450065188846079 -1.4270085910040278 1.0
movable_object.barrier 0 0 0 0 0 0 0 2.141 1.064 0.546 1.2755996690264702 -6.529052994885523 -4.979510397003895 -1.921985931834402 1.0
human.pedestrian.construction_worker 0 0 0 0 0 0 0 1.024 0.834 0.625 0.852005101841953 12.292943930941727 -3.2244775292770504 -2.815655736524688 1.0
human.pedestrian.construction_worker 0 0 0 0 0 0 0 1.022 1.692 0.759 1.81770670683116 -17.814152129706475 5.416989950556712 -1.5049264536376876 1.0
human.pedestrian.adult 0 0 0 0 0 0 0 0.565 0.952 0.706 0.2547328793274577 12.353683458586652 -15.360064766901582 2.0017211081778514 1.0
