vehicle.car 0 0 0 0 0 0 0 4.781 1.526 1.95 1.5031589301067176 -12.592069622815803 6.214762728249179 2.2830950216322954 1.0
vehicle.motorcycle 0 0 0 0 0 0 0 1.942 1.327 0.79 0.5452403897732023 12.784045496151785 -10.498864482472808 2.579705729953174 1.0
human.pedestrian.construction_worker 0 0 0 0 0 0 0 0.843 0.906 0.421 0.07740793708961646 18.34785977478735 -10.715609653279943 -2.897421456439889 1.0
vehicle.car 0 0 0 0 0 0 0 4.306 1.477 1.875 0.9943070670462808 -4.141188935086393 -12.306955344954071 2.62609997311859 1.0
vehicle.car 0 0 0 0 0 0 0 4.662 1.79 1.982 2.0375186542737094 -21.340260278139894 20.326325573777236 2.6813929202462212 1.0
human.pedestrian.construction_worker 0 0 0 0 0 0 0 0.694 1.008 0.67 2.0769090003524457 -17.136430046807117 -4.642223418640482 -0.6595799085793352 1.0
movable_object.barrier 0 0 0 0 0 0 0 2.569 1.033 0.542 1.8456409325728995 -12.544025069063771 -4.361058696058299 -1.2017470212346915 1.0
movable_object.barrier 0 0 0 0 0 0 0 2.141 1.064 0.546 1.1637916986477903 -2.5192429226190773 -5.756747249611446 -1.6955364752887707 1.0
vehicle.truck 0 0 0 0 0 0 0 4.865 1.906 2.13 0.4959319402102624 1.3376895078284161 -8.136079628666872 -1.6931000541940113 1.0
human.pedestrian.construction_worker 0 0 0 0 0 0 0 0.639 0.817 0.617 0.7009081037595923 22.307315190086904 7.713266746447109 -0.6241162514252494 1.0
human.pedestrian.construction_worker 0 0 0 0 0 0 0 1.018 0.858 0.605 0.6199384567240531 21.266665583401238 8.458423315474038 -1.496771594611145 1.0
human.pedestrian.construction_worker 0 0 0 0 0 0 0 0.527 1.147 0.646 2.0683335606573454 -17.474012842276405 -3.686802402524055 -0.9747812226080601 1.0
human.pedestrian.construction_worker 0 0 0 0 0 0 0 0.7 0.937 0.551 0.4140889251616696 20.77901974983315 -1.9527095004763653 -0.3243557422491854 1.0
movable_object.barrier 0 0 0 0 0 0 0 2.321 1.055 0.56 1.7414513541269696 -10.455020559988649 -4.769130617178163 -0.38369010270114856 1.0
human.pedestrian.construction_worker 0 0 0 0 0 0 0 1.024 0.834 0.625 0.8167398228532502 15.529266827641742 -0.028368701519065245 -3.030430137996973 1.0
movable_object.barrier 0 0 0 0 0 0 0 2.238 1.052 0.52 1.188392796599833 -0.11398169797437255 -6.199310496165248 -1.7560058856575047 1.0
human.pedestrian.construction_worker 0 0 0 0 0 0 0 0.858 0.895 0.627 0.18220909592476192 18.030049758689355 -12.981400797841786 -0.3230610117874484 1.0
human.pedestrian.construction_worker 0 0 0 0 0 0 0 1.022 1.692 0.759 1.7023950092633706 -15.170193662021651 2.258977038499076 -1.6614115289653224 1.0
human.pedestrian.adult 0 0 0 0 0 0 0 0.565 0.952 0.706 0.2146251385558362 18.17861634398596 -11.873410197740196 1.7869011530572543 1.0
human.pedestrian.construction_worker 0 0 0 0 0 0 0 0.632 0.61 0.729 0.5013330225354279 22.661825919855065 8.321564312966673 -1.9344759722679434 1.0
vehicle.motorcycle 0 0 0 0 0 0 0 1.963 1.48 0.622 0.21028479233794478 14.090846972209809 -12.577689066202634 2.579705729953174 1.0
human.pedestrian.construction_worker 0 0 0 0 0 0 0 0.833 1.734 0.686 1.5719498452625937 -17.06687508137584 -0.28486133149718385 2.823421151871635 1.0
vehicle.truck 0 0 0 0 0 0 0 4.972 1.949 1.962 1.4310631980692494 -14.250395683489762 -0.4997374677380373 2.685650259552877 1.0
