human.pedestrian.construction_worker 0 0 0 0 0 0 0 0.632 0.61 0.729 1.36823796292412 -5.707820535728665 -5.574729665487904 -1.2327020128577058 1.0
vehicle.truck 0 0 0 0 0 0 0 4.865 1.906 2.13 0.43801365259165553 -32.70263190894911 -4.531762908246499 -2.394207330924032 1.0
human.pedestrian.construction_worker 0 0 0 0 0 0 0 0.941 0.913 0.643 0.7185641264171497 26.2975853818503 -8.021702889117162 -1.446863030722982 1.0
human.pedestrian.construction_worker 0 0 0 0 0 0 0 0.816 0.718 0.52 1.3106131301172637 -5.787564853718738 -4.8255052515822605 -2.4465378487853044 1.0
human.pedestrian.construction_worker 0 0 0 0 0 0 0 1.018 0.858 0.605 1.3782783937632208 -6.681516818979968 -4.546517266354664 -2.1977849376414706 1.0
human.pedestrian.construction_worker 0 0 0 0 0 0 0 0.7 0.937 0.551 1.0144948715678619 -13.656182375833453 -12.136612846716034 -1.0226701755934968 1.0
vehicle.car 0 0 0 0 0 0 0 4.781 1.526 1.95 1.100886026455713 -16.11241494917084 0.5952916500210436 -1.6580564490106662 1.0
vehicle.truck 0 0 0 0 0 0 0 4.972 1.949 1.962 1.241909879027965 -39.558847074106076 11.361939916023077 -2.896122999304218 1.0
human.pedestrian.construction_worker 0 0 0 0 0 0 0 0.843 0.906 0.421 0.5776925420309109 -21.23405135716883 -17.310048980140916 -2.195856960610249 1.0
movable_object.barrier 0 0 0 0 0 0 0 2.321 1.055 0.56 1.4921685708905656 -39.54293638404278 5.554863936057927 -0.3215307504799334 1.0
movable_object.barrier 0 0 0 0 0 0 0 2.238 1.052 0.52 1.0751901983220755 -32.45231392125652 -2.154647859577351 -2.4571395308498936 1.0
human.pedestrian.construction_worker 0 0 0 0 0 0 0 0.639 0.817 0.617 1.1815891431924461 -6.387043709432685 -5.923215100472148 -0.08220899078458288 1.0
vehicle.car 0 0 0 0 0 0 0 4.662 1.79 1.982 0.9953890729626361 -26.85242482389858 6.356566793906761 -2.300769100977088 1.0
movable_object.barrier 0 0 0 0 0 0 0 2.141 1.064 0.546 1.126543498295444 -33.94859031733083 -0.14958681683261424 -2.4199142320537153 1.0
vehicle.motorcycle 0 0 0 0 0 0 0 1.963 1.48 0.622 0.6456765157545217 -25.76539635193623 -16.24830761911474 -3.002092871034069 1.0
human.pedestrian.construction_worker 0 0 0 0 0 0 0 1.024 0.834 0.625 1.4088951572077753 -16.51038372180418 -7.409943713875661 -2.328893501417114 1.0
human.pedestrian.construction_worker 0 0 0 0 0 0 0 1.134 0.955 0.912 0.668947008504544 18.63971300805157 -8.307151392740227 -1.4105570762149569 1.0
vehicle.motorcycle 0 0 0 0 0 0 0 1.942 1.327 0.79 0.9146692672784864 -25.393785017046408 -13.555495535918324 -3.002092871034069 1.0
