human.pedestrian.adult 0 0 0 0 0 0 0 0.884 1.821 0.662 0.7035414541009287 6.804025594057752 -4.747566514360525 -0.5012120851892217 1.0
vehicle.car 0 0 0 0 0 0 0 4.526 1.678 2.013 0.9440802566650344 -0.007928166593829073 -7.0792345969154225 -0.18516720652326768 1.0
vehicle.car 0 0 0 0 0 0 0 5.137 2.14 2.004 1.8443770065874754 -58.90541690460625 -15.095262236450406 -0.2353654787363233 1.0
vehicle.car 0 0 0 0 0 0 0 4.393 2.0 1.786 -0.030823712114136703 21.90649329893347 22.033614079964178 -0.1913188169047686 1.0
human.pedestrian.adult 0 0 0 0 0 0 0 0.823 1.849 0.706 -0.30658078830184343 40.72534345641024 13.156180566534205 -1.7241056670434034 1.0
vehicle.truck 0 0 0 0 0 0 0 10.709 3.755 3.07 0.9518907996516286 -44.55501957310675 7.915997285760053 1.3992956835961863 1.0
human.pedestrian.adult 0 0 0 0 0 0 0 0.746 1.469 0.859 0.5250821093731418 19.095008138039393 11.129040502436757 -3.1269224805562814 1.0
vehicle.motorcycle 0 0 0 0 0 0 0 2.349 2.02 0.993 0.8557014179916842 -7.022566327804577 -19.470954479488665 2.880708094395004 1.0
vehicle.bicycle 0 0 0 0 0 0 0 1.6 1.166 0.589 1.5930998351646735 -31.04514507324461 -5.397549348054442 -0.7735236506234937 1.0
vehicle.bus.rigid 0 0 0 0 0 0 0 12.206 3.181 2.89 -1.3611835333405664 54.67761512201253 6.457326454121393 1.5805013545316946 1.0
vehicle.car 0 0 0 0 0 0 0 4.22 1.605 1.708 1.1227468706969264 -6.625682155853542 -64.55316391603077 -1.9123908505542975 1.0
vehicle.car 0 0 0 0 0 0 0 4.412 1.498 1.855 0.8980891288291534 8.25431064489425 4.617599446452866 1.6301446201494798 1.0
vehicle.car 0 0 0 0 0 0 0 4.737 2.0 1.983 2.4190248815934656 -75.56601085220767 -10.983306602826108 -0.19743166184005645 1.0
human.pedestrian.adult 0 0 0 0 0 0 0 0.635 2.0 0.652 -0.3465240202609078 38.648380389227604 13.72948149604676 -1.5590864043281139 1.0
human.pedestrian.adult 0 0 0 0 0 0 0 0.425 1.725 0.701 0.4159743280908821 16.057735955747756 -3.8029085392235844 -0.030825739535021768 1.0
vehicle.truck 0 0 0 0 0 0 0 5.08 2.278 1.925 1.059654663507982 -13.469990293079949 -38.832194503971515 2.8558285143614865 1.0
vehicle.car 0 0 0 0 0 0 0 4.333 1.817 1.922 -1.1289313853592082 53.038307369695346 -28.0850800490878 -2.2214389409129387 1.0
human.pedestrian.adult 0 0 0 0 0 0 0 0.529 1.739 0.674 0.42354059415625533 16.803882177617805 -3.643567498663386 -0.030825739535021768 1.0
vehicle.truck 0 0 0 0 0 0 0 4.999 2.623 2.25 0.8661781406559242 -17.827609351305156 -80.86394027997393 1.2645980933333947 1.0
