vehicle.car 0 0 0 0 0 0 0 4.526 1.678 2.013 0.9932109935413032 -4.731560641112168 -7.1103368277262184 -0.1795951591389091 1.0
human.pedestrian.adult 0 0 0 0 0 0 0 0.425 1.725 0.701 0.5430296780119785 11.333499316697427 -3.7560894702507475 -0.030780085403876 1.0
vehicle.truck 0 0 0 0 0 0 0 10.709 3.755 3.07 1.1981499186664855 -53.09181170516325 8.11081270372881 1.3873240094400998 1.0
vehicle.truck 0 0 0 0 0 0 0 5.08 2.278 1.925 0.9748358604704295 -18.672351168541216 -41.5451036023804 2.8729551469752117 1.0
vehicle.truck 0 0 0 0 0 0 0 4.999 2.623 2.25 0.5045758411977267 -22.135391245642744 -80.97528262731838 1.2700722560065794 1.0
human.pedestrian.adult 0 0 0 0 0 0 0 0.884 1.821 0.662 0.8164939249051759 2.2092390113230884 -4.504239311821027 -0.5130943207847238 1.0
human.pedestrian.adult 0 0 0 0 0 0 0 0.823 1.849 0.706 -0.0829000045606546 36.575352541472284 13.271788489477393 -1.6880623681494944 1.0
vehicle.car 0 0 0 0 0 0 0 5.137 2.14 2.004 1.798657876904353 -63.58347882729823 -15.483222478715163 -0.2297972601923277 1.0
vehicle.bus.rigid 0 0 0 0 0 0 0 12.206 3.181 2.89 -1.087168519321168 47.74959760181631 6.694378582710552 1.5750754064257357 1.0
movable_object.trafficcone 0 0 0 0 0 0 0 0.333 0.854 0.318 1.454162960633131 -6.854060263256317 -22.665100620147832 -1.8652677596222933 1.0
vehicle.motorcycle 0 0 0 0 0 0 0 2.349 2.02 0.993 0.8786050627243448 -11.800311924671185 -20.07626736786889 2.88620069729385 1.0
human.pedestrian.adult 0 0 0 0 0 0 0 0.529 1.739 0.674 0.5140084328798157 12.077285349740524 -3.567658834787975 -0.030780085403876 1.0
vehicle.car 0 0 0 0 0 0 0 4.737 2.0 1.983 2.4301321667103344 -80.28082007288104 -11.51801068741397 -0.19185997107341635 1.0
vehicle.bicycle 0 0 0 0 0 0 0 1.6 1.166 0.589 1.618570457115827 -35.856458564143615 -5.670607748285431 -0.7679984438767917 1.0
vehicle.bicycle 0 0 0 0 0 0 0 1.912 1.242 0.49 1.959549142765982 -46.315846524246844 -14.832529273597604 3.0190227963374596 1.0
movable_object.trafficcone 0 0 0 0 0 0 0 0.204 0.853 0.221 -0.3808676729496747 43.02920540359454 -24.045498020967948 -2.1996385794505198 1.0
vehicle.car 0 0 0 0 0 0 0 4.393 2.0 1.786 0.25723648373540764 17.042386990543772 22.13897795150949 -0.19660190616561835 1.0
vehicle.car 0 0 0 0 0 0 0 4.412 1.498 1.855 1.0447082629987325 1.8954119824389026 4.4179947028094855 1.7141492920154828 1.0
movable_object.trafficcone 0 0 0 0 0 0 0 0.242 0.872 0.242 -0.4101699052499478 44.26124428775255 -22.391938355547662 -2.1996385794505198 1.0
human.pedestrian.adult 0 0 0 0 0 0 0 0.635 2.0 0.652 -0.11475258809414213 34.30768980160202 13.919106117173811 -1.5942936944713333 1.0
vehicle.car 0 0 0 0 0 0 0 4.333 1.817 1.922 -1.1299184576728822 48.410286480131056 -27.850342875840003 -2.2159376812350846 1.0
human.pedestrian.adult 0 0 0 0 0 0 0 0.746 1.469 0.859 0.7019217955748023 14.291935193792087 11.209289992231804 -3.1214279229356947 1.0
