vehicle.truck 0 0 0 0 0 0 0 9.367 3.906 3.109 0.9249712776348185 -42.7875040965272 -29.91075846138081 -0.4994537533128742 1.0
vehicle.car 0 0 0 0 0 0 0 4.737 2.0 1.983 1.330769997601155 -19.544932247221737 -19.756055106346565 -0.04385702968016858 1.0
vehicle.truck 0 0 0 0 0 0 0 10.709 3.755 3.07 -1.283151207419298 54.498022880709755 14.58319826144064 1.8240655113762987 1.0
vehicle.car 0 0 0 0 0 0 0 4.185 1.763 1.728 1.491268687924959 -20.402944734762517 -30.2526801230664 2.552977856520082 1.0
vehicle.bicycle 0 0 0 0 0 0 0 1.912 1.242 0.49 0.9783836761671081 14.2777144221171 -16.131863312093373 -3.041134888938336 1.0
movable_object.debris 0 0 0 0 0 0 0 0.212 1.293 1.301 0.9106694961657775 8.666510057685084 -19.475148279069106 -0.031381299766131576 1.0
vehicle.motorcycle 0 0 0 0 0 0 0 2.349 2.02 0.993 -0.22568461681569574 48.886614206914246 0.6098543486397269 3.1266782498627546 1.0
vehicle.construction 0 0 0 0 0 0 0 6.006 2.465 2.599 0.7016620924745248 7.200921253707647 -28.46645031842125 -0.10299778805530124 1.0
vehicle.car 0 0 0 0 0 0 0 4.398 1.523 1.781 1.3102459455644153 -12.064231589073952 -19.77822324737731 -0.03428815838825372 1.0
movable_object.debris 0 0 0 0 0 0 0 0.208 1.1 0.88 1.0129107926402217 7.447758178743575 -19.530786169680884 -0.16340502147821212 1.0
vehicle.car 0 0 0 0 0 0 0 5.137 2.14 2.004 0.8624136040976125 -2.4134821015196946 -20.246987071073224 -0.028692578198040053 1.0
vehicle.car 0 0 0 0 0 0 0 4.761 1.578 1.949 1.423921217549125 -14.488891480674505 -20.291163148928085 -0.04385702968016858 1.0
vehicle.car 0 0 0 0 0 0 0 4.578 1.666 1.999 1.2144561287666633 -4.774213300866038 -19.608899094962293 -0.033013783596350876 1.0
vehicle.car 0 0 0 0 0 0 0 4.689 1.741 2.064 1.3035604994637824 -9.565203592555081 -19.87049121270216 -0.033013783596350876 1.0
vehicle.car 0 0 0 0 0 0 0 4.554 1.605 1.915 1.7213042347822252 -23.80302667651542 -19.323143058920106 -0.49943632862224163 1.0
vehicle.truck 0 0 0 0 0 0 0 5.08 2.278 1.925 -0.38881624839623763 48.490047134500024 -14.064963763618229 3.065440775279301 1.0
vehicle.car 0 0 0 0 0 0 0 4.2 1.644 1.855 1.4868837061915672 -16.92583737464185 -19.306281209353724 -0.04385702968016858 1.0
vehicle.car 0 0 0 0 0 0 0 4.452 1.601 1.954 1.2532632763380396 -7.230091458495929 -19.44852615405948 -0.02845966179929249 1.0
vehicle.truck 0 0 0 0 0 0 0 4.914 2.082 2.084 1.8890433748323074 -38.25297175131116 -32.036447150157834 -1.1167617056381793 1.0
vehicle.car 0 0 0 0 0 0 0 4.526 1.678 2.013 -0.12729647137475109 53.17620141824898 1.009687225214902 -0.05395193544089061 1.0
vehicle.bicycle 0 0 0 0 0 0 0 1.761 1.077 0.474 1.052009186182316 -1.8437816422466757 -6.623321892349905 -1.3380022252444181 1.0
