movable_object.barrier 0 0 0 0 0 0 0 2.179 1.206 0.505 1.4916532653456716 -11.603162761601977 5.765790898994597 1.5663230021400132 1.0
human.pedestrian.adult 0 0 0 0 0 0 0 0.491 1.67 0.538 -0.9109226858148733 2.149593599366623 -47.754296715607964 1.049129137490561 1.0
movable_object.barrier 0 0 0 0 0 0 0 2.175 1.096 0.444 1.98042005648327 -24.54271708000831 2.041168627556319 -1.546064835334482 1.0
movable_object.trafficcone 0 0 0 0 0 0 0 0.334 0.775 0.377 1.610448101938665 -6.125633961148034 8.006358913360065 -1.4969799244774595 1.0
vehicle.car 0 0 0 0 0 0 0 5.573 2.236 2.057 -1.212981122121251 76.00002843303281 0.15583480768743738 1.5987130456706353 1.0
human.pedestrian.adult 0 0 0 0 0 0 0 0.644 1.645 0.682 -0.3878723643535957 2.3454625255589674 -25.210744672396757 -2.4376425808240327 1.0
human.pedestrian.adult 0 0 0 0 0 0 0 0.993 1.491 0.576 -0.6785763944551764 28.912148709383175 -13.82864858349086 -0.2988090830018777 1.0
movable_object.barrier 0 0 0 0 0 0 0 1.948 1.055 0.47 1.4735058320127645 -6.824893949837213 8.764833885212077 1.5893079715128247 1.0
movable_object.barrier 0 0 0 0 0 0 0 2.054 1.066 0.459 1.5514178671488743 -8.900878352381358 8.79785622877468 1.583764896431445 1.0
movable_object.barrier 0 0 0 0 0 0 0 1.951 1.01 0.555 1.6486842549699232 -2.7812275968531113 19.882329823860914 -0.26381506463144433 1.0
movable_object.trafficcone 0 0 0 0 0 0 0 0.367 0.7 0.369 1.6767328023617363 -8.016033371001715 1.900067124580601 -0.0654611149080484 1.0
movable_object.barrier 0 0 0 0 0 0 0 1.856 1.103 0.429 2.0175389497454987 -26.675548727970316 1.9806264999536134 -1.5983904150576187 1.0
human.pedestrian.adult 0 0 0 0 0 0 0 0.64 1.422 0.657 0.7530970694414458 -17.8736110640985 -15.388021377548206 -2.524215492363771 1.0
movable_object.barrier 0 0 0 0 0 0 0 1.827 1.077 0.442 1.951725928012251 -22.495777115221777 2.0080110107651965 -1.546064835334482 1.0
movable_object.barrier 0 0 0 0 0 0 0 2.148 1.187 0.436 1.836665156292828 -18.456485169250893 1.9487691841071835 -1.563506494881108 1.0
movable_object.barrier 0 0 0 0 0 0 0 2.3 1.104 0.523 1.6225645106581352 -11.154091922383715 8.805323696517068 1.5663230021400132 1.0
movable_object.trafficcone 0 0 0 0 0 0 0 0.4 0.817 0.432 1.7292645187689386 -12.278749141163448 1.8238065083610968 -0.05236990380944562 1.0
movable_object.barrier 0 0 0 0 0 0 0 2.011 1.001 0.458 1.664960740396596 -8.9194041527674 19.091201108387768 1.8052020362220818 1.0
movable_object.barrier 0 0 0 0 0 0 0 1.765 0.962 0.532 1.8280599127546022 -10.593476530369934 20.310147511854435 2.302519118833942 1.0
movable_object.barrier 0 0 0 0 0 0 0 2.172 0.971 0.506 1.6333281323123514 -2.2194610849224854 22.063184834073628 -0.26381506463144433 1.0
movable_object.barrier 0 0 0 0 0 0 0 2.108 1.174 0.523 1.4174548416301567 -9.339919202571558 5.769281805113006 1.5663230021400132 1.0
movable_object.barrier 0 0 0 0 0 0 0 1.985 1.05 0.376 1.4514131015399008 -7.065605519882427 6.347313905706834 0.7798345243736002 1.0
vehicle.truck 0 0 0 0 0 0 0 7.833 3.629 2.932 0.5359880687766116 -16.099341655302393 3.504793466906378 1.5812872633284938 1.0
human.pedestrian.adult 0 0 0 0 0 0 0 0.648 1.653 0.664 0.8280744614575493 -22.547249246479684 -12.132214022854805 -2.5168118660547574 1.0
movable_object.barrier 0 0 0 0 0 0 0 1.987 1.089 0.433 2.1035597854929593 -30.62113314985408 1.9070467092136663 -1.5543042495932031 1.0
movable_object.barrier 0 0 0 0 0 0 0 1.951 0.968 0.545 1.6056816242854814 -4.659505492110858 18.891933982825527 1.478996221081272 1.0
movable_object.barrier 0 0 0 0 0 0 0 1.92 1.158 0.439 1.9080975153749336 -20.527271177561197 2.004704198741293 -1.546064835334482 1.0
movable_object.barrier 0 0 0 0 0 0 0 2.378 1.037 0.431 1.3786433554723705 -25.87622218721531 -7.208876125371692 -1.6605344725199007 1.0
vehicle.construction 0 0 0 0 0 0 0 3.896 4.642 2.837 -0.021517625662288764 -22.63586939786104 4.802241142702577 1.6161715756652804 1.0
movable_object.barrier 0 0 0 0 0 0 0 2.631 1.096 0.645 1.6796270647737335 -13.671121047988112 8.888083866750124 1.5663230021400132 1.0
movable_object.barrier 0 0 0 0 0 0 0 2.161 1.076 0.515 1.6830050845058906 -6.789579146379634 18.777280985090357 1.5984742115705588 1.0
movable_object.trafficcone 0 0 0 0 0 0 0 0.416 0.765 0.357 1.6109112170405009 -2.921480866710852 1.8482183065750593 -0.0654611149080484 1.0
human.pedestrian.adult 0 0 0 0 0 0 0 0.649 1.567 0.608 -0.10334019112118858 -3.589875295846138 -28.55488109129419 1.1108810836986303 1.0
