vehicle.bicycle 0 0 0 0 0 0 0 1.756 0.963 0.669 0.17945818022965498 16.51398137772121 -14.948944795693098 -1.0651928106094566 1.0
movable_object.barrier 0 0 0 0 0 0 0 1.951 1.01 0.555 2.578269615645296 -62.83036123323532 18.767751162429374 -0.2537026828767388 1.0
static_object.bicycle_rack 0 0 0 0 0 0 0 2.066 1.171 7.536 0.21493541609451422 11.779509832442715 -15.374158333440054 -3.0962136500427313 1.0
vehicle.truck 0 0 0 0 0 0 0 7.833 3.629 2.932 1.8337000342176768 -75.8538489633559 2.1635874532324717 1.607205161516438 1.0
vehicle.car 0 0 0 0 0 0 0 5.065 1.584 2.029 0.6203988162202182 19.090144575110923 11.21961291267036 -1.5808407021507094 1.0
vehicle.car 0 0 0 0 0 0 0 5.573 2.236 2.057 -0.5069406337183123 43.15762940729066 0.29208690641388885 1.5470391399853396 1.0
human.pedestrian.personal_mobility 0 0 0 0 0 0 0 1.034 1.166 0.497 -0.15739000682019683 23.344177731225145 -17.306679528749925 -2.8080423338606106 1.0
vehicle.bicycle 0 0 0 0 0 0 0 1.649 1.267 0.715 -0.33112201258319324 29.152839956493676 -22.314665785012348 -2.306749565672547 1.0
vehicle.car 0 0 0 0 0 0 0 4.944 1.592 1.877 -2.1567848037221498 82.24571105343435 3.1915189954816463 1.5542727202980924 1.0
static_object.bicycle_rack 0 0 0 0 0 0 0 1.433 1.295 5.937 -0.13160374018215304 20.48311910145508 -17.332361924880367 -2.6353215091418356 1.0
vehicle.car 0 0 0 0 0 0 0 5.012 1.421 2.054 -0.2155645984233523 49.48034555500475 11.587563413471612 -1.664658033729176 1.0
human.pedestrian.personal_mobility 0 0 0 0 0 0 0 1.025 1.111 0.444 -0.14738892673472814 25.138880258436547 -18.609566637143594 -2.453235722475556 1.0
