static_object.bicycle_rack 0 0 0 0 0 0 0 2.066 1.171 7.536 1.171860789055067 -13.774578597408633 -15.564419339294329 -3.0971943177719607 1.0
vehicle.car 0 0 0 0 0 0 0 4.041 1.418 1.672 -0.6647561225412184 40.74931107367487 7.363346872343803 -1.7316542110770063 1.0
vehicle.car 0 0 0 0 0 0 0 4.457 1.577 2.159 -1.3725550988431112 9.723949056301919 45.18833667141837 -0.1372806744156101 1.0
vehicle.car 0 0 0 0 0 0 0 4.855 1.773 2.076 -2.6161873891781404 37.56045017773819 28.33087517679488 -1.576647822808951 1.0
vehicle.car 0 0 0 0 0 0 0 5.065 1.584 2.029 1.8629837883054594 -42.11154543701625 10.552961623024244 -1.5818593900179643 1.0
vehicle.car 0 0 0 0 0 0 0 4.781 1.51 2.019 -2.952741880982562 43.641090505692134 27.037007611660496 -1.5598077941638504 1.0
vehicle.car 0 0 0 0 0 0 0 5.573 2.236 2.057 -0.7949213530628056 39.14523509263566 0.4512403728881778 1.5510063445939313 1.0
human.pedestrian.personal_mobility 0 0 0 0 0 0 0 1.034 1.166 0.497 0.8739719401827774 -2.262366270527089 -17.430137049590947 -2.2277241984022274 1.0
vehicle.car 0 0 0 0 0 0 0 4.61 1.645 2.031 -1.3616175838980704 8.886124906415985 50.92813710911959 -0.1484785566269835 1.0
vehicle.car 0 0 0 0 0 0 0 5.012 1.421 2.054 0.9689083112033967 -1.5838400418326126 10.912709371374358 -1.578448973802777 1.0
vehicle.truck 0 0 0 0 0 0 0 5.526 2.707 2.44 -0.3940054526995126 23.518194003465887 11.5466469557149 -1.5958936179533572 1.0
vehicle.car 0 0 0 0 0 0 0 4.329 1.452 2.0 -1.357608202500126 10.632682811349484 40.74428035396171 3.0000835101581496 1.0
vehicle.bicycle 0 0 0 0 0 0 0 1.756 0.963 0.669 1.1231617056202152 -9.16989960051718 -15.06196861050624 -1.0662389786832556 1.0
vehicle.car 0 0 0 0 0 0 0 4.534 1.672 1.837 -2.1854134215684793 31.95422495113461 28.200850189104557 -1.6407287555818098 1.0
vehicle.car 0 0 0 0 0 0 0 3.857 1.421 1.912 -1.4692999793031167 16.87133476036462 30.401246524081614 2.190561672787485 1.0
vehicle.bicycle 0 0 0 0 0 0 0 1.941 1.653 0.776 -0.7913315873186173 43.983687339728895 -5.153372099547426 1.7341455654655338 1.0
static_object.bicycle_rack 0 0 0 0 0 0 0 1.433 1.295 5.937 0.8757861759918972 -5.067237985309165 -17.515912175146664 -2.636311495140834 1.0
