movable_object.barrier 0 0 0 0 0 0 0 2.26 1.154 0.644 0.36774673046971407 36.44345006276793 -4.154254964493325 -3.0559181899064907 1.0
vehicle.car 0 0 0 0 0 0 0 4.447 1.48 1.806 1.7325201382895012 -41.911308999276834 -11.599319092772951 -0.140462464931133 1.0
movable_object.barrier 0 0 0 0 0 0 0 2.224 1.07 0.651 0.7508034231380478 35.032785516919816 -2.5140064743891197 -1.5720883135865416 1.0
movable_object.barrier 0 0 0 0 0 0 0 1.719 1.087 0.654 0.7947121227973492 27.11876582354111 -2.5075784958239486 -1.594301622213239 1.0
movable_object.barrier 0 0 0 0 0 0 0 2.13 1.043 0.67 0.7981046745988738 32.746710047659086 -2.491016466677129 -1.5594025195551389 1.0
movable_object.barrier 0 0 0 0 0 0 0 2.063 1.064 0.51 0.5732261139612695 30.332431066089992 -7.800971987406047 -1.5768520384359057 1.0
vehicle.car 0 0 0 0 0 0 0 5.086 2.231 1.925 -0.3597381010312424 78.63066273713186 2.1730571495031183 1.5571530022249904 1.0
movable_object.barrier 0 0 0 0 0 0 0 2.185 1.065 0.585 0.5624991165086318 31.60061066899861 -7.706640517088635 -1.5594025195551389 1.0
vehicle.car 0 0 0 0 0 0 0 4.325 1.682 1.901 2.348008202761645 -64.10208123183918 0.9975274636089587 -1.932851228179059 1.0
movable_object.barrier 0 0 0 0 0 0 0 1.902 1.097 0.613 0.8268971217568813 28.30369733087114 -2.4635393225951523 -1.524503685819715 1.0
