human.pedestrian.adult 0 0 0 0 0 0 0 0.623 1.849 0.671 0.7210865559280688 4.344532014846699 -5.313449765995324 -0.3872515393313769 1.0
human.pedestrian.construction_worker 0 0 0 0 0 0 0 0.59 1.807 0.591 0.27751449742140727 15.649152254711996 -8.983929715721303 -0.04778107019672362 1.0
human.pedestrian.adult 0 0 0 0 0 0 0 0.555 1.539 0.52 0.7336211368928426 1.561930049842747 -8.141678396894063 -0.032274713141237754 1.0
vehicle.truck 0 0 0 0 0 0 0 4.878 2.116 1.968 1.5728897607116852 -35.28768700427871 -3.586173030672056 -1.570570499973372 1.0
human.pedestrian.adult 0 0 0 0 0 0 0 0.624 1.626 0.831 0.7791635777100614 2.521030073668261 -4.645283820994223 -1.5009878407210486 1.0
vehicle.motorcycle 0 0 0 0 0 0 0 1.989 1.191 0.636 1.1353399120082732 -7.809356034787308 -8.235167143487233 -1.502725278907338 1.0
vehicle.motorcycle 0 0 0 0 0 0 0 2.095 1.254 0.521 1.8246235545177472 -38.66885771163481 -10.216765820519239 -1.4330621308377038 1.0
vehicle.truck 0 0 0 0 0 0 0 9.983 3.286 3.01 -0.4374220159275978 17.891082158952614 -3.470869759004727 -1.5642009028682908 1.0
vehicle.truck 0 0 0 0 0 0 0 5.192 2.786 1.884 0.40873891617771474 4.734395278716777 -3.4707583682221363 -1.5585916738071282 1.0
vehicle.bicycle 0 0 0 0 0 0 0 1.461 1.108 0.533 1.207764984752729 -3.1379574975630926 -7.206536347108993 -0.7969105010091049 1.0
movable_object.trafficcone 0 0 0 0 0 0 0 0.411 0.796 0.355 1.6671215583691457 -12.814370731415794 -4.985778713778169 -3.050691377627489 1.0
vehicle.truck 0 0 0 0 0 0 0 4.863 2.169 2.117 -0.08558569313868247 33.328032776005806 -3.960107787603864 -1.567813249091432 1.0
movable_object.pushable_pullable 0 0 0 0 0 0 0 0.788 1.271 1.375 1.0443391939651263 -6.917103913773963 -7.013999660353652 -2.0429751155933076 1.0
human.pedestrian.adult 0 0 0 0 0 0 0 0.555 1.89 0.624 0.7065930644425888 4.012796236943023 -4.801114609712693 -0.054725127583374444 1.0
movable_object.pushable_pullable 0 0 0 0 0 0 0 1.407 1.246 0.887 1.4479941807521377 -12.806082234625515 -6.932231768233831 -3.001117755789201 1.0
movable_object.trafficcone 0 0 0 0 0 0 0 0.49 0.874 0.475 1.6497444281882716 -12.723510076365445 -5.4522724186772065 -3.050691377627489 1.0
movable_object.pushable_pullable 0 0 0 0 0 0 0 0.786 1.17 1.326 1.1835273967980993 -6.4940725823665275 -6.24958803247254 -1.9208137567140477 1.0
vehicle.bicycle 0 0 0 0 0 0 0 1.573 1.099 0.527 1.1819642147661356 -2.069011665317132 -7.0610092774893 -0.327808161206498 1.0
movable_object.trafficcone 0 0 0 0 0 0 0 0.444 0.765 0.45 2.1165285930082196 -32.03789409819034 -5.572423993556054 2.6130141586779185 1.0
vehicle.car 0 0 0 0 0 0 0 4.776 1.537 1.999 0.18024819329766106 32.187348151659535 -0.49196405750810396 -1.5642009028390396 1.0
