vehicle.car 0 0 0 0 0 0 0 4.855 1.773 2.076 -3.072383168647024 47.195701673306985 28.441849271658533 -1.577020453636548 1.0
vehicle.car 0 0 0 0 0 0 0 5.02 1.511 2.019 1.1218636660170231 -7.5562322673306035 14.05040232390564 -1.5756563663192908 1.0
vehicle.bicycle 0 0 0 0 0 0 0 1.941 1.653 0.776 -1.1043005188777164 50.860656786792454 -4.349272327027519 1.7164320692344033 1.0
vehicle.truck 0 0 0 0 0 0 0 5.526 2.707 2.44 -1.1464510729718838 41.835233835794796 11.98415489711604 -1.5962651827262846 1.0
vehicle.car 0 0 0 0 0 0 0 3.857 1.421 1.912 -1.815061906356532 26.557380594702455 30.56723542476611 2.1902741257163365 1.0
human.pedestrian.personal_mobility 0 0 0 0 0 0 0 1.144 0.846 0.513 0.5766868313828308 10.508738613442484 -20.570309848084698 -3.0757795006785464 1.0
vehicle.car 0 0 0 0 0 0 0 5.573 2.236 2.057 -0.8168974244526546 40.365334327815575 0.4248480048673233 1.5507473632705633 1.0
human.pedestrian.personal_mobility 0 0 0 0 0 0 0 1.328 1.016 0.531 0.4501572341779947 11.329559355514366 -21.804229444499228 -1.2421156345992799 1.0
vehicle.bicycle 0 0 0 0 0 0 0 1.756 0.963 0.669 0.8526676869029403 0.6264380460498487 -15.051688547152969 -1.0666509598110245 1.0
static_object.bicycle_rack 0 0 0 0 0 0 0 2.066 1.171 7.536 0.8666148763931186 -4.109497496357119 -15.483436174907137 -3.097512195020453 1.0
static_object.bicycle_rack 0 0 0 0 0 0 0 1.433 1.295 5.937 0.43874204143626716 4.59271895913609 -17.431388586761674 -2.636642679948194 1.0
vehicle.car 0 0 0 0 0 0 0 5.065 1.584 2.029 1.3982767289007927 -18.556279432348834 10.813440756935742 -1.5822317301747706 1.0
human.pedestrian.personal_mobility 0 0 0 0 0 0 0 1.025 1.111 0.444 0.4578491753393664 9.25260763681374 -18.701973266775166 -2.4545664456920875 1.0
human.pedestrian.adult 0 0 0 0 0 0 0 1.246 2.0 0.662 -0.5428931690073803 22.088958324938428 -30.564553794287423 -0.521138204898012 1.0
vehicle.car 0 0 0 0 0 0 0 5.012 1.421 2.054 0.40936144286922027 18.373202216946506 11.110057801984063 -1.6137090236020741 1.0
human.pedestrian.personal_mobility 0 0 0 0 0 0 0 1.034 1.166 0.497 0.40740729090353356 7.415707963148071 -17.371520259269335 -2.6874025767666865 1.0
