vehicle.motorcycle 0 0 0 0 0 0 0 2.095 1.254 0.521 0.34573406992307715 15.712235113474657 -10.456560430415298 -1.3000601737007678 1.0
vehicle.motorcycle 0 0 0 0 0 0 0 2.236 1.338 0.611 0.3743740939029798 11.200836688742184 -9.589781910637662 -1.757477636709698 1.0
vehicle.truck 0 0 0 0 0 0 0 9.983 3.286 3.01 -1.1870670246336092 72.61196186888826 -13.948228507967778 -1.7376683795458518 1.0
vehicle.car 0 0 0 0 0 0 0 4.776 1.537 1.999 0.554860487450792 24.96373442056115 -1.3151006064884518 -1.706252826140937 1.0
vehicle.truck 0 0 0 0 0 0 0 5.147 2.992 2.167 0.6265794905074109 -27.603429345540583 6.213033755519244 -0.8419237920592817 1.0
movable_object.trafficcone 0 0 0 0 0 0 0 0.444 0.765 0.45 0.7876450876872527 23.32237833564292 -7.231789928431492 2.4044860088833175 1.0
vehicle.truck 0 0 0 0 0 0 0 4.878 2.116 1.968 0.2708183123406945 20.78623186162712 -4.703591924591178 -1.7517386500975496 1.0
movable_object.trafficcone 0 0 0 0 0 0 0 0.425 0.822 0.371 0.9738040607491167 -0.5234422939415709 -14.216594101665521 -0.5219325073022265 1.0
movable_object.trafficcone 0 0 0 0 0 0 0 0.355 0.867 0.301 1.095871539859806 -3.230271111885684 -16.046282129961998 -0.5568357288104799 1.0
movable_object.trafficcone 0 0 0 0 0 0 0 0.343 0.84 0.368 1.002898090416136 -1.628392037177908 -15.00871315986301 -0.5568357288104799 1.0
