movable_object.trafficcone 0 0 0 0 0 0 0 0.328 0.738 0.339 -0.02343435568892266 25.459687226261146 -45.779139453558145 -0.6774617578511162 1.0
movable_object.trafficcone 0 0 0 0 0 0 0 0.334 0.739 0.342 0.7881787974633957 6.88205098904576 -23.280297907217737 2.221181277401424 1.0
vehicle.truck 0 0 0 0 0 0 0 10.529 4.256 3.284 -1.9402280874914952 29.023558073179366 -54.516997107251555 -0.6251528555460357 1.0
human.pedestrian.construction_worker 0 0 0 0 0 0 0 0.627 1.799 0.635 -0.49367317069798355 13.615109326656821 -40.921871616896965 -0.8183002996374036 1.0
movable_object.trafficcone 0 0 0 0 0 0 0 0.327 0.741 0.345 1.0953843586049505 4.612934214320618 -21.86073184469557 2.3607908719747925 1.0
movable_object.trafficcone 0 0 0 0 0 0 0 0.333 0.742 0.343 0.5287254534790491 12.187191672402612 -27.307257218172772 2.3607908719747925 1.0
vehicle.construction 0 0 0 0 0 0 0 4.604 3.546 1.944 -0.8843086047390437 13.581527872888753 -34.12030641147308 -0.7647279770704074 1.0
movable_object.trafficcone 0 0 0 0 0 0 0 0.326 0.745 0.339 -0.18681789407663027 27.37246278461102 -48.25107482544038 2.464765739293709 1.0
human.pedestrian.construction_worker 0 0 0 0 0 0 0 0.546 1.806 0.498 -0.06865141363638208 9.258461693640745 -34.36976814489954 -1.4052016499009508 1.0
movable_object.trafficcone 0 0 0 0 0 0 0 0.327 0.742 0.336 0.48956714482643005 13.77011485941862 -29.433444841800966 -0.6774617578511162 1.0
