vehicle.car 0 0 0 0 0 0 0 4.339 1.463 2.015 1.3968978510748742 9.42926657440565 26.800064202616124 -2.720790254535995 1.0
vehicle.car 0 0 0 0 0 0 0 4.487 1.762 2.004 1.668832551085205 -4.6720731708524825 26.45533255664737 3.023046718317147 1.0
vehicle.car 0 0 0 0 0 0 0 4.34 1.906 1.714 -0.8777832247415349 50.48806954100283 -9.580955724723223 1.9082722817949378 1.0
movable_object.trafficcone 0 0 0 0 0 0 0 0.535 0.937 0.459 1.6033780741591532 27.22361175317958 32.87151210045057 -0.4287347030739461 1.0
vehicle.car 0 0 0 0 0 0 0 4.485 1.611 1.682 1.7669245310843038 -7.1435157713300645 26.147276659115054 2.9881486726808344 1.0
vehicle.bicycle 0 0 0 0 0 0 0 1.434 1.074 0.534 2.5552112450093474 -28.268614144610186 21.25696503551826 -0.08073794635410891 1.0
vehicle.motorcycle 0 0 0 0 0 0 0 1.98 1.737 0.866 2.7857922716847403 -66.30267562740826 4.620409547291114 -3.0823328824627634 1.0
vehicle.car 0 0 0 0 0 0 0 4.524 1.597 1.781 1.8392490392464902 -9.580523898867169 26.05168088600249 3.0753938182672087 1.0
vehicle.car 0 0 0 0 0 0 0 4.298 2.16 1.987 1.2691533545483333 12.040901208167263 32.52775587407891 -2.724977978731303 1.0
vehicle.car 0 0 0 0 0 0 0 4.657 2.0 2.007 1.8796474752648502 13.190075671166312 50.822928597564186 1.9818989017615944 1.0
vehicle.car 0 0 0 0 0 0 0 5.137 2.104 1.941 1.6439171706261368 -11.850005727508487 26.55338068724644 3.102963300927139 1.0
vehicle.construction 0 0 0 0 0 0 0 12.813 6.7 3.068 0.018224903852201435 -22.520843644506275 30.90308490741062 -3.1132176841805848 1.0
vehicle.car 0 0 0 0 0 0 0 4.006 1.747 1.753 1.4348126735277538 2.6685827816020766 26.501102466000617 3.0753938182672087 1.0
vehicle.car 0 0 0 0 0 0 0 4.192 1.684 2.032 1.5322592936665893 0.21517528009488712 26.98289992113308 3.023046718317147 1.0
vehicle.car 0 0 0 0 0 0 0 4.57 1.746 1.916 1.6543323306287505 -2.2389524776622274 26.746719646231124 3.0549784456875795 1.0
vehicle.car 0 0 0 0 0 0 0 4.46 1.48 1.641 1.749151729113653 20.46818342532199 45.97781070641476 -2.7258504213630452 1.0
vehicle.truck 0 0 0 0 0 0 0 10.023 4.281 2.986 -0.19282280389483575 27.486755959826702 38.86829486558275 -2.6806579477177346 1.0
vehicle.truck 0 0 0 0 0 0 0 4.861 1.984 2.004 1.2866135509263246 22.805494256026222 40.90902658057244 2.0183637385514874 1.0
vehicle.bicycle 0 0 0 0 0 0 0 1.744 1.092 0.578 1.4673711835333336 -11.550110190179867 12.941048036993891 1.8452894832310607 1.0
