vehicle.car 0 0 0 0 0 0 0 4.985 1.626 1.802 1.0272487619433086 8.658730139593544 27.29791341944406 -0.28795939651519475 1.0
vehicle.motorcycle 0 0 0 0 0 0 0 1.98 1.737 0.866 1.2057921193737016 6.411156060226893 30.812303128522544 -2.771996639717507 1.0
vehicle.car 0 0 0 0 0 0 0 5.137 2.104 1.941 -0.6635432294322098 59.85946430470464 23.440020160744652 -2.9106155111139866 1.0
human.pedestrian.adult 0 0 0 0 0 0 0 0.789 1.422 0.884 1.363449454589515 -18.6583286811037 -4.977463564889301 -0.038883112496804983 1.0
vehicle.motorcycle 0 0 0 0 0 0 0 2.367 1.653 0.736 -0.33548526247398835 41.56569541316903 5.531153314587161 -1.4303220396727028 1.0
vehicle.construction 0 0 0 0 0 0 0 12.813 6.7 3.068 -2.3432182125343224 49.77029123620425 27.225736043505375 -2.8436037382828383 1.0
vehicle.car 0 0 0 0 0 0 0 4.768 2.013 1.809 2.294522758075442 -53.09169888011157 34.590523548958366 -1.1438436327021577 1.0
human.pedestrian.adult 0 0 0 0 0 0 0 0.681 2.0 0.681 2.4339730302658342 -50.977728721218604 32.33836085747805 -1.1694888041185791 1.0
vehicle.car 0 0 0 0 0 0 0 5.812 2.653 2.241 2.0456492598634224 -69.0815816098656 -2.334272215820142 -1.5322460984081054 1.0
vehicle.car 0 0 0 0 0 0 0 4.487 2.0 2.404 1.4659858426313483 3.0783650333406647 47.62478361765575 2.0955180083123555 1.0
vehicle.car 0 0 0 0 0 0 0 4.65 1.608 2.341 2.1200156780354797 14.35660254421062 83.62835808773866 -1.1970534746042425 1.0
vehicle.car 0 0 0 0 0 0 0 4.577 1.71 2.27 2.2522928914117406 12.35988441252919 76.29185637088234 -1.1970534746042425 1.0
vehicle.car 0 0 0 0 0 0 0 4.34 1.906 1.714 -0.27618736588037773 44.374783306108064 -1.5595182311271938 -1.721517700298162 1.0
vehicle.car 0 0 0 0 0 0 0 4.524 1.597 1.781 -0.4200791427773958 61.90822509274667 22.393191391608568 -2.9381880846265496 1.0
human.pedestrian.adult 0 0 0 0 0 0 0 0.773 1.408 0.773 1.3606451268103275 -17.437327846106154 -5.130401776860766 -0.038883112496804983 1.0
