vehicle.car 0 0 0 0 0 0 0 5.137 2.104 1.941 0.9633889071866875 16.71169382815435 26.135872291123288 -3.024584782421986 1.0
vehicle.truck 0 0 0 0 0 0 0 4.861 1.984 2.004 0.49839932758324834 53.17604990680636 34.971003895130444 2.1740462663431703 1.0
vehicle.bicycle 0 0 0 0 0 0 0 1.032 1.197 0.729 1.5650702051699261 -10.185524510122477 11.883524720329117 -3.0638431543120106 1.0
vehicle.construction 0 0 0 0 0 0 0 12.813 6.7 3.068 -0.5251169327522973 6.673710884077348 31.204431729354955 -2.95758389410941 1.0
vehicle.car 0 0 0 0 0 0 0 5.812 2.653 2.241 1.9271357314645494 -70.01790823174838 -8.839839961661495 -1.432646857162796 1.0
vehicle.car 0 0 0 0 0 0 0 4.57 1.746 1.916 0.7930626464137923 26.201754089395894 24.83854418964125 -3.0725672396124626 1.0
vehicle.car 0 0 0 0 0 0 0 4.487 2.0 2.404 3.467052133231257 -41.27304543509033 44.033624245602915 1.9817869869048925 1.0
vehicle.car 0 0 0 0 0 0 0 4.006 1.747 1.753 0.724296563115156 31.05024002634447 23.857815712946643 -3.052152881304364 1.0
vehicle.truck 0 0 0 0 0 0 0 10.023 4.281 2.986 -1.1694364987553512 57.73594272652712 32.519027319173574 -2.577392484424492 1.0
vehicle.car 0 0 0 0 0 0 0 4.339 1.463 2.015 0.653850509112957 37.77531455164744 23.105438824282867 -2.56517906785135 1.0
vehicle.car 0 0 0 0 0 0 0 4.487 1.762 2.004 0.968465670306875 23.742425924218914 24.952560658524845 -3.1044973977900074 1.0
vehicle.car 0 0 0 0 0 0 0 4.485 1.611 1.682 1.1037326693862943 21.303506856438943 25.028281327957316 -3.13939375169842 1.0
vehicle.car 0 0 0 0 0 0 0 4.192 1.684 2.032 0.6920509687990068 28.56732483802244 24.54413516425737 -3.1044973977900074 1.0
vehicle.bicycle 0 0 0 0 0 0 0 1.744 1.092 0.578 0.808878938156216 14.858615588248359 12.685043591513137 2.000977617611312 1.0
vehicle.car 0 0 0 0 0 0 0 4.985 1.626 1.802 2.865286981606989 -33.32529764361206 30.003830172084136 -0.20248487383156188 1.0
vehicle.motorcycle 0 0 0 0 0 0 0 1.98 1.737 0.866 2.8078441309439537 -37.658074387414416 25.821660399433394 -2.9441488334257553 1.0
human.pedestrian.adult 0 0 0 0 0 0 0 0.837 2.0 0.777 -0.06514021729520048 52.48962548258483 21.546475013594563 -2.711541491470154 1.0
vehicle.car 0 0 0 0 0 0 0 4.34 1.906 1.714 -0.5862635736035018 43.15094150093206 -7.111349257245149 1.8720535213093097 1.0
