vehicle.car 0 0 0 0 0 0 0 4.512 1.851 1.874 0.7238955749381397 26.121841233289054 14.85851181006105 -0.17864232619455223 1.0
movable_object.pushable_pullable 0 0 0 0 0 0 0 1.346 1.497 0.83 1.0294257548896462 -12.539552080224585 -2.9662369221635916 -1.6539207920897416 1.0
vehicle.car 0 0 0 0 0 0 0 4.271 1.678 1.948 -0.05695624437642144 -17.623285943772334 -14.977164161818685 -1.7999355360533453 1.0
movable_object.pushable_pullable 0 0 0 0 0 0 0 1.262 1.234 0.8 1.2389362869354932 -14.270330534677464 -2.9124570136152514 -1.601567552634676 1.0
vehicle.truck 0 0 0 0 0 0 0 6.828 3.179 2.282 -1.3787856172989676 -68.40287575742497 -34.20415483810701 -2.318756601548924 1.0
vehicle.bicycle 0 0 0 0 0 0 0 1.767 1.697 0.751 1.2167101837314482 -14.240970579387334 2.7478943883175115 -1.7291005826304175 1.0
vehicle.construction 0 0 0 0 0 0 0 3.418 2.551 2.285 1.1331297015510682 3.0623770426394734 16.66112454433454 -0.5292703335424314 1.0
vehicle.car 0 0 0 0 0 0 0 4.779 2.209 1.86 0.9184908367767887 16.846843335604092 15.883647743491663 -3.0244298873702125 1.0
vehicle.car 0 0 0 0 0 0 0 4.056 1.704 1.787 1.5100147676308922 -29.972502858924816 37.238794906554695 -1.6656130593685363 1.0
vehicle.bicycle 0 0 0 0 0 0 0 1.554 1.036 0.577 0.5883009702269981 -1.4550396926521472 -6.420993506079174 -2.9644644132292814 1.0
vehicle.bicycle 0 0 0 0 0 0 0 1.836 1.052 0.567 1.3173434005334432 -18.000697409215636 -6.303904389867079 3.097602521036908 1.0
vehicle.car 0 0 0 0 0 0 0 4.867 1.799 1.891 0.10335008785357795 -4.556521104045518 -15.541423413515913 2.8881771302436565 1.0
vehicle.car 0 0 0 0 0 0 0 4.503 1.415 1.959 -0.07328224122575233 -18.55494091073056 -11.927212443451785 -1.765032815632444 1.0
vehicle.car 0 0 0 0 0 0 0 4.926 2.0 1.936 0.748630849241924 23.728718330655415 15.103884871124055 -0.12119116198380908 1.0
