movable_object.trafficcone 0 0 0 0 0 0 0 0.396 0.812 0.268 1.064006236319175 5.56235564793505 -9.206118514467194 -1.5987933109278352 1.0
movable_object.barrier 0 0 0 0 0 0 0 0.261 1.274 2.342 -0.22640619068000606 26.919442406446656 -42.68921987855324 -1.5883211431827746 1.0
vehicle.bicycle 0 0 0 0 0 0 0 2.854 1.746 0.871 -0.29224839013322756 42.21063136206886 13.216797321102902 -1.5617848802762522 1.0
movable_object.barrier 0 0 0 0 0 0 0 0.179 0.955 2.187 -0.4287027595664036 26.94665666889682 -46.90014726834945 -1.5907287857798096 1.0
vehicle.car 0 0 0 0 0 0 0 4.675 1.546 2.018 2.876002225609394 -76.2845538394408 9.226357984911086 -1.5006531085612655 1.0
movable_object.barrier 0 0 0 0 0 0 0 0.195 1.257 1.986 -0.3427616315024449 26.856854047245864 -51.24896257963267 -1.5883211431827746 1.0
movable_object.trafficcone 0 0 0 0 0 0 0 0.445 0.955 0.336 1.0895840477651006 5.037552728221916 28.3504218702783 -0.1346751901557557 1.0
movable_object.barrier 0 0 0 0 0 0 0 0.253 0.946 2.05 -0.32947558767215535 26.909543851490046 -40.548388330296 -1.570874523060259 1.0
vehicle.truck 0 0 0 0 0 0 0 4.972 2.09 1.917 0.48127805630602644 7.895663569411556 -6.521848965447742 -1.589372085038769 1.0
movable_object.barrier 0 0 0 0 0 0 0 0.169 1.209 1.884 -0.3448441847367891 26.9563948522772 -36.902500949979654 -1.5359816393588828 1.0
movable_object.barrier 0 0 0 0 0 0 0 0.227 1.027 2.097 0.15525944343800335 27.358349509233932 -16.220702241578135 -1.488406012207932 1.0
movable_object.trafficcone 0 0 0 0 0 0 0 0.47 0.779 0.424 1.8194575578017227 -7.0328347425312145 16.749704480166894 2.8382892646395197 1.0
vehicle.truck 0 0 0 0 0 0 0 4.215 2.0 2.066 -0.8347018995139595 53.46156050318276 1.1364337648271594 -1.5819531135033351 1.0
movable_object.barrier 0 0 0 0 0 0 0 0.211 1.244 1.927 -0.24555466077602656 26.925088105988213 -45.00863951763742 -1.5883211431827746 1.0
vehicle.car 0 0 0 0 0 0 0 4.199 1.442 1.943 0.6803142657634371 10.467773626302808 -0.4805479927627708 -1.5502743572226603 1.0
vehicle.car 0 0 0 0 0 0 0 4.933 1.738 2.159 -0.22600429238955033 37.71394192767444 -1.8722572168766276 -2.1073487190512115 1.0
movable_object.barrier 0 0 0 0 0 0 0 0.339 1.482 4.059 -0.4619453284274844 26.81032717651466 -68.96566886202861 -1.5883211431827746 1.0
movable_object.barrier 0 0 0 0 0 0 0 0.178 1.3 2.248 -0.3544087500919415 26.855265445314398 -53.45557532793554 -1.5883211431827746 1.0
