movable_object.barrier 0 0 0 0 0 0 0 0.501 1.043 2.145 1.5444892202778404 -8.560352639129652 -5.24747679019798 -3.1265666967222447 1.0
movable_object.barrier 0 0 0 0 0 0 0 0.306 0.997 1.991 1.1617272153834024 22.540913382395544 23.009617453654 -2.063067795261092 1.0
movable_object.barrier 0 0 0 0 0 0 0 0.538 1.073 2.263 1.383611898243853 -2.1436342062038225 -5.249486717102821 -3.1122923448053417 1.0
vehicle.car 0 0 0 0 0 0 0 4.502 1.525 2.079 -0.3242248223113269 24.781215830187474 -30.477403976634 -0.03592323941134978 1.0
movable_object.barrier 0 0 0 0 0 0 0 0.504 1.108 2.26 0.9231658970153036 7.9184487376607064 -12.885874299640863 -1.8711474642034407 1.0
movable_object.barrier 0 0 0 0 0 0 0 0.544 1.047 2.089 1.2522913872929324 2.098913779125634 -4.922433945244007 -3.0185588300500577 1.0
movable_object.barrier 0 0 0 0 0 0 0 0.455 1.035 2.098 1.6010873948101194 -12.81148019590902 -5.23798244292807 -3.1265666967222447 1.0
movable_object.barrier 0 0 0 0 0 0 0 0.532 1.009 2.089 1.5813627572591993 -10.702151957377511 -5.257069632518271 -3.1265666967222447 1.0
movable_object.barrier 0 0 0 0 0 0 0 0.413 1.072 2.27 1.0352480552144132 8.689769754407383 -10.706537134597722 -2.0551663415250596 1.0
movable_object.trafficcone 0 0 0 0 0 0 0 0.362 0.921 0.381 1.4752809835813534 25.19681479579302 28.785382140408657 -3.067272027958471 1.0
movable_object.barrier 0 0 0 0 0 0 0 0.392 1.025 1.974 1.0463278591251555 22.00228076409236 18.586714799166153 -1.5443366294687477 1.0
vehicle.truck 0 0 0 0 0 0 0 8.339 3.161 2.703 -1.48129984624182 25.0097469076218 -39.07935444938397 -0.02083747270614822 1.0
human.pedestrian.adult 0 0 0 0 0 0 0 0.538 1.7 0.631 1.425521049517743 -34.88053305775746 10.180661668644955 2.0421615711758783 1.0
movable_object.barrier 0 0 0 0 0 0 0 0.349 0.996 2.084 1.0148919576397648 9.740248769789556 -8.536360766757248 -1.9663892611260225 1.0
human.pedestrian.adult 0 0 0 0 0 0 0 0.684 1.648 0.604 0.4763625753802573 36.68315934853663 7.9274778394148795 -3.090557947063261 1.0
movable_object.barrier 0 0 0 0 0 0 0 0.382 1.045 1.972 1.079165643364298 21.93890219110452 20.759275232482707 -1.5617881893820078 1.0
movable_object.barrier 0 0 0 0 0 0 0 0.554 1.046 2.175 1.6209973494712395 -21.38727009552438 -5.4132057044022845 2.9799449432732867 1.0
human.pedestrian.adult 0 0 0 0 0 0 0 0.849 1.582 0.748 0.198203874810013 36.908516070467364 -4.905795596664378 3.1273665730916704 1.0
vehicle.car 0 0 0 0 0 0 0 4.257 1.703 1.842 0.6664888011799436 2.8609877909578847 -20.693798392576802 -1.599124156903832 1.0
vehicle.truck 0 0 0 0 0 0 0 4.92 2.0 1.832 0.15382028099003714 17.242035534107742 -8.323758061290572 -3.1319385582369836 1.0
human.pedestrian.adult 0 0 0 0 0 0 0 0.772 1.77 0.658 0.23234062336433003 36.255337487883004 -2.7967037490551805 -3.1230954060832783 1.0
vehicle.construction 0 0 0 0 0 0 0 4.934 2.0 3.543 0.38433763024344014 26.209739249113326 21.817494895936818 3.1074716624074235 1.0
movable_object.trafficcone 0 0 0 0 0 0 0 0.254 0.841 0.283 1.128832322600842 25.85584213816908 13.314982944288865 2.9293119414746585 1.0
human.pedestrian.adult 0 0 0 0 0 0 0 0.785 1.739 0.67 0.18175614511889315 38.75575538983029 -4.096483932848997 -2.931118586262617 1.0
human.pedestrian.adult 0 0 0 0 0 0 0 0.902 1.807 0.709 0.6458281624514953 10.028396479925568 -3.8890683494217524 -2.8452046479782744 1.0
movable_object.barrier 0 0 0 0 0 0 0 0.521 1.064 2.03 1.2480912015040708 4.166734754141749 -4.7892544658848 -3.1122923448053417 1.0
vehicle.car 0 0 0 0 0 0 0 4.375 1.63 1.627 -0.05344914529028211 17.766968552320808 -30.987107476399515 -3.137765928491225 1.0
human.pedestrian.adult 0 0 0 0 0 0 0 0.784 1.705 0.781 0.287995002782128 34.936450338849816 0.8705899776820624 -0.019960158069050493 1.0
vehicle.motorcycle 0 0 0 0 0 0 0 1.934 1.768 0.844 1.1576807690961801 -12.556762623254082 -1.144294188742887 -1.5844586833335264 1.0
vehicle.car 0 0 0 0 0 0 0 4.422 1.579 1.72 0.23095508672136855 24.34046027938266 -8.530896559437961 -0.3060962289038631 1.0
vehicle.truck 0 0 0 0 0 0 0 7.037 3.225 2.278 -0.4923937948619416 31.52275999905706 -9.064531389896567 -0.021472713082010486 1.0
movable_object.barrier 0 0 0 0 0 0 0 0.389 1.01 2.182 1.0703137400492926 22.655124451510325 16.648006776457564 -0.9883119816329149 1.0
human.pedestrian.adult 0 0 0 0 0 0 0 0.742 1.752 0.654 0.7172325078276799 0.6844231962127391 -17.35968072201721 2.791875845831525 1.0
vehicle.car 0 0 0 0 0 0 0 3.567 1.554 1.583 0.9715344758314284 4.898391249082961 -2.7048885788833252 -1.5023611046116807 1.0
movable_object.barrier 0 0 0 0 0 0 0 0.575 1.026 2.109 1.3479267001266324 -0.002791456622090044 -5.1449693109059575 -3.0773874625340945 1.0
human.pedestrian.adult 0 0 0 0 0 0 0 0.884 1.615 0.731 0.2555374965236852 36.17540865152479 -4.7413955719911804 -3.1230954060832783 1.0
vehicle.car 0 0 0 0 0 0 0 4.421 1.394 1.864 0.5867879468415466 31.631133534959385 4.254657885171651 -0.020938738849324068 1.0
vehicle.car 0 0 0 0 0 0 0 4.258 1.464 1.64 1.1485507879728962 -2.0856326937101177 -2.6705987592832314 -1.53134570856413 1.0
movable_object.barrier 0 0 0 0 0 0 0 0.563 0.999 2.063 1.607286805619178 -14.98810183240291 -5.264113245689193 -3.1265666967222447 1.0
movable_object.barrier 0 0 0 0 0 0 0 0.333 1.09 2.141 0.7879491233967821 3.20176487746747 -12.144034163813677 2.4233750606167055 1.0
movable_object.barrier 0 0 0 0 0 0 0 0.392 1.036 2.057 0.9807832517972875 24.29942737821885 15.17647282275796 -0.5187562883189187 1.0
vehicle.bicycle 0 0 0 0 0 0 0 1.482 0.932 0.462 1.8173065688066634 -28.014431668443624 12.32051162098735 -1.6136386934761484 1.0
vehicle.car 0 0 0 0 0 0 0 4.929 1.509 1.957 1.4856875342635236 -18.252599884237885 4.77940705780852 1.5442691228546703 1.0
movable_object.barrier 0 0 0 0 0 0 0 0.837 1.182 0.97 0.9788145514236969 26.940461343294952 14.343629068183464 2.934742265757289 1.0
movable_object.barrier 0 0 0 0 0 0 0 0.551 1.064 2.125 1.6179371659264836 -19.21601672832481 -5.220751941900205 -3.1217280072911304 1.0
movable_object.barrier 0 0 0 0 0 0 0 0.534 1.057 2.085 1.5955618286039952 -17.080398154803213 -5.259683326531767 -3.1265666967222447 1.0
human.pedestrian.construction_worker 0 0 0 0 0 0 0 0.454 1.794 0.57 0.6303541197338333 26.573350162745044 16.605055544693823 -3.122404289424381 1.0
vehicle.construction 0 0 0 0 0 0 0 5.223 2.488 2.93 0.28030841425862507 4.338994149728673 -8.586734838097883 -1.8386929207889393 1.0
vehicle.car 0 0 0 0 0 0 0 4.764 1.533 1.976 1.5507855654738973 31.482855045657494 35.11962566550274 -0.041464795043008706 1.0
human.pedestrian.construction_worker 0 0 0 0 0 0 0 0.398 1.842 0.573 0.6360116416817531 27.198330730099094 15.33344700317035 -1.3785843902980144 1.0
movable_object.barrier 0 0 0 0 0 0 0 0.314 1.107 2.111 0.6850128215648332 5.316240705006783 -14.275885259110174 2.431010451972936 1.0
human.pedestrian.adult 0 0 0 0 0 0 0 0.743 1.777 0.688 0.6857118294152151 11.583585491938262 -3.2558997857480976 -3.002276526863138 1.0
vehicle.truck 0 0 0 0 0 0 0 4.839 1.979 1.856 1.1104365558341158 -17.45479806022461 -2.978067850484045 -1.5612838388567223 1.0
human.pedestrian.adult 0 0 0 0 0 0 0 0.639 1.728 0.669 0.8588091892871288 40.452967623015844 18.398135419585252 2.6709908934329105 1.0
movable_object.barrier 0 0 0 0 0 0 0 0.5 1.016 2.01 1.4807416994600868 -6.489496923769437 -5.234754378883915 3.1217137272581903 1.0
