human.pedestrian.adult 0 0 0 0 0 0 0 0.576 1.752 0.663 1.2840734261431481 -43.33923540021403 -6.408912384899714 -2.0839604597871837 1.0
movable_object.barrier 0 0 0 0 0 0 0 0.609 1.015 2.006 1.0909185312321048 21.841517609582286 18.58750444356823 1.519289832071932 1.0
movable_object.debris 0 0 0 0 0 0 0 0.608 1.213 1.169 0.21805872344822252 28.91215612272072 -15.161645823845587 -0.03698834426824327 1.0
human.pedestrian.adult 0 0 0 0 0 0 0 0.77 1.955 0.618 0.5841017304037227 17.391190083623023 10.810115380258669 1.60511087456835 1.0
movable_object.barrier 0 0 0 0 0 0 0 0.587 0.999 2.137 1.0644797964195938 8.455480181755227 -4.664038343397884 -0.3155404983569312 1.0
human.pedestrian.adult 0 0 0 0 0 0 0 0.76 1.676 0.608 0.7619130577621642 15.546633643514095 13.564556280172129 1.705041444845719 1.0
movable_object.barrier 0 0 0 0 0 0 0 0.707 1.054 3.035 1.0920839413059527 11.545121828390682 29.74159950138799 1.5121173949646352 1.0
human.pedestrian.adult 0 0 0 0 0 0 0 0.72 1.806 0.619 0.6607198900885434 15.950208492548795 11.311157007064326 1.5718442670634634 1.0
movable_object.barrier 0 0 0 0 0 0 0 0.584 1.012 2.009 1.0499557273276643 27.759559467775976 15.32706450187907 3.027262842355836 1.0
human.pedestrian.adult 0 0 0 0 0 0 0 0.745 1.794 0.579 0.6851117333872698 15.719247371319732 12.31365738036152 1.6430068648459155 1.0
vehicle.motorcycle 0 0 0 0 0 0 0 2.342 1.77 0.89 1.0641301893409618 -4.665271298620718 -2.3909009810751107 -1.6196693352241054 1.0
movable_object.barrier 0 0 0 0 0 0 0 0.702 1.018 2.147 1.4173312086044354 -4.573381329964502 -5.520688557517228 -0.021534079405729045 1.0
vehicle.car 0 0 0 0 0 0 0 4.861 1.959 1.8 0.8222171444288036 0.6544262047571686 -2.9763551221105873 -1.5185390773625471 1.0
human.pedestrian.adult 0 0 0 0 0 0 0 0.623 1.686 0.61 0.1534927950344498 36.815502278030664 -7.544908937866436 -0.027499800099882066 1.0
movable_object.barrier 0 0 0 0 0 0 0 0.58 0.789 1.942 0.919715925851863 9.936767428973253 -6.307619954698996 -1.5022047798547442 1.0
movable_object.barrier 0 0 0 0 0 0 0 0.619 0.901 1.985 0.7140259013927769 13.72946603811159 -10.219812929755046 -0.031780533024594604 1.0
human.pedestrian.adult 0 0 0 0 0 0 0 0.637 1.794 0.681 0.9184998477187976 7.2513810688980165 10.862727584540728 -2.0286321017396167 1.0
vehicle.construction 0 0 0 0 0 0 0 2.051 2.341 2.158 0.2888651347811667 2.568080692454007 -7.896887729006171 -1.8552307327226432 1.0
vehicle.car 0 0 0 0 0 0 0 4.33 1.457 1.791 0.8637968656036401 19.834718747208857 19.382355420153743 3.1372995653427367 1.0
movable_object.barrier 0 0 0 0 0 0 0 0.705 1.015 2.143 1.5024029987671732 -8.754398503042298 -5.52506907653164 -0.022763422409170175 1.0
human.pedestrian.adult 0 0 0 0 0 0 0 0.627 1.573 0.618 0.23916127351833427 36.66723069344745 -8.786311551444879 -0.17569375908835028 1.0
movable_object.barrier 0 0 0 0 0 0 0 0.604 0.963 2.111 1.1393104227948705 6.063506683421563 -4.939291246427155 -0.08802970306807367 1.0
human.pedestrian.adult 0 0 0 0 0 0 0 0.602 1.684 0.538 0.8428139429614665 34.54151022433028 14.441209989646202 -1.0174347406451396 1.0
movable_object.barrier 0 0 0 0 0 0 0 0.603 1.005 1.996 1.0173708941348343 23.95429939830972 15.43952797315125 2.6343773707823646 1.0
vehicle.car 0 0 0 0 0 0 0 4.206 1.448 1.904 0.991471047939256 16.61172785295607 28.27576477757838 -3.1196549400175906 1.0
human.pedestrian.adult 0 0 0 0 0 0 0 0.6 1.658 0.576 0.7048276041880063 17.22765223576055 11.548593298490207 1.6176796845670065 1.0
movable_object.trafficcone 0 0 0 0 0 0 0 0.333 0.668 0.375 0.6816154396829825 43.39141851184075 0.4125126393860569 1.6651306724477042 1.0
human.pedestrian.adult 0 0 0 0 0 0 0 0.713 1.794 0.599 0.825036267224815 12.27448625664648 13.196659638379655 1.5908220508248752 1.0
human.pedestrian.adult 0 0 0 0 0 0 0 0.567 1.832 0.68 0.7240169851550594 34.27442233693003 13.245409695608798 -1.1107193157999653 1.0
vehicle.car 0 0 0 0 0 0 0 4.458 1.443 1.869 0.8418359751146121 16.68759233459636 20.861706312378235 -3.1371072365829145 1.0
vehicle.car 0 0 0 0 0 0 0 4.173 1.421 1.771 0.12251650405934555 31.158106607947442 -15.486378178600164 -0.024646636160962743 1.0
movable_object.barrier 0 0 0 0 0 0 0 2.073 0.865 0.598 0.610722132296903 44.41473792803024 0.9325256309711092 1.6302277873070476 1.0
human.pedestrian.adult 0 0 0 0 0 0 0 0.664 1.786 0.495 0.6654577448255312 17.01762042989007 12.373683387326903 1.6259870949527775 1.0
movable_object.barrier 0 0 0 0 0 0 0 0.622 1.039 2.122 1.04505591065399 22.401453380916973 16.77021042442515 2.182646107119395 1.0
movable_object.barrier 0 0 0 0 0 0 0 0.577 0.968 1.967 0.7039007072988743 11.519440031385356 -10.711462734024263 -1.0184645907885645 1.0
movable_object.debris 0 0 0 0 0 0 0 0.617 1.2 1.216 0.24984580671353185 27.36664031930577 -15.144456212678351 -0.03698834426824327 1.0
vehicle.car 0 0 0 0 0 0 0 4.327 1.478 1.831 1.2706659406112015 -10.798951446960587 -3.048494184590682 -1.5847666129421363 1.0
movable_object.barrier 0 0 0 0 0 0 0 0.569 0.854 2.324 0.8330705891130163 9.730599418623102 -8.378854450628777 -1.9460149304110965 1.0
vehicle.car 0 0 0 0 0 0 0 4.607 1.98 1.882 -0.34398932955603445 31.423094687174647 -25.24051830600607 -0.02208363886587783 1.0
human.pedestrian.construction_worker 0 0 0 0 0 0 0 0.66 1.797 0.583 0.6121931231075254 28.46702728197071 16.51155223681978 -0.3072350604283933 1.0
movable_object.barrier 0 0 0 0 0 0 0 0.673 1.092 2.183 1.126312254873439 12.577618507953847 27.546315230674693 2.931955887240237 1.0
movable_object.barrier 0 0 0 0 0 0 0 0.611 0.9 2.076 0.6755815556257979 15.303795359385985 -11.506294651527462 -1.5510158090866097 1.0
human.pedestrian.construction_worker 0 0 0 0 0 0 0 0.682 1.784 0.624 0.6936483705187371 33.70393473691363 15.477323369000418 1.5329719438379303 1.0
movable_object.barrier 0 0 0 0 0 0 0 0.588 0.913 1.986 0.6105739747940738 14.259961716278644 -15.144887145879041 -2.8587781187306067 1.0
movable_object.barrier 0 0 0 0 0 0 0 0.597 0.91 1.989 0.6652259661276031 15.342022440963024 -13.554465897297778 -1.5510158090866097 1.0
vehicle.construction 0 0 0 0 0 0 0 6.571 3.937 2.566 -0.2466370329453107 26.664184210193532 22.759584616825528 1.9519140049759311 1.0
movable_object.barrier 0 0 0 0 0 0 0 0.698 1.031 1.976 1.461946812330714 -6.6754035316790965 -5.531086220848865 -0.021534079405729045 1.0
human.pedestrian.construction_worker 0 0 0 0 0 0 0 0.631 1.807 0.67 0.6425085656045131 26.619001654509947 16.863308195113156 -0.875282044889941 1.0
