vehicle.motorcycle 0 0 0 0 0 0 0 2.179 1.292 0.704 1.2059088841146668 2.059890222110361 -4.888355508655579 -1.5980070901522945 1.0
vehicle.motorcycle 0 0 0 0 0 0 0 2.193 1.294 0.688 1.2684960793854387 -1.9539915961968382 -3.12040709547968 -1.5750228147711915 1.0
vehicle.car 0 0 0 0 0 0 0 4.91 1.857 2.176 0.6450244013783982 2.0733017058111733 -10.52436311414469 -3.122060504793331 1.0
vehicle.motorcycle 0 0 0 0 0 0 0 2.342 1.626 0.849 1.0995571882892403 -1.7118315029693119 -6.505339907268307 -1.5915498492221598 1.0
vehicle.car 0 0 0 0 0 0 0 4.775 1.523 2.063 0.8426863471587168 2.136649348048923 15.673272233943893 -1.6911312999104888 1.0
vehicle.car 0 0 0 0 0 0 0 4.53 1.805 2.079 1.307370038000799 -22.738414628413967 -4.8466880787455 -0.07622251797209678 1.0
movable_object.trafficcone 0 0 0 0 0 0 0 0.34 0.802 0.337 1.4387228902768958 -0.34581003173379893 13.06881511834442 1.4650636902537926 1.0
vehicle.car 0 0 0 0 0 0 0 4.816 1.729 2.104 1.358424185425478 -25.29031217541891 -4.779521244512732 -0.059363188332879346 1.0
vehicle.motorcycle 0 0 0 0 0 0 0 2.335 1.351 0.755 1.217372825090693 -1.7361878288328148 -4.037616412807211 -1.5507296823779422 1.0
vehicle.car 0 0 0 0 0 0 0 5.012 2.033 2.196 0.4135133731987968 18.564523126085287 -20.178173952944263 -0.056234106275173446 1.0
vehicle.car 0 0 0 0 0 0 0 5.091 1.632 2.142 1.3192224009731712 -20.22528917195655 -5.2115619769593104 -0.05576956819411194 1.0
vehicle.car 0 0 0 0 0 0 0 4.445 1.671 2.017 1.032730452046458 -5.487960130506607 -10.271939935890542 -3.1238057680911755 1.0
vehicle.car 0 0 0 0 0 0 0 4.588 2.0 2.065 1.3271440636101537 -29.45139217461046 -11.28380074298967 -3.131624547587819 1.0
vehicle.car 0 0 0 0 0 0 0 4.396 2.09 2.172 1.5210911065186419 -55.16791971245939 9.525913958072529 -1.3470324499610697 1.0
vehicle.car 0 0 0 0 0 0 0 4.381 1.376 2.012 1.4674340165161697 -15.434650492150153 -4.224731517072355 -0.059363188332879346 1.0
vehicle.car 0 0 0 0 0 0 0 4.954 1.856 2.043 1.4687597826658791 -41.6622861938349 11.79612335219278 -2.9039026342998566 1.0
vehicle.car 0 0 0 0 0 0 0 4.841 1.587 2.122 0.9384989077315857 7.726962945440808 -4.478281548235111 -0.0514609347288264 1.0
human.pedestrian.adult 0 0 0 0 0 0 0 0.598 1.546 0.717 0.4748326364509998 2.143991997607639 -24.431742149958527 -0.06630569064992109 1.0
vehicle.car 0 0 0 0 0 0 0 4.672 2.18 1.973 0.33642358987509857 15.053335102020936 -19.575962341486637 -0.018299927162182428 1.0
vehicle.car 0 0 0 0 0 0 0 4.236 1.489 1.896 0.4599765603443289 26.712102564721896 -17.26475921018161 -3.1281863789745685 1.0
human.pedestrian.adult 0 0 0 0 0 0 0 0.917 1.716 0.825 0.4010903820688845 32.66985026020273 -5.833594973105794 3.0776055820984993 1.0
vehicle.car 0 0 0 0 0 0 0 4.9 1.747 2.104 1.1018964264509412 -8.029079190662413 -5.061893967753806 -0.019321046185437396 1.0
vehicle.motorcycle 0 0 0 0 0 0 0 2.126 1.307 0.771 1.1689096095616711 2.363034859188752 -5.964541079406845 1.5437367580085581 1.0
vehicle.car 0 0 0 0 0 0 0 4.481 1.509 2.055 1.1366653744079458 -10.232289678190423 -10.908835276498507 -3.098342376724477 1.0
vehicle.car 0 0 0 0 0 0 0 4.55 1.585 2.037 0.901714081793836 2.8005403505797037 10.811619997995352 -1.665371998480385 1.0
vehicle.car 0 0 0 0 0 0 0 4.759 1.639 2.032 1.404284435296773 -34.68984920322253 10.405847717103907 -2.9917242533292567 1.0
vehicle.motorcycle 0 0 0 0 0 0 0 2.447 1.495 0.711 1.170665603525652 -1.7789679646383831 -4.979836289181166 -1.5858954023694682 1.0
vehicle.car 0 0 0 0 0 0 0 4.587 1.882 2.069 0.7300079082809969 6.472706635474118 54.31337916663206 0.4141626345576821 1.0
vehicle.car 0 0 0 0 0 0 0 4.59 1.636 2.078 1.2193759473815877 -10.632789676450791 -5.178651273125426 -0.05368445461540006 1.0
vehicle.car 0 0 0 0 0 0 0 4.281 1.725 2.052 1.250849022112965 -13.054609999772737 -4.47001542368534 -3.0931414921805267 1.0
vehicle.car 0 0 0 0 0 0 0 4.657 1.648 2.34 0.7154919228048782 8.3913927515037 -21.325506658546043 -0.05683196395355239 1.0
human.pedestrian.adult 0 0 0 0 0 0 0 0.794 2.0 0.784 -0.7047290293230186 34.74048091630836 -22.101818020365325 3.1169521882337587 1.0
vehicle.car 0 0 0 0 0 0 0 4.364 1.814 2.039 1.0471432705056158 11.020664668965829 35.85192955162009 -1.1351209598929302 1.0
vehicle.car 0 0 0 0 0 0 0 4.932 1.657 2.136 1.4425989253367204 -37.40718526450015 10.634720454521958 -3.0150758706239627 1.0
vehicle.motorcycle 0 0 0 0 0 0 0 2.383 1.459 0.754 1.073180052628397 2.2814436385531915 -3.3022009950741067 1.5960926742134713 1.0
vehicle.car 0 0 0 0 0 0 0 4.715 1.646 2.08 0.8354733919807733 7.534213630080002 -10.406201625676559 -3.1399843589015166 1.0
vehicle.car 0 0 0 0 0 0 0 4.447 1.544 2.017 0.966619204681048 -0.8173246812629847 -10.19558678768633 3.1334798316765635 1.0
human.pedestrian.adult 0 0 0 0 0 0 0 0.574 1.771 0.685 0.16635177265565804 32.30969434883464 6.972924831460839 1.7183619253120455 1.0
vehicle.car 0 0 0 0 0 0 0 4.298 1.576 2.0 1.1938477946888606 -5.488047680770343 -4.820709781674399 3.125486525757646 1.0
vehicle.car 0 0 0 0 0 0 0 4.66 1.732 2.101 0.879539440165975 5.716356100163751 -21.699631405168837 -3.1049394719208614 1.0
vehicle.motorcycle 0 0 0 0 0 0 0 2.439 1.329 0.712 1.1818392024863698 2.529612497532005 -4.110978100700496 -1.5805550927117924 1.0
vehicle.car 0 0 0 0 0 0 0 4.605 1.614 2.171 1.6963166380503985 -49.89783248143747 -2.1554362460142324 -2.913152525024742 1.0
vehicle.motorcycle 0 0 0 0 0 0 0 1.943 1.385 0.678 1.1900318914164543 -1.8533979696887555 -5.721131858601043 -1.5915498492221598 1.0
vehicle.car 0 0 0 0 0 0 0 4.829 1.6 2.001 1.7033702875653796 -50.805328796403096 22.777036468988385 1.9860446289359084 1.0
vehicle.car 0 0 0 0 0 0 0 5.085 1.621 2.252 0.6584876408485939 10.409022965333111 -10.613018766740472 -3.0992673662592285 1.0
vehicle.car 0 0 0 0 0 0 0 4.375 1.587 2.005 1.1097150476982836 -7.887776162169501 -10.382277536943247 -3.07933645984917 1.0
vehicle.motorcycle 0 0 0 0 0 0 0 2.41 1.414 0.725 1.154866597433943 -1.7982668134735669 -2.3215910134701 -1.6099268175575032 1.0
human.pedestrian.adult 0 0 0 0 0 0 0 0.791 1.711 0.712 0.7788142677107452 12.030196813456898 18.083203334034962 -0.27161803956488484 1.0
vehicle.car 0 0 0 0 0 0 0 4.562 1.638 2.044 0.8074727862896238 -17.60013046887267 -10.449429874825235 -3.1135610725492437 1.0
vehicle.car 0 0 0 0 0 0 0 4.885 1.601 2.211 0.7509107807153699 11.13805918840686 -22.240466214424856 -3.0700342068410666 1.0
vehicle.car 0 0 0 0 0 0 0 4.92 1.557 2.144 1.1801214714973618 -8.87240315298379 21.133205985040828 0.4686261113439443 1.0
vehicle.car 0 0 0 0 0 0 0 4.586 1.767 2.364 0.44804811588672316 24.140206871763734 -17.320178130742086 -3.110733746019946 1.0
vehicle.car 0 0 0 0 0 0 0 4.555 1.739 2.094 1.6613861709608881 -45.01138142945392 -2.8967128334211827 0.22691389303715503 1.0
vehicle.car 0 0 0 0 0 0 0 5.083 1.518 2.133 0.8977501385441682 10.62405370794148 -5.226892028821051 -3.093158944814064 1.0
human.pedestrian.adult 0 0 0 0 0 0 0 0.634 1.729 0.651 0.12327964064533226 32.83062838354076 7.317370070837041 3.0288513003320876 1.0
vehicle.car 0 0 0 0 0 0 0 4.834 1.732 2.038 0.9663422879148446 -2.173037115925817 -21.253411787107293 -0.030090465239704045 1.0
vehicle.car 0 0 0 0 0 0 0 4.88 1.891 2.086 1.3720551957296834 -24.551741257729827 -21.287528792218264 -0.10688974963099085 1.0
vehicle.car 0 0 0 0 0 0 0 4.394 1.733 1.874 1.453344533969929 -30.421814999892316 -4.514904748704368 -0.056888937051185806 1.0
vehicle.car 0 0 0 0 0 0 0 4.463 1.56 2.142 1.574948193421287 -42.576408078641634 -3.501080483840066 -2.915351554110793 1.0
movable_object.trafficcone 0 0 0 0 0 0 0 0.418 0.74 0.327 1.4013339690731197 -0.3189045273856343 12.325798858490634 -1.6242083964405536 1.0
vehicle.motorcycle 0 0 0 0 0 0 0 2.147 1.311 0.65 1.0933096190948381 2.6142900371092743 -2.5869639186287072 -1.5805550927117924 1.0
vehicle.car 0 0 0 0 0 0 0 4.82 1.96 2.021 0.9417890242078747 -4.4170532666666755 -21.3033883061492 -0.030994399001023965 1.0
vehicle.car 0 0 0 0 0 0 0 4.803 2.295 2.05 0.7748059453474733 9.555446563295568 33.729490086254366 1.9832173479440804 1.0
movable_object.trafficcone 0 0 0 0 0 0 0 0.523 0.992 0.496 0.8415834779742901 -16.66419417309917 16.705728856269737 0.4141626345576821 1.0
vehicle.car 0 0 0 0 0 0 0 4.323 1.695 2.005 0.983470727618533 -3.330344901587467 -10.333087327376195 3.0809997648263234 1.0
vehicle.car 0 0 0 0 0 0 0 4.543 1.59 2.07 0.9460408976513295 0.2320240407085744 -21.23405496914061 -0.03994986649291832 1.0
