vehicle.car 0 0 0 0 0 0 0 4.271 1.678 1.948 0.09057042078350952 -23.184321929094423 -15.781642430831669 -1.8397391592610273 1.0
vehicle.bicycle 0 0 0 0 0 0 0 1.554 1.036 0.577 0.6674306013060702 -7.579775356847493 -7.153306055451886 -0.2948313731438432 1.0
vehicle.bicycle 0 0 0 0 0 0 0 1.836 1.052 0.567 1.3339476436950926 -23.864848104697217 -7.150933409791475 3.057745502486269 1.0
movable_object.pushable_pullable 0 0 0 0 0 0 0 1.262 1.234 0.8 1.4390072120429838 -20.27228830716979 -3.6174681717725483 -1.6413594134854863 1.0
vehicle.bicycle 0 0 0 0 0 0 0 1.767 1.697 0.751 1.379011411277176 -23.74562226653101 1.5556675031000828 -1.7689002459559653 1.0
vehicle.car 0 0 0 0 0 0 0 4.926 2.0 1.936 0.8089619710939785 16.952543697000138 15.8338581391936 -0.06949960518807607 1.0
vehicle.car 0 0 0 0 0 0 0 4.867 1.799 1.891 0.19863815657013723 -10.061397714032074 -15.853073587982927 2.8483133449197053 1.0
vehicle.car 0 0 0 0 0 0 0 4.503 1.415 1.959 0.19512794617474738 -24.183785590511572 -12.840119166706355 -1.8048345176823357 1.0
vehicle.car 0 0 0 0 0 0 0 4.779 2.209 1.86 1.0335367024207365 10.029412268142277 16.372561590835538 -3.0642817070570576 1.0
movable_object.pushable_pullable 0 0 0 0 0 0 0 1.346 1.497 0.83 1.288959433016412 -18.53810203994238 -3.625508978248701 -1.6937159706556377 1.0
vehicle.construction 0 0 0 0 0 0 0 3.418 2.551 2.285 1.199997871432429 -3.739822616414574 16.633458837110318 -0.568870582274533 1.0
vehicle.car 0 0 0 0 0 0 0 4.512 1.851 1.874 0.7915910289205726 19.348308005673584 15.705765876919655 -0.13829073938608794 1.0
