vehicle.construction 0 0 0 0 0 0 0 6.571 3.937 2.566 -0.27981878990338915 27.09819670185849 22.93082560648047 1.9519148595042264 1.0
movable_object.barrier 0 0 0 0 0 0 0 0.698 1.031 1.976 1.4548130094994056 -6.675453278857858 -5.525976629550293 -0.02158783388962604 1.0
movable_object.debris 0 0 0 0 0 0 0 0.617 1.2 1.216 0.2500193947765411 27.366816335586662 -15.139197101556311 -0.03701931948742043 1.0
movable_object.barrier 0 0 0 0 0 0 0 0.588 0.913 1.986 0.6089237788162788 14.260087666509365 -15.139685265361505 -2.8587777392951264 1.0
human.pedestrian.adult 0 0 0 0 0 0 0 0.637 1.794 0.681 0.9224433876061008 7.251530557877822 10.867868977780208 -2.028632000607913 1.0
movable_object.barrier 0 0 0 0 0 0 0 0.597 0.91 1.989 0.6641280291148024 15.342144831769092 -13.549280668455717 -1.5510159388233289 1.0
movable_object.barrier 0 0 0 0 0 0 0 0.673 1.092 2.183 1.1352107652708945 12.5777815710923 27.551389834818615 2.931956410296764 1.0
movable_object.barrier 0 0 0 0 0 0 0 0.609 1.015 2.006 1.0988432318090118 21.84166266398608 18.59256432590083 1.5192909048862209 1.0
movable_object.debris 0 0 0 0 0 0 0 0.608 1.213 1.169 0.21832409127498387 28.911632966434965 -15.165842641336887 -0.03701931948742043 1.0
human.pedestrian.adult 0 0 0 0 0 0 0 0.576 1.752 0.663 1.2993644415653882 -46.51569024556903 -5.048960718879944 -2.0742458746717203 1.0
movable_object.barrier 0 0 0 0 0 0 0 0.604 0.963 2.111 1.139097449078159 6.063585167268666 -4.934202049986338 -0.08804332233199297 1.0
movable_object.barrier 0 0 0 0 0 0 0 0.703 1.036 2.089 1.5628756811563544 -15.0794808182812 -5.5774894979490615 -0.022962189546095857 1.0
human.pedestrian.adult 0 0 0 0 0 0 0 0.745 1.794 0.579 0.6388759541170087 18.905749712313714 12.283577779421696 1.531244427970556 1.0
vehicle.motorcycle 0 0 0 0 0 0 0 2.342 1.77 0.89 1.0602176922711546 -4.487963947732733 -2.3817837344123984 -1.619669425684429 1.0
movable_object.barrier 0 0 0 0 0 0 0 0.702 1.018 2.147 1.4135467390111105 -4.576528835037156 -5.5153806844789575 -0.02158783388962604 1.0
vehicle.car 0 0 0 0 0 0 0 4.458 1.443 1.869 0.8496179807928368 16.687777895257128 20.866842357479083 -3.137106775860447 1.0
vehicle.car 0 0 0 0 0 0 0 4.173 1.421 1.771 0.12313127958302594 31.158299432312837 -15.481096697143768 -0.02469343580919059 1.0
human.pedestrian.adult 0 0 0 0 0 0 0 0.664 1.786 0.495 0.6689540838899969 20.2206889397609 12.401370539087774 1.5823597187013787 1.0
vehicle.car 0 0 0 0 0 0 0 4.604 1.961 1.902 0.11387590102308398 22.690854140388524 -6.997949193637798 2.4893065549694775 1.0
movable_object.barrier 0 0 0 0 0 0 0 0.611 0.9 2.076 0.6869928671017156 15.30411822093172 -11.501277451648638 -1.5510159388233289 1.0
human.pedestrian.construction_worker 0 0 0 0 0 0 0 0.682 1.784 0.624 0.7017296884667402 33.70237096670359 15.4289982381544 1.5329730083443254 1.0
vehicle.car 0 0 0 0 0 0 0 4.327 1.478 1.831 1.2753171740719766 -11.205287284806586 -3.0383082184442256 -1.5853120767454607 1.0
movable_object.barrier 0 0 0 0 0 0 0 0.569 0.854 2.324 0.8324991125771777 9.730711706888277 -8.373697274938905 -1.946014863416151 1.0
human.pedestrian.construction_worker 0 0 0 0 0 0 0 0.631 1.807 0.67 0.6506625308125492 26.619204658138965 16.868469040436864 -0.8752828228667262 1.0
vehicle.car 0 0 0 0 0 0 0 4.33 1.457 1.791 0.8716431110405405 19.834897449607762 19.38747783030494 3.137300028611598 1.0
movable_object.barrier 0 0 0 0 0 0 0 0.705 1.015 2.143 1.496980984373988 -8.754421062387681 -5.519991903970716 -0.022814175671303616 1.0
movable_object.barrier 0 0 0 0 0 0 0 0.603 1.005 1.996 1.0237946932076298 23.954430248074658 15.444614857996653 2.6343779831702534 1.0
vehicle.car 0 0 0 0 0 0 0 4.206 1.448 1.904 1.0011151110307104 16.611911498887945 28.280862987975834 -3.1196544843577874 1.0
human.pedestrian.adult 0 0 0 0 0 0 0 0.72 1.806 0.619 0.5834706194287332 19.484946894752657 11.202928959155432 1.57218615416088 1.0
movable_object.barrier 0 0 0 0 0 0 0 0.584 1.012 2.009 1.0578803529772332 27.75970185078482 15.332119536294545 3.0272633375792584 1.0
human.pedestrian.adult 0 0 0 0 0 0 0 0.77 1.955 0.618 0.5215112618988224 20.704907081499172 10.771434833161088 1.532579990808637 1.0
movable_object.barrier 0 0 0 0 0 0 0 0.587 0.999 2.137 1.0645847232439096 8.452635567560305 -4.668548067227962 -0.3155436839336794 1.0
vehicle.car 0 0 0 0 0 0 0 4.607 1.98 1.882 -0.345801334071057 31.423327547082472 -25.235119369981543 -0.022136231426692632 1.0
movable_object.barrier 0 0 0 0 0 0 0 0.707 1.054 3.035 1.1013932697266355 11.545295261739788 29.74668534977659 1.5121184721820304 1.0
movable_object.barrier 0 0 0 0 0 0 0 0.58 0.789 1.942 0.9201552435986252 9.934371090664662 -6.272178001152956 -1.5022049392265409 1.0
movable_object.barrier 0 0 0 0 0 0 0 0.619 0.901 1.985 0.7135458477128717 13.72959015739263 -10.214635964540133 -0.031817359948504986 1.0
human.pedestrian.adult 0 0 0 0 0 0 0 0.713 1.794 0.599 0.732657633885665 15.45187009145894 12.72953916921323 1.635825551041937 1.0
vehicle.construction 0 0 0 0 0 0 0 2.051 2.341 2.158 0.287418823317505 2.5682699999969314 -7.891574600048751 -1.855230705530503 1.0
movable_object.barrier 0 0 0 0 0 0 0 0.622 1.039 2.122 1.0525995161036206 22.401600177394666 16.775280501113063 2.1826468707758444 1.0
movable_object.barrier 0 0 0 0 0 0 0 0.577 0.968 1.967 0.7039887427893372 11.519580717976252 -10.706291270049695 -1.0184660917540889 1.0
human.pedestrian.adult 0 0 0 0 0 0 0 0.602 1.684 0.538 0.7890357737746057 31.25349197403605 13.62640057734928 -1.4078821376535178 1.0
vehicle.car 0 0 0 0 0 0 0 4.861 1.959 1.8 0.8215415147923754 0.655075133761045 -2.985478763820112 -1.518539226647884 1.0
movable_object.barrier 0 0 0 0 0 0 0 2.073 0.865 0.598 0.6243268410321494 44.415019295899334 0.9375525002650479 1.6302287959559951 1.0
human.pedestrian.adult 0 0 0 0 0 0 0 0.6 1.658 0.576 0.6760181633442026 20.43701895873001 11.720180094590571 1.6321496775296662 1.0
movable_object.trafficcone 0 0 0 0 0 0 0 0.333 0.668 0.375 0.6856825588095199 43.39275042986815 0.3998027058075254 1.6651316622922145 1.0
human.pedestrian.adult 0 0 0 0 0 0 0 0.76 1.676 0.608 0.672839767767647 19.673350681126724 13.410529957661515 1.549241006206345 1.0
human.pedestrian.adult 0 0 0 0 0 0 0 0.567 1.832 0.68 0.635459867009644 30.337529399074672 12.425727431929873 -1.4597289791219428 1.0
