movable_object.barrier 0 0 0 0 0 0 0 0.594 1.059 2.235 -0.04460755292506802 45.718038210091535 3.1503593104726506 -3.10217485924964 1.0
vehicle.car 0 0 0 0 0 0 0 4.416 1.759 1.944 2.010784181179297 -53.49253298909176 -3.7886908515589317 -1.5212136976426018 1.0
human.pedestrian.adult 0 0 0 0 0 0 0 0.704 1.752 0.659 2.0684303979124126 -32.90825815926588 10.199147210268107 -0.7393723961884646 1.0
human.pedestrian.adult 0 0 0 0 0 0 0 0.542 1.682 0.6 -0.8824619775361533 -12.678584260513317 -34.042420338120664 -0.5147750194324239 1.0
movable_object.trafficcone 0 0 0 0 0 0 0 0.284 0.778 0.323 1.2877367853125385 5.363595007888208 -5.601153724683881 -0.03704242902757038 1.0
human.pedestrian.construction_worker 0 0 0 0 0 0 0 0.541 1.673 0.575 -0.3641530036005671 40.02918998654383 5.4864161578957535 -1.859950722929721 1.0
movable_object.barrier 0 0 0 0 0 0 0 0.678 1.03 1.972 0.7195795687563358 19.924481608344607 -6.359658033125417 -0.15403642901154413 1.0
movable_object.barrier 0 0 0 0 0 0 0 0.583 1.027 2.209 1.8295520231608227 -24.84181310392308 2.292730936683016 -3.0872896707014723 1.0
vehicle.truck 0 0 0 0 0 0 0 7.213 2.997 2.391 1.3220556261500094 -17.95680796335099 23.74369654714725 3.1274028246397414 1.0
movable_object.barrier 0 0 0 0 0 0 0 0.637 1.012 2.172 0.5984688528594886 26.074799032376895 -5.268987240384142 -0.22247936722116535 1.0
movable_object.barrier 0 0 0 0 0 0 0 0.648 1.033 2.232 0.636605158858313 22.004941187718423 -6.008687684102104 -0.17104365641159802 1.0
movable_object.trafficcone 0 0 0 0 0 0 0 0.315 0.726 0.309 1.9971782402283798 -23.67788013025441 2.9923261654822446 -3.0872896707014723 1.0
human.pedestrian.adult 0 0 0 0 0 0 0 0.581 1.664 0.569 1.1782825536201535 -26.405657564209818 -6.135857176522812 1.3470218374869347 1.0
movable_object.barrier 0 0 0 0 0 0 0 0.526 1.063 1.984 1.3207909709685104 0.23111061108325714 -6.667514516051091 1.5476235782186638 1.0
movable_object.barrier 0 0 0 0 0 0 0 0.481 1.033 2.216 0.3226871367931643 27.619172668897924 -6.166184830607651 -1.3863330533819518 1.0
human.pedestrian.adult 0 0 0 0 0 0 0 0.766 1.203 0.772 1.2177439801922019 24.322742416349026 20.48116796168989 -1.7827306641851663 1.0
human.pedestrian.adult 0 0 0 0 0 0 0 0.569 1.734 0.591 -2.0228765064283003 51.578242139751644 -13.246085909464504 1.6290340829535817 1.0
movable_object.trafficcone 0 0 0 0 0 0 0 0.359 0.683 0.331 1.2741365256389 0.05098648659027426 -8.718807928146681 -0.046034402938726515 1.0
vehicle.car 0 0 0 0 0 0 0 4.573 1.743 2.062 -2.865171875319743 50.5941346707086 -36.50122747000802 -1.4507105120011223 1.0
movable_object.barrier 0 0 0 0 0 0 0 0.617 0.999 2.123 2.3256758046770347 -45.75015111288747 1.0898477768087318 3.1068288053577007 1.0
movable_object.barrier 0 0 0 0 0 0 0 0.607 1.031 2.228 -0.18091489291810847 47.794732639486135 2.9358003302714817 -3.10217485924964 1.0
human.pedestrian.construction_worker 0 0 0 0 0 0 0 0.477 1.637 0.83 -0.5067782570228339 42.80439069247711 3.7688917537387554 2.4869598006650184 1.0
movable_object.trafficcone 0 0 0 0 0 0 0 0.337 0.734 0.367 1.8653579090906638 -18.78742640208441 2.1275806925680953 -3.132049940637053 1.0
vehicle.car 0 0 0 0 0 0 0 4.201 1.634 1.84 -1.915066149400627 75.04633365696368 -7.892455041849424 -0.12006837995950903 1.0
human.pedestrian.adult 0 0 0 0 0 0 0 0.772 1.669 0.839 1.6145401875025611 -57.16591968961973 -12.400149255677219 -2.3642163704987764 1.0
vehicle.motorcycle 0 0 0 0 0 0 0 2.051 1.329 0.59 0.5013148117028231 22.91166379040795 -5.122978564955946 -1.3797209529929049 1.0
movable_object.barrier 0 0 0 0 0 0 0 0.504 1.062 2.164 0.47271577279799687 19.383120483395764 -7.919169943512464 1.2966563655260694 1.0
human.pedestrian.adult 0 0 0 0 0 0 0 0.835 1.67 0.677 -1.3102112955441927 60.90021281118347 -7.487748206779824 -1.459952848172934 1.0
human.pedestrian.adult 0 0 0 0 0 0 0 0.612 1.676 0.649 1.2775111911430752 -26.450351869903965 -5.167857643189342 1.779821225602646 1.0
vehicle.construction 0 0 0 0 0 0 0 8.84 3.012 2.736 2.1583785352552107 -87.89890599080894 3.265913231828172 -1.5358344918117464 1.0
human.pedestrian.construction_worker 0 0 0 0 0 0 0 0.698 1.685 0.834 -0.6540081022070321 44.308358553089015 3.5740044864964458 1.7084923541788415 1.0
movable_object.trafficcone 0 0 0 0 0 0 0 0.392 0.788 0.341 1.4208576957767602 -0.16016026831803573 -5.695776511484681 -0.046034402938726515 1.0
movable_object.barrier 0 0 0 0 0 0 0 0.536 1.051 2.5 0.38619467534620516 20.95596905054516 -8.304894566153713 -0.069889993735746 1.0
movable_object.barrier 0 0 0 0 0 0 0 0.578 1.089 2.176 0.5143061559714779 26.30260421747165 -7.312743448471712 -0.7033793854715338 1.0
movable_object.trafficcone 0 0 0 0 0 0 0 0.343 0.743 0.335 2.001584088338654 -23.63487583440474 2.5337400568386714 -3.0872896707014723 1.0
movable_object.barrier 0 0 0 0 0 0 0 0.581 1.036 2.209 1.9220577786407342 -24.865693504018008 2.9411470158285176 -3.0872896707014723 1.0
human.pedestrian.construction_worker 0 0 0 0 0 0 0 0.505 1.652 0.68 -0.38973948591987373 41.788985857927585 3.5290565018837143 2.5187189496904274 1.0
vehicle.truck 0 0 0 0 0 0 0 8.323 3.005 2.605 2.1114701888743377 -82.49173763054945 -1.2527260468539803 -1.534421261332672 1.0
human.pedestrian.adult 0 0 0 0 0 0 0 0.689 1.764 0.734 1.3046793980672833 -27.742563246847677 -5.4192868495873086 -1.5386609549085781 1.0
human.pedestrian.adult 0 0 0 0 0 0 0 0.445 1.711 0.444 -0.9408600359339275 -14.675331514294601 -35.6839681051053 -0.41659116883767666 1.0
human.pedestrian.construction_worker 0 0 0 0 0 0 0 0.591 1.74 0.649 -0.40963296620681566 40.07377655485404 4.879156237492864 -0.7280302604151228 1.0
movable_object.barrier 0 0 0 0 0 0 0 0.62 1.027 2.107 0.6538310959196021 23.962940439169657 -5.654201861524185 -0.17104365641159802 1.0
