movable_object.barrier 0 0 0 0 0 0 0 0.673 1.092 2.183 0.48182295526775576 21.507584393764716 27.6612090801409 2.929947357512697 1.0
human.pedestrian.adult 0 0 0 0 0 0 0 0.623 1.686 0.61 -0.3820327480049106 45.66594443543435 -7.534789348955703 -0.03051515821763573 1.0
human.pedestrian.adult 0 0 0 0 0 0 0 0.544 2.0 0.672 -0.03934590713058461 22.271971442877593 -23.57269966646956 -0.7947672421142027 1.0
vehicle.car 0 0 0 0 0 0 0 4.327 1.478 1.831 1.8672906404014646 -56.72295778149905 -3.0213889561685887 -1.5864148355596273 1.0
movable_object.barrier 0 0 0 0 0 0 0 0.698 1.031 1.976 1.3119639829652003 2.191541668201966 -5.3667752558485935 -0.02407950709679696 1.0
movable_object.barrier 0 0 0 0 0 0 0 0.702 1.018 2.147 1.2413265645216665 4.266033846764568 -5.360251744643457 -0.02407950709679696 1.0
human.pedestrian.adult 0 0 0 0 0 0 0 0.72 1.806 0.619 0.01500812625252479 38.04672608663823 11.263954127604986 1.5705742574577721 1.0
human.pedestrian.adult 0 0 0 0 0 0 0 0.637 1.794 0.681 0.4756149171649758 16.11211170408268 11.011030675236125 -2.030658988298719 1.0
movable_object.barrier 0 0 0 0 0 0 0 0.75 1.01 2.089 1.5304701718449119 -8.374346002337314 -5.415208498213591 -0.023803913271567723 1.0
movable_object.barrier 0 0 0 0 0 0 0 0.707 1.054 3.035 0.46899104434094974 20.43190414859415 29.937719645065208 1.5101332025303913 1.0
movable_object.barrier 0 0 0 0 0 0 0 0.583 0.965 2.03 1.7446516994888572 -38.50340421451832 -7.7857357645039285 -1.34596745273047 1.0
vehicle.car 0 0 0 0 0 0 0 4.33 1.457 1.791 0.2523463397747725 28.74174775084951 19.580447543877668 3.1352884253169737 1.0
movable_object.barrier 0 0 0 0 0 0 0 0.749 1.013 2.136 1.6273312019120545 -14.855736259936846 -5.424496638385765 -0.09347738409711148 1.0
movable_object.barrier 0 0 0 0 0 0 0 0.74 1.031 2.006 1.5325603594436354 -10.560105810619193 -5.437087520486824 -0.04263389000914941 1.0
movable_object.barrier 0 0 0 0 0 0 0 0.584 1.001 1.972 0.6941476001164125 17.312932738652503 -10.899755556878404 -1.9654250139424727 1.0
movable_object.barrier 0 0 0 0 0 0 0 0.703 1.036 2.089 1.5018452407168366 -6.211072685061219 -5.4013460280724495 -0.02443257078212291 1.0
human.pedestrian.adult 0 0 0 0 0 0 0 0.522 1.773 0.534 0.08869757065771644 19.37972138740441 -14.882934682051971 -1.292919294870508 1.0
human.pedestrian.adult 0 0 0 0 0 0 0 0.713 1.794 0.599 0.08547060645356808 35.45411094725018 12.887484163637474 1.682085350614619 1.0
human.pedestrian.adult 0 0 0 0 0 0 0 0.735 1.765 0.654 1.246430440720614 -30.670636514150075 11.7322203715616 -1.311173608566925 1.0
movable_object.barrier 0 0 0 0 0 0 0 0.705 1.015 2.143 1.3837801430450767 0.11328029286071498 -5.356523674690388 -0.025594137451291132 1.0
vehicle.construction 0 0 0 0 0 0 0 2.051 2.341 2.158 0.1274653097325349 11.423459833816237 -7.759958256897734 -1.8572608207941474 1.0
movable_object.barrier 0 0 0 0 0 0 0 0.603 1.005 1.996 0.47433993112091843 32.813850212817265 15.465232192934492 2.6323727468112548 1.0
movable_object.barrier 0 0 0 0 0 0 0 0.7 1.032 2.226 1.088128191912178 8.682400442858992 -5.306676120239252 -0.026840430833866336 1.0
movable_object.barrier 0 0 0 0 0 0 0 0.686 1.028 2.053 1.4265739073222858 -2.016229678280505 -5.381261834462924 -0.02375222325769144 1.0
human.pedestrian.adult 0 0 0 0 0 0 0 0.6 1.658 0.576 0.1244695169945429 38.477586658276614 11.87193716334216 1.590334382126274 1.0
movable_object.barrier 0 0 0 0 0 0 0 0.752 0.997 2.156 1.5907742783894723 -12.76033451112422 -5.682613089653921 -0.1553427709430153 1.0
movable_object.trafficcone 0 0 0 0 0 0 0 0.45 0.76 0.457 1.7791407418377319 -16.574161524306934 -5.37096651263664 -0.5905504092867311 1.0
vehicle.car 0 0 0 0 0 0 0 4.458 1.443 1.869 0.25688594812506593 25.59737889869539 21.09822780253113 -3.1391184877162797 1.0
vehicle.bicycle 0 0 0 0 0 0 0 1.429 0.881 0.431 1.8209086118497146 -20.603997985135894 12.199876823527008 -1.562633180720887 1.0
human.pedestrian.adult 0 0 0 0 0 0 0 0.602 1.684 0.538 0.18749785805692942 29.900647933130955 13.696638654907352 -1.6487797436909304 1.0
human.pedestrian.adult 0 0 0 0 0 0 0 0.576 1.752 0.663 1.5710625918929262 -44.12334353807387 1.0489672764181295 -2.717764747997794 1.0
movable_object.barrier 0 0 0 0 0 0 0 0.584 1.012 2.009 0.4389730778592502 36.60771137154294 15.427288893096307 3.025253097075886 1.0
vehicle.construction 0 0 0 0 0 0 0 6.571 3.937 2.566 -1.1005914443428266 36.69844561023305 23.273012848213927 1.9499200016123304 1.0
movable_object.barrier 0 0 0 0 0 0 0 0.609 1.015 2.006 0.44152181822212266 30.702404527585728 18.69652467269915 1.5173054452479633 1.0
human.pedestrian.adult 0 0 0 0 0 0 0 0.745 1.794 0.579 0.036676669994046285 37.014972331199345 11.805028671776121 1.5263274743204231 1.0
human.pedestrian.adult 0 0 0 0 0 0 0 0.567 1.832 0.68 0.13760746170163107 28.02939806976568 13.904667251995477 -1.5664723662002746 1.0
movable_object.barrier 0 0 0 0 0 0 0 0.693 1.02 2.101 1.4766635201142568 -4.1105052944825875 -5.387150303880814 -0.02375222325769144 1.0
vehicle.car 0 0 0 0 0 0 0 4.861 1.959 1.8 0.5925605972332705 9.357746128409035 -2.9165457965721577 -1.520576788174096 1.0
movable_object.barrier 0 0 0 0 0 0 0 0.7 1.025 2.157 1.1678907732902697 6.461327786687454 -5.357863878727224 -0.02407950709679696 1.0
movable_object.barrier 0 0 0 0 0 0 0 0.622 1.039 2.122 0.47237782195400135 31.311104861422578 16.838707186878636 2.180648112218721 1.0
vehicle.motorcycle 0 0 0 0 0 0 0 2.342 1.77 0.89 1.25690254973995 -17.256791971913774 -2.954788137037213 -1.5933467225912352 1.0
movable_object.barrier 0 0 0 0 0 0 0 0.601 1.041 2.01 0.5784356123215458 16.626827312166853 -12.989620164844068 -1.8607161975472062 1.0
