human.pedestrian.adult 0 0 0 0 0 0 0 0.627 1.573 0.618 0.1646304265986509 38.652833403513206 -12.096336494709952 -0.5325797310693616 1.0
movable_object.barrier 0 0 0 0 0 0 0 0.698 1.031 1.976 1.4527242773931832 -6.677271561288262 -5.516103055718166 -0.021760264467552304 1.0
movable_object.debris 0 0 0 0 0 0 0 0.617 1.2 1.216 0.2454023760087577 27.36186720115044 -15.139926991030038 -0.037350516955704904 1.0
human.pedestrian.adult 0 0 0 0 0 0 0 0.77 1.955 0.618 0.5271002243113216 23.122790244189996 10.671918271857137 1.5671720679965961 1.0
human.pedestrian.adult 0 0 0 0 0 0 0 0.637 1.794 0.681 0.9214841329095894 7.25477538553313 10.873379876346942 -2.0289447470954336 1.0
vehicle.construction 0 0 0 0 0 0 0 2.051 2.341 2.158 0.28683317636627664 2.5655819768550794 -7.884594223735634 -1.855543630503095 1.0
vehicle.car 0 0 0 0 0 0 0 4.604 1.961 1.902 0.18397742619736968 31.794399594581414 0.42072487695819755 1.9747058203620789 1.0
movable_object.barrier 0 0 0 0 0 0 0 0.609 1.015 2.006 1.0957430753319928 21.84733637843406 18.593534504944298 1.518980558836967 1.0
human.pedestrian.construction_worker 0 0 0 0 0 0 0 0.682 1.784 0.624 0.6966612138442759 33.70637643807049 15.422212299338884 1.5326626413389492 1.0
movable_object.barrier 0 0 0 0 0 0 0 0.673 1.092 2.183 1.1337370114123588 12.586247412285454 27.555239567146582 2.9316446936022116 1.0
movable_object.barrier 0 0 0 0 0 0 0 0.604 0.963 2.111 1.1380202228059741 6.061950216753358 -4.928325165783727 -0.08777330992532839 1.0
movable_object.debris 0 0 0 0 0 0 0 0.608 1.213 1.169 0.21335784476678665 28.906735893563663 -15.174667043119639 -0.037350516955704904 1.0
vehicle.car 0 0 0 0 0 0 0 4.458 1.443 1.869 0.8473704622422192 16.694120026581768 20.86941988783791 -3.137418645904172 1.0
movable_object.barrier 0 0 0 0 0 0 0 0.75 1.01 2.089 1.565659057074518 -17.244867223542645 -5.582327331021379 -0.02205494027622734 1.0
vehicle.motorcycle 0 0 0 0 0 0 0 2.342 1.77 0.89 1.0595655287279309 -4.436176490367473 -2.402227483149048 -1.6090755393588507 1.0
movable_object.barrier 0 0 0 0 0 0 0 0.74 1.031 2.006 1.559463933880363 -19.43045779497561 -5.6077138335810295 -0.04298831263876224 1.0
vehicle.car 0 0 0 0 0 0 0 4.173 1.421 1.771 0.11322186423407232 31.148703517310548 -15.827964800251078 -0.024964530255889628 1.0
human.pedestrian.adult 0 0 0 0 0 0 0 0.745 1.794 0.579 0.5961640574360004 21.248242409014246 12.195019581879524 1.5665181912307276 1.0
movable_object.barrier 0 0 0 0 0 0 0 0.611 0.9 2.076 0.6933368901477679 15.3005185381509 -11.498389252573674 -1.5513292406558499 1.0
movable_object.barrier 0 0 0 0 0 0 0 0.702 1.018 2.147 1.4131631783539707 -4.580548032747523 -5.5063375907209355 -0.021760264467552304 1.0
vehicle.bicycle 0 0 0 0 0 0 0 1.732 1.716 0.606 0.5800355950376366 49.952590034413504 21.950612658311947 -2.478282445905921 1.0
movable_object.barrier 0 0 0 0 0 0 0 0.569 0.854 2.324 0.8307801338561689 9.727958866145322 -8.368954630042344 -1.9463276923808293 1.0
vehicle.car 0 0 0 0 0 0 0 4.607 1.98 1.882 -0.3512494340941096 31.415145213056622 -25.23709867302587 -0.022188445329909712 1.0
movable_object.barrier 0 0 0 0 0 0 0 0.588 0.913 1.986 0.6063636504813644 14.255195497858052 -15.136346426182897 -2.8590898086840504 1.0
vehicle.car 0 0 0 0 0 0 0 4.33 1.457 1.791 0.8688732016893268 19.8407828196959 19.389076380868286 3.1369881648240865 1.0
human.pedestrian.construction_worker 0 0 0 0 0 0 0 0.617 1.761 0.563 0.6809446703203029 26.575020946272858 17.616791493596168 -1.8877246185218572 1.0
human.pedestrian.adult 0 0 0 0 0 0 0 0.6 1.658 0.576 0.636438242523051 22.839473207694365 11.803254939080835 1.6046055061007536 1.0
vehicle.car 0 0 0 0 0 0 0 4.206 1.448 1.904 0.9994141238901986 16.620471687740647 28.31168907452675 -3.119966366837838 1.0
movable_object.barrier 0 0 0 0 0 0 0 0.597 0.91 1.989 0.6614287238034768 15.337755816615909 -13.546279448363757 -1.5513292406558499 1.0
movable_object.barrier 0 0 0 0 0 0 0 0.603 1.005 1.996 1.0193025630574841 23.959096619893607 15.444943465975639 2.6340664869731114 1.0
human.pedestrian.adult 0 0 0 0 0 0 0 0.72 1.806 0.619 0.5645407830934663 22.19564867751098 11.25793509746354 1.5994842231867699 1.0
movable_object.barrier 0 0 0 0 0 0 0 0.705 1.015 2.143 1.4962183975640424 -8.756214196971692 -5.5094864819541725 -0.023047418573021616 1.0
movable_object.barrier 0 0 0 0 0 0 0 0.622 1.039 2.122 1.0493764796450682 22.40670149400168 16.776077543613418 2.182335749921986 1.0
movable_object.barrier 0 0 0 0 0 0 0 0.587 0.999 2.137 1.0630931860723936 8.44836969566024 -4.669870121607009 -0.3158637942320013 1.0
human.pedestrian.adult 0 0 0 0 0 0 0 0.76 1.676 0.608 0.6144014846125819 23.008086583156928 13.08896638062437 1.4738941354947555 1.0
human.pedestrian.construction_worker 0 0 0 0 0 0 0 0.66 1.797 0.583 0.6163354560624534 28.472186327163897 16.515635207239765 -0.307558662863773 1.0
vehicle.car 0 0 0 0 0 0 0 4.327 1.478 1.831 1.3396251394104426 -18.306991618170247 -2.943430129839955 -1.583989272028723 1.0
movable_object.barrier 0 0 0 0 0 0 0 0.619 0.901 1.985 0.7111638440909018 13.72624594418597 -10.211134421701287 -0.031677551569167406 1.0
human.pedestrian.adult 0 0 0 0 0 0 0 0.713 1.794 0.599 0.6499097513288787 18.07793886012216 12.505325573234343 1.6480923140953543 1.0
human.pedestrian.adult 0 0 0 0 0 0 0 0.567 1.832 0.68 0.5867813923329444 27.17583250451261 12.678784633681543 -1.7218118349209304 1.0
human.pedestrian.adult 0 0 0 0 0 0 0 0.576 1.752 0.663 1.3470523688630676 -48.650526064425335 -3.490619443682647 -2.2647580492433077 1.0
movable_object.barrier 0 0 0 0 0 0 0 0.577 0.968 1.967 0.7029438639723988 11.51609879607466 -10.702116107329173 -1.0181568357903537 1.0
movable_object.barrier 0 0 0 0 0 0 0 0.703 1.036 2.089 1.5651041446204783 -15.081248021314572 -5.565046132528744 -0.022976074235272037 1.0
movable_object.barrier 0 0 0 0 0 0 0 0.58 0.789 1.942 0.918804805452138 9.930244504202662 -6.243884706998376 -1.502518311928382 1.0
vehicle.car 0 0 0 0 0 0 0 4.861 1.959 1.8 0.8211840799744291 0.6547489420571435 -2.9890677735018913 -1.5188525752396078 1.0
human.pedestrian.adult 0 0 0 0 0 0 0 0.623 1.686 0.61 0.1512786337660793 36.81368550675572 -7.51862759794943 -0.02784134778043068 1.0
human.pedestrian.adult 0 0 0 0 0 0 0 0.664 1.786 0.495 0.6288490424024938 22.368897429757407 12.2831162120134 1.5122444157810486 1.0
vehicle.construction 0 0 0 0 0 0 0 6.571 3.937 2.566 -0.3175855609699495 27.45235079818368 23.062605271916667 1.951603965319654 1.0
movable_object.barrier 0 0 0 0 0 0 0 0.752 0.997 2.156 1.588429550581393 -21.630831822888943 -5.856968984648135 -0.1533598062594912 1.0
movable_object.barrier 0 0 0 0 0 0 0 0.749 1.013 2.136 1.6096268017716473 -23.72690530838259 -5.602379864785975 -0.09132499288110374 1.0
movable_object.barrier 0 0 0 0 0 0 0 0.707 1.054 3.035 1.1001238380199774 11.554438512927556 29.750856689911885 1.5118081372423484 1.0
