vehicle.bus.rigid 0 0 0 0 0 0 0 13.37 3.9 3.753 -1.3179237734093059 40.58705430888394 -20.49943797337943 -0.2756772422531224 1.0
vehicle.truck 0 0 0 0 0 0 0 6.232 2.84 2.824 -0.06697167216513367 14.965263610788112 3.7649798903024574 -1.6710438194662292 1.0
human.pedestrian.adult 0 0 0 0 0 0 0 0.574 1.771 0.685 1.1119233365760748 -15.392444605235124 7.108216859044097 1.7256165336012375 1.0
vehicle.car 0 0 0 0 0 0 0 4.715 1.646 2.08 1.8918344507993723 -40.525239092889954 -9.743582626328898 -3.1329144604708103 1.0
vehicle.car 0 0 0 0 0 0 0 4.586 1.767 2.364 1.5730216201053364 -24.38558367519744 -16.854201613247945 -3.1036669908782795 1.0
vehicle.car 0 0 0 0 0 0 0 4.447 1.544 2.017 2.2537625841647384 -48.613433735746476 -9.855446139350816 3.140550774564632 1.0
vehicle.car 0 0 0 0 0 0 0 4.834 1.732 2.038 1.9949646273179527 -50.080598864167875 -20.646106086892285 -0.046499513591015784 1.0
vehicle.car 0 0 0 0 0 0 0 5.085 1.621 2.252 1.8007371669282455 -37.7264798289404 -10.225244195615621 -3.0922018437344843 1.0
vehicle.bicycle 0 0 0 0 0 0 0 1.898 1.107 0.647 0.9697560879588238 12.486340756471002 29.931907910873214 1.9761536821925825 1.0
vehicle.car 0 0 0 0 0 0 0 5.083 1.518 2.133 2.0142133715892037 -37.33182288078953 -4.933940405119442 -3.0860940790791105 1.0
human.pedestrian.adult 0 0 0 0 0 0 0 0.634 1.729 0.651 1.1169765625324306 -14.914453020357847 7.679796695719611 2.6345676677821945 1.0
human.pedestrian.adult 0 0 0 0 0 0 0 0.809 2.0 0.835 0.7303690472019462 8.550705831746168 42.93887837228368 3.093555884875107 1.0
vehicle.car 0 0 0 0 0 0 0 5.274 1.9 2.137 0.22818983354303468 21.804825628420144 0.328706459314467 1.3706359969511999 1.0
vehicle.truck 0 0 0 0 0 0 0 5.067 2.167 2.373 0.5679601428010509 4.64208993145726 4.4580006524111875 -1.6043555030263335 1.0
vehicle.motorcycle 0 0 0 0 0 0 0 3.097 1.764 1.165 0.2625274133011912 23.527765381956616 -3.7729379104840226 2.065095097827241 1.0
vehicle.car 0 0 0 0 0 0 0 4.841 1.587 2.122 2.097017862654454 -40.361257488816044 -4.433249510504201 -0.06513447226955371 1.0
vehicle.car 0 0 0 0 0 0 0 5.012 2.033 2.196 1.4160064655070883 -29.544877273289398 -19.611100198599637 -0.06948263030605517 1.0
vehicle.motorcycle 0 0 0 0 0 0 0 2.147 1.311 0.65 2.286647024715717 -45.16496339277794 -2.221397940181727 -1.573698820299418 1.0
vehicle.car 0 0 0 0 0 0 0 4.495 1.705 2.094 2.8967665584428737 -77.72019235415651 5.263257992243239 -1.5367436522237323 1.0
vehicle.car 0 0 0 0 0 0 0 4.236 1.489 1.896 1.2848456933802428 -21.526030887795987 -16.928689809096387 -3.121117748224677 1.0
vehicle.car 0 0 0 0 0 0 0 4.91 1.857 2.176 1.9313138961187308 -45.52179745864513 -9.999105366998315 -3.1149925323244716 1.0
vehicle.motorcycle 0 0 0 0 0 0 0 2.71 1.726 1.347 0.2411988907553999 32.702135915157754 27.52744694998789 -0.0392550711450248 1.0
vehicle.car 0 0 0 0 0 0 0 4.543 1.59 2.07 1.9383988017875093 -47.648686798666866 -20.971179944734953 -0.04468550991088094 1.0
vehicle.car 0 0 0 0 0 0 0 4.915 1.747 2.048 1.7463049100616141 -44.97337432966022 -20.9426645113843 -3.113579020994994 1.0
vehicle.car 0 0 0 0 0 0 0 4.66 1.732 2.101 1.956727051984961 -42.735483104991275 -21.014011471642707 -3.0978733396133284 1.0
vehicle.car 0 0 0 0 0 0 0 4.99 2.212 2.181 0.9976557099991278 -5.506587698878101 54.145399216585 1.4931690767709398 1.0
vehicle.car 0 0 0 0 0 0 0 4.672 2.18 1.973 1.3624854334261889 -33.008953387823155 -18.950687318772403 -0.045561316456190326 1.0
vehicle.motorcycle 0 0 0 0 0 0 0 2.182 1.769 1.004 1.379925163582389 -19.66611656267529 2.4929052746642975 -1.8426548011386243 1.0
vehicle.car 0 0 0 0 0 0 0 4.834 1.666 2.116 1.522180393378227 -18.231080399526252 0.05935361915130204 1.5840036308509662 1.0
vehicle.car 0 0 0 0 0 0 0 4.657 1.648 2.34 1.6972547805228815 -39.910358033499506 -20.82872123776346 -0.05543969384039649 1.0
human.pedestrian.adult 0 0 0 0 0 0 0 1.304 2.0 1.211 -1.041695341489693 33.19954630876478 -40.65129506898173 -0.34577138584716494 1.0
