movable_object.barrier 0 0 0 0 0 0 0 0.584 1.001 1.972 -0.08026225850926094 53.98254367042493 -11.194065379425396 -1.9876232822859343 1.0
vehicle.car 0 0 0 0 0 0 0 4.536 1.829 1.715 0.9251865941593492 2.8227781887717964 -10.659630662260199 -2.9684637195237897 1.0
movable_object.barrier 0 0 0 0 0 0 0 0.75 1.01 2.089 0.8521602110938913 28.211757503653573 -5.627847032583483 -0.02937112658667118 1.0
movable_object.trafficcone 0 0 0 0 0 0 0 0.385 0.825 0.37 1.129003142409988 10.384460772545825 -7.752977205635633 1.2209321979940375 1.0
vehicle.car 0 0 0 0 0 0 0 4.749 1.464 2.106 0.767903431643732 5.7522037766094005 -19.98344065239362 -2.1513389566304166 1.0
movable_object.barrier 0 0 0 0 0 0 0 0.569 0.854 2.324 -0.1541699597321704 54.94903664741638 -9.223541343254755 -1.9702413363140412 1.0
movable_object.trafficcone 0 0 0 0 0 0 0 0.327 0.761 0.344 1.0582878164366192 11.567216497771616 -8.164757774771855 1.2383822584679054 1.0
movable_object.barrier 0 0 0 0 0 0 0 0.583 0.965 2.03 1.2795798922650434 -2.0537958253160613 -6.848233900523123 -1.3681546760177845 1.0
vehicle.motorcycle 0 0 0 0 0 0 0 2.342 1.77 0.89 1.4642944774487687 -25.142083070969598 -2.0238952324552715 -1.6262975577306245 1.0
human.pedestrian.adult 0 0 0 0 0 0 0 0.576 1.752 0.663 1.065766998743615 -7.8562190792829405 2.2200000195071845 -2.7196382752131596 1.0
human.pedestrian.adult 0 0 0 0 0 0 0 0.602 1.684 0.538 -0.5660161447693122 60.80741898770971 13.048284425523356 -1.639342776620647 1.0
vehicle.car 0 0 0 0 0 0 0 4.506 1.83 1.724 0.8364405943553137 -3.2103177875965914 -17.493909196783576 -1.6178253740640987 1.0
vehicle.car 0 0 0 0 0 0 0 3.863 1.728 1.631 0.9522350069284551 -1.5965973899597488 -22.70702161953715 -1.5829229670124292 1.0
movable_object.barrier 0 0 0 0 0 0 0 0.702 1.018 2.147 0.4942573173584076 40.84922422967677 -5.84624407311698 -0.034885279044800654 1.0
movable_object.barrier 0 0 0 0 0 0 0 0.74 1.031 2.006 0.9033662216855876 26.03531467086026 -5.592867895062582 -0.025871714506195076 1.0
vehicle.bicycle 0 0 0 0 0 0 0 1.576 1.103 0.565 0.910842932360081 16.950950596437465 9.464595053991388 1.3845816463836167 1.0
human.pedestrian.adult 0 0 0 0 0 0 0 0.735 1.765 0.654 0.752330211630675 0.8605780690970657 11.132670486571381 -1.5377844141168682 1.0
movable_object.barrier 0 0 0 0 0 0 0 0.686 1.028 2.053 0.7093584006823339 34.5686853767097 -5.726865514218568 -0.03324444836494145 1.0
movable_object.barrier 0 0 0 0 0 0 0 0.693 1.02 2.101 0.7467302807838467 32.47451494485576 -5.686066679348947 -0.03324444836494145 1.0
movable_object.barrier 0 0 0 0 0 0 0 0.705 1.017 2.105 0.22728512175657567 47.4736631851864 -5.776966576766213 -0.10592135956124338 1.0
vehicle.car 0 0 0 0 0 0 0 4.861 1.959 1.8 -0.17717538069307603 45.87394505523584 -3.5293768440380116 -1.5427679296643326 1.0
vehicle.truck 0 0 0 0 0 0 0 4.67 2.239 1.918 0.34914209309212524 16.829443105047964 -16.67128805901439 1.531587726263714 1.0
vehicle.car 0 0 0 0 0 0 0 4.33 1.457 1.791 -0.6090602206732649 65.8711429409199 18.479459522426026 3.113078696273111 1.0
movable_object.barrier 0 0 0 0 0 0 0 0.703 1.036 2.089 0.8362306296987665 30.375593976391563 -5.653517398472357 -0.02733559660891416 1.0
movable_object.barrier 0 0 0 0 0 0 0 0.752 0.997 2.156 0.9545222368018845 23.825250459946904 -5.721399003195444 -0.1771447174801004 1.0
movable_object.barrier 0 0 0 0 0 0 0 0.622 1.039 2.122 -0.40168486709422413 68.36866922480101 15.543975929548942 2.1584303617231653 1.0
vehicle.construction 0 0 0 0 0 0 0 2.051 2.341 2.158 -0.6178168815395548 47.89812365631334 -8.581516792482752 -1.8794576190833396 1.0
movable_object.barrier 0 0 0 0 0 0 0 0.749 1.013 2.136 0.9819534271368309 21.80327355975188 -5.410664478441043 -0.11482236606483553 1.0
vehicle.bicycle 0 0 0 0 0 0 0 1.429 0.881 0.431 1.048174296950902 16.915577452318583 12.247401881095117 -1.831393496446852 1.0
movable_object.trafficcone 0 0 0 0 0 0 0 0.45 0.76 0.457 1.1432054631823896 19.94177083414292 -5.374909990315239 1.1579905352666433 1.0
