movable_object.barrier 0 0 0 0 0 0 0 0.37 1.096 2.052 0.6996646634782671 15.655312856326827 1.8177303552699628 -0.06949106512230685 1.0
movable_object.barrier 0 0 0 0 0 0 0 0.845 1.253 1.042 0.7473942805067064 13.138829448972212 2.8221257675291165 -1.5694653179165758 1.0
movable_object.trafficcone 0 0 0 0 0 0 0 0.359 0.708 0.355 1.4093223611510326 0.8108451022315032 4.690929974119708 -1.7527066977420152 1.0
vehicle.construction 0 0 0 0 0 0 0 8.951 3.367 2.894 -1.191157536810794 45.49222665822291 0.8571731289080502 -1.7421504710530877 1.0
movable_object.barrier 0 0 0 0 0 0 0 0.424 1.15 2.275 0.13330416722257898 31.30816384351936 7.151397645327255 -0.0954599406431349 1.0
movable_object.trafficcone 0 0 0 0 0 0 0 0.407 0.786 0.385 1.3945194362095261 2.69555188633677 3.87856354733839 -1.7527066977420152 1.0
movable_object.trafficcone 0 0 0 0 0 0 0 0.406 0.79 0.372 1.0162597289750481 10.713090530933298 2.6067468638952658 -1.7331183754663178 1.0
movable_object.trafficcone 0 0 0 0 0 0 0 0.394 0.74 0.388 1.1819331788818421 7.148161330470297 3.2658660516624436 -1.7064226448996909 1.0
movable_object.trafficcone 0 0 0 0 0 0 0 0.441 0.738 0.418 1.0532807278496903 9.981082594123576 2.7463743185375318 -1.7156701651815895 1.0
movable_object.barrier 0 0 0 0 0 0 0 0.427 1.532 1.927 0.423526345343598 21.736793434197576 1.4692599688109482 -0.0895635078638044 1.0
movable_object.barrier 0 0 0 0 0 0 0 0.571 1.048 2.048 0.723853274698129 11.43220382459422 -2.469075683867494 -0.03675349813170925 1.0
human.pedestrian.adult 0 0 0 0 0 0 0 0.77 1.766 0.773 -0.21548905351111192 29.323852121703286 -0.6707764309659648 -0.7215882360264239 1.0
movable_object.trafficcone 0 0 0 0 0 0 0 0.465 0.724 0.377 1.0864404970790946 8.994758261575075 2.8413782170230504 -1.7156701651815895 1.0
movable_object.trafficcone 0 0 0 0 0 0 0 0.411 0.72 0.447 1.2267181879873708 6.00940885296543 3.4285716076089474 -1.7527066977420152 1.0
movable_object.barrier 0 0 0 0 0 0 0 0.426 1.035 1.996 0.6101373752105899 11.658244051709035 -4.741163822547369 -0.03946046301627604 1.0
movable_object.trafficcone 0 0 0 0 0 0 0 0.427 0.786 0.39 1.4240658540664781 1.6966576860589422 4.274343013510384 -1.7527066977420152 1.0
movable_object.barrier 0 0 0 0 0 0 0 0.429 1.596 2.013 0.6003258545703927 19.713628215022972 1.5902369478581242 -0.06655083980953691 1.0
movable_object.barrier 0 0 0 0 0 0 0 0.482 1.036 2.278 0.6321065826281231 12.867864881301962 -3.694322954726394 -1.4251475874991915 1.0
movable_object.barrier 0 0 0 0 0 0 0 0.614 0.989 1.943 0.7699850757041848 8.303534236743022 -3.8429947014920316 1.7041073360635375 1.0
movable_object.trafficcone 0 0 0 0 0 0 0 0.472 0.749 0.372 1.1307822986497762 7.987384886159421 3.035073046941426 -1.7156701651815895 1.0
movable_object.trafficcone 0 0 0 0 0 0 0 0.35 0.742 0.356 0.9113302610267129 13.934572145194355 1.9529120103322473 -1.7156701651815895 1.0
vehicle.construction 0 0 0 0 0 0 0 6.987 4.31 3.026 -0.9158889484533669 28.425641925866046 2.892767090763232 -1.6478087273189477 1.0
movable_object.barrier 0 0 0 0 0 0 0 0.444 1.094 2.173 0.7155607638739829 9.593712378511569 -4.67081554973386 -0.03946046301627604 1.0
movable_object.trafficcone 0 0 0 0 0 0 0 0.373 0.709 0.413 0.9844139215261765 11.74196318628517 2.3766840385258097 -1.7156701651815895 1.0
vehicle.truck 0 0 0 0 0 0 0 6.657 3.157 2.486 0.8980223058946102 -14.807535888556517 8.181275011516435 1.6580794775981094 1.0
movable_object.debris 0 0 0 0 0 0 0 0.853 1.491 1.125 0.9302176119695963 3.408358146680409 4.317243443415481 1.627301514231199 1.0
movable_object.trafficcone 0 0 0 0 0 0 0 0.367 0.763 0.355 1.2501207953428497 4.103221968955531 3.684450253059393 -1.7527066977420152 1.0
movable_object.barrier 0 0 0 0 0 0 0 0.437 1.278 1.98 0.6413395582786847 17.6947936776651 1.689363063885872 -0.06266478838171352 1.0
vehicle.car 0 0 0 0 0 0 0 4.696 1.72 2.166 1.8119842443463163 -22.74474638430278 7.305767660732031 1.6929754514871522 1.0
movable_object.trafficcone 0 0 0 0 0 0 0 0.46 0.775 0.44 1.2138132503108516 5.2045037631239435 3.5417716912251995 -1.7527066977420152 1.0
movable_object.barrier 0 0 0 0 0 0 0 0.772 1.219 1.086 0.7285575219589981 13.092422083429259 4.014654816630492 -1.5869127934975884 1.0
movable_object.barrier 0 0 0 0 0 0 0 0.515 0.981 2.062 0.7995092867999367 9.327262682354856 -2.464080131765462 -0.052589947402644555 1.0
movable_object.trafficcone 0 0 0 0 0 0 0 0.322 0.747 0.363 0.947455726060812 12.496985596511962 2.2235166404172437 -1.7331183754663178 1.0
