movable_object.barrier 0 0 0 0 0 0 0 0.614 0.989 1.943 0.5276050597819519 18.20512567955157 -4.203915271205189 1.672571968037448 1.0
movable_object.trafficcone 0 0 0 0 0 0 0 0.427 0.786 0.39 1.104134686073218 11.806650299043888 4.113953890728447 -1.8709443970823 1.0
vehicle.construction 0 0 0 0 0 0 0 6.987 4.31 3.026 -0.9666977288925976 38.53945578692229 1.894431001370208 -1.679329175729749 1.0
movable_object.trafficcone 0 0 0 0 0 0 0 0.367 0.763 0.355 1.0296676396520499 14.209223083526107 3.4932352151093657 -1.7842287258990819 1.0
movable_object.trafficcone 0 0 0 0 0 0 0 0.411 0.72 0.447 0.9739701257070351 16.11938555461609 3.1418876365208264 -1.7842287258990819 1.0
vehicle.construction 0 0 0 0 0 0 0 8.951 3.367 2.894 -1.1949583502781014 55.533736895991055 -0.6785153009585613 -1.773672350396117 1.0
movable_object.trafficcone 0 0 0 0 0 0 0 0.46 0.775 0.44 0.9571042711140265 15.338681475690356 3.274558975164572 -1.7842287258990819 1.0
vehicle.car 0 0 0 0 0 0 0 4.475 1.59 2.043 1.7283635395848678 -10.085225516389135 11.526108005431375 1.6265441663006772 1.0
movable_object.barrier 0 0 0 0 0 0 0 0.515 0.981 2.062 0.5212257169317336 19.270930611885625 -2.856799407518231 -0.03672144198808347 1.0
movable_object.barrier 0 0 0 0 0 0 0 0.482 1.036 2.278 0.3450534536648998 22.754406489234217 -4.221091585017461 -1.4566637298345437 1.0
vehicle.truck 0 0 0 0 0 0 0 6.657 3.157 2.486 0.6627070811624921 -4.512961383590927 8.54278942590364 1.6265441663006772 1.0
movable_object.barrier 0 0 0 0 0 0 0 0.571 1.048 2.048 0.5008872750827384 21.376147630888102 -2.910582775625853 -0.04620679268478689 1.0
movable_object.trafficcone 0 0 0 0 0 0 0 0.359 0.708 0.355 1.1342361008966184 10.83987258594317 4.486539126986533 -1.7842287258990819 1.0
movable_object.trafficcone 0 0 0 0 0 0 0 0.373 0.709 0.413 0.7226262020855657 21.817808658133345 1.9304581646331838 -1.7471916616997811 1.0
human.pedestrian.adult 0 0 0 0 0 0 0 0.77 1.766 0.773 -0.3294561817551175 38.55460027196828 -2.383026520940666 -0.7530642383712021 1.0
vehicle.car 0 0 0 0 0 0 0 4.696 1.72 2.166 1.5370177526366509 -12.478138340149533 7.916142076547821 1.6614400952854993 1.0
movable_object.barrier 0 0 0 0 0 0 0 0.426 1.035 1.996 0.35925841133487546 21.4488239864174 -5.202592246003492 -0.05866959908277991 1.0
movable_object.trafficcone 0 0 0 0 0 0 0 0.394 0.74 0.388 0.9329040862057549 17.21186353038405 2.948118565558403 -1.7379440044119105 1.0
movable_object.trafficcone 0 0 0 0 0 0 0 0.35 0.742 0.356 0.6920473137976204 24.026884968421843 1.4770832790100086 -1.7471916616997811 1.0
movable_object.debris 0 0 0 0 0 0 0 0.853 1.491 1.125 0.6350025659643872 13.569369046563304 4.089000513690546 1.5957662530994892 1.0
movable_object.trafficcone 0 0 0 0 0 0 0 0.407 0.786 0.385 1.0772279199541779 12.839840622718743 3.6915574170195873 -1.7842287258990819 1.0
