vehicle.car 0 0 0 0 0 0 0 4.473 1.378 1.869 0.3125787857197191 13.83732615561099 22.980984340635988 0.046270272198139395 1.0
movable_object.trafficcone 0 0 0 0 0 0 0 0.455 0.855 0.407 1.578828271585813 10.600495819938887 16.933111523056493 0.05993104540560967 1.0
vehicle.car 0 0 0 0 0 0 0 4.441 1.806 1.921 0.27458141136359004 16.23380705556698 22.667961185440642 -0.1396513843417928 1.0
vehicle.construction 0 0 0 0 0 0 0 8.951 3.367 2.894 1.9944416239119205 -36.13373918872414 23.90795723435453 2.917467784707947 1.0
vehicle.car 0 0 0 0 0 0 0 5.337 1.805 2.029 0.24352904475590909 18.632518108784723 23.027880667684695 0.09218670012680397 1.0
movable_object.barrier 0 0 0 0 0 0 0 0.478 0.913 2.222 3.2083823489716545 -33.316948515637684 31.85685956235277 1.323999166716285 1.0
human.pedestrian.adult 0 0 0 0 0 0 0 0.608 2.0 0.614 0.9477695010884122 12.781939135875723 18.234196796024012 0.058131234904587714 1.0
vehicle.construction 0 0 0 0 0 0 0 6.987 4.31 3.026 2.0574015806948167 -40.93837637685593 40.42372722955187 2.8231200219693697 1.0
vehicle.car 0 0 0 0 0 0 0 4.697 1.505 1.934 0.3783371048257158 25.946794069159345 23.399023446714608 0.09218670012680397 1.0
movable_object.trafficcone 0 0 0 0 0 0 0 0.455 0.961 0.388 1.4496318995047581 11.439199927366094 16.575915893707773 0.05993104540560967 1.0
vehicle.motorcycle 0 0 0 0 0 0 0 2.313 1.618 0.95 0.6806988887209231 3.151728556984261 22.67055955105351 3.0574281286193425 1.0
human.pedestrian.adult 0 0 0 0 0 0 0 0.8 1.681 0.771 0.29721044614347947 12.841367402115576 -7.377038750063931 -1.7512154088774823 1.0
human.pedestrian.adult 0 0 0 0 0 0 0 0.755 1.747 0.598 0.8196281691713229 19.13185255311328 17.846344514037288 1.5054836165456047 1.0
movable_object.trafficcone 0 0 0 0 0 0 0 0.464 1.023 0.412 1.2563675967220667 17.322052893798723 17.94612860880148 0.05993104540560967 1.0
human.pedestrian.adult 0 0 0 0 0 0 0 0.931 1.618 0.678 0.9351529230604767 19.67257580048062 18.78437511108363 -0.6862198455577619 1.0
movable_object.barrier 0 0 0 0 0 0 0 0.597 1.052 2.441 3.080912836455735 -32.82436889569969 29.972925953809025 1.3610129501321868 1.0
movable_object.barrier 0 0 0 0 0 0 0 0.428 0.913 1.967 3.2879324802666665 -33.77778472355134 33.91348100687929 1.323999166716285 1.0
vehicle.car 0 0 0 0 0 0 0 4.234 1.611 1.865 0.5991040115485922 5.7522974622301986 23.35316752426129 -0.1344811652211284 1.0
vehicle.car 0 0 0 0 0 0 0 4.219 1.566 1.853 0.3811909129317985 11.55140094870539 22.148313742840617 0.08542248225407922 1.0
movable_object.barrier 0 0 0 0 0 0 0 0.48 1.038 2.26 2.932230828763513 -31.813902140568953 25.54005198793039 1.3614141417078152 1.0
movable_object.barrier 0 0 0 0 0 0 0 0.565 1.174 2.434 2.937899671606258 -32.280962773531854 27.800672971057953 1.3588848916231022 1.0
movable_object.trafficcone 0 0 0 0 0 0 0 0.594 1.188 0.574 1.340773423898776 12.226095234239633 16.44256444711144 0.05993104540560967 1.0
vehicle.car 0 0 0 0 0 0 0 4.638 1.556 2.138 0.5010317587682216 8.880453310570715 22.47385311989385 0.05108811947824998 1.0
movable_object.trafficcone 0 0 0 0 0 0 0 0.423 0.907 0.527 1.592801599649814 9.862786556793905 17.536066570446206 0.05993104540560967 1.0
movable_object.barrier 0 0 0 0 0 0 0 0.379 0.954 1.83 2.8402220345692593 -31.41321644018201 23.289469985137266 1.3927772189162972 1.0
human.pedestrian.adult 0 0 0 0 0 0 0 0.854 1.544 0.667 0.37205259776322136 12.681364410642098 -6.517421570698499 -1.7538245283061622 1.0
