movable_object.barrier 0 0 0 0 0 0 0 0.815 0.994 1.854 1.2838842136856754 7.402488241810543 7.504969069233883 -2.734259278221751 1.0
movable_object.barrier 0 0 0 0 0 0 0 0.647 1.052 2.255 0.8895288946667532 17.597031973876767 2.2326876866296756 -3.0900264832128155 1.0
movable_object.barrier 0 0 0 0 0 0 0 0.595 1.05 2.233 1.3994162423109548 -4.541792568402392 1.7319045210808461 -3.115749541851037 1.0
movable_object.barrier 0 0 0 0 0 0 0 0.63 1.007 2.223 1.5513034155055685 -12.64823659803451 1.7877657872683357 -3.097006960289045 1.0
movable_object.barrier 0 0 0 0 0 0 0 0.48 1.044 1.889 1.1038453611457175 13.580695415131396 8.14633022732172 -0.032372595709311724 1.0
movable_object.barrier 0 0 0 0 0 0 0 0.603 1.084 2.235 1.4446761910515415 -6.669211350813129 1.76449073420225 3.132533377661016 1.0
movable_object.barrier 0 0 0 0 0 0 0 0.521 1.12 2.132 1.2749438981218084 10.781350898588991 7.978712900207974 -3.1399909951575466 1.0
movable_object.barrier 0 0 0 0 0 0 0 0.578 1.089 2.176 1.7834097269585585 -36.68656140834617 -7.439229009204744 -0.6559889181337883 1.0
human.pedestrian.adult 0 0 0 0 0 0 0 0.612 1.676 0.649 2.0065189162859394 -89.23239846128543 -3.355280834263947 1.7325638001882187 1.0
movable_object.barrier 0 0 0 0 0 0 0 0.531 0.961 2.187 1.8095860427674446 -39.832283781546884 -8.811238685276555 -0.41271867989446065 1.0
movable_object.barrier 0 0 0 0 0 0 0 0.516 1.031 2.212 1.1785399010155733 3.3446076173606896 1.8903682451768085 3.1377163822522043 1.0
human.pedestrian.construction_worker 0 0 0 0 0 0 0 0.505 1.652 0.68 1.1843647296164748 -20.730157179929947 2.6258497381544466 2.515130152510773 1.0
movable_object.barrier 0 0 0 0 0 0 0 0.657 1.153 1.957 1.111537115286691 14.80365448798721 8.095203492263293 -3.122539801302837 1.0
movable_object.barrier 0 0 0 0 0 0 0 0.629 0.996 2.233 0.8064620314046294 19.57700841181533 2.2714974977037037 -3.0900264832128155 1.0
movable_object.barrier 0 0 0 0 0 0 0 0.586 1.026 2.213 1.4455033672514748 -8.537896201559963 1.8117902518460163 -3.134910952607676 1.0
movable_object.barrier 0 0 0 0 0 0 0 0.651 1.028 2.21 0.30741724317697616 41.61025748644436 3.238982130505167 -3.0928477593492367 1.0
movable_object.barrier 0 0 0 0 0 0 0 0.591 1.054 2.249 0.9478986201222644 13.671752455408418 2.073412211295121 -3.1074776761602134 1.0
movable_object.barrier 0 0 0 0 0 0 0 0.489 0.95 1.922 1.42773394523804 -4.504376363144751 4.96601091006763 -3.1361674385668987 1.0
movable_object.barrier 0 0 0 0 0 0 0 0.588 0.886 1.917 1.6867302635820347 -14.468839951055584 5.1787955718306105 3.13899817244652 1.0
movable_object.barrier 0 0 0 0 0 0 0 0.673 1.036 2.265 0.7439008622778274 23.684729496680195 2.4347108215284634 -3.1074776761602134 1.0
movable_object.barrier 0 0 0 0 0 0 0 0.444 1.065 2.233 1.4133962518986662 1.7797624586146268 4.824505788578517 -3.1361674385668987 1.0
movable_object.barrier 0 0 0 0 0 0 0 0.478 0.891 1.808 1.3835883116056393 -2.3481379858059945 4.877754334543604 -3.1361674385668987 1.0
vehicle.motorcycle 0 0 0 0 0 0 0 2.051 1.329 0.59 1.7801974566512628 -40.004324418067945 -5.119074640926469 -1.4267899886761413 1.0
vehicle.car 0 0 0 0 0 0 0 4.872 1.817 2.213 -0.9303384294173666 6.429439381996433 -31.147414764149456 -1.0440631905024595 1.0
movable_object.barrier 0 0 0 0 0 0 0 0.578 0.989 2.247 1.2805521832726683 -0.48646633014963003 1.9398142053400818 -3.0628549777890113 1.0
movable_object.barrier 0 0 0 0 0 0 0 0.637 1.012 2.172 1.9816083219103633 -36.85672774341206 -5.388070620545065 -0.17505927629020945 1.0
movable_object.barrier 0 0 0 0 0 0 0 0.626 0.867 2.232 1.3736354314460844 -9.754107189508815 4.809672810018554 3.1040957851268125 1.0
movable_object.barrier 0 0 0 0 0 0 0 0.629 0.843 1.965 1.5583472307203974 -12.689171337376749 5.060802256937164 3.1040957851268125 1.0
human.pedestrian.construction_worker 0 0 0 0 0 0 0 0.591 1.74 0.649 1.215197325883611 -22.38012910824845 4.050662352770224 -0.7749418879793684 1.0
movable_object.barrier 0 0 0 0 0 0 0 0.607 1.031 2.228 1.6129058175048423 -14.726947565478424 1.7104362463658438 -3.1319093472576895 1.0
movable_object.barrier 0 0 0 0 0 0 0 0.591 1.05 2.23 1.5241721857191022 -10.592480071405 1.8415616940873827 -3.134963306188938 1.0
movable_object.barrier 0 0 0 0 0 0 0 0.481 1.033 2.216 1.7717105282561614 -35.34135000097335 -6.446431246201703 -1.4334029361890703 1.0
human.pedestrian.adult 0 0 0 0 0 0 0 0.835 1.67 0.677 0.5407630813526528 5.209736112123941 -9.249768263247255 -1.9387283179541903 1.0
movable_object.barrier 0 0 0 0 0 0 0 0.57 1.016 2.209 1.1153319700149629 4.026140509463095 4.863854696203852 -3.1182005619906157 1.0
movable_object.barrier 0 0 0 0 0 0 0 0.653 1.013 2.415 1.0303807613132954 9.725471784244496 1.978778386564896 3.1377163822522043 1.0
movable_object.barrier 0 0 0 0 0 0 0 0.641 1.016 2.219 0.7702756010345664 21.47487008951044 2.3523714403149727 -3.1074776761602134 1.0
vehicle.car 0 0 0 0 0 0 0 4.602 1.553 2.071 -0.3264155569605114 -15.016998604051718 -33.24067749842867 -1.515237079281782 1.0
vehicle.car 0 0 0 0 0 0 0 4.573 1.743 2.062 -0.4092845854131396 -13.531179843959446 -37.78743517135136 -1.4977882725207357 1.0
human.pedestrian.construction_worker 0 0 0 0 0 0 0 0.62 1.772 0.549 0.7590527419073645 10.03023824089317 5.98900737164632 3.109602509169358 1.0
movable_object.barrier 0 0 0 0 0 0 0 0.544 0.877 1.811 1.4138743986288855 -6.514783671607974 4.758224079288135 3.1295666747077338 1.0
vehicle.bicycle 0 0 0 0 0 0 0 1.764 1.156 0.681 2.276885001225311 -2.6942726922488527 18.413968568564496 -1.8109603316336624 1.0
movable_object.barrier 0 0 0 0 0 0 0 0.581 1.018 2.247 1.336381315172018 -2.5089166507700584 1.7508808608673097 -3.02849358657528 1.0
movable_object.barrier 0 0 0 0 0 0 0 0.612 1.081 2.024 1.409606826144767 -8.058590578881285 4.713951956232093 3.121546978603088 1.0
human.pedestrian.construction_worker 0 0 0 0 0 0 0 0.698 1.685 0.834 1.1019346305466948 -18.087788565297515 2.511734081152352 1.661229987739869 1.0
human.pedestrian.adult 0 0 0 0 0 0 0 0.686 1.165 0.704 2.5795436938587004 -36.6271317699465 20.740502799753763 2.6505151664858975 1.0
movable_object.barrier 0 0 0 0 0 0 0 0.524 0.896 2.122 1.594400379856213 -16.453208125064904 5.062296032990814 3.1353334217247664 1.0
human.pedestrian.construction_worker 0 0 0 0 0 0 0 0.386 1.697 0.586 1.2792631548844189 -19.114334180021167 2.8392866652484035 2.2826845413928503 1.0
movable_object.barrier 0 0 0 0 0 0 0 0.565 1.056 2.233 1.1721432986565237 5.407250988534463 1.8703830799132906 3.1202651884248613 1.0
vehicle.car 0 0 0 0 0 0 0 4.201 1.634 1.84 0.3830084455290449 24.90310385358789 -2.072518548047008 -1.4814187852286143 1.0
human.pedestrian.adult 0 0 0 0 0 0 0 0.569 1.734 0.591 -0.1666753221709978 -11.732867955216237 -14.605729364914353 1.5817658955129392 1.0
movable_object.barrier 0 0 0 0 0 0 0 0.464 0.94 1.982 1.3268600194640499 -0.5428651445274775 4.985280468171487 -0.03185319248717633 1.0
movable_object.barrier 0 0 0 0 0 0 0 0.601 1.032 2.165 0.8668996272620686 15.713592619381236 2.162288011954407 -3.1074776761602134 1.0
movable_object.barrier 0 0 0 0 0 0 0 0.685 0.992 2.241 0.47364672607339176 33.73477254253556 2.8305232497313533 -3.1112471339315935 1.0
movable_object.barrier 0 0 0 0 0 0 0 0.559 1.006 2.229 1.0657691519032293 7.498814047046082 1.8927552316230773 -3.0756641521051638 1.0
movable_object.barrier 0 0 0 0 0 0 0 0.538 1.116 2.094 1.7083373564788844 -35.9197740515641 -8.683448559231946 -0.2150111717481913 1.0
movable_object.barrier 0 0 0 0 0 0 0 0.529 0.989 1.845 1.264841616420257 8.74065167335736 7.788766549772795 -0.2585833276523726 1.0
movable_object.barrier 0 0 0 0 0 0 0 0.597 1.008 2.246 0.9746005284054835 11.670744915683724 1.9852598768980307 -3.1074776761602134 1.0
movable_object.barrier 0 0 0 0 0 0 0 0.589 1.014 2.221 1.2523747212965126 1.4576028914137824 1.9986945280829318 3.097316869186157 1.0
vehicle.construction 0 0 0 0 0 0 0 3.833 2.637 2.737 -0.29653958589251816 32.05305005850206 7.30933743783473 1.6884511918828933 1.0
