movable_object.barrier 0 0 0 0 0 0 0 1.993 1.026 0.472 1.5834042990096462 -19.66070342350925 -4.85778773506273 1.5067405950973436 1.0
human.pedestrian.adult 0 0 0 0 0 0 0 0.559 1.849 0.579 2.7337705448706084 -28.430227257159473 30.5011699734362 -2.622402061287657 1.0
movable_object.barrier 0 0 0 0 0 0 0 1.976 1.069 0.48 0.9341124701297979 -17.61799851404895 -11.578788313385653 2.8492260507776352 1.0
vehicle.construction 0 0 0 0 0 0 0 7.505 4.435 3.078 -3.920996466106577 74.66660269409279 -9.385582652369116 -1.8720405484709168 1.0
movable_object.barrier 0 0 0 0 0 0 0 2.037 1.03 0.48 0.11741646356687652 31.324872664197844 -4.075552047453158 1.5470910247916967 1.0
vehicle.car 0 0 0 0 0 0 0 4.198 1.814 1.976 3.4533684532379425 -69.94689684006563 26.722624275146753 0.16338761532730528 1.0
movable_object.barrier 0 0 0 0 0 0 0 1.341 1.033 0.418 0.4976523366798237 -16.12873284614995 -16.850336693352208 3.002384446611976 1.0
vehicle.truck 0 0 0 0 0 0 0 5.216 2.234 1.836 4.532892024112128 -89.35335537091913 14.20700179161862 -1.4991289141122763 1.0
movable_object.barrier 0 0 0 0 0 0 0 1.54 1.062 0.392 0.5879044880012946 -16.480808825440487 -15.357111307153394 2.87078428195081 1.0
movable_object.barrier 0 0 0 0 0 0 0 2.194 0.976 0.476 0.7373090276136248 5.486165443021284 -6.007635986458361 1.9281286737771044 1.0
movable_object.barrier 0 0 0 0 0 0 0 2.049 1.084 0.57 0.8452931543130494 3.3918302140376873 -5.104004769080975 1.526993960437995 1.0
movable_object.barrier 0 0 0 0 0 0 0 2.75 1.107 0.579 1.6211709228687607 -20.718200839800726 -5.271498862129786 2.501146130946246 1.0
movable_object.trafficcone 0 0 0 0 0 0 0 0.355 0.808 0.337 -0.5687867495226842 -14.823532954470071 -25.55047812428178 -0.25945658419312423 1.0
movable_object.barrier 0 0 0 0 0 0 0 2.099 0.984 0.715 0.7515371369551758 7.235715335047293 -5.210527000047837 1.4976424605466931 1.0
movable_object.barrier 0 0 0 0 0 0 0 1.519 1.057 0.433 0.28657739829199097 -16.002717709792176 -18.519835586970615 -3.0669252797218185 1.0
movable_object.barrier 0 0 0 0 0 0 0 3.121 1.04 0.868 0.9001924997234069 0.7712384513764877 -4.779366700848651 1.6235099554468029 1.0
movable_object.barrier 0 0 0 0 0 0 0 1.885 1.03 0.557 0.653470145745212 9.37586606665971 -5.033175058378859 1.5499321978027574 1.0
movable_object.trafficcone 0 0 0 0 0 0 0 0.408 0.804 0.387 1.037885530989905 33.03413133277592 13.870405645013584 -1.5363414643111772 1.0
movable_object.barrier 0 0 0 0 0 0 0 1.778 1.035 0.611 -0.08561937798128016 37.77231398835442 -3.6700723086195337 1.5296607548761791 1.0
movable_object.barrier 0 0 0 0 0 0 0 2.226 1.059 0.74 0.5304511494970824 16.052135519334293 -4.858342218651319 1.4654688332457626 1.0
movable_object.barrier 0 0 0 0 0 0 0 1.899 0.99 0.513 1.445434527697787 -10.243185366299048 -4.664231582168809 1.5718949980590882 1.0
movable_object.trafficcone 0 0 0 0 0 0 0 0.413 0.711 0.282 0.8584996137747463 7.072969879372955 -6.64740275849389 1.8938308976411378 1.0
movable_object.barrier 0 0 0 0 0 0 0 2.106 0.984 0.57 1.089531295293392 -18.58694532401345 -9.584337745373498 2.7000989250771914 1.0
vehicle.truck 0 0 0 0 0 0 0 4.721 2.0 1.852 0.4869602650531585 30.136102291781633 15.017601368901168 -1.6073903495183606 1.0
vehicle.truck 0 0 0 0 0 0 0 7.385 2.858 2.325 -1.472664070010018 -17.882405371495977 -28.14659567282727 -0.31257948114195244 1.0
vehicle.truck 0 0 0 0 0 0 0 4.728 1.977 1.821 0.444342384236345 35.65291824764926 15.310380168201602 -1.6073903495183615 1.0
vehicle.truck 0 0 0 0 0 0 0 6.339 2.933 2.32 0.4371960584713161 14.998918652293307 14.289018505975518 -1.6466476652606241 1.0
vehicle.bicycle 0 0 0 0 0 0 0 1.197 1.135 0.556 2.605296179425533 -28.381920179816525 17.1560692707926 -2.992098576009596 1.0
movable_object.barrier 0 0 0 0 0 0 0 1.126 1.037 0.396 0.3898872673712612 21.570563452026942 -4.549658000202425 1.5296607548761791 1.0
movable_object.barrier 0 0 0 0 0 0 0 2.121 1.09 0.422 1.2912771348272731 -19.4859336015921 -7.633848654656208 2.7106034079866097 1.0
vehicle.truck 0 0 0 0 0 0 0 5.086 2.0 1.804 0.6228794196618889 23.30116281080802 14.506549243537274 -1.6889226475729 1.0
vehicle.car 0 0 0 0 0 0 0 4.53 1.633 1.989 3.5026136657997267 -74.95382658042915 27.26309581380784 0.16338761532730528 1.0
movable_object.barrier 0 0 0 0 0 0 0 1.402 1.037 0.425 0.4046921343158076 20.27526758969891 -4.681935908224509 1.5296607548761791 1.0
movable_object.barrier 0 0 0 0 0 0 0 1.748 1.09 0.45 0.3313748521320953 23.08847022861305 -4.486402052998645 1.5296607548761791 1.0
movable_object.barrier 0 0 0 0 0 0 0 2.056 1.039 0.405 0.23869653995287232 25.082734826418616 -4.399273157726602 1.5296607548761791 1.0
vehicle.car 0 0 0 0 0 0 0 4.43 1.726 1.94 5.033189663086109 -67.73497031683254 48.1551054194457 -3.0683380933132423 1.0
movable_object.barrier 0 0 0 0 0 0 0 2.046 0.994 0.436 0.15982188147031307 29.271140879050424 -4.243984631022965 1.5122309072287479 1.0
movable_object.barrier 0 0 0 0 0 0 0 2.111 1.025 0.741 0.4793639899733116 13.50243106486155 -4.804506385102431 1.5118997442677902 1.0
vehicle.car 0 0 0 0 0 0 0 4.707 1.788 1.955 3.7004992669081247 -80.99756288969266 27.620739089942127 -0.10015822439169142 1.0
movable_object.barrier 0 0 0 0 0 0 0 2.059 0.965 0.654 -0.1645236268871737 40.00498544660249 -3.5209640290748396 1.5296607548761791 1.0
movable_object.barrier 0 0 0 0 0 0 0 2.824 1.042 0.643 1.0509794377248403 -2.2752543808311567 -4.868527917954352 1.6060779996553984 1.0
movable_object.barrier 0 0 0 0 0 0 0 2.08 1.063 0.495 1.479217870651647 -17.490952193577467 -4.840386920267601 1.5103659391465385 1.0
movable_object.barrier 0 0 0 0 0 0 0 1.725 1.029 0.66 0.6088775046929724 11.594098622610133 -4.989945160323899 1.4557961469630438 1.0
vehicle.construction 0 0 0 0 0 0 0 1.71 1.597 1.001 1.6705184272862703 -17.586292796258263 28.25687423932858 2.0243303333867937 1.0
movable_object.barrier 0 0 0 0 0 0 0 0.948 1.188 0.923 0.7137576106496888 40.32846988196746 15.265066256428971 -1.6141364845809987 1.0
movable_object.barrier 0 0 0 0 0 0 0 2.088 1.048 0.702 0.06035332937524174 33.41348761246653 -3.9960762864654398 1.5122309072287479 1.0
movable_object.barrier 0 0 0 0 0 0 0 1.934 1.117 0.548 0.7320706551956936 -17.009732275612134 -13.554008120950416 2.8841099407861375 1.0
movable_object.barrier 0 0 0 0 0 0 0 2.191 1.053 0.74 0.47750840982890086 18.381451868746634 -4.851384440512336 1.5177561222766602 1.0
