human.pedestrian.adult 0 0 0 0 0 0 0 0.671 1.533 0.643 2.4516197316865234 -8.016850452565624 -45.41690199684733 -0.34386445473265326 1.0
vehicle.car 0 0 0 0 0 0 0 4.448 1.637 1.775 1.1829017910685682 3.8293814920162044 -15.011488621885254 -0.5426126854288977 1.0
movable_object.barrier 0 0 0 0 0 0 0 0.475 0.976 2.172 0.6571007114175769 -14.116972585660948 13.656996820203997 2.976734498738642 1.0
vehicle.car 0 0 0 0 0 0 0 4.197 1.61 2.022 0.7589756831504899 38.3284900047902 5.28846880365787 1.4181408802928583 1.0
movable_object.barrier 0 0 0 0 0 0 0 0.516 0.954 2.246 0.609400398026885 -15.273186277807175 14.904774275600664 1.4239153858398028 1.0
movable_object.barrier 0 0 0 0 0 0 0 0.529 1.061 2.108 0.4291772492222582 -12.784561912470414 14.68567980992874 -1.7559093862736015 1.0
movable_object.barrier 0 0 0 0 0 0 0 0.565 1.007 2.274 1.7805522569844585 -36.446696160560656 -4.947659040449037 -0.04916800613820804 1.0
vehicle.car 0 0 0 0 0 0 0 4.174 1.723 1.998 0.6550865570705025 31.21363253099336 28.052738749716685 2.5161097915022372 1.0
movable_object.barrier 0 0 0 0 0 0 0 0.591 1.044 2.235 1.7573188514864377 -35.1958250664851 -6.12476554152494 -1.6639258033251032 1.0
movable_object.barrier 0 0 0 0 0 0 0 0.528 1.008 2.22 1.7627137117048357 -37.87350178126112 -5.769703143304802 1.451183139964602 1.0
vehicle.bus.rigid 0 0 0 0 0 0 0 15.831 3.116 2.589 2.4611621565833297 -24.670500240335087 -64.91837770225112 3.0511413936011778 1.0
human.pedestrian.adult 0 0 0 0 0 0 0 0.55 1.682 0.583 1.28806418107062 -8.956534035269238 -15.916922772362623 -2.8287798921719363 1.0
vehicle.construction 0 0 0 0 0 0 0 3.833 2.637 2.737 -0.0045252915588116505 -53.88873733162379 8.280747474798055 1.5513248199073537 1.0
vehicle.truck 0 0 0 0 0 0 0 8.36 2.96 2.336 0.3049914711617421 47.00131770782393 4.164455027604954 1.4312251315810167 1.0
vehicle.car 0 0 0 0 0 0 0 4.201 1.634 1.84 1.4258676420452372 -13.698318621697222 -5.1559117073159095 -1.9238128236319252 1.0
movable_object.barrier 0 0 0 0 0 0 0 0.661 0.998 2.23 1.3388545005763044 -28.439343088716782 1.991959960246641 3.0782412918322297 1.0
vehicle.car 0 0 0 0 0 0 0 4.187 1.357 2.028 0.8105513537631588 26.483795167715993 21.7813760418251 2.4971070854066886 1.0
human.pedestrian.adult 0 0 0 0 0 0 0 0.66 1.773 0.616 0.2636464929108414 4.227271400585784 25.886156045228105 -0.6067800195542858 1.0
