movable_object.barrier 0 0 0 0 0 0 0 2.059 0.965 0.654 0.9604130439526827 -2.0960512421077007 -5.321638410965868 1.5800792830732906 1.0
movable_object.barrier 0 0 0 0 0 0 0 2.367 1.042 0.443 0.6988987453153324 6.335315877317045 -5.439144875003677 1.5473000120154836 1.0
human.pedestrian.adult 0 0 0 0 0 0 0 0.449 1.671 0.485 0.5905345401835932 21.602204077970786 18.609157515555676 1.588148009691147 1.0
movable_object.barrier 0 0 0 0 0 0 0 2.111 1.086 0.536 -0.25889449482999305 34.53386224570731 -4.159357463407945 1.4942922523904034 1.0
movable_object.barrier 0 0 0 0 0 0 0 1.97 1.034 0.572 0.6326063194526858 8.202747670739226 -5.343767670235169 1.4601761377885127 1.0
vehicle.construction 0 0 0 0 0 0 0 5.792 3.152 2.011 -2.1167083202614556 25.063806412036584 -16.09233074324036 -1.8069127668474643 1.0
movable_object.barrier 0 0 0 0 0 0 0 2.082 0.998 0.584 0.860306512679079 0.13497820494392163 -5.340381110465971 1.5800792830732906 1.0
movable_object.trafficcone 0 0 0 0 0 0 0 0.539 0.796 0.267 1.8297934605606145 0.9664925757954103 13.783121965826215 -1.5990631891095957 1.0
movable_object.trafficcone 0 0 0 0 0 0 0 0.374 0.756 0.333 1.7980267872068683 -1.1323165693003545 12.452846411316257 -1.6164908430334952 1.0
movable_object.barrier 0 0 0 0 0 0 0 1.63 1.139 0.493 0.4942148948295119 14.402339292181251 -5.075431051532969 1.5473000120154836 1.0
movable_object.barrier 0 0 0 0 0 0 0 1.778 1.035 0.611 1.031485366332602 -3.955706910480377 -5.361619907701372 1.5800792830732906 1.0
movable_object.trafficcone 0 0 0 0 0 0 0 0.387 0.797 0.392 1.8614156045347132 -3.1401778948355012 12.262405461786727 -1.6164908430334952 1.0
movable_object.barrier 0 0 0 0 0 0 0 2.053 1.125 0.55 -0.00355453080931456 28.585693631866928 -4.666089783374488 1.5209523662756466 1.0
movable_object.trafficcone 0 0 0 0 0 0 0 0.351 0.769 0.335 1.9793572354465463 -5.894562036156026 12.322169780071551 -1.616490843033496 1.0
vehicle.truck 0 0 0 0 0 0 0 4.728 1.977 1.821 1.3621248961561676 -5.1786268285743144 13.713885993197914 -1.574891762122423 1.0
movable_object.barrier 0 0 0 0 0 0 0 2.144 1.139 0.502 0.5164554925107894 12.552307544344595 -5.196744232232725 1.529874192197683 1.0
vehicle.construction 0 0 0 0 0 0 0 7.505 4.435 3.078 -3.1048325658090046 33.03074117135368 -13.229523202355999 -1.8220436357888916 1.0
movable_object.barrier 0 0 0 0 0 0 0 2.191 1.009 0.441 0.7961740511161686 4.15880887270001 -5.328814581183849 1.5520050674559451 1.0
movable_object.barrier 0 0 0 0 0 0 0 0.948 1.188 0.923 1.6596074607469835 -0.5287472502906776 13.308945218238017 -1.5816359735955494 1.0
vehicle.truck 0 0 0 0 0 0 0 5.086 2.0 1.804 1.7641126736845667 -17.420738946921446 13.568003476986885 -1.6389731403165513 1.0
movable_object.barrier 0 0 0 0 0 0 0 1.944 1.056 0.54 -0.17434231242123133 32.357540468208654 -4.365741690603676 1.503527315121855 1.0
movable_object.barrier 0 0 0 0 0 0 0 2.041 0.983 0.503 0.2598389977576352 18.875707912602547 -5.122026380711526 1.5473000120154836 1.0
movable_object.barrier 0 0 0 0 0 0 0 1.597 0.96 0.483 0.8326978416700708 2.2593440681963934 -5.343763466606046 1.5473000120154836 1.0
movable_object.barrier 0 0 0 0 0 0 0 2.226 1.059 0.74 1.6660245874869926 -25.638488993360994 -5.376657298587639 1.5681767827738842 1.0
movable_object.barrier 0 0 0 0 0 0 0 2.75 1.107 0.579 2.969391839016923 -62.628100234849974 -4.055582353266762 2.551424870166433 1.0
movable_object.barrier 0 0 0 0 0 0 0 2.191 1.053 0.74 1.7318702778970092 -23.502602444825072 -5.461639631090174 1.5681767827738842 1.0
vehicle.truck 0 0 0 0 0 0 0 7.385 2.858 2.325 -0.4235073052355396 -61.000807391142224 -27.010940647089086 -0.2657849764648006 1.0
movable_object.barrier 0 0 0 0 0 0 0 1.126 1.037 0.396 1.5075618466332572 -20.248741665832288 -5.439873634752243 1.5800792830732906 1.0
movable_object.barrier 0 0 0 0 0 0 0 1.402 1.037 0.425 1.5931403701865343 -21.605301818969078 -5.448976778598264 1.5800792830732906 1.0
movable_object.barrier 0 0 0 0 0 0 0 2.046 0.994 0.436 1.263882310429749 -12.6162555636289 -5.533714901299051 1.5800792830732906 1.0
movable_object.barrier 0 0 0 0 0 0 0 2.188 1.036 0.59 0.5908535093524627 10.676266729400059 -5.232546407473123 1.529874192197683 1.0
movable_object.trafficcone 0 0 0 0 0 0 0 0.408 0.804 0.387 2.0315066731557074 -7.696914552965616 12.297944972603972 -1.5038640756192319 1.0
human.pedestrian.child 0 0 0 0 0 0 0 0.828 1.369 0.491 1.2102412248556285 9.127380370748462 19.033444091698037 1.5532946072387537 1.0
movable_object.barrier 0 0 0 0 0 0 0 1.885 1.03 0.557 1.9348086810889353 -32.50700406958609 -5.297342995361169 1.530640917817787 1.0
movable_object.barrier 0 0 0 0 0 0 0 1.519 1.057 0.433 1.910320621465765 -58.534442859266086 -17.575881441951456 -3.0167339139130993 1.0
movable_object.barrier 0 0 0 0 0 0 0 2.049 1.084 0.57 2.0754090041869233 -38.47948196291227 -5.1926655724122535 1.577412964950824 1.0
movable_object.barrier 0 0 0 0 0 0 0 2.106 0.984 0.57 2.4909827435473817 -60.67965169408183 -8.413548739248986 2.7503533333769337 1.0
movable_object.barrier 0 0 0 0 0 0 0 2.039 1.024 0.445 1.2928796754236356 -14.605935818597217 -5.515204476869393 1.5800792830732906 1.0
movable_object.barrier 0 0 0 0 0 0 0 2.088 1.048 0.702 1.1891853368352892 -8.216631577943485 -5.467698640289232 1.5800792830732906 1.0
movable_object.barrier 0 0 0 0 0 0 0 1.893 1.15 0.508 0.49065946462199583 16.45215661370747 -5.060026270226142 1.5473000120154836 1.0
movable_object.barrier 0 0 0 0 0 0 0 2.221 1.042 0.501 1.0185489703754076 -5.830155854232289 -5.395380934445886 1.5800792830732906 1.0
movable_object.barrier 0 0 0 0 0 0 0 1.892 1.214 0.488 0.3844680985262786 20.850304052029653 -5.221427957164386 1.5443550138619129 1.0
movable_object.barrier 0 0 0 0 0 0 0 2.099 0.984 0.715 2.0366881125788954 -34.668523054974315 -5.281939838368564 1.548066759390573 1.0
human.pedestrian.construction_worker 0 0 0 0 0 0 0 1.202 2.566 0.52 -0.9682481490678648 32.30133746364329 -6.581078853388604 1.4354877695045127 1.0
vehicle.truck 0 0 0 0 0 0 0 4.721 2.0 1.852 1.5603038278288968 -10.511680128024848 13.686144034704618 -1.5923188038753011 1.0
movable_object.barrier 0 0 0 0 0 0 0 3.121 1.04 0.868 2.14651424341977 -41.09005024677564 -4.597597273609265 1.6477688444962766 1.0
movable_object.barrier 0 0 0 0 0 0 0 2.037 1.03 0.48 1.21894234545731 -10.429830889889221 -5.44127278097056 1.5800792830732906 1.0
vehicle.truck 0 0 0 0 0 0 0 6.339 2.933 2.32 1.5331185242831207 -25.83902154770691 13.766461926685265 -1.5967104890849733 1.0
movable_object.barrier 0 0 0 0 0 0 0 1.748 1.09 0.45 1.4945152790770095 -18.17179867083161 -5.443126724448808 1.5800792830732906 1.0
movable_object.barrier 0 0 0 0 0 0 0 2.056 1.039 0.405 1.375309512145503 -16.059940597709176 -5.456634652406152 1.5800792830732906 1.0
vehicle.car 0 0 0 0 0 0 0 4.65 2.0 1.785 -2.172420019136572 81.83449424677835 -1.810749073939546 -0.14435200403183757 1.0
