movable_object.barrier 0 0 0 0 0 0 0 0.379 0.954 1.83 3.096035382431456 -42.0090737079576 23.098103272939902 1.3325193039023349 1.0
vehicle.construction 0 0 0 0 0 0 0 8.951 3.367 2.894 2.487682275097229 -46.747387358516484 23.90444082367423 2.9182188124681385 1.0
human.pedestrian.adult 0 0 0 0 0 0 0 0.755 1.747 0.598 1.0097399503968112 9.58865161643917 17.926953718114696 1.5062692456341802 1.0
vehicle.car 0 0 0 0 0 0 0 4.462 1.565 1.918 0.6778745026981136 12.89179080196153 23.217652523158524 0.07750300053935888 1.0
human.pedestrian.adult 0 0 0 0 0 0 0 0.854 1.544 0.667 0.6288383798690592 0.8789458540445894 -6.7946425193064535 -1.7531080522221334 1.0
vehicle.car 0 0 0 0 0 0 0 4.473 1.378 1.869 0.5537656265327571 3.213361814570363 22.944738025771315 0.047556640709968345 1.0
movable_object.trafficcone 0 0 0 0 0 0 0 0.396 0.821 0.396 1.6098270211099746 5.502007154898415 17.892507346449683 0.060626984545761875 1.0
vehicle.car 0 0 0 0 0 0 0 5.039 2.035 2.165 0.3980958552234788 20.261561923198183 24.260523334430527 -0.11144009237417407 1.0
movable_object.trafficcone 0 0 0 0 0 0 0 0.438 0.822 0.392 1.5853685217710536 8.694594132899619 18.045292063313937 0.060626984545761875 1.0
human.pedestrian.adult 0 0 0 0 0 0 0 0.608 2.0 0.614 1.2179499658117863 2.2385172059722054 18.103698555518662 0.058881805932584186 1.0
movable_object.trafficcone 0 0 0 0 0 0 0 0.543 1.147 0.577 1.4879492489797213 2.6806333487749554 16.817310315770797 0.060626984545761875 1.0
movable_object.barrier 0 0 0 0 0 0 0 0.565 1.174 2.434 3.3021801980169876 -42.89521355926413 27.796286164115283 1.3596766616221494 1.0
vehicle.car 0 0 0 0 0 0 0 4.234 1.611 1.865 0.7272952804375346 -4.878080312129492 23.259809080426958 -0.14193874623934732 1.0
vehicle.car 0 0 0 0 0 0 0 4.219 1.566 1.853 0.6234242713246055 0.8440439428306798 22.140502677219267 -0.12356724205385206 1.0
vehicle.car 0 0 0 0 0 0 0 4.439 1.822 1.785 0.512043893879503 17.648263690757446 24.084176537440946 0.06402947532823511 1.0
vehicle.car 0 0 0 0 0 0 0 5.337 1.805 2.029 0.5897686035622093 7.993802579329369 22.886739057891944 0.09231895865427076 1.0
movable_object.trafficcone 0 0 0 0 0 0 0 0.455 0.855 0.407 1.7939987482090052 -0.027050647235712842 16.899152125193165 0.060626984545761875 1.0
movable_object.barrier 0 0 0 0 0 0 0 0.597 1.052 2.441 3.3260925538673334 -43.31209719487998 29.716740858606567 1.3618046232709613 1.0
movable_object.barrier 0 0 0 0 0 0 0 0.478 0.913 2.222 3.6110746379421883 -43.83048712928653 31.725411585147572 1.3247925615139087 1.0
human.pedestrian.adult 0 0 0 0 0 0 0 0.8 1.681 0.771 0.5922573526299726 0.8916072074380413 -7.650298711112748 -1.7504990140260732 1.0
vehicle.car 0 0 0 0 0 0 0 4.441 1.806 1.921 0.4658241934785339 5.607709313435591 22.630874426367836 -0.13946363676491558 1.0
human.pedestrian.adult 0 0 0 0 0 0 0 0.931 1.618 0.678 1.2031765429985803 9.181391238574323 18.578899474496332 -0.6855764066915349 1.0
vehicle.car 0 0 0 0 0 0 0 4.638 1.556 2.138 0.693651247969111 -1.7137499677011008 22.443165002257665 0.05210605832618498 1.0
movable_object.trafficcone 0 0 0 0 0 0 0 0.423 0.907 0.527 1.8093929641346729 -0.7622984885315904 17.50282639993549 0.060626984545761875 1.0
vehicle.motorcycle 0 0 0 0 0 0 0 2.313 1.618 0.95 1.1105996680991381 -7.464994640598764 22.638615066000106 3.058176591255 1.0
movable_object.barrier 0 0 0 0 0 0 0 0.48 1.038 2.26 3.213325509612437 -42.38582056582927 25.31420747426921 1.362205796614261 1.0
movable_object.trafficcone 0 0 0 0 0 0 0 0.455 0.961 0.388 1.6882499632172454 0.8121791524039577 16.540905648770128 0.060626984545761875 1.0
movable_object.trafficcone 0 0 0 0 0 0 0 0.594 1.188 0.574 1.6030404222499732 1.5997988267423735 16.406530864218148 0.060626984545761875 1.0
movable_object.trafficcone 0 0 0 0 0 0 0 0.464 1.023 0.412 1.5610402619184638 6.699528624768628 17.89640366874014 0.060626984545761875 1.0
vehicle.car 0 0 0 0 0 0 0 4.697 1.505 1.934 0.7167378843989659 15.32707051349758 23.371458778375498 0.09231895865427076 1.0
