static_object.bicycle_rack 0 0 0 0 0 0 0 1.671 1.147 4.723 1.20686094577559 -65.60776009477456 19.22987652497528 -2.906782950438009 1.0
human.pedestrian.adult 0 0 0 0 0 0 0 0.476 1.865 0.574 -0.2631593131214611 29.589599042046107 22.40652425703649 -2.3323011958007704 1.0
vehicle.car 0 0 0 0 0 0 0 5.108 2.0 2.023 1.0278414749472222 -45.55238984005075 7.3321773787117985 -0.6571427945261181 1.0
human.pedestrian.adult 0 0 0 0 0 0 0 0.636 1.824 0.723 -0.6690109240386077 38.62783360803131 27.727819343774684 -0.6517568242920255 1.0
human.pedestrian.adult 0 0 0 0 0 0 0 0.468 1.358 0.516 -0.2244231771235069 22.96253299221828 -18.126265396316803 -1.8568011318883215 1.0
human.pedestrian.adult 0 0 0 0 0 0 0 0.687 1.849 0.752 0.7766470014222582 1.3171587139134573 -3.5109252069908385 -0.5525704463797219 1.0
human.pedestrian.adult 0 0 0 0 0 0 0 0.886 1.573 0.576 0.9471716605020433 -3.9378365560743847 -6.4844369444911125 -1.6571725849513363 1.0
vehicle.car 0 0 0 0 0 0 0 5.049 2.001 1.966 0.9492261093346093 -54.52674300696605 22.0662657067953 -2.483934260375465 1.0
human.pedestrian.adult 0 0 0 0 0 0 0 0.603 1.725 0.579 1.2708541830618088 -13.662771844211441 11.048424666385028 -1.334587993228876 1.0
human.pedestrian.adult 0 0 0 0 0 0 0 0.5 1.917 0.507 1.070022203649828 -62.53643652431551 16.8373538638086 2.57001327818975 1.0
human.pedestrian.adult 0 0 0 0 0 0 0 0.519 1.715 0.535 -0.6168416933882934 34.31292146226673 25.445840477591503 -0.6851187313397666 1.0
human.pedestrian.adult 0 0 0 0 0 0 0 0.598 1.642 0.616 0.8194930842519806 4.696856912938591 -4.876571316600608 -2.0759668037325643 1.0
human.pedestrian.adult 0 0 0 0 0 0 0 0.92 1.697 0.666 1.2226377928277674 -5.892745190027608 5.633246647798157 2.7576174163363802 1.0
human.pedestrian.adult 0 0 0 0 0 0 0 0.807 1.711 0.701 1.0393051205446362 -11.34202684509622 -19.74529632801119 -1.0842081830689594 1.0
human.pedestrian.adult 0 0 0 0 0 0 0 0.814 1.688 0.688 1.238488679523995 1.0810153447404545 11.629803889507718 -1.7515307480128959 1.0
human.pedestrian.adult 0 0 0 0 0 0 0 0.639 1.683 0.61 -0.19539232692252062 31.50900472293385 -9.783882333557587 -0.28869245676908406 1.0
human.pedestrian.adult 0 0 0 0 0 0 0 0.686 1.188 0.456 0.43926208745758344 21.0746568432388 23.34371448691545 -0.7025710345418261 1.0
vehicle.truck 0 0 0 0 0 0 0 5.001 2.686 2.034 -1.264814499403248 85.81348468315713 3.8559130999058615 -1.6073789562074259 1.0
