human.pedestrian.adult 0 0 0 0 0 0 0 0.738 1.799 0.444 1.4777873852545447 -20.869629193519128 16.292179122322736 -2.6622129845051496 1.0
vehicle.car 0 0 0 0 0 0 0 4.527 1.568 1.94 0.6948523621309083 20.299132821595343 16.405249420997176 -1.388348225840506 1.0
vehicle.car 0 0 0 0 0 0 0 4.532 1.923 1.809 -0.03294643294914934 -31.620262916554353 -13.3781958649213 -2.8541401597983835 1.0
movable_object.barrier 0 0 0 0 0 0 0 2.168 1.001 0.509 0.740263740091571 -14.898843783610266 -9.949218581718304 -0.28134888402747293 1.0
movable_object.barrier 0 0 0 0 0 0 0 2.021 1.014 0.437 0.2870278729313605 -13.860424888007211 -13.41217590833581 -0.27248712966655475 1.0
human.pedestrian.adult 0 0 0 0 0 0 0 0.588 1.852 0.54 1.6416669582005041 -19.47798422419896 14.664620900649112 2.560167942308545 1.0
movable_object.barrier 0 0 0 0 0 0 0 1.985 1.095 0.63 -0.04723304892514529 -12.10324606637091 -19.421192568731428 -0.27259116020162644 1.0
movable_object.barrier 0 0 0 0 0 0 0 2.058 1.093 0.555 0.2575894391607676 -13.297052649017012 -15.115611876886462 -0.2898323610361597 1.0
movable_object.barrier 0 0 0 0 0 0 0 1.686 1.11 0.569 0.1478200986401143 -12.852025338840951 -17.376981016385674 -0.2899364713209476 1.0
vehicle.car 0 0 0 0 0 0 0 4.713 1.877 2.091 0.8954042283118577 -16.31022444305365 -1.2162673587315769 -1.4565424848174056 1.0
human.pedestrian.construction_worker 0 0 0 0 0 0 0 0.48 2.0 0.739 0.2976000847190399 -13.80998445784122 -11.350915858913917 -0.2693144537461656 1.0
movable_object.barrier 0 0 0 0 0 0 0 2.022 1.073 0.571 0.6196069375349516 -14.419855201559672 -11.740930298000182 -0.2774638335354602 1.0
movable_object.barrier 0 0 0 0 0 0 0 2.018 1.049 0.494 0.9890879913772448 -3.943801226623906 -6.211089896588582 -1.8302369116461739 1.0
human.pedestrian.adult 0 0 0 0 0 0 0 0.553 1.812 0.531 1.5849296533244672 -20.495495842555187 12.961150036576168 -2.249185125028248 1.0
movable_object.barrier 0 0 0 0 0 0 0 2.019 1.016 0.499 0.9395865435075998 -5.956581048721724 -6.140513736201797 -1.3060877609526713 1.0
vehicle.construction 0 0 0 0 0 0 0 7.505 4.435 3.078 -4.675831250323041 2.923112892401145 -43.05766119524469 -2.685126225467992 1.0
movable_object.barrier 0 0 0 0 0 0 0 2.128 1.017 0.503 0.8042445534758298 -9.917163412386993 -7.0458462090306355 -1.2468715026243018 1.0
movable_object.barrier 0 0 0 0 0 0 0 2.012 0.97 0.553 0.8661593853164351 -7.963593106523957 -6.5576960132414595 -1.3166610111116412 1.0
human.pedestrian.construction_worker 0 0 0 0 0 0 0 0.641 1.638 0.574 -0.1353703632849247 -11.501656038271307 -16.123204355909994 -0.17164950591604722 1.0
vehicle.car 0 0 0 0 0 0 0 4.65 2.0 1.785 1.0626000316000177 -21.31115436438605 2.369512819316794 1.8043350836074588 1.0
human.pedestrian.adult 0 0 0 0 0 0 0 0.44 1.603 0.611 1.4035467820205223 -14.787831300224456 10.46253447466631 2.345018471412798 1.0
movable_object.barrier 0 0 0 0 0 0 0 1.895 0.989 0.512 0.7433802609221953 -11.809554118382517 -7.74950731620774 -1.229424486506339 1.0
movable_object.barrier 0 0 0 0 0 0 0 1.954 1.003 0.529 0.8043936866499766 -13.809582540668092 -8.579144388625542 -1.1945309325229339 1.0
movable_object.barrier 0 0 0 0 0 0 0 1.891 1.157 0.651 -0.1291657897555441 -11.445440079901598 -21.776622107084282 -0.2613763532257565 1.0
movable_object.barrier 0 0 0 0 0 0 0 2.027 0.98 0.468 0.46757908597391584 -15.742716523002361 -12.792718516502873 -0.2728359662244948 1.0
human.pedestrian.adult 0 0 0 0 0 0 0 0.604 1.629 0.502 1.4384267682311653 -14.94181328500586 9.673029607724459 -0.03538540270465518 1.0
vehicle.car 0 0 0 0 0 0 0 4.572 1.958 1.769 -0.21186476304125146 47.961187907731265 4.856696894099893 -1.6013096022761761 1.0
vehicle.construction 0 0 0 0 0 0 0 5.792 3.152 2.011 -4.364372126753333 7.015597993360043 -49.33683374525286 -2.7089992912365606 1.0
