movable_object.barrier 0 0 0 0 0 0 0 2.018 1.049 0.494 1.2425725805122003 -23.256908529396085 -6.387746559597826 -1.9814228871242578 1.0
human.pedestrian.adult 0 0 0 0 0 0 0 0.604 1.629 0.502 1.69941771270509 -34.449505806315386 9.45364674155741 -0.03764779657881334 1.0
human.pedestrian.construction_worker 0 0 0 0 0 0 0 0.48 2.0 0.739 0.33004418560437776 -33.20899492842044 -11.403301786573401 -0.2750113948515356 1.0
vehicle.car 0 0 0 0 0 0 0 4.572 1.958 1.769 0.2938312978656249 28.429023905386245 5.0044974829835525 -1.6071474770318321 1.0
movable_object.barrier 0 0 0 0 0 0 0 2.022 1.073 0.571 0.7458178340127594 -33.69271944791608 -11.93920836661118 -0.2831664701469023 1.0
movable_object.barrier 0 0 0 0 0 0 0 2.027 0.98 0.468 0.4392814197396474 -35.06807004899844 -13.04141531216503 -0.2785354175164265 1.0
human.pedestrian.adult 0 0 0 0 0 0 0 0.588 1.852 0.54 1.4215914118061992 -39.427587743437215 15.482082589588906 2.555724033290163 1.0
vehicle.car 0 0 0 0 0 0 0 4.591 2.0 1.997 -0.9394138211329527 74.96577664649148 5.267875139030866 -1.5708875715177921 1.0
human.pedestrian.adult 0 0 0 0 0 0 0 0.738 1.799 0.444 1.4579217597279381 -40.206074669993654 15.77556548687734 -2.6563544228000353 1.0
vehicle.car 0 0 0 0 0 0 0 4.527 1.568 1.94 1.0849100885856349 -0.15983706581074042 16.49343040629886 -1.39418193810371 1.0
vehicle.car 0 0 0 0 0 0 0 4.713 1.877 2.091 1.0899335843024511 -21.204252392940365 -0.4873196155277841 -1.5379153277396282 1.0
vehicle.car 0 0 0 0 0 0 0 4.65 2.0 1.785 0.6867921300776108 -47.623934892985005 -4.39168737032737 2.6652650755015044 1.0
movable_object.barrier 0 0 0 0 0 0 0 2.168 1.001 0.509 0.9644830515335383 -34.137473768931024 -10.126842477342437 -0.28705410004088705 1.0
vehicle.car 0 0 0 0 0 0 0 4.504 1.803 1.934 -0.7915023225186385 70.89324324832488 1.3990272602177332 -1.5518689115719013 1.0
