vehicle.car 0 0 0 0 0 0 0 4.564 1.825 1.724 1.8028713976321828 -36.436857710477824 -3.011430651655268 1.5004799288620028 1.0
movable_object.barrier 0 0 0 0 0 0 0 1.986 1.042 0.454 0.7615641531586235 17.1612523578611 9.80498157348835 -1.3221588683299839 1.0
movable_object.barrier 0 0 0 0 0 0 0 1.997 1.053 0.437 0.24829286728809508 25.888207401371407 13.907661948030533 -0.3227019081348974 1.0
vehicle.construction 0 0 0 0 0 0 0 4.397 2.578 3.142 -1.5141588650572615 7.727017333269018 45.28209345206602 -0.5915154687128226 1.0
human.pedestrian.adult 0 0 0 0 0 0 0 0.655 1.67 0.595 -0.26443651193194195 22.332194856130645 -9.473145937108377 -1.583795763743698 1.0
movable_object.barrier 0 0 0 0 0 0 0 2.211 1.075 0.474 0.5729939210661119 19.232676420046097 10.41401820799437 -1.272392363277774 1.0
movable_object.barrier 0 0 0 0 0 0 0 2.1 1.034 0.454 0.4901391074303785 21.382639638614855 11.116413565793856 -1.245547497496089 1.0
movable_object.barrier 0 0 0 0 0 0 0 2.012 1.019 0.439 0.8294174695753599 15.142489729738456 9.794814039564574 1.9165380758308261 1.0
movable_object.barrier 0 0 0 0 0 0 0 1.973 1.006 0.475 0.23876837941559403 25.242735692828276 15.834077416614996 -0.31939494725480877 1.0
human.pedestrian.adult 0 0 0 0 0 0 0 0.729 1.615 0.581 -0.2238084961089788 22.20031840961012 -8.781829101508743 -1.583795763743698 1.0
human.pedestrian.adult 0 0 0 0 0 0 0 0.719 1.417 0.473 0.21810504255116314 -10.390792483243734 -22.435879569924843 -0.3698125270663244 1.0
human.pedestrian.adult 0 0 0 0 0 0 0 0.566 1.309 0.421 0.2723570147649841 -9.796141309484856 -22.195545000920962 -0.7718457011065976 1.0
movable_object.barrier 0 0 0 0 0 0 0 1.992 1.015 0.444 0.40491437893418036 23.38026852894385 12.016206076418092 -1.2106622850676558 1.0
human.pedestrian.adult 0 0 0 0 0 0 0 0.583 1.741 0.68 -0.5287582618730052 31.842910069068672 -8.92085330552867 -2.16035569225388 1.0
