movable_object.barrier 0 0 0 0 0 0 0 2.1 1.034 0.454 0.9556871943638219 9.077435888951225 10.516718707756018 -1.2674220446336282 1.0
movable_object.barrier 0 0 0 0 0 0 0 2.009 1.013 0.445 0.7438465732600741 9.699678601844623 27.254735691780695 -0.26348875251156656 1.0
human.pedestrian.adult 0 0 0 0 0 0 0 0.729 1.615 0.581 0.20748595547254645 8.177376344244689 -9.392595713441553 -1.562202915470543 1.0
movable_object.barrier 0 0 0 0 0 0 0 2.024 0.987 0.44 0.7715973319407299 11.289299358943543 21.363646425440162 -0.26348875251156656 1.0
human.pedestrian.adult 0 0 0 0 0 0 0 0.655 1.67 0.595 0.15746635312651242 8.229295983031108 -10.114626454123323 -1.562202915470543 1.0
human.pedestrian.adult 0 0 0 0 0 0 0 0.566 1.309 0.421 0.46908701632834243 -22.697991437087193 -22.037272192199534 -0.7504605934825133 1.0
movable_object.barrier 0 0 0 0 0 0 0 1.986 1.027 0.449 0.8178524145398722 12.91157123292123 11.979051685429617 -1.2674220446336282 1.0
movable_object.barrier 0 0 0 0 0 0 0 2.079 0.981 0.451 0.7080623069184513 12.508916989995235 17.300672744178694 -0.2986619187006525 1.0
human.pedestrian.adult 0 0 0 0 0 0 0 0.472 1.81 0.697 -0.1800622457075725 18.522420546567545 -10.942067185830135 -0.6684274837346855 1.0
movable_object.barrier 0 0 0 0 0 0 0 2.013 1.014 0.44 0.7374202239327999 10.764574804356021 23.347125708694964 -0.26348875251156656 1.0
human.pedestrian.construction_worker 0 0 0 0 0 0 0 0.661 1.78 0.702 0.5665570215373501 8.6878695578266 21.283400173381725 -0.2637980846933914 1.0
movable_object.barrier 0 0 0 0 0 0 0 2.013 1.014 0.445 0.7114468521782134 11.85760704110242 19.38852280951548 -0.2986619187006525 1.0
movable_object.barrier 0 0 0 0 0 0 0 2.012 1.019 0.439 1.3357372294975256 2.821373236709441 9.393765876146098 1.8685521251871 1.0
movable_object.barrier 0 0 0 0 0 0 0 1.986 1.042 0.454 1.2491469543159328 4.89195999456394 9.330515560402333 -1.344022124222839 1.0
human.pedestrian.adult 0 0 0 0 0 0 0 0.583 1.741 0.68 -0.2283148620744066 19.15021243632066 -9.667326024584334 -2.1387042274951042 1.0
human.pedestrian.construction_worker 0 0 0 0 0 0 0 0.449 1.683 0.706 0.26688996771569895 8.77877270250121 17.27429924235719 -0.04974876053447552 1.0
movable_object.barrier 0 0 0 0 0 0 0 2.016 1.008 0.445 0.719353856432502 10.215594079630243 25.30677051585901 -0.26348875251156656 1.0
movable_object.barrier 0 0 0 0 0 0 0 1.973 1.006 0.475 0.742563569770904 13.134967813959744 15.277395445172209 -0.2986619187006525 1.0
movable_object.barrier 0 0 0 0 0 0 0 2.211 1.075 0.474 1.075221375295531 6.984703148374054 9.869398650825023 -1.2942628355233694 1.0
movable_object.barrier 0 0 0 0 0 0 0 1.992 1.015 0.444 0.9103237197723582 10.991809285372142 11.359690625585493 -1.232542334768997 1.0
movable_object.barrier 0 0 0 0 0 0 0 1.997 1.053 0.437 0.7557656615941641 13.798659730492743 13.286836542577236 -0.30195602086552853 1.0
human.pedestrian.adult 0 0 0 0 0 0 0 0.719 1.417 0.473 0.40077887031224574 -23.327646563115067 -22.352507690604607 -0.34891296048103726 1.0
vehicle.construction 0 0 0 0 0 0 0 4.397 2.578 3.142 -1.0985152175381534 -4.030805343211609 46.20892374261423 -0.570257583754028 1.0
