vehicle.car 0 0 0 0 0 0 0 4.603 1.582 1.804 1.7659541216278778 -28.796218719964262 2.458314189653667 1.7323460857886896 1.0
human.pedestrian.stroller 0 0 0 0 0 0 0 1.693 1.346 0.432 0.47197302248021256 48.283962634126084 -15.847582601697322 2.0307937297135172 1.0
human.pedestrian.adult 0 0 0 0 0 0 0 0.829 1.687 0.609 1.364943225547123 -8.001602207870098 -12.949978654661253 -1.1520987952301827 1.0
vehicle.car 0 0 0 0 0 0 0 4.008 1.632 1.665 0.6158008207061637 11.232842133120561 4.022094098853732 1.4600059854590146 1.0
human.pedestrian.stroller 0 0 0 0 0 0 0 1.748 1.324 0.425 0.5860374907268644 47.74361029585509 -17.28889715709761 1.9958968180915235 1.0
human.pedestrian.adult 0 0 0 0 0 0 0 0.784 1.712 0.635 0.09424862728722205 45.26400401464023 -4.798019749807336 1.2290081875998036 1.0
human.pedestrian.adult 0 0 0 0 0 0 0 0.745 1.656 0.744 1.5714972406849133 -19.067673881524676 -8.111573219771508 1.9257198098412402 1.0
human.pedestrian.adult 0 0 0 0 0 0 0 0.825 1.67 0.613 -0.23194978802146904 50.27458560986533 -4.944131595464751 0.9998358121193185 1.0
vehicle.truck 0 0 0 0 0 0 0 6.497 3.045 2.155 1.4210555210199052 -51.526321479486 8.590430504343448 1.9131920425393147 1.0
human.pedestrian.adult 0 0 0 0 0 0 0 1.054 1.56 0.614 1.3806347800444172 -8.769879552107275 -11.546422921015616 2.009524036588714 1.0
vehicle.car 0 0 0 0 0 0 0 4.258 1.438 1.755 0.6097898299769421 19.14481447775576 1.6117747246381822 1.4156076291696733 1.0
human.pedestrian.stroller 0 0 0 0 0 0 0 1.753 1.3 0.466 0.6352348946666135 47.4453218230124 -18.454325233992478 1.9585050221049318 1.0
static_object.bicycle_rack 0 0 0 0 0 0 0 2.38 1.38 8.288 0.21944239306269053 50.015986442740854 -8.946973657002859 2.107183775971441 1.0
human.pedestrian.adult 0 0 0 0 0 0 0 0.638 1.835 0.729 0.6501733845976125 47.119456444021274 -24.567559778510816 2.5738216704840378 1.0
vehicle.car 0 0 0 0 0 0 0 4.35 1.537 1.728 0.3638727332974254 19.687785530076734 8.427420124591269 -1.8221893153437003 1.0
human.pedestrian.stroller 0 0 0 0 0 0 0 1.714 1.302 0.44 0.6084751341587584 48.08365707380305 -16.58990521081756 2.007937406611794 1.0
vehicle.car 0 0 0 0 0 0 0 4.419 1.701 1.824 1.7174893566255829 -45.506523076380944 18.94192412444879 -1.1505236722987142 1.0
vehicle.car 0 0 0 0 0 0 0 4.332 1.454 1.785 1.4357709230622935 -14.212576090973966 12.399305474494534 -1.5047251073203878 1.0
human.pedestrian.adult 0 0 0 0 0 0 0 0.632 1.668 0.647 -0.1825738165534318 0.8415064904410068 24.388125388718684 -0.03992013130128669 1.0
