human.pedestrian.construction_worker 0 0 0 0 0 0 0 0.69 1.917 0.783 0.3274220254992662 19.142605455002823 -2.1974204046172248 -0.3904130361753815 1.0
vehicle.car 0 0 0 0 0 0 0 5.597 1.954 2.038 -0.6853227001121498 48.248500956121994 1.836011533407648 -1.5461948227519535 1.0
vehicle.motorcycle 0 0 0 0 0 0 0 2.042 1.21 0.572 1.0084526673481504 -8.127526619329284 -9.927592583381745 -1.5367625536701661 1.0
vehicle.truck 0 0 0 0 0 0 0 10.12 3.329 2.848 -0.5986959118810968 26.91950638786866 -2.7906087781139908 -1.609232818835154 1.0
vehicle.motorcycle 0 0 0 0 0 0 0 1.979 1.32 0.561 1.0002608511130735 -3.635894113871072 -10.048482326775156 -1.5340527521831424 1.0
vehicle.truck 0 0 0 0 0 0 0 6.111 2.237 2.325 2.9321957307452786 -69.97673923648634 -3.0386936681899046 -1.568149542148892 1.0
vehicle.truck 0 0 0 0 0 0 0 11.207 3.591 2.962 -1.6821009911237859 58.20855663674914 -1.954919866311271 -1.6010661249866915 1.0
vehicle.truck 0 0 0 0 0 0 0 6.302 2.847 2.253 0.45792799459986944 2.094734676025377 -3.276962944453628 -1.5620307998251635 1.0
human.pedestrian.construction_worker 0 0 0 0 0 0 0 0.37 1.804 0.546 0.2429230640308192 23.02897962934099 -4.49256325475694 -1.5319587559417078 1.0
vehicle.truck 0 0 0 0 0 0 0 6.595 2.986 2.384 0.6003819598647583 -6.235686014003037 -3.196321795355732 -1.5449579087797236 1.0
human.pedestrian.construction_worker 0 0 0 0 0 0 0 0.491 1.906 0.488 0.8127949287771847 3.7897204722392273 -4.804848610876646 -0.11975704561002232 1.0
vehicle.truck 0 0 0 0 0 0 0 5.064 1.976 1.917 0.5004153780667502 16.85562663277494 3.472410912683997 -1.8703283050996928 1.0
movable_object.trafficcone 0 0 0 0 0 0 0 0.351 0.815 0.346 0.7129096106700014 22.472359021603186 -5.036507318994946 -1.3749118052342233 1.0
vehicle.car 0 0 0 0 0 0 0 4.52 1.852 2.015 1.6024817503284357 -19.35344828756278 2.18619898438348 -1.6282567940038355 1.0
movable_object.pushable_pullable 0 0 0 0 0 0 0 0.866 1.19 1.332 0.2866286251165351 22.57842975752703 -6.993656143263658 -1.438839406114738 1.0
vehicle.construction 0 0 0 0 0 0 0 3.708 2.096 2.596 -0.7028315175343909 -1.5137308339979203 -22.715239385999595 -0.951318439478225 1.0
human.pedestrian.construction_worker 0 0 0 0 0 0 0 0.637 0.904 0.655 1.2393938569655556 5.667812980633713 10.660952593211773 -2.8372378639987197 1.0
