human.pedestrian.adult 0 0 0 0 0 0 0 0.784 1.712 0.635 0.6160483624593461 6.568078762713965 -11.09049676526374 1.4434265517365095 1.0
static_object.bicycle_rack 0 0 0 0 0 0 0 2.38 1.38 8.288 0.8091871086001823 4.895313469429482 -16.963917378358214 2.3741116803150994 1.0
human.pedestrian.stroller 0 0 0 0 0 0 0 1.714 1.302 0.44 1.480516260657632 0.6060338735503068 -24.555603931290502 2.402416759863158 1.0
human.pedestrian.adult 0 0 0 0 0 0 0 0.825 1.67 0.613 0.37610630102776055 11.218431218973 -11.875551438341706 1.283954657964303 1.0
vehicle.truck 0 0 0 0 0 0 0 6.497 3.045 2.155 1.1013219463405617 -40.415129597245596 4.301647846628977 1.7961934270145807 1.0
vehicle.car 0 0 0 0 0 0 0 4.258 1.438 1.755 0.4638747714107465 19.271186337445805 1.2709421130779084 1.4311604852035709 1.0
human.pedestrian.stroller 0 0 0 0 0 0 0 1.748 1.324 0.425 1.4358015333431788 0.2058109855198106 -24.879937452619604 2.402416759863158 1.0
vehicle.car 0 0 0 0 0 0 0 4.456 1.49 1.781 0.8744934102870475 0.9903600160199042 12.062550674328884 -1.586480574784411 1.0
vehicle.car 0 0 0 0 0 0 0 4.35 1.537 1.728 1.2701515503154244 -19.858734532452388 7.666021117383292 -1.5585798423178883 1.0
human.pedestrian.adult 0 0 0 0 0 0 0 0.624 1.762 0.546 0.34365275974069764 16.205891059487417 -9.507382502874087 1.394792979275823 1.0
vehicle.car 0 0 0 0 0 0 0 4.603 1.582 1.804 1.352255361605648 -21.581170100540856 1.2421951018411936 1.682800820480848 1.0
human.pedestrian.adult 0 0 0 0 0 0 0 0.638 1.835 0.729 1.4841622256349745 -0.31410204714108164 -36.227439630716376 2.81607286996387 1.0
human.pedestrian.adult 0 0 0 0 0 0 0 0.829 1.687 0.609 1.9971356344532714 -55.01064369603995 -1.7136608759623957 -0.7342285084058169 1.0
human.pedestrian.adult 0 0 0 0 0 0 0 0.766 1.821 0.59 -1.6548461713453486 64.24642003716018 -3.631221207621028 -0.33191725193212207 1.0
vehicle.car 0 0 0 0 0 0 0 4.243 1.439 1.753 -0.2754192300223781 38.632509184397385 5.41431211774297 1.3193900183645688 1.0
vehicle.car 0 0 0 0 0 0 0 4.232 1.481 1.817 2.4579763162540735 -57.99995917756616 13.230517850816339 1.9710917808842243 1.0
vehicle.car 0 0 0 0 0 0 0 4.008 1.632 1.665 0.3007840616083962 22.129315641279682 5.093124251980011 1.417114767620685 1.0
human.pedestrian.stroller 0 0 0 0 0 0 0 1.693 1.346 0.432 1.3860817152259033 1.0450406305571467 -23.708710086743583 2.402416759863158 1.0
human.pedestrian.stroller 0 0 0 0 0 0 0 1.731 1.307 0.447 1.4975141812828794 -0.15380987354780537 -25.240954608455322 2.4184190969641666 1.0
human.pedestrian.adult 0 0 0 0 0 0 0 0.465 1.725 0.477 1.8380009559938544 -45.25915091500711 -12.413279359608183 -0.6225694087207927 1.0
