vehicle.car 0 0 0 0 0 0 0 4.893 1.755 2.3 1.7353907901756513 -22.722010489450522 14.309084827763048 -1.5413066155544195 1.0
vehicle.car 0 0 0 0 0 0 0 4.603 1.582 1.804 1.3936919374606147 -19.456213128993294 -0.05241702595978171 -1.6109071171136469 1.0
vehicle.truck 0 0 0 0 0 0 0 6.497 3.045 2.155 1.0156824523460686 -35.44445184698776 0.981669781607756 1.6887820593026381 1.0
vehicle.car 0 0 0 0 0 0 0 4.586 1.467 1.832 1.1118917516221278 -1.5643201979155845 10.344659967028043 -1.5611676554289904 1.0
human.pedestrian.adult 0 0 0 0 0 0 0 0.706 1.696 0.615 0.3352687686689042 13.35773836887332 -13.165745683910158 -1.5714297811336424 1.0
human.pedestrian.adult 0 0 0 0 0 0 0 0.652 1.849 0.687 0.639369489590342 -22.571470104431718 -18.367671695814167 -1.4118433231946383 1.0
human.pedestrian.adult 0 0 0 0 0 0 0 0.641 1.725 0.589 0.7560504249244044 -6.758428999740892 -16.72837746331986 -0.017457898385629278 1.0
vehicle.car 0 0 0 0 0 0 0 4.269 1.447 1.796 1.6911075957034427 -24.12195247047644 8.016338412369441 -1.5463678632463118 1.0
human.pedestrian.adult 0 0 0 0 0 0 0 0.825 1.67 0.613 1.8487744050624717 -66.58007377609484 -3.5021717506083596 1.9094879794249913 1.0
vehicle.car 0 0 0 0 0 0 0 4.696 1.94 1.741 0.2615758975498447 15.350061355781735 -5.945670097284864 -0.8716503708731604 1.0
vehicle.bicycle 0 0 0 0 0 0 0 1.625 1.128 0.509 1.2134690674548105 -11.611706562249532 -4.089445938593775 -0.7143825003408608 1.0
human.pedestrian.adult 0 0 0 0 0 0 0 0.654 1.849 0.443 0.7765503634208658 -22.634994354980908 -17.397491260303728 -1.398753978051582 1.0
vehicle.car 0 0 0 0 0 0 0 4.26 1.459 1.759 1.4325237785607219 -13.946283196212594 10.299081330508416 -1.563820449464946 1.0
vehicle.car 0 0 0 0 0 0 0 4.258 1.438 1.755 0.22101292153654606 35.32845737952231 -0.04512326130748172 -1.5752913216387254 1.0
human.pedestrian.adult 0 0 0 0 0 0 0 0.784 1.712 0.635 2.020688690727305 -72.26705934137301 -0.8600991439789413 1.9281375151484639 1.0
human.pedestrian.adult 0 0 0 0 0 0 0 0.766 1.821 0.59 0.8286023878783 -24.56421770202889 -16.231601958545212 -0.11289662851716642 1.0
human.pedestrian.adult 0 0 0 0 0 0 0 0.68 2.0 0.723 0.8544816170930516 -17.24417047704728 -26.774483722538175 -3.1283635565159855 1.0
vehicle.car 0 0 0 0 0 0 0 4.008 1.632 1.665 0.2348943984517199 27.162555468688772 2.9325031906241783 -1.5702176018989027 1.0
