vehicle.car 0 0 0 0 0 0 0 4.258 1.438 1.755 0.2964178476984033 36.10456624231567 0.23308192592301738 -1.567214034056292 1.0
human.pedestrian.adult 0 0 0 0 0 0 0 0.654 1.849 0.443 0.753531788987569 -28.183920705624725 -17.509533433408173 -1.3691901554056294 1.0
human.pedestrian.adult 0 0 0 0 0 0 0 0.706 1.696 0.615 0.4279193849630444 7.1719954723490895 -13.148425686695603 -1.5791432184156315 1.0
human.pedestrian.adult 0 0 0 0 0 0 0 0.766 1.821 0.59 0.7954341267055303 -30.821238239090743 -16.4871971767068 -0.10491984472774973 1.0
vehicle.car 0 0 0 0 0 0 0 4.269 1.447 1.796 1.832500096948577 -34.00392380351369 7.71980703222779 -1.5133575658225737 1.0
vehicle.car 0 0 0 0 0 0 0 4.696 1.94 1.741 0.42139583857887836 9.080007873754472 -5.896961343583537 -0.8603973022642588 1.0
vehicle.car 0 0 0 0 0 0 0 4.586 1.467 1.832 1.4253090353216953 -12.392873147367556 10.25441054694457 -1.5688809284573226 1.0
vehicle.car 0 0 0 0 0 0 0 4.008 1.632 1.665 0.31916014506060064 27.078607468411757 3.123493661246964 -1.5677708637637489 1.0
vehicle.car 0 0 0 0 0 0 0 4.26 1.459 1.759 1.7241413552708345 -24.78470691145069 10.06577277797117 -1.5366280351394197 1.0
human.pedestrian.adult 0 0 0 0 0 0 0 0.641 1.725 0.589 0.7883645889037436 -12.931783906789022 -16.86559341628436 -0.022090009272467626 1.0
human.pedestrian.adult 0 0 0 0 0 0 0 0.652 1.849 0.687 0.7511468632446243 -28.21321331344198 -18.54886170457972 -1.4040957111729213 1.0
vehicle.car 0 0 0 0 0 0 0 4.603 1.582 1.804 1.3441427998299933 -19.83906319678356 -0.29110659495952346 -1.582219350069363 1.0
vehicle.bicycle 0 0 0 0 0 0 0 1.625 1.128 0.509 1.3033544430501478 -17.88154567301335 -4.259201787124602 -0.7066117108820009 1.0
vehicle.truck 0 0 0 0 0 0 0 6.497 3.045 2.155 0.9202233860707361 -35.946362121447834 0.06108608262985738 1.6570539063173797 1.0
human.pedestrian.adult 0 0 0 0 0 0 0 0.825 1.67 0.613 1.8056041726666883 -72.21472437939555 -4.31058144693 1.9061108538303726 1.0
vehicle.car 0 0 0 0 0 0 0 4.232 1.481 1.817 2.1820554885308425 -50.12059139579709 4.801775718472017 1.7340421729026962 1.0
vehicle.car 0 0 0 0 0 0 0 4.244 1.442 1.714 0.49084923234407596 21.821666222243046 10.041775643909766 -1.6257773268677358 1.0
human.pedestrian.adult 0 0 0 0 0 0 0 0.624 1.762 0.546 2.011372758915134 -65.52936723607483 -6.372003566527424 2.2191479657701842 1.0
