vehicle.truck 0 0 0 0 0 0 0 10.12 3.329 2.848 -0.38137795238765326 38.58017804088198 -5.986755327901912 -1.6872735513945791 1.0
human.pedestrian.construction_worker 0 0 0 0 0 0 0 0.637 0.904 0.655 1.1989111154756014 18.667934384200063 9.344457866719155 -2.932836861697016 1.0
vehicle.truck 0 0 0 0 0 0 0 11.207 3.591 2.962 -1.2582757871233976 69.67543968547352 -8.114677892712237 -1.679105815288306 1.0
vehicle.motorcycle 0 0 0 0 0 0 0 2.042 1.21 0.572 0.6478879595402214 2.851991389297214 -9.809706971863845 -1.6322461062455131 1.0
vehicle.car 0 0 0 0 0 0 0 5.597 1.954 2.038 -0.10991827641179519 48.07495993732982 -2.567220215755194 -1.6347941547944655 1.0
vehicle.motorcycle 0 0 0 0 0 0 0 1.979 1.32 0.561 0.5486288257803709 7.563789754633689 -10.425840714470368 -1.3161395589077465 1.0
vehicle.car 0 0 0 0 0 0 0 4.52 1.852 2.015 1.1501509198645266 -7.008988851531481 3.399496925747547 -1.552584919640669 1.0
human.pedestrian.construction_worker 0 0 0 0 0 0 0 0.69 1.917 0.783 0.28462985053803225 31.053869832047557 -5.102746079039271 -0.29423598986649147 1.0
vehicle.truck 0 0 0 0 0 0 0 6.111 2.237 2.325 1.8489476735716945 -57.75337360579414 3.140908433401519 -1.6747129207149074 1.0
vehicle.car 0 0 0 0 0 0 0 4.654 1.861 1.941 2.6904692066091265 -74.25663472455199 14.532244525165506 -1.351155097052132 1.0
movable_object.trafficcone 0 0 0 0 0 0 0 0.295 0.71 0.299 1.309213035073043 -11.174968418733593 -17.2286479130197 -0.4581960937857694 1.0
vehicle.truck 0 0 0 0 0 0 0 5.064 1.976 1.917 0.4962529833544489 29.076163968570324 1.2693156098668767 -1.7746166658090932 1.0
movable_object.trafficcone 0 0 0 0 0 0 0 0.3 0.719 0.303 1.3128464389807397 -9.772469112571567 -16.31346951806559 -0.5803173452404842 1.0
vehicle.truck 0 0 0 0 0 0 0 6.595 2.986 2.384 0.2870085421670202 5.441747243441467 -3.2628102518871045 -1.6229901999754057 1.0
vehicle.truck 0 0 0 0 0 0 0 6.302 2.847 2.253 0.19403017817127655 13.748142294536342 -4.125587905152836 -1.6575177880107006 1.0
