human.pedestrian.stroller 0 0 0 0 0 0 0 1.731 1.307 0.447 1.319853263227127 5.059198815327757 -25.127605432584645 2.3904279550884056 1.0
vehicle.car 0 0 0 0 0 0 0 4.258 1.438 1.755 0.5461918677756812 18.656554676630755 1.1851699555471091 1.4310524198582222 1.0
vehicle.truck 0 0 0 0 0 0 0 6.497 3.045 2.155 1.0158464414556945 -41.49587556379805 4.651787146955822 1.8030833481611435 1.0
vehicle.car 0 0 0 0 0 0 0 4.35 1.537 1.728 1.1869026910692468 -15.588463370915354 7.234784287399711 -1.5899884279320844 1.0
human.pedestrian.adult 0 0 0 0 0 0 0 0.465 1.725 0.477 1.6958857119956272 -40.38822692595222 -13.558297973262682 -0.6503589058348869 1.0
human.pedestrian.adult 0 0 0 0 0 0 0 0.652 1.849 0.687 -1.545205932892475 63.83322994437785 -7.07394991232568 -1.1684366810422482 1.0
human.pedestrian.adult 0 0 0 0 0 0 0 0.784 1.712 0.635 0.493889028367441 10.814390834973624 -10.896092796897047 1.397951515900428 1.0
static_object.bicycle_rack 0 0 0 0 0 0 0 2.38 1.38 8.288 0.6382777055188188 9.941005502383401 -16.770031847544992 2.3461193092893673 1.0
human.pedestrian.adult 0 0 0 0 0 0 0 0.829 1.687 0.609 1.8042803645027528 -50.07132304497594 -3.4859934132797337 -0.7568192834375864 1.0
human.pedestrian.adult 0 0 0 0 0 0 0 0.638 1.835 0.729 0.9174183157771836 5.03604025914966 -35.53259826268052 2.7706407204427332 1.0
vehicle.car 0 0 0 0 0 0 0 4.603 1.582 1.804 1.37737330206978 -22.33786660796244 1.3859657836262838 1.687359046199834 1.0
vehicle.car 0 0 0 0 0 0 0 4.008 1.632 1.665 0.39165381968922197 21.168577700837528 4.9297810591931714 1.423985516873148 1.0
human.pedestrian.stroller 0 0 0 0 0 0 0 1.748 1.324 0.425 1.150571994422451 5.408659559040018 -24.75522519595026 2.3744251760717763 1.0
vehicle.car 0 0 0 0 0 0 0 4.243 1.439 1.753 -0.11171064346552961 37.48247364845835 5.0130470632777175 1.3262543824797017 1.0
vehicle.car 0 0 0 0 0 0 0 4.232 1.481 1.817 2.581476080730922 -59.512109152881536 13.930789684739649 1.9828360228719433 1.0
vehicle.car 0 0 0 0 0 0 0 4.456 1.49 1.781 0.5505276738522298 14.537786093794342 12.792531135497843 -1.666750660339889 1.0
human.pedestrian.adult 0 0 0 0 0 0 0 0.825 1.67 0.613 0.2598207586890144 15.479287718388388 -11.636923487566618 1.2419615069374448 1.0
human.pedestrian.adult 0 0 0 0 0 0 0 0.624 1.762 0.546 0.23581833000050717 20.252730565609724 -9.072141963200915 1.3609482159821589 1.0
human.pedestrian.adult 0 0 0 0 0 0 0 1.054 1.56 0.614 1.802116301915822 -43.57839432324084 -8.534763058579385 2.126287931949655 1.0
vehicle.bicycle 0 0 0 0 0 0 0 1.756 1.076 0.588 0.29145636432743793 32.73764864765143 0.11795563659877144 1.462251648156994 1.0
