vehicle.truck 0 0 0 0 0 0 0 9.99 2.738 2.707 0.2960103071768433 8.209374612752693 -2.957023858441774 -1.1819798531741128 1.0
vehicle.truck 0 0 0 0 0 0 0 10.12 3.329 2.848 1.1413264074124974 -55.122084365772444 9.59543810493748 -1.9077703782857576 1.0
vehicle.truck 0 0 0 0 0 0 0 7.777 3.197 2.731 0.19835325037667406 -4.151278079734524 -14.70504829299951 -0.4178423428974014 1.0
vehicle.car 0 0 0 0 0 0 0 4.52 1.852 2.015 2.1607698415237815 -101.13619105219111 27.794809246147995 -1.3505305584596954 1.0
vehicle.truck 0 0 0 0 0 0 0 4.804 2.04 1.898 0.9115763441075342 -2.564982342925808 -4.97129137935338 -1.5738217536680414 1.0
vehicle.truck 0 0 0 0 0 0 0 4.796 2.001 1.894 1.095630372953816 -15.401382714016552 -3.1035851316992997 -1.848564958364479 1.0
human.pedestrian.construction_worker 0 0 0 0 0 0 0 0.916 1.393 0.58 0.9192640312849104 1.4941539616495545 -10.114000622577747 2.484672627900423 1.0
vehicle.truck 0 0 0 0 0 0 0 11.207 3.591 2.962 0.4791485696122829 -24.84776141565129 1.6160649201001351 -1.8996038177363506 1.0
vehicle.truck 0 0 0 0 0 0 0 7.876 3.066 2.634 -0.22873318486102612 17.543588043517463 0.31750708453229853 -1.108557730327341 1.0
vehicle.truck 0 0 0 0 0 0 0 6.595 2.986 2.384 1.5746384256550316 -87.28458132758547 18.552263763406575 -1.826046714375087 1.0
human.pedestrian.construction_worker 0 0 0 0 0 0 0 0.509 1.887 0.708 0.8197024934860611 -4.607046121523997 -8.828844194248992 -1.4846956181757047 1.0
vehicle.car 0 0 0 0 0 0 0 5.597 1.954 2.038 -0.8521952933017207 33.78288912483302 23.673807998626597 -0.438069313946448 1.0
