vehicle.motorcycle 0 0 0 0 0 0 0 1.887 1.634 0.869 1.384039552066286 -33.5573588917438 15.380133341656245 -2.3481765963424763 1.0
vehicle.truck 0 0 0 0 0 0 0 6.111 2.237 2.325 1.3534121872207223 -38.74154229971705 20.54147825911892 -2.087292942029304 1.0
vehicle.car 0 0 0 0 0 0 0 4.52 1.852 2.015 0.812968088441371 8.47755053734625 2.5114434055504216 -1.1886991597261574 1.0
movable_object.trafficcone 0 0 0 0 0 0 0 0.295 0.71 0.299 1.232694942764109 -2.6538800256365858 -15.362195535338325 -0.09069147191387117 1.0
vehicle.motorcycle 0 0 0 0 0 0 0 1.979 1.32 0.561 0.37370662204266814 17.20514939008192 -15.649151508434723 -0.9487555956009945 1.0
vehicle.car 0 0 0 0 0 0 0 4.654 1.861 1.941 1.4547615734184576 -39.121069589910064 28.562232858152587 -0.9599743308181914 1.0
movable_object.trafficcone 0 0 0 0 0 0 0 0.3 0.719 0.303 1.1869536948471313 -0.9075291402847157 -14.879864400670453 -0.2128364651513035 1.0
movable_object.trafficcone 0 0 0 0 0 0 0 0.303 0.709 0.306 1.1696173095866054 0.414575293598606 -14.522121035040641 -0.4170122798417708 1.0
human.pedestrian.construction_worker 0 0 0 0 0 0 0 0.637 0.904 0.655 0.7769804284279842 34.63617514547498 -1.212115443095448 2.9830374261212773 1.0
human.pedestrian.construction_worker 0 0 0 0 0 0 0 0.491 1.906 0.488 0.2924241318884264 26.074785983098433 -14.191967283768687 -0.5796060505162437 1.0
vehicle.truck 0 0 0 0 0 0 0 6.595 2.986 2.384 0.09558454808742173 17.930796935950774 -8.286626347109106 -2.0077095568271046 1.0
vehicle.truck 0 0 0 0 0 0 0 5.064 1.976 1.917 0.23319043484609137 43.69967433154933 -12.84849563398425 -1.2327250041886089 1.0
vehicle.car 0 0 0 0 0 0 0 5.597 1.954 2.038 0.01081198540819106 43.75806996854514 -16.624161373268638 -2.0260590829044363 1.0
