vehicle.car 0 0 0 0 0 0 0 4.895 1.627 2.02 2.053820429264892 -40.426992389497904 -34.847970080558966 2.981192364892154 1.0
vehicle.truck 0 0 0 0 0 0 0 4.727 2.14 2.191 1.5872922234085387 -38.425839819600355 21.783577636461196 -1.2742494598962093 1.0
human.pedestrian.adult 0 0 0 0 0 0 0 0.756 1.849 0.79 1.6012788816120422 -29.113972798460193 21.175378693683736 -1.5299250708526921 1.0
vehicle.truck 0 0 0 0 0 0 0 4.764 1.978 2.37 0.9093584223015398 7.144095825176919 11.542775319641693 -1.1052201827289938 1.0
vehicle.car 0 0 0 0 0 0 0 4.819 1.852 2.246 1.9805324787867413 -44.16441657321366 27.785458337078207 -1.1771106770489403 1.0
human.pedestrian.adult 0 0 0 0 0 0 0 0.631 1.864 0.544 0.4111050875121032 25.218952754521997 13.279932652203904 -1.393237315263221 1.0
vehicle.car 0 0 0 0 0 0 0 4.385 1.704 2.019 0.019558073599310166 32.54420847232827 -15.741177140577006 -1.95712125429311 1.0
movable_object.pushable_pullable 0 0 0 0 0 0 0 0.757 1.308 1.177 1.7706663302730345 -18.932874895463122 24.357602190206574 -1.366228949571843 1.0
vehicle.car 0 0 0 0 0 0 0 4.515 1.731 2.023 1.7105733688674316 -25.59529042763999 24.354583482358766 -1.1556704764423067 1.0
human.pedestrian.adult 0 0 0 0 0 0 0 0.589 1.849 0.594 0.3742286362383054 23.451554368084924 13.03296489932728 -0.3486605808747605 1.0
human.pedestrian.construction_worker 0 0 0 0 0 0 0 0.594 1.773 0.458 1.4099316697595021 -17.090876605997607 20.937794621598343 -1.1929735872994307 1.0
