vehicle.car 0 0 0 0 0 0 0 4.526 2.051 1.882 1.7443363419116444 -23.59437860178191 11.402498382880852 1.7710585721091352 1.0
vehicle.car 0 0 0 0 0 0 0 4.497 1.995 1.935 1.348221109633768 -1.0374139402455274 14.017752668980458 1.6241255493838525 1.0
human.pedestrian.adult 0 0 0 0 0 0 0 0.707 1.78 0.512 -0.40503057032192546 72.33380565536396 15.234541311097638 -2.657610762353336 1.0
human.pedestrian.adult 0 0 0 0 0 0 0 0.616 1.64 0.767 0.6299946954036723 12.69102670626189 6.367924485731819 -0.0524653006675031 1.0
human.pedestrian.adult 0 0 0 0 0 0 0 0.46 1.697 0.614 -3.527649982158006 65.99268624247473 -32.43025337638949 2.9306313708948437 1.0
human.pedestrian.adult 0 0 0 0 0 0 0 1.054 1.658 0.752 0.8145030566513688 7.4614340702019835 7.718718891072033 -1.5535505525749667 1.0
human.pedestrian.adult 0 0 0 0 0 0 0 0.868 1.572 0.653 1.215632196200298 -3.102660409166647 -1.7445053609669805 -0.15877562604237738 1.0
human.pedestrian.adult 0 0 0 0 0 0 0 0.45 1.752 0.597 -3.5662709074175556 66.58232166363628 -33.200517937591435 1.3421019451306435 1.0
vehicle.bus.rigid 0 0 0 0 0 0 0 11.961 3.417 2.821 0.35390219078000074 9.24462985957052 12.483151031331426 1.5985958339671527 1.0
human.pedestrian.adult 0 0 0 0 0 0 0 0.728 1.753 0.526 -1.5903966660982878 -12.366091808957128 -43.30933315713763 -0.8071498946543549 1.0
vehicle.truck 0 0 0 0 0 0 0 9.628 3.509 2.602 -0.02312706140659715 21.051618102150684 9.16603321874637 1.5267886754703728 1.0
vehicle.car 0 0 0 0 0 0 0 4.502 1.638 1.764 1.370285806207684 -21.841037684582613 -5.615251845184456 -1.3815657919905533 1.0
human.pedestrian.adult 0 0 0 0 0 0 0 0.526 1.78 0.655 -1.8436933779091476 -5.783738953938253 -49.35948304518278 -0.193803606018621 1.0
vehicle.bicycle 0 0 0 0 0 0 0 1.593 1.135 0.401 -0.20028837161990376 37.01184072431224 -8.774705554258711 -0.028983310164829135 1.0
human.pedestrian.adult 0 0 0 0 0 0 0 0.782 1.917 0.608 -0.8682238747569839 13.506965873136961 -21.144061454799296 -1.8522063961697022 1.0
vehicle.motorcycle 0 0 0 0 0 0 0 2.086 1.332 0.662 1.8445350788399897 -11.902140609922743 15.107300665708719 -1.5419288181021136 1.0
human.pedestrian.adult 0 0 0 0 0 0 0 0.672 1.679 0.55 0.5428147533998289 28.85218618839869 8.634615874221284 -2.617262653135594 1.0
human.pedestrian.adult 0 0 0 0 0 0 0 0.513 1.766 0.593 -1.7207171693665633 -6.2957276881126685 -48.98481067068597 -0.035740277369512796 1.0
human.pedestrian.adult 0 0 0 0 0 0 0 0.724 1.757 0.684 0.9592807277588563 -2.0018666026194185 -4.57692886745321 -0.10219885649978977 1.0
