human.pedestrian.adult 0 0 0 0 0 0 0 0.589 1.849 0.594 -1.316713607628442 43.51083439396069 -21.356402330163334 -1.2850042017022822 1.0
vehicle.car 0 0 0 0 0 0 0 4.515 1.731 2.023 0.6164228579716222 23.63146132649811 24.86678058544736 -0.22089192673609404 1.0
human.pedestrian.adult 0 0 0 0 0 0 0 0.756 1.849 0.79 0.7369736677199747 16.832699431081465 28.043876459307796 -2.5108549868017915 1.0
vehicle.truck 0 0 0 0 0 0 0 4.764 1.978 2.37 -0.4876354509836261 32.81025772029567 -9.125245464960955 -0.17134703092978398 1.0
vehicle.car 0 0 0 0 0 0 0 4.385 1.704 2.019 -0.2607689518424955 22.42557966406332 -18.02737606723672 -2.8037266169731687 1.0
vehicle.car 0 0 0 0 0 0 0 4.895 1.627 2.02 1.631829979781057 -7.811428520510672 15.055964745474926 2.043904553570262 1.0
vehicle.truck 0 0 0 0 0 0 0 4.727 2.14 2.191 0.5443831589831759 14.425325699850202 33.79033324711389 -0.33841662187465005 1.0
human.pedestrian.adult 0 0 0 0 0 0 0 0.631 1.864 0.544 -1.3079826163960466 44.79418247948215 -22.561774663171267 -0.4569099633833922 1.0
human.pedestrian.construction_worker 0 0 0 0 0 0 0 0.594 1.773 0.458 0.23239590695473233 27.12049047656248 12.97626537832144 -0.36169308913749276 1.0
vehicle.car 0 0 0 0 0 0 0 4.508 1.798 2.015 0.8561960086701804 20.020095119842793 35.05460571928388 -0.341938294975737 1.0
movable_object.pushable_pullable 0 0 0 0 0 0 0 0.757 1.308 1.177 0.5993121648809034 27.76879301925581 19.64307790551954 -0.4498630174394087 1.0
