human.pedestrian.adult 0 0 0 0 0 0 0 0.488 1.725 0.603 1.6854983240706987 -9.714029405840511 41.915467080722486 -0.1804439692436688 1.0
movable_object.barrier 0 0 0 0 0 0 0 2.011 1.001 0.427 1.9443403059311017 -4.417446960728083 38.74483477303464 -0.04440965376646133 1.0
human.pedestrian.adult 0 0 0 0 0 0 0 0.616 1.64 0.767 -0.6300076526011362 55.91453395202661 -4.289035163695373 -0.2615819216663944 1.0
vehicle.motorcycle 0 0 0 0 0 0 0 2.086 1.332 0.662 0.6881302186419183 35.2598188616683 11.195942688679025 -1.8339327501701232 1.0
human.pedestrian.adult 0 0 0 0 0 0 0 0.868 1.572 0.653 -0.2571285947955497 37.31984864870053 -12.476578365322899 -0.5406224061075235 1.0
vehicle.car 0 0 0 0 0 0 0 4.497 1.995 1.935 0.08678144195321114 45.07414665628236 6.973838167395227 1.3310251829713913 1.0
human.pedestrian.adult 0 0 0 0 0 0 0 0.519 1.807 0.604 1.7290860957782865 -10.526498922226851 43.44905189777715 -1.7505628950846184 1.0
vehicle.car 0 0 0 0 0 0 0 4.502 1.638 1.764 0.5450284485248535 19.259549997503402 -5.323120969949559 -1.7357924258509536 1.0
vehicle.bus.rigid 0 0 0 0 0 0 0 11.961 3.417 2.821 -0.8676419840836325 54.22153116851645 2.442801695552482 1.2924044819070435 1.0
vehicle.car 0 0 0 0 0 0 0 4.277 1.466 1.698 -0.3616209648178209 51.336522272917875 -11.243629519354371 -1.853025657222978 1.0
vehicle.truck 0 0 0 0 0 0 0 9.628 3.509 2.602 -1.3974328904533577 64.61024922242409 -3.961573043010376 1.2275716818639637 1.0
movable_object.barrier 0 0 0 0 0 0 0 2.0 0.965 0.451 1.7751006616428404 -1.7956518598128264 37.61775030786898 -0.01965574866989428 1.0
human.pedestrian.adult 0 0 0 0 0 0 0 0.724 1.757 0.684 -0.27568048646697574 36.3597667899628 -13.036910991392626 -1.0089666277119207 1.0
vehicle.car 0 0 0 0 0 0 0 4.526 2.051 1.882 0.7447780334917696 22.61246541335484 11.448663440704289 1.4385287288507378 1.0
human.pedestrian.adult 0 0 0 0 0 0 0 0.672 1.679 0.55 -0.8025576831465514 68.12369852917774 -1.5904546451644688 -2.098686512987526 1.0
