human.pedestrian.adult 0 0 0 0 0 0 0 0.616 1.127 0.562 1.3569226409031605 11.702311198954893 36.320342333374676 1.7062939753454849 1.0
movable_object.barrier 0 0 0 0 0 0 0 2.004 1.004 0.443 1.7658722721186 7.194150588969621 42.33385462767557 -0.0821858360551957 1.0
vehicle.truck 0 0 0 0 0 0 0 9.628 3.509 2.602 -2.600497094471572 81.14879082934459 5.850125974052143 1.3541914162143254 1.0
movable_object.barrier 0 0 0 0 0 0 0 2.011 1.001 0.427 1.9593560723541295 7.4145945834347495 40.17549449453024 -0.0821858360551957 1.0
human.pedestrian.adult 0 0 0 0 0 0 0 0.491 1.62 0.492 1.1281233021023138 10.929662742921044 40.87124798235855 -3.006228147851849 1.0
vehicle.car 0 0 0 0 0 0 0 4.526 2.051 1.882 0.06639756926127527 37.24612750804212 16.39897743517886 1.5646968138095918 1.0
human.pedestrian.adult 0 0 0 0 0 0 0 0.488 1.725 0.603 1.5249954880318222 1.6945757173308997 42.839503326010465 -0.06428266726987708 1.0
movable_object.barrier 0 0 0 0 0 0 0 2.0 0.965 0.451 1.642971623459705 10.41311364563137 39.74216285001261 -0.13316786711124884 1.0
human.pedestrian.adult 0 0 0 0 0 0 0 0.519 1.807 0.604 1.6633370171127388 0.9350198416307837 44.087656158407626 -1.6306484396927274 1.0
vehicle.car 0 0 0 0 0 0 0 4.502 1.638 1.764 -0.06943396830232973 36.02585236823025 -0.6789151566065406 -1.5955197329859914 1.0
