vehicle.car 0 0 0 0 0 0 0 4.385 1.704 2.019 0.4347844094772998 29.637266661184057 -18.338962372582333 -2.205640777377888 1.0
movable_object.pushable_pullable 0 0 0 0 0 0 0 0.757 1.308 1.177 1.2587344831151235 -10.967998896385064 26.68785190819294 -1.2062306049340386 1.0
human.pedestrian.construction_worker 0 0 0 0 0 0 0 0.594 1.773 0.458 1.0390634758181427 -9.117019998528407 22.7134343699564 -1.056617261766803 1.0
vehicle.car 0 0 0 0 0 0 0 4.895 1.627 2.02 1.3799240994736928 -40.062750188023436 -23.761097301424943 2.8213983485752134 1.0
human.pedestrian.adult 0 0 0 0 0 0 0 0.631 1.864 0.544 0.6695167928062753 30.796284743081138 8.716767700621258 -1.2332445682090754 1.0
vehicle.car 0 0 0 0 0 0 0 4.819 1.852 2.246 1.237194322419858 -35.60028759688789 34.26841556774755 -1.0694182385663993 1.0
vehicle.truck 0 0 0 0 0 0 0 4.764 1.978 2.37 0.8828435676802204 12.783711205155885 9.867158602860735 -0.9451576217468194 1.0
human.pedestrian.adult 0 0 0 0 0 0 0 0.589 1.849 0.594 0.5990023256619186 29.080190133097183 8.73062408930991 -0.5072044380255747 1.0
vehicle.truck 0 0 0 0 0 0 0 4.727 2.14 2.191 0.8721188441154446 -30.585686090564543 27.283371428451115 -1.1142307523760948 1.0
human.pedestrian.adult 0 0 0 0 0 0 0 0.756 1.849 0.79 1.0530111415626768 -22.049006583327927 25.147476775747258 -1.6895002534240637 1.0
