vehicle.motorcycle 0 0 0 0 0 0 0 1.947 1.184 0.66 0.8463902466719022 -12.3821755415154 -7.2576745666721685 -1.7618983468199882 1.0
vehicle.bicycle 0 0 0 0 0 0 0 1.794 1.704 0.655 0.6574358680102697 6.457127528620489 5.601050995153624 -1.561187126229326 1.0
human.pedestrian.adult 0 0 0 0 0 0 0 0.585 1.617 0.539 -0.2831450196527888 39.04622619247019 4.159375278621641 -2.0199917371942018 1.0
human.pedestrian.adult 0 0 0 0 0 0 0 0.814 1.669 0.946 0.6497507852781039 1.3382444047804538 -2.9197124391852753 -1.6523989198271547 1.0
human.pedestrian.adult 0 0 0 0 0 0 0 0.61 1.579 0.621 -0.22629570036855917 39.73180779409924 4.595875017916759 -2.0897950392933335 1.0
human.pedestrian.adult 0 0 0 0 0 0 0 0.667 1.852 0.672 -0.20559710830070044 35.81585666576007 5.787626807823402 -2.4117148411845273 1.0
vehicle.car 0 0 0 0 0 0 0 4.105 1.544 1.754 0.818140860957988 9.45911735014091 0.17611772213270777 -1.5475257577576578 1.0
vehicle.car 0 0 0 0 0 0 0 4.921 1.754 1.941 1.5946010998001077 -29.676242830204522 -14.086711697450811 -0.2925958864837508 1.0
vehicle.car 0 0 0 0 0 0 0 4.152 1.569 1.699 -0.10967388211774631 27.174674817127332 0.09610249587175365 -1.522503111981961 1.0
vehicle.bus.rigid 0 0 0 0 0 0 0 14.095 4.307 5.157 -1.6073598118969112 53.15661396096913 8.359493396793663 -2.3970383691105273 1.0
human.pedestrian.adult 0 0 0 0 0 0 0 0.621 1.637 0.72 -0.2864014864199609 39.04061041030095 3.3798197267750414 -2.0659222633423013 1.0
vehicle.truck 0 0 0 0 0 0 0 5.061 2.086 1.79 -0.23204131334117495 38.36501220810293 18.15419592480018 3.1260703988688565 1.0
