movable_object.barrier 0 0 0 0 0 0 0 0.455 1.089 2.002 1.8569585703472689 -15.725929589388056 14.502462593033854 -0.030985294041524725 1.0
movable_object.barrier 0 0 0 0 0 0 0 0.449 1.108 1.886 1.4455104979658957 12.27308961822397 14.622482989248056 -0.05541146330965674 1.0
movable_object.barrier 0 0 0 0 0 0 0 0.451 1.112 2.002 1.5399821747805211 0.435063278842529 14.61753421271863 -0.030985294041524725 1.0
movable_object.trafficcone 0 0 0 0 0 0 0 0.411 0.727 0.499 0.8311883416563877 39.09448697414589 -4.250545945292693 -1.5736950037302986 1.0
movable_object.barrier 0 0 0 0 0 0 0 0.457 1.169 1.984 1.7378012920182526 -5.6934523134217025 14.510094777545085 -0.030985294041524725 1.0
movable_object.barrier 0 0 0 0 0 0 0 0.437 1.092 1.976 1.8068138725968859 -11.755902759041481 14.60098404052893 -0.030985294041524725 1.0
movable_object.barrier 0 0 0 0 0 0 0 0.446 1.112 1.972 1.5636824982965851 -1.5535821887235473 14.52365930129703 -0.030985294041524725 1.0
movable_object.barrier 0 0 0 0 0 0 0 0.462 1.091 2.016 1.1501341126498468 30.557392258793264 14.055280433657268 -0.04823332694540028 1.0
vehicle.construction 0 0 0 0 0 0 0 4.358 2.685 2.527 0.20789093054146804 2.390503467291146 23.288495669582556 -1.579104730856069 1.0
movable_object.barrier 0 0 0 0 0 0 0 0.446 1.1 1.927 1.7754256837437545 -9.663260094269944 14.580922655275746 -0.030985294041524725 1.0
human.pedestrian.construction_worker 0 0 0 0 0 0 0 0.379 2.0 0.59 1.4113971145277353 3.7965569191865938 17.86098228355409 -3.1074679661135747 1.0
movable_object.barrier 0 0 0 0 0 0 0 0.462 1.112 1.843 1.5402978204113347 8.200331996968007 14.635963419681504 -0.030985294041524725 1.0
movable_object.barrier 0 0 0 0 0 0 0 0.449 1.091 2.035 1.1213534036578692 32.626919067081026 13.953067613676737 -0.06993514659915157 1.0
vehicle.truck 0 0 0 0 0 0 0 6.225 2.776 2.277 -0.37611511352098037 61.52522200922488 -6.8689989529283455 -1.6349124316610393 1.0
vehicle.truck 0 0 0 0 0 0 0 5.078 2.051 1.832 0.12834208512065004 53.73219035159774 -6.242996941780764 -1.554673739510748 1.0
movable_object.barrier 0 0 0 0 0 0 0 0.456 1.112 2.029 1.168663281230566 28.38864355844618 14.083311570889725 -0.02526090280139215 1.0
movable_object.barrier 0 0 0 0 0 0 0 0.458 1.104 2.008 1.9256114144700835 -17.732239803094647 14.49173350312407 -0.030985294041524725 1.0
movable_object.barrier 0 0 0 0 0 0 0 0.452 1.114 1.977 1.3059318469247858 16.404022859247185 14.46188922105329 -0.04045456713699025 1.0
human.pedestrian.construction_worker 0 0 0 0 0 0 0 1.14 1.907 0.617 -0.766036377534695 96.99114949407833 -6.955935981766027 -0.08141372525784263 1.0
movable_object.trafficcone 0 0 0 0 0 0 0 0.369 0.795 0.413 0.8116066391491439 34.925826522899804 -5.382077031540093 -1.763264575628269 1.0
vehicle.truck 0 0 0 0 0 0 0 4.677 2.056 1.853 0.03444416101047154 41.0280875212363 -5.6880659051187665 -1.6517001720509281 1.0
human.pedestrian.construction_worker 0 0 0 0 0 0 0 0.661 1.86 0.555 1.3860709365657602 1.9602792139346386 16.598899570771497 -2.983785627339608 1.0
vehicle.truck 0 0 0 0 0 0 0 4.721 2.0 1.938 0.23829447730582531 46.42079523048939 -5.965876292091515 -1.6022789892614036 1.0
movable_object.barrier 0 0 0 0 0 0 0 0.452 1.105 1.984 1.7470168158098633 -7.700098898932622 14.575916924110391 -0.030985294041524725 1.0
movable_object.barrier 0 0 0 0 0 0 0 0.304 1.085 1.983 1.9318221394586441 -21.647241512270405 14.334338954152319 -0.059343119762072405 1.0
vehicle.car 0 0 0 0 0 0 0 3.395 1.591 1.734 1.3681104126172154 -17.711911714619717 -4.456889597295357 -1.54908952553264 1.0
movable_object.barrier 0 0 0 0 0 0 0 0.458 1.108 1.94 1.5404396590235125 4.338231802040381 14.557000996833976 -0.030985294041524725 1.0
movable_object.barrier 0 0 0 0 0 0 0 0.454 1.101 2.091 1.053178164227356 38.97815812801857 13.597844405610925 -0.06993514659915157 1.0
movable_object.barrier 0 0 0 0 0 0 0 0.454 1.108 1.909 1.9476698701464454 -19.696152172912413 14.430761147010124 -0.030985294041524725 1.0
movable_object.barrier 0 0 0 0 0 0 0 0.447 1.106 1.988 1.6432695492739782 -3.6065080638203852 14.528974625792486 -0.030985294041524725 1.0
movable_object.barrier 0 0 0 0 0 0 0 0.459 1.108 1.989 1.3707879717841025 14.351791953599134 14.529498340048592 -0.02849418577579499 1.0
movable_object.barrier 0 0 0 0 0 0 0 0.449 1.088 2.086 1.0647587053851517 36.80474567420341 13.722705114672094 -0.06993514659915157 1.0
movable_object.barrier 0 0 0 0 0 0 0 0.461 1.102 1.978 1.876038691685399 -13.732350658592656 14.539570485169374 -0.030985294041524725 1.0
movable_object.barrier 0 0 0 0 0 0 0 0.464 1.086 1.909 1.5769188046477494 2.3956916295263713 14.578213024174808 -0.030985294041524725 1.0
movable_object.barrier 0 0 0 0 0 0 0 0.456 1.099 1.929 0.9986045266144579 45.28341316918501 13.34001969010895 -0.06993514659915157 1.0
vehicle.construction 0 0 0 0 0 0 0 3.336 1.759 1.54 0.5107368142960855 10.430672949735213 25.39492584033776 -1.2913494422590546 1.0
movable_object.barrier 0 0 0 0 0 0 0 0.451 1.059 1.882 1.4540764892435598 10.357386807974992 14.616536007013988 -0.024422737990249743 1.0
movable_object.barrier 0 0 0 0 0 0 0 0.511 1.09 1.873 1.5243814000176399 6.286804549093866 14.559717935917986 -0.030985294041524725 1.0
movable_object.barrier 0 0 0 0 0 0 0 0.444 1.098 2.081 1.0499704127184843 41.06786160119243 13.487150663532006 -0.06993514659915157 1.0
movable_object.barrier 0 0 0 0 0 0 0 0.456 1.103 2.06 1.1492987663660168 26.31758729517584 14.12962539099309 -0.05025236224772556 1.0
