human.pedestrian.construction_worker 0 0 0 0 0 0 0 1.14 1.907 0.617 1.3770402339874224 -8.824154897920808 13.830365226244142 -1.4957885327565066 1.0
human.pedestrian.adult 0 0 0 0 0 0 0 1.346 1.849 0.887 -1.1900792916547884 49.95897348294341 -5.51913104885074 -1.4256197010185403 1.0
movable_object.barrier 0 0 0 0 0 0 0 0.46 1.152 2.095 2.441721686884562 -30.978152116910824 14.926240047945546 -0.10040925323573546 1.0
vehicle.car 0 0 0 0 0 0 0 5.043 1.654 1.664 -1.6969009794209904 50.57002553067692 -22.50545066705444 -0.023510901123660943 1.0
movable_object.barrier 0 0 0 0 0 0 0 0.402 1.001 2.153 1.2536020181207475 -5.289700486634009 21.373494618041796 -2.069237136284209 1.0
movable_object.barrier 0 0 0 0 0 0 0 0.449 1.159 2.135 2.2123036207559523 -26.87899195942764 15.401377243118082 -0.04197042118391536 1.0
vehicle.car 0 0 0 0 0 0 0 4.373 1.767 1.829 1.2790802831108126 -5.193785044399151 10.992710635800583 -1.608617469775739 1.0
movable_object.barrier 0 0 0 0 0 0 0 0.396 0.998 2.15 1.2311372638739322 -7.384357612779632 25.35750225592398 -1.9994306078565192 1.0
human.pedestrian.adult 0 0 0 0 0 0 0 0.636 1.89 0.553 -1.180382962462187 49.69954428118182 -6.524025307205003 -0.025072172316455976 1.0
vehicle.truck 0 0 0 0 0 0 0 6.568 3.458 2.877 -0.8085821290769044 -7.810328066225507 39.796133249574616 -2.775642337013628 1.0
movable_object.barrier 0 0 0 0 0 0 0 0.447 1.154 2.147 2.1117621213309357 -25.070456567141086 15.288611371771745 -0.0337989143105446 1.0
movable_object.barrier 0 0 0 0 0 0 0 0.402 1.004 2.001 1.0216104143798987 -8.78576064181251 29.506117090969404 -1.7311387737637247 1.0
vehicle.motorcycle 0 0 0 0 0 0 0 2.201 1.376 0.516 -1.2267289248290902 43.10152699561051 -12.970214022335346 -3.127174923192184 1.0
human.pedestrian.adult 0 0 0 0 0 0 0 0.466 1.807 0.797 0.7365523921142271 11.468767508080978 -6.535521902688001 -0.8905308709909097 1.0
vehicle.bicycle 0 0 0 0 0 0 0 1.676 1.157 0.569 1.025932848896148 6.952069989483225 -4.7091365444665705 -0.12109907417833554 1.0
movable_object.barrier 0 0 0 0 0 0 0 0.396 1.002 2.152 1.2513377387212585 -6.399823965746076 23.36177395811519 -2.051785477576125 1.0
movable_object.barrier 0 0 0 0 0 0 0 0.451 1.097 2.115 2.998137478348415 -44.26127413676606 13.582702600516399 -0.13270598064841366 1.0
vehicle.car 0 0 0 0 0 0 0 4.796 1.366 1.668 -1.467667809182773 45.66479416602909 -23.02730161602077 -0.03993735526210074 1.0
vehicle.construction 0 0 0 0 0 0 0 2.552 1.633 1.59 0.6652078627389238 12.720022084189711 -5.822200836200231 -0.8211198165423141 1.0
movable_object.barrier 0 0 0 0 0 0 0 0.399 1.001 2.001 1.4376542494118416 -4.009188832443345 17.007508397307713 -0.12258453272190728 1.0
movable_object.barrier 0 0 0 0 0 0 0 0.446 1.099 2.098 2.8945265065682433 -42.00378819689594 13.794454809041934 -0.0990522173769719 1.0
vehicle.car 0 0 0 0 0 0 0 4.606 1.609 1.924 -0.6447693885844936 43.23092333267113 -42.89382644941591 -0.11107867269844007 1.0
movable_object.barrier 0 0 0 0 0 0 0 0.399 1.163 2.163 2.056221529177077 -21.14848274223624 15.530897482361045 -0.10040925323573546 1.0
vehicle.car 0 0 0 0 0 0 0 4.628 1.703 1.735 -2.1193379773710856 55.14200167620652 -22.678445197232566 -0.026168824114336076 1.0
movable_object.barrier 0 0 0 0 0 0 0 0.402 1.0 2.147 1.386870764012708 -4.218651745181322 19.423893367836552 -2.0866888118496716 1.0
movable_object.barrier 0 0 0 0 0 0 0 0.405 1.004 2.147 1.4101761700057391 -2.8492309958665625 17.514456888296696 -2.2263027660196197 1.0
movable_object.barrier 0 0 0 0 0 0 0 0.402 1.001 2.003 1.2408230569914074 -8.232341590092462 27.408647145889546 -1.883726977431559 1.0
vehicle.car 0 0 0 0 0 0 0 4.573 2.0 1.939 -1.606798334252036 47.94064282266069 -10.517353191302906 -3.0830211330824877 1.0
vehicle.bicycle 0 0 0 0 0 0 0 1.597 1.126 0.598 0.9572247126391104 6.375316983222795 -4.125974335658601 -0.13112384734143667 1.0
movable_object.barrier 0 0 0 0 0 0 0 0.453 1.099 2.103 2.6905730174939673 -37.54371030898926 14.204769576141299 -0.1157971412766976 1.0
movable_object.barrier 0 0 0 0 0 0 0 0.446 1.155 2.059 2.5234058391264016 -33.281194451816845 14.723366434819233 -0.07636566612603168 1.0
movable_object.barrier 0 0 0 0 0 0 0 0.46 1.148 1.995 2.6156370315768713 -35.35283582207349 14.494256329890069 -0.13293502586305905 1.0
vehicle.truck 0 0 0 0 0 0 0 6.225 2.776 2.277 1.7405096217262577 -37.05471202235297 -4.946330554652471 -1.4387296535716105 1.0
movable_object.barrier 0 0 0 0 0 0 0 0.422 1.176 2.153 1.793712169572121 -13.114204072209152 16.067331158100124 -0.12772752065690085 1.0
movable_object.barrier 0 0 0 0 0 0 0 0.451 1.137 2.144 2.0745742985620454 -23.009954419388787 15.348602745697715 -0.06696854552710718 1.0
