vehicle.car 0 0 0 0 0 0 0 4.152 1.569 1.699 -0.11432219884638295 27.174349743188753 0.09569222336933601 -1.5225792965265281 1.0
human.pedestrian.adult 0 0 0 0 0 0 0 0.667 1.852 0.672 0.0631400732180849 30.15432204722477 9.68470245431461 -1.853363830331416 1.0
vehicle.motorcycle 0 0 0 0 0 0 0 1.947 1.184 0.66 0.8463846363102786 -12.377785079961278 -7.258105319958253 -1.7619758439814825 1.0
human.pedestrian.adult 0 0 0 0 0 0 0 0.61 1.579 0.621 0.012078597736534857 30.016212228189477 8.897355387508847 -1.7408609634779175 1.0
human.pedestrian.adult 0 0 0 0 0 0 0 0.585 1.617 0.539 0.045181693545336965 29.872548958577156 8.2358275725137 -1.5838103491442315 1.0
vehicle.bus.rigid 0 0 0 0 0 0 0 14.095 4.307 5.157 -0.9165540085602348 40.036995837455244 29.4318431906849 -2.6588887517203137 1.0
vehicle.bicycle 0 0 0 0 0 0 0 1.794 1.704 0.655 -0.15846583385846313 26.864998704736546 11.746328698450661 -1.6396233846530697 1.0
vehicle.car 0 0 0 0 0 0 0 4.105 1.544 1.754 0.8166091248877178 9.453644133602552 0.18331396080230686 -1.5476020941398883 1.0
human.pedestrian.adult 0 0 0 0 0 0 0 0.621 1.637 0.72 -0.02538715406699299 29.160251033007345 7.449697365120816 -1.4552418101676743 1.0
vehicle.truck 0 0 0 0 0 0 0 5.375 2.0 2.321 -0.4314549772931644 44.03967258606931 18.782618487638832 -2.606534499726144 1.0
human.pedestrian.adult 0 0 0 0 0 0 0 0.814 1.669 0.946 0.7281336119992837 0.9237824935242227 -1.8917235050620953 -2.6064588769970634 1.0
