human.pedestrian.adult 0 0 0 0 0 0 0 0.401 1.683 0.57 -0.8469794860496802 19.857543946605993 -19.68813436317472 -1.9387625700050775 1.0
human.pedestrian.adult 0 0 0 0 0 0 0 0.782 1.917 0.608 0.37515546962442703 -26.160631972540447 -22.92099273072181 -1.6740875714635832 1.0
vehicle.car 0 0 0 0 0 0 0 4.997 2.259 3.038 2.1138938975791652 -23.854081989307254 77.53511922795413 -2.843478718028871 1.0
human.pedestrian.adult 0 0 0 0 0 0 0 1.054 1.658 0.752 1.559468818137916 -41.147764710783065 4.916818698678188 -1.3417499130862112 1.0
human.pedestrian.adult 0 0 0 0 0 0 0 0.707 1.78 0.512 0.9265069634755028 17.887908218977433 25.617714066291995 -1.8183338015582233 1.0
human.pedestrian.adult 0 0 0 0 0 0 0 0.616 1.64 0.767 1.42726088411192 -42.00819995095502 3.1241485506446796 -0.31985656172445687 1.0
vehicle.truck 0 0 0 0 0 0 0 6.513 3.241 2.368 -1.2945674497859285 49.636072177512226 14.061351372401154 1.6209033798485724 1.0
vehicle.bus.rigid 0 0 0 0 0 0 0 11.961 3.417 2.821 0.9747786062721561 -48.302317283148305 7.641662335551692 1.9497617016740998 1.0
vehicle.bicycle 0 0 0 0 0 0 0 1.593 1.135 0.401 1.3173432302196295 -14.427661295293397 -4.412648685112365 -0.2653638490654089 1.0
movable_object.trafficcone 0 0 0 0 0 0 0 0.327 0.742 0.342 0.8610213450036677 9.947835983798209 -16.80602484877669 1.572211141119661 1.0
vehicle.car 0 0 0 0 0 0 0 4.526 2.051 1.882 2.056056517225007 -78.33620761486053 -1.8040931462488925 2.052261158523793 1.0
movable_object.trafficcone 0 0 0 0 0 0 0 0.341 0.763 0.349 0.19987951256820596 16.665403085051246 -18.54814359259552 1.572211141119661 1.0
human.pedestrian.adult 0 0 0 0 0 0 0 0.743 1.065 0.764 -0.7822371656913296 21.314930797996286 -15.115018357938268 1.817470963737117 1.0
human.pedestrian.adult 0 0 0 0 0 0 0 0.672 1.679 0.55 1.293454207358885 -21.908401336717855 4.490839605844987 -2.431732003913745 1.0
movable_object.trafficcone 0 0 0 0 0 0 0 0.367 0.723 0.376 0.9725924004007248 10.31400525902069 -15.473973062440852 -0.06035593468834932 1.0
human.pedestrian.adult 0 0 0 0 0 0 0 0.46 1.697 0.614 -0.9951155556968376 20.182782995293362 -18.850995625522145 -3.071080777867788 1.0
vehicle.car 0 0 0 0 0 0 0 4.277 1.466 1.698 -0.5562998345584645 50.48922647015743 -1.077742612419904 -1.5943747494461133 1.0
human.pedestrian.adult 0 0 0 0 0 0 0 0.586 1.758 0.544 -1.3076020006923639 21.719127709981635 -22.172496211002027 -1.1983812012177726 1.0
vehicle.truck 0 0 0 0 0 0 0 6.422 2.978 2.318 2.0388278981300596 -20.605786410313236 87.10617966696579 -0.2352203135196813 1.0
vehicle.truck 0 0 0 0 0 0 0 5.29 2.815 2.549 -2.473231707464966 23.22017483774353 -70.74702647025352 -0.28174766064381096 1.0
vehicle.truck 0 0 0 0 0 0 0 9.628 3.509 2.602 0.7752109871708037 -34.56100368844333 8.634796494356124 1.80813384024359 1.0
human.pedestrian.construction_worker 0 0 0 0 0 0 0 0.879 1.733 0.601 -0.6864521459776702 46.22928392087325 3.764212762491085 -1.5140035244805752 1.0
human.pedestrian.adult 0 0 0 0 0 0 0 0.533 1.807 0.66 -1.646246934389617 21.752391786776762 -27.583721498316997 -0.49118623666715244 1.0
