movable_object.barrier 0 0 0 0 0 0 0 0.402 1.004 2.001 1.2804874925500065 -18.51048817196576 27.828885794780778 -1.8453684327996216 1.0
vehicle.truck 0 0 0 0 0 0 0 6.225 2.776 2.277 2.0738570479801712 -42.35438222530017 -10.028065866993062 -1.3062630409898155 1.0
movable_object.barrier 0 0 0 0 0 0 0 0.402 1.001 2.153 1.4831409237481594 -14.120224822330476 20.148682652436666 -2.1929886041276356 1.0
movable_object.barrier 0 0 0 0 0 0 0 0.396 0.999 2.0 1.7533680358608805 -14.623781453020532 15.571942543192034 -0.21550092462958048 1.0
vehicle.car 0 0 0 0 0 0 0 4.144 1.73 1.895 0.13719345625819113 22.087940497714417 15.778005980448807 -1.688971645034127 1.0
vehicle.car 0 0 0 0 0 0 0 4.072 1.458 1.668 -0.906205404953697 45.58038715582312 -26.005662609472175 -0.1286199838644002 1.0
movable_object.barrier 0 0 0 0 0 0 0 0.46 1.152 2.095 2.671893662061689 -38.8128657977945 10.513580235545264 -0.22262830772941555 1.0
vehicle.car 0 0 0 0 0 0 0 4.606 1.609 1.924 -0.6289640803903043 41.95926774559546 -37.634550839428755 -0.23351319948842075 1.0
movable_object.barrier 0 0 0 0 0 0 0 0.422 1.176 2.153 1.970556193105061 -21.237737650174438 13.914389308305612 -0.2504147686673477 1.0
vehicle.bicycle 0 0 0 0 0 0 0 1.597 1.126 0.598 1.2148658979304265 0.568651310690569 -3.5759028752242625 -0.028388353683293843 1.0
movable_object.barrier 0 0 0 0 0 0 0 0.453 1.099 2.103 3.0577171161466135 -45.23439683969691 9.030227162214068 -0.24989348917071297 1.0
movable_object.barrier 0 0 0 0 0 0 0 0.446 1.155 2.059 2.822858900476062 -41.081346395408694 10.04873372857926 -0.2036048417614289 1.0
vehicle.car 0 0 0 0 0 0 0 4.573 2.0 1.939 -1.5542018211399458 42.72483559214383 -4.937249192421045 3.076410058824627 1.0
vehicle.car 0 0 0 0 0 0 0 5.043 1.654 1.664 -1.6860192742342393 46.699288857715814 -16.28760440267072 -0.124506341898865 1.0
movable_object.barrier 0 0 0 0 0 0 0 0.46 1.148 1.995 2.9845626555567613 -43.12570996566384 9.568131514470343 -0.2672743330033214 1.0
vehicle.construction 0 0 0 0 0 0 0 2.552 1.633 1.59 0.8497684691538312 7.194054560180188 -4.676642012873414 -0.944835441135158 1.0
human.pedestrian.adult 0 0 0 0 0 0 0 0.781 1.781 0.523 -0.22622144227247687 42.57522633702242 -46.12343247254689 -0.512115712897133 1.0
movable_object.barrier 0 0 0 0 0 0 0 0.453 1.146 2.125 3.1360854918670107 -47.43716124539284 8.503468801401308 -0.23252343861459934 1.0
vehicle.car 0 0 0 0 0 0 0 4.373 1.767 1.829 1.6931016085896484 -23.291452750902963 7.819837459435263 -1.8370723977647891 1.0
vehicle.bicycle 0 0 0 0 0 0 0 1.676 1.157 0.569 1.2546932584935135 1.1093636173810733 -4.445522897270457 -0.03494356902808349 1.0
movable_object.barrier 0 0 0 0 0 0 0 0.405 1.004 2.147 1.611177897307475 -11.18080198184507 16.577001409907275 -2.350055087284714 1.0
movable_object.barrier 0 0 0 0 0 0 0 0.402 1.001 2.003 1.4821419851397475 -17.77700892048454 25.75742431716029 -2.007477087591754 1.0
vehicle.car 0 0 0 0 0 0 0 4.796 1.366 1.668 -1.4992681871004017 42.15964931416635 -17.5801576302386 -0.15783046216398233 1.0
vehicle.car 0 0 0 0 0 0 0 4.628 1.703 1.735 -2.0360174299235267 51.30555609011132 -16.097929747606287 -0.13736406150049163 1.0
human.pedestrian.adult 0 0 0 0 0 0 0 0.636 1.89 0.553 -1.1410609064640513 43.853065635659945 -0.657143988862505 -0.1590587401364374 1.0
human.pedestrian.adult 0 0 0 0 0 0 0 0.466 1.807 0.797 0.8713935956221605 5.953752357371357 -5.4774071467377095 -0.766820907847686 1.0
movable_object.barrier 0 0 0 0 0 0 0 0.399 1.001 2.001 1.6492464930477098 -12.349567983700465 15.976865746140161 -0.24520241602703052 1.0
movable_object.barrier 0 0 0 0 0 0 0 0.446 1.099 2.098 3.2596233100295064 -49.60243959558461 8.038803251059804 -0.22123989796284071 1.0
vehicle.motorcycle 0 0 0 0 0 0 0 2.201 1.376 0.516 -1.1290076129714999 38.0829326190743 -7.988812672663216 3.032256271980808 1.0
human.pedestrian.construction_worker 0 0 0 0 0 0 0 1.14 1.907 0.617 1.5743041310504802 -17.736540414321105 12.115089383621058 -1.6195338161845836 1.0
vehicle.car 0 0 0 0 0 0 0 4.334 1.525 1.859 -1.5779828258883843 44.247803788570614 -17.111394473979246 -0.12482957044005971 1.0
movable_object.barrier 0 0 0 0 0 0 0 0.399 1.163 2.163 2.390465147759553 -29.156567053584016 12.372642782609313 -0.22262830772941555 1.0
vehicle.truck 0 0 0 0 0 0 0 6.568 3.458 2.877 -0.4120182775530183 -18.698214045994966 37.40944173973444 -2.634436595115573 1.0
