vehicle.car 0 0 0 0 0 0 0 4.796 1.366 1.668 -0.34608529953727474 0.5117873811612769 22.69023470796828 -1.3242890712303428 1.0
vehicle.car 0 0 0 0 0 0 0 4.598 1.52 1.619 -0.023929586290226845 10.301662589631793 27.07434067144574 1.8493516638474965 1.0
vehicle.car 0 0 0 0 0 0 0 4.814 1.611 2.029 -0.1996687108373304 19.777645654511947 17.373357694746357 -1.3008197793916878 1.0
vehicle.car 0 0 0 0 0 0 0 4.144 1.73 1.895 2.0051234448313853 -51.52020917806307 1.6593780325672078 -1.844182569077205 1.0
movable_object.barrier 0 0 0 0 0 0 0 0.396 0.999 2.0 2.458780640652216 -52.018307917913084 -16.532609208909115 -1.399032859857865 1.0
vehicle.car 0 0 0 0 0 0 0 4.707 1.726 1.897 -0.4975286040164516 21.77263452847923 26.765794485951382 -1.3182674273967976 1.0
vehicle.bicycle 0 0 0 0 0 0 0 1.676 1.157 0.569 1.661900977456221 -27.872240741413272 -9.891670065207524 -1.279394247370373 1.0
vehicle.car 0 0 0 0 0 0 0 5.03 1.876 1.906 -0.08424327098032508 11.489939630848065 31.92024759716739 -1.3008197793916878 1.0
vehicle.construction 0 0 0 0 0 0 0 2.552 1.633 1.59 1.7909053852017083 -24.796741459584293 -4.208587008428304 -2.3095453459794255 1.0
vehicle.car 0 0 0 0 0 0 0 4.573 2.0 1.939 -0.17296096953168996 -10.205699900524282 28.61780312455059 1.9211396252255355 1.0
movable_object.barrier 0 0 0 0 0 0 0 0.399 1.001 2.001 2.4282650766979015 -51.54683208571668 -14.287836093422563 -1.4172501743793031 1.0
vehicle.car 0 0 0 0 0 0 0 5.345 1.808 2.232 -0.5034235604538534 -8.797794271061914 33.496874062191196 1.9473149314179077 1.0
vehicle.bicycle 0 0 0 0 0 0 0 1.597 1.126 0.598 1.7040923204351888 -28.213175840174085 -10.1448047112177 -1.1630814971098715 1.0
human.pedestrian.adult 0 0 0 0 0 0 0 0.466 1.807 0.797 1.6584763995770686 -24.551051624452757 -5.900633718386177 -0.4075695787643028 1.0
vehicle.car 0 0 0 0 0 0 0 4.951 1.741 1.738 -0.6183650473646785 2.4257259355041985 29.782449661642705 -1.2995391141963886 1.0
human.pedestrian.adult 0 0 0 0 0 0 0 0.781 1.781 0.523 0.7320322805310535 21.22825853138329 11.56103152150578 -1.6650602354825743 1.0
vehicle.car 0 0 0 0 0 0 0 4.072 1.458 1.668 0.1873613591795692 9.537618459960798 22.527452647282608 -1.3040301369478708 1.0
vehicle.motorcycle 0 0 0 0 0 0 0 2.201 1.376 0.516 0.06071172082518216 -9.866439072456828 22.716347188570005 1.859540749594908 1.0
vehicle.motorcycle 0 0 0 0 0 0 0 1.282 0.962 0.461 0.044870546553379305 -9.368998196322773 26.392298307933416 -1.3348951530427513 1.0
vehicle.car 0 0 0 0 0 0 0 4.334 1.525 1.859 -0.1166563513895432 -4.448221357648773 24.575160348061246 -1.941431347376187 1.0
vehicle.truck 0 0 0 0 0 0 0 6.568 3.458 2.877 0.7066768650449644 -75.83983750406358 -12.439467684889026 -1.4443329907037699 1.0
vehicle.car 0 0 0 0 0 0 0 4.606 1.609 1.924 -0.1556911886530154 18.605623551280875 15.139340871380758 -1.3706111061747475 1.0
