vehicle.bicycle 0 0 0 0 0 0 0 1.794 1.704 0.655 -0.1046122756370651 25.0619453396277 10.589331787341656 -2.2415269739693287 1.0
human.pedestrian.adult 0 0 0 0 0 0 0 0.61 1.579 0.621 0.04365356834511436 31.623758234202814 8.868696214044187 -1.8108076336515673 1.0
vehicle.truck 0 0 0 0 0 0 0 5.375 2.0 2.321 -0.5181258931790167 45.66211395465663 15.823736005634737 -2.6066793442189002 1.0
vehicle.bus.rigid 0 0 0 0 0 0 0 14.095 4.307 5.157 -0.9036416655632614 39.99269625384915 29.519595472021418 -2.659033577741873 1.0
vehicle.motorcycle 0 0 0 0 0 0 0 1.947 1.184 0.66 0.8498420144318224 -12.3847155274637 -7.255845682025625 -1.7621210479006084 1.0
vehicle.car 0 0 0 0 0 0 0 4.105 1.544 1.754 0.8178528551513353 9.45913101512788 0.17510088738261348 -1.5477474253611945 1.0
human.pedestrian.adult 0 0 0 0 0 0 0 0.585 1.617 0.539 0.019979327610181397 31.369014335312386 7.868196800599113 -2.020215462401697 1.0
human.pedestrian.adult 0 0 0 0 0 0 0 0.814 1.669 0.946 0.7410192804236716 0.1259088699947547 -1.841122808389278 -2.315748641377759 1.0
human.pedestrian.adult 0 0 0 0 0 0 0 0.667 1.852 0.672 0.06559464450451113 29.74158263940021 9.296910669085273 -1.853508986451363 1.0
vehicle.car 0 0 0 0 0 0 0 4.152 1.569 1.699 -0.11036845194048595 27.174646939591277 0.09072236437768022 -1.5227246443093048 1.0
human.pedestrian.adult 0 0 0 0 0 0 0 0.621 1.637 0.72 -0.044562534007309695 30.972601752279516 7.527395667807402 -1.6996840463567962 1.0
