movable_object.barrier 0 0 0 0 0 0 0 0.453 1.09 1.97 2.5570529438331318 -30.317917155296346 13.358514390765372 -0.0993241245555545 1.0
movable_object.barrier 0 0 0 0 0 0 0 0.453 1.111 2.115 1.6795009057150188 -1.1008591771286542 14.932014794571966 -0.050897736890000544 1.0
movable_object.barrier 0 0 0 0 0 0 0 0.419 1.15 2.151 1.11052928429226 18.538753401782873 16.398068696812544 -0.4259393518134367 1.0
movable_object.barrier 0 0 0 0 0 0 0 0.449 1.103 2.093 2.2804325050163143 -19.932176996375432 14.03895578001601 -0.050897736890000544 1.0
movable_object.barrier 0 0 0 0 0 0 0 0.456 1.102 1.961 1.786403853010299 -5.188652191516468 14.729379577046917 -0.050897736890000544 1.0
movable_object.barrier 0 0 0 0 0 0 0 0.441 1.095 1.987 1.6415184958657831 0.9872096461151859 14.995732342696655 -0.050897736890000544 1.0
movable_object.barrier 0 0 0 0 0 0 0 0.446 1.099 2.098 1.5655838701951696 5.861832555083656 15.1826933760289 -0.04066432958413557 1.0
movable_object.barrier 0 0 0 0 0 0 0 0.454 1.101 2.091 2.1647653201654853 -15.645991282344168 14.194500394781588 -0.050897736890000544 1.0
movable_object.barrier 0 0 0 0 0 0 0 0.453 1.146 2.125 1.4795732254174658 8.135825056745535 15.216550005662164 -0.047096870847045835 1.0
movable_object.barrier 0 0 0 0 0 0 0 0.46 1.148 1.995 1.3138480059497593 12.748354248674474 15.417812533810055 -0.047096870847045835 1.0
vehicle.truck 0 0 0 0 0 0 0 6.568 3.458 2.877 -1.2522320808847347 42.062125793131685 37.8169738758632 -2.76543553727607 1.0
vehicle.construction 0 0 0 0 0 0 0 4.358 2.685 2.527 1.5459033172504562 -53.13875213473569 20.136743530729337 -1.4077993421475412 1.0
movable_object.barrier 0 0 0 0 0 0 0 0.449 1.091 2.035 2.3289836059705915 -22.00009043799562 13.939966949522717 -0.050897736890000544 1.0
vehicle.truck 0 0 0 0 0 0 0 6.225 2.776 2.277 0.24423948068038903 8.846265334329548 -3.8191816364654194 -1.5333832584955491 1.0
vehicle.truck 0 0 0 0 0 0 0 4.721 2.0 1.938 0.9651718269185832 -6.2233422828996146 -4.457473744279918 -1.5007562993890122 1.0
movable_object.barrier 0 0 0 0 0 0 0 0.444 1.098 2.081 2.0627276644506667 -13.557270308637728 14.293974063737059 -0.05972349779276698 1.0
movable_object.barrier 0 0 0 0 0 0 0 0.449 1.108 1.886 2.846982098153 -42.51835045976458 12.523636394470445 -0.06308576188799009 1.0
vehicle.truck 0 0 0 0 0 0 0 5.078 2.051 1.832 0.8686704029726746 0.6117051946414516 -4.080025131968368 -1.4531609553772658 1.0
vehicle.construction 0 0 0 0 0 0 0 3.336 1.759 1.54 2.1092925931795645 -45.63897825635761 22.81385322160215 -1.137572011328622 1.0
human.pedestrian.construction_worker 0 0 0 0 0 0 0 0.661 1.86 0.555 2.588369753608938 -54.31607864996861 12.897625973623633 -1.5514141289500794 1.0
movable_object.barrier 0 0 0 0 0 0 0 0.456 1.1 1.962 2.6148285757049545 -32.32033264885693 13.248259379494007 -0.06794865930608829 1.0
movable_object.barrier 0 0 0 0 0 0 0 0.399 1.163 2.163 0.9595167048184776 26.916218408430506 15.09760560112905 -0.0359792495716178 1.0
movable_object.barrier 0 0 0 0 0 0 0 0.462 1.091 2.016 2.372279631761562 -24.069028372412454 13.83116309994959 -0.06993138012786737 1.0
movable_object.barrier 0 0 0 0 0 0 0 0.458 1.093 1.951 2.5838609162409063 -34.287977685574056 13.0698160732319 -0.0832860505599804 1.0
movable_object.barrier 0 0 0 0 0 0 0 0.449 1.088 2.086 2.1927354811015505 -17.821582612293177 14.132034122701105 -0.050897736890000544 1.0
movable_object.trafficcone 0 0 0 0 0 0 0 0.312 0.737 0.309 1.7589500389495432 -15.437895972200188 -3.6353785812358144 -1.661712001613263 1.0
movable_object.barrier 0 0 0 0 0 0 0 0.451 1.097 2.115 1.6429259257914468 3.236091293100055 15.093912569807994 -0.050897736890000544 1.0
movable_object.trafficcone 0 0 0 0 0 0 0 0.349 0.725 0.336 1.7063304321802337 -10.963914707289927 -3.3650827836085084 -1.5704070024061298 1.0
movable_object.barrier 0 0 0 0 0 0 0 0.462 1.105 1.926 1.8784190740386926 -7.252782375118064 14.649006794065016 -0.050897736890000544 1.0
movable_object.barrier 0 0 0 0 0 0 0 0.449 1.159 2.135 1.0086413871637356 20.927187146605565 15.420331972018351 -0.09142586014026577 1.0
movable_object.barrier 0 0 0 0 0 0 0 0.46 1.152 2.095 1.1665560302160989 16.991792740876058 15.410340132201778 -0.0359792495716178 1.0
movable_object.barrier 0 0 0 0 0 0 0 0.456 1.103 2.06 2.4998345550093637 -28.29212474990577 13.471634619912628 -0.0832860505599804 1.0
movable_object.trafficcone 0 0 0 0 0 0 0 0.317 0.747 0.358 1.6835801774816372 -9.04937974191189 -3.325029166342265 -1.3261508496606957 1.0
movable_object.barrier 0 0 0 0 0 0 0 0.448 1.095 1.935 1.7286658899146425 -3.16278739548559 14.78826213660784 -0.050897736890000544 1.0
movable_object.barrier 0 0 0 0 0 0 0 0.453 1.099 2.103 1.3744487497742934 10.350705649934701 15.235226261573176 -0.047096870847045835 1.0
movable_object.barrier 0 0 0 0 0 0 0 0.451 1.137 2.144 0.9329893936405241 25.033902759488875 15.038799993310851 -0.0359792495716178 1.0
human.pedestrian.construction_worker 0 0 0 0 0 0 0 1.14 1.907 0.617 -0.22986101986290208 42.38973400706796 6.01130274205836 -0.18296744857508074 1.0
vehicle.bicycle 0 0 0 0 0 0 0 1.597 1.126 0.598 -0.4049416688367886 52.451497845050575 -7.345588521818136 -0.17351795620876231 1.0
movable_object.barrier 0 0 0 0 0 0 0 0.447 1.154 2.147 0.9696659797308848 23.202561331727843 15.169564678906728 -0.09142586014026577 1.0
vehicle.truck 0 0 0 0 0 0 0 4.677 2.056 1.853 1.1974682256782783 -11.555779952397259 -4.751175777035809 -1.5327202368461155 1.0
movable_object.barrier 0 0 0 0 0 0 0 0.458 1.108 1.912 2.721626695391853 -36.22232332017354 12.868874400100772 -0.09917765215644536 1.0
movable_object.barrier 0 0 0 0 0 0 0 0.402 1.001 2.003 0.2840957693379509 40.76568831922238 25.713041473008424 -1.7894072149026021 1.0
human.pedestrian.construction_worker 0 0 0 0 0 0 0 0.598 1.972 0.591 1.8798854941248 -19.704444387973755 14.675387984682333 -2.7248634109108982 1.0
movable_object.trafficcone 0 0 0 0 0 0 0 0.369 0.795 0.413 1.8683327153657405 -17.757181232816766 -5.122255277531208 -1.661712001613263 1.0
movable_object.barrier 0 0 0 0 0 0 0 0.446 1.155 2.059 1.2041872728663487 14.708210105318594 15.427839736675734 -0.041951476932798215 1.0
movable_object.barrier 0 0 0 0 0 0 0 0.456 1.112 2.029 2.455235231644264 -26.228099340627892 13.637176186325604 -0.10132909608103624 1.0
movable_object.barrier 0 0 0 0 0 0 0 0.448 1.095 2.068 2.003448771232269 -11.44775828223553 14.400477694112942 -0.050897736890000544 1.0
movable_object.barrier 0 0 0 0 0 0 0 0.456 1.099 1.929 1.9954976247129375 -9.29843142367773 14.477891093152389 -0.050897736890000544 1.0
vehicle.car 0 0 0 0 0 0 0 3.395 1.591 1.734 2.875375879707118 -70.21718095159062 -9.94366166689554 -1.4475779404119695 1.0
