vehicle.car 0 0 0 0 0 0 0 4.301 1.545 1.884 1.1402274227461031 5.423567790260498 31.448440869980374 1.984236258772758 1.0
vehicle.car 0 0 0 0 0 0 0 4.551 1.842 1.762 0.7725042382416333 4.781028504855519 -5.575000338614568 -3.108423077475588 1.0
vehicle.car 0 0 0 0 0 0 0 4.468 1.504 1.778 1.4714685964905836 -16.07091041705687 -4.354896235378596 -0.03023577296503177 1.0
vehicle.car 0 0 0 0 0 0 0 4.72 1.803 1.972 0.8949477466156311 -0.6197220486594247 15.411701213701 -1.69331391359359 1.0
vehicle.car 0 0 0 0 0 0 0 4.366 1.52 1.645 1.2968510287254922 -16.89391261476475 -22.21332900781404 -0.04236605420410022 1.0
vehicle.car 0 0 0 0 0 0 0 4.042 1.489 1.794 0.8209431800511565 4.134689695899589 -10.48795116403039 3.1398592308522435 1.0
vehicle.truck 0 0 0 0 0 0 0 5.424 2.28 2.018 2.134383845564693 -57.738641006710225 -1.643524648780344 0.31551763591894755 1.0
vehicle.motorcycle 0 0 0 0 0 0 0 2.135 1.392 0.805 1.2601601348670461 -4.616151434656643 -2.8459965073756077 -1.52275930263583 1.0
human.pedestrian.adult 0 0 0 0 0 0 0 0.675 1.884 0.741 0.49911286398070076 6.693824413046025 -13.886910526416747 -0.4555512899971905 1.0
human.pedestrian.adult 0 0 0 0 0 0 0 0.608 1.849 0.64 0.26766954717325264 -31.576478765081067 -25.677553411575243 -1.5550933887682454 1.0
vehicle.car 0 0 0 0 0 0 0 4.185 1.568 1.817 1.2419610001148005 -13.333137002703644 -10.230948396044552 -3.1319826018113783 1.0
vehicle.car 0 0 0 0 0 0 0 4.848 1.999 2.015 1.2562916686853671 -8.514630005680578 28.004879879953158 0.44906051772695754 1.0
vehicle.car 0 0 0 0 0 0 0 4.092 1.703 1.767 1.106701939818333 -10.961169216610486 -10.968914390074062 -3.1319826018113783 1.0
vehicle.car 0 0 0 0 0 0 0 4.319 1.74 1.815 1.7769325724804097 -37.53191259519987 -4.328058405474621 -3.1319826018113783 1.0
vehicle.car 0 0 0 0 0 0 0 3.962 1.6 1.84 1.3265784407576549 -15.775575275975058 -10.272519660133964 -3.1319826018113783 1.0
vehicle.car 0 0 0 0 0 0 0 4.441 1.692 1.956 0.9483142914565162 1.8541503516073787 23.161672591653932 -1.2101476396079498 1.0
vehicle.motorcycle 0 0 0 0 0 0 0 2.417 1.514 0.913 1.0601443334968896 -0.33420947362691295 -2.6784950996943597 -1.4192190018855815 1.0
vehicle.car 0 0 0 0 0 0 0 4.12 1.511 1.758 1.0878021884278928 -0.6003178264809886 10.451164887814954 -1.69331391359359 1.0
vehicle.car 0 0 0 0 0 0 0 3.96 1.456 1.78 1.209173044219255 -18.12256874070277 -9.876762601587876 -3.1319826018113783 1.0
vehicle.car 0 0 0 0 0 0 0 4.167 1.521 1.888 0.7617331830991367 3.344965394518939 -21.889224369425953 -0.02949586477602395 1.0
vehicle.car 0 0 0 0 0 0 0 3.958 1.318 1.774 1.9027899112663655 -32.97244635294055 -4.357529000506424 -0.03023577296503177 1.0
vehicle.car 0 0 0 0 0 0 0 4.477 1.489 1.907 0.5590246143128966 8.438104147102878 -21.53871062780014 -0.073539988976421 1.0
vehicle.car 0 0 0 0 0 0 0 4.245 1.773 1.961 1.0932625509105853 -9.503983203383612 -21.141664868960312 -0.02949586477602395 1.0
vehicle.car 0 0 0 0 0 0 0 4.662 1.606 1.815 0.617226413573455 7.502796047105455 -10.646687064263231 -3.108423077475588 1.0
vehicle.car 0 0 0 0 0 0 0 4.317 1.612 1.7 1.5061491003301262 -23.106920247701563 -4.610354501490063 -3.1319826018113783 1.0
vehicle.car 0 0 0 0 0 0 0 4.791 1.819 1.847 0.9926005668591431 11.513964993885615 41.72022290687625 -1.165098031816349 1.0
vehicle.car 0 0 0 0 0 0 0 4.456 1.579 1.854 0.718498611441417 6.007998741737091 -21.798752476454915 -0.05393001265764852 1.0
vehicle.car 0 0 0 0 0 0 0 4.445 1.635 1.766 0.7897584330881042 0.9198055768237872 -22.41806124786747 -0.06909786371669391 1.0
vehicle.car 0 0 0 0 0 0 0 3.933 1.588 1.856 0.8908982818652726 -1.7988351073331375 -21.39518512563363 -0.02949586477602395 1.0
vehicle.motorcycle 0 0 0 0 0 0 0 2.206 1.232 0.971 1.1633463658108785 -0.4672232276212518 -6.186601666173572 1.5933317231634563 1.0
human.pedestrian.adult 0 0 0 0 0 0 0 0.611 1.835 0.58 0.3381196280448626 -31.619228135163684 -24.933986819088275 -1.5703618563323163 1.0
vehicle.car 0 0 0 0 0 0 0 4.553 2.102 1.959 0.7668241032848337 6.422172219242643 33.60379725708497 1.9851372486085959 1.0
vehicle.car 0 0 0 0 0 0 0 4.245 1.887 1.837 1.9262790123316118 -47.72802357063844 -3.272377290059071 0.17780736520290796 1.0
human.pedestrian.adult 0 0 0 0 0 0 0 0.633 1.791 0.638 0.7749717410393883 -21.834530813947246 15.019911971437141 2.0809835542649298 1.0
vehicle.car 0 0 0 0 0 0 0 4.359 2.056 1.807 0.2335523930157507 19.62318729598224 5.371060474641782 -1.5114520241317209 1.0
vehicle.motorcycle 0 0 0 0 0 0 0 2.392 1.37 0.828 1.277875784316854 -4.551821163046769 -4.217657096559104 -1.52275930263583 1.0
vehicle.car 0 0 0 0 0 0 0 4.847 1.691 1.788 1.2075699105839768 -8.505014726013657 -5.00403788080796 -0.03971286131731233 1.0
vehicle.motorcycle 0 0 0 0 0 0 0 2.317 1.62 0.744 1.0564448869294887 -0.6112684359504978 -3.5458881164353815 -1.4171735839854058 1.0
human.pedestrian.adult 0 0 0 0 0 0 0 0.664 1.683 0.581 0.2137235105972103 -31.831037658098744 -26.260513611866315 -1.5529121831177575 1.0
vehicle.car 0 0 0 0 0 0 0 4.713 1.654 2.012 2.0181913091134547 -42.338178643306684 10.359679810357484 -2.903298268270728 1.0
vehicle.car 0 0 0 0 0 0 0 4.239 1.684 1.846 0.9295486821445036 -4.130538953741812 -21.188522794278136 -0.06683733322380903 1.0
vehicle.car 0 0 0 0 0 0 0 4.417 1.498 1.783 1.002637775160981 -3.404808329426008 -10.12993775615442 -3.108423077475588 1.0
vehicle.car 0 0 0 0 0 0 0 4.142 1.645 1.748 1.287765434194569 -5.445350429588121 34.25961682772845 0.4233560883704528 1.0
vehicle.car 0 0 0 0 0 0 0 4.315 1.532 1.751 1.0097313379471864 -5.895401129346413 -10.268076043213904 -3.131677871670375 1.0
vehicle.car 0 0 0 0 0 0 0 4.539 1.578 1.833 -0.17565387113964148 29.049584780687457 -21.484437113258537 -3.1081089504771526 1.0
vehicle.car 0 0 0 0 0 0 0 4.198 1.701 1.773 0.8610425107195634 7.59595866214978 -5.379679618100799 -3.0909715786918577 1.0
vehicle.car 0 0 0 0 0 0 0 3.853 1.502 1.716 1.6586492856786341 -30.483987452662 -4.577291728379071 -3.1319826018113783 1.0
vehicle.car 0 0 0 0 0 0 0 4.129 1.483 1.917 1.4826452859874342 -11.184162293153323 21.592621041908966 -2.676028155382017 1.0
vehicle.car 0 0 0 0 0 0 0 4.559 1.951 1.738 1.2134313535952579 -13.712853565507794 -4.391959237705355 -0.02972091766699947 1.0
vehicle.car 0 0 0 0 0 0 0 4.867 1.617 1.846 1.0832249135426204 -1.4743993187888675 12.886808251150294 -1.69331391359359 1.0
vehicle.car 0 0 0 0 0 0 0 4.735 1.928 1.946 2.1325937021127537 -52.08720307478887 12.286535727866598 -2.822390777662082 1.0
vehicle.car 0 0 0 0 0 0 0 3.956 1.467 1.808 0.8703991150203213 -0.6967985900209032 -10.24589114356156 -3.108423077475588 1.0
vehicle.car 0 0 0 0 0 0 0 4.391 1.886 1.914 1.4560484811307086 -15.29320350545119 13.241683494207631 0.3943167484347021 1.0
