movable_object.barrier 0 0 0 0 0 0 0 1.993 1.245 0.744 2.4826758345126634 -29.503666913020034 5.544958649580026 -1.3599516241891347 1.0
movable_object.trafficcone 0 0 0 0 0 0 0 0.41 0.761 0.376 0.18038952523576868 21.21984587501755 1.543877521697328 -0.4038553817732229 1.0
movable_object.barrier 0 0 0 0 0 0 0 2.285 1.092 0.561 0.17250160645977175 36.78309815071034 25.48379576265803 -1.4874148526937372 1.0
movable_object.trafficcone 0 0 0 0 0 0 0 0.536 0.798 0.499 -0.36196965432412365 24.311602546243726 -13.129676690090438 -0.2647896286507585 1.0
movable_object.barrier 0 0 0 0 0 0 0 2.073 1.078 0.633 2.5499344497969108 -37.032042813113826 2.489612746812862 -1.385301645545887 1.0
human.pedestrian.adult 0 0 0 0 0 0 0 0.807 1.706 0.751 1.8905680997368997 -6.601514708470289 23.1957538959719 -1.2660912457066935 1.0
movable_object.barrier 0 0 0 0 0 0 0 1.79 1.119 0.621 -0.054624944714973256 22.743263499408584 1.7898387800462154 -1.7693000105744385 1.0
vehicle.construction 0 0 0 0 0 0 0 3.715 2.033 2.333 -0.5150396298327191 41.65047737634099 29.793671923558207 -1.4650260209074606 1.0
movable_object.barrier 0 0 0 0 0 0 0 2.412 1.385 0.675 0.4702527573300772 35.35608964386421 31.742430755493523 -0.19371282450620342 1.0
movable_object.barrier 0 0 0 0 0 0 0 1.991 1.079 0.59 -0.3916055948204168 23.481191937339513 -9.395079264443286 2.8854323133058477 1.0
vehicle.car 0 0 0 0 0 0 0 4.272 1.65 1.706 -1.2839291973365958 34.46150697576249 -2.0346087465092397 -0.24549491958209657 1.0
movable_object.trafficcone 0 0 0 0 0 0 0 0.356 0.803 0.379 1.980903437104892 -12.475843540096347 9.32621672616166 2.953610213492361 1.0
vehicle.truck 0 0 0 0 0 0 0 6.452 3.236 2.508 -3.2180067558800864 39.39838205505375 -21.736259120247194 -0.24549491958209657 1.0
vehicle.motorcycle 0 0 0 0 0 0 0 2.059 1.931 1.169 1.2343028345358495 16.780988901523905 38.65937646089181 2.930756286801298 1.0
vehicle.bus.rigid 0 0 0 0 0 0 0 11.084 3.32 3.523 -1.566158732985447 56.081215706768695 29.068922401507713 -1.811175892226788 1.0
movable_object.barrier 0 0 0 0 0 0 0 2.032 1.148 0.687 1.2455509351832956 27.71809163674339 43.2531381263996 -0.6363042397544341 1.0
vehicle.car 0 0 0 0 0 0 0 4.01 1.631 1.708 0.47463585924522034 14.268441077732346 14.52663240805333 -1.024597345061288 1.0
human.pedestrian.adult 0 0 0 0 0 0 0 0.618 1.752 0.634 1.843354088290762 -29.828797004990765 -5.9304459240332195 -2.705820479182232 1.0
human.pedestrian.adult 0 0 0 0 0 0 0 0.937 1.568 0.971 2.8456726917371276 -59.50858581499076 -2.7598460421517204 -0.06378719629562113 1.0
movable_object.barrier 0 0 0 0 0 0 0 1.99 1.107 0.651 2.534751683235659 -35.03253463439846 2.89536701586015 -1.3795132590813335 1.0
movable_object.barrier 0 0 0 0 0 0 0 1.969 1.092 0.716 2.440106663855573 -33.030484326653074 3.322317698683124 -1.3456381316693644 1.0
human.pedestrian.adult 0 0 0 0 0 0 0 0.951 1.835 0.767 -0.3370789647115119 22.824775916186162 5.0614465579589005 -1.253854153773366 1.0
movable_object.barrier 0 0 0 0 0 0 0 2.168 1.098 0.647 1.274623716327724 1.1677401185693475 11.470148839128546 -1.3649030064059513 1.0
movable_object.barrier 0 0 0 0 0 0 0 2.143 1.109 0.699 0.3207230742538729 35.109716207238776 26.65139726477628 -0.36830585879953404 1.0
movable_object.barrier 0 0 0 0 0 0 0 1.981 1.078 0.675 -0.2261788261813497 22.491039698605988 -5.61966332333852 2.8854323133058477 1.0
human.pedestrian.adult 0 0 0 0 0 0 0 0.703 1.839 0.661 1.744213336891618 -5.7482484523026045 22.749792037201292 -1.248659568301461 1.0
movable_object.barrier 0 0 0 0 0 0 0 2.037 1.1 0.731 2.3542358541058643 -29.12521676813527 4.304739451506598 -1.3084522969277597 1.0
human.pedestrian.adult 0 0 0 0 0 0 0 1.0 1.604 0.793 2.7187438290922947 -58.7800785258102 -8.265778042588922 -3.0225115064918056 1.0
movable_object.barrier 0 0 0 0 0 0 0 1.994 0.927 0.639 1.197411208798914 2.5470014305785877 12.603843446099756 -1.3574236424059656 1.0
movable_object.barrier 0 0 0 0 0 0 0 1.963 1.044 0.675 1.363607448474856 0.5757604842992204 12.145156252437925 -1.3399895227910061 1.0
human.pedestrian.adult 0 0 0 0 0 0 0 0.716 1.73 0.687 1.142224437172727 10.378828482594356 25.30255855620248 -1.4713301624429151 1.0
vehicle.truck 0 0 0 0 0 0 0 10.201 3.595 2.877 0.9391874472203057 -30.91345017755593 -8.150151125274938 -1.4140524128106033 1.0
human.pedestrian.adult 0 0 0 0 0 0 0 0.819 1.637 0.752 2.2782059066655584 -28.335652204751035 22.253969831869444 -1.6784185229299728 1.0
human.pedestrian.adult 0 0 0 0 0 0 0 0.994 1.757 0.674 -0.4102929373804896 8.284728110255077 -12.87814801704308 -0.15422704818695898 1.0
human.pedestrian.adult 0 0 0 0 0 0 0 0.771 1.766 0.739 1.8313738979930598 -2.8222459399314053 25.225007852880175 -1.0147539723536845 1.0
vehicle.car 0 0 0 0 0 0 0 4.633 1.573 2.011 2.0866732971356643 9.581823691453076 41.8303130532239 2.924249028013966 1.0
movable_object.trafficcone 0 0 0 0 0 0 0 0.444 0.803 0.382 0.116440450349931 23.32551208271125 3.484752411430827 -0.3246548004595091 1.0
vehicle.truck 0 0 0 0 0 0 0 10.107 3.608 2.853 -2.5403773241093526 36.717804415568295 -10.702395659433144 -0.22858512903795258 1.0
vehicle.bicycle 0 0 0 0 0 0 0 1.77 1.709 0.689 1.1038794462160406 9.31295287270207 22.738427349359622 3.1082497292174587 1.0
human.pedestrian.adult 0 0 0 0 0 0 0 0.902 1.807 0.694 -0.5978616443437632 27.11337199953586 6.465620702387246 -1.3881435496813328 1.0
movable_object.barrier 0 0 0 0 0 0 0 2.03 1.15 0.666 1.2213019028672323 3.095858760668399 11.921706461364542 -1.3300348308408019 1.0
human.pedestrian.adult 0 0 0 0 0 0 0 0.908 1.835 0.8 1.969905258866308 -0.046604294622760035 33.788577933102715 2.660157908195959 1.0
vehicle.construction 0 0 0 0 0 0 0 3.992 2.916 3.016 -1.270882060075862 23.958627198526223 -5.852781497594269 -0.24549491958209657 1.0
human.pedestrian.construction_worker 0 0 0 0 0 0 0 0.718 1.76 0.595 -0.585698595585419 23.81462076036909 0.9617346822792575 -1.501538912165044 1.0
movable_object.barrier 0 0 0 0 0 0 0 2.034 1.127 0.683 2.334804150266425 -27.170342451599492 4.8380075036478996 -1.294906911914385 1.0
movable_object.trafficcone 0 0 0 0 0 0 0 0.461 0.72 0.476 2.818277667724613 -38.88733537029918 1.928930622392002 2.1358601106124873 1.0
human.pedestrian.adult 0 0 0 0 0 0 0 0.913 1.76 0.7 -0.528977457660274 26.272624949806648 5.76182146453852 -1.4550444291159694 1.0
human.pedestrian.adult 0 0 0 0 0 0 0 0.858 2.0 0.728 -0.41852511250560287 22.684012194160502 5.850115119251255 -1.1957519588163912 1.0
movable_object.barrier 0 0 0 0 0 0 0 2.326 1.221 0.638 -0.8355136687765622 29.57941114649851 -4.5537129181603655 -0.35892859980389424 1.0
vehicle.car 0 0 0 0 0 0 0 4.712 1.749 2.084 -2.051508382310554 77.91612292363214 25.844314278205207 -1.3103002089442732 1.0
human.pedestrian.adult 0 0 0 0 0 0 0 0.669 1.642 0.621 1.2861879076858211 8.191391191612754 22.452756174074697 2.9420785728884713 1.0
movable_object.trafficcone 0 0 0 0 0 0 0 0.474 0.784 0.485 1.9920991385789406 -13.832521757001382 8.088105716581314 2.914043277584219 1.0
human.pedestrian.adult 0 0 0 0 0 0 0 0.775 1.821 0.734 1.8692402952646419 -7.6489870218005604 22.07830328070404 -1.2492348053306053 1.0
human.pedestrian.construction_worker 0 0 0 0 0 0 0 0.829 1.78 0.759 -0.9616275261490561 27.182031077880108 -4.879185039193109 -0.1278367017864248 1.0
human.pedestrian.adult 0 0 0 0 0 0 0 0.891 1.835 0.934 1.1090818719593956 -26.92640361714761 -19.612957788984332 -1.374143348716549 1.0
movable_object.barrier 0 0 0 0 0 0 0 2.535 1.2 0.676 -0.03792947490280141 43.887630829247875 27.489230922315162 -1.855477111141897 1.0
movable_object.barrier 0 0 0 0 0 0 0 1.945 1.11 0.649 2.252371605544091 -25.2330447715486 5.406587818502416 -1.3040940342719125 1.0
movable_object.trafficcone 0 0 0 0 0 0 0 0.359 0.761 0.415 1.49392044901531 -0.028632771906512658 11.199213699349693 2.839236172608521 1.0
human.pedestrian.adult 0 0 0 0 0 0 0 1.03 1.876 0.838 -0.2658405661236941 36.069915486096406 26.26918078074104 -1.6731089119368932 1.0
human.pedestrian.construction_worker 0 0 0 0 0 0 0 0.851 1.76 0.703 -1.0074758444613197 28.170759259224276 -4.1840997817433845 -1.9426382846349002 1.0
human.pedestrian.adult 0 0 0 0 0 0 0 0.741 1.725 0.79 1.1745300926614228 9.666521608882464 23.719265070367896 3.0118616480614007 1.0
movable_object.barrier 0 0 0 0 0 0 0 1.923 0.919 0.696 1.3793796841728023 -1.3384449709341077 11.751195960357887 -1.3902008853834928 1.0
human.pedestrian.adult 0 0 0 0 0 0 0 0.837 1.916 0.759 -0.26063578591282677 21.695120177787356 6.1453600015132555 -1.2770967075303066 1.0
human.pedestrian.adult 0 0 0 0 0 0 0 0.936 1.856 0.749 -0.4702626402615857 24.329952039685228 4.335218669610031 -1.7393892917821212 1.0
movable_object.barrier 0 0 0 0 0 0 0 2.175 1.245 0.644 -0.5927663003213397 29.62588384512009 -2.230437212741172 -0.25667806302134366 1.0
human.pedestrian.adult 0 0 0 0 0 0 0 0.872 1.809 0.767 3.3948017942560043 -69.52798005898352 29.441668599433193 -0.6471481245866499 1.0
human.pedestrian.adult 0 0 0 0 0 0 0 0.813 1.656 0.698 1.8457254764968405 2.9324855243501258 25.925982036571977 1.7934303338883169 1.0
movable_object.barrier 0 0 0 0 0 0 0 2.042 1.073 0.714 2.0051036286518418 -15.48082844794754 8.641386780616298 -1.3582256219004591 1.0
vehicle.car 0 0 0 0 0 0 0 4.956 2.17 2.135 -1.1215214632528683 30.846763343211332 -0.4494146893536275 -0.24549491958209657 1.0
movable_object.barrier 0 0 0 0 0 0 0 1.827 1.066 0.619 -0.2850593565316895 26.252387026829354 2.55192607895107 -1.2724444229087961 1.0
movable_object.trafficcone 0 0 0 0 0 0 0 0.483 0.733 0.473 1.946398768482222 -12.94686894060025 8.366412319043551 2.8093692558149836 1.0
movable_object.barrier 0 0 0 0 0 0 0 2.025 1.046 0.693 -0.005984513289704285 21.595173392947505 -1.6579769365890145 2.8839843205523685 1.0
vehicle.car 0 0 0 0 0 0 0 4.727 1.957 1.907 -0.07762340022017777 15.90250095391952 -5.111206348575889 2.1841616745197197 1.0
movable_object.barrier 0 0 0 0 0 0 0 2.068 1.169 0.616 -0.4653453601174791 29.123152554482406 -0.20065221097100483 -0.25667806302134366 1.0
human.pedestrian.adult 0 0 0 0 0 0 0 0.746 1.695 0.733 1.8091178759953328 -2.4725975512665284 24.62191691961321 -1.0229596649887078 1.0
vehicle.truck 0 0 0 0 0 0 0 6.013 2.598 2.287 -0.9103234308382386 45.503636457989806 26.173183585202324 -1.827221884220287 1.0
movable_object.barrier 0 0 0 0 0 0 0 1.877 1.203 0.621 -0.3318372032705867 27.99903859277512 1.5342404004462433 -0.8435999700212946 1.0
vehicle.truck 0 0 0 0 0 0 0 4.535 2.059 1.787 0.3014019284132845 22.651500062752707 27.817683760706878 -0.3310000563402724 1.0
movable_object.barrier 0 0 0 0 0 0 0 2.06 1.1 0.759 2.025061587677454 -17.462014246087957 7.257017424874025 -1.3218061911121737 1.0
movable_object.barrier 0 0 0 0 0 0 0 1.964 1.131 0.694 2.10565880023275 -21.32828139210873 6.368564587111263 -1.3566739667370342 1.0
human.pedestrian.adult 0 0 0 0 0 0 0 1.002 1.914 0.685 -0.522333266093574 25.012723255606584 6.373754937777566 -1.470963991886645 1.0
human.pedestrian.construction_worker 0 0 0 0 0 0 0 0.837 1.746 0.775 -0.16838952772497773 16.72165934251684 0.2209273748493303 -1.4621933777158116 1.0
human.pedestrian.adult 0 0 0 0 0 0 0 0.709 1.609 0.648 0.468357919508431 12.797707092158115 4.321365330159164 -0.10243061246768548 1.0
human.pedestrian.adult 0 0 0 0 0 0 0 0.914 1.905 0.695 -0.5791064335661067 26.142142710317096 4.580883078782317 -1.647184195011631 1.0
movable_object.barrier 0 0 0 0 0 0 0 1.977 1.149 0.703 2.19719748247446 -23.297173734801692 5.898487346076908 -1.321527255900202 1.0
human.pedestrian.adult 0 0 0 0 0 0 0 0.769 1.711 0.775 1.8360570108890806 -8.036202991920634 22.68031711951676 -1.3409309545288455 1.0
movable_object.barrier 0 0 0 0 0 0 0 1.908 1.106 0.721 2.0773560085955753 -19.390346393668633 6.804511709829671 -1.3392398651291053 1.0
human.pedestrian.adult 0 0 0 0 0 0 0 0.78 1.812 0.72 -0.49843173855196 24.614190267426594 4.918763125321751 -1.7518244113116221 1.0
human.pedestrian.adult 0 0 0 0 0 0 0 0.915 1.67 1.019 3.104634569979199 -61.349522041430156 -3.071002844744858 -0.18482542927963053 1.0
movable_object.barrier 0 0 0 0 0 0 0 2.056 1.181 0.613 0.08335417482711982 21.354108622758066 0.33938316498985543 -3.021988132677885 1.0
movable_object.barrier 0 0 0 0 0 0 0 2.086 1.091 0.677 -0.10663619861225093 22.030179465559925 -3.6160841744674608 2.93051204652901 1.0
movable_object.barrier 0 0 0 0 0 0 0 2.192 1.132 0.668 1.0813142285620878 29.105113333731584 41.38897340291562 -0.6887122186836407 1.0
movable_object.barrier 0 0 0 0 0 0 0 2.088 1.13 0.719 2.4313040550063554 -27.381133149122576 5.85463971355621 -1.307650374403634 1.0
movable_object.barrier 0 0 0 0 0 0 0 1.977 1.144 0.764 1.9794619957963178 -15.452552420599115 7.718805091581749 -1.3741084792899798 1.0
movable_object.barrier 0 0 0 0 0 0 0 1.967 0.962 0.704 1.6300175506938597 -7.1537573463432205 10.587910683102075 -1.3787809964289242 1.0
movable_object.barrier 0 0 0 0 0 0 0 1.964 1.104 0.72 2.40327984109225 -31.07623106510407 3.791250502878047 -1.315983442291511 1.0
movable_object.barrier 0 0 0 0 0 0 0 1.998 1.068 0.64 0.1402485098762818 39.324762056425534 26.223678407504245 -1.837843708311647 1.0
human.pedestrian.adult 0 0 0 0 0 0 0 1.04 1.937 0.942 2.76616234264681 -59.6131199962882 -4.348290787595514 -0.08401071786765968 1.0
human.pedestrian.adult 0 0 0 0 0 0 0 0.958 1.757 0.777 0.4496862627335353 12.036097152404556 5.772479615424781 -0.21878274936579345 1.0
vehicle.motorcycle 0 0 0 0 0 0 0 2.229 1.336 0.844 -0.65303025576401 15.387968818251098 -15.181924924325967 -0.7826462853121274 1.0
movable_object.barrier 0 0 0 0 0 0 0 2.05 1.081 0.693 1.9382532730100581 -13.493146119471021 9.070986583936053 -1.375660170249148 1.0
movable_object.barrier 0 0 0 0 0 0 0 1.842 0.885 0.677 1.4875572250768276 -3.2286253830085667 11.39302752309122 -1.3727660075851063 1.0
movable_object.barrier 0 0 0 0 0 0 0 2.219 1.169 0.667 0.08974532597699403 41.44958824123676 26.774494268529732 -1.820402320822664 1.0
human.pedestrian.adult 0 0 0 0 0 0 0 0.761 1.73 0.69 -0.11319220167964267 12.580449493335028 -7.703970115985318 -1.6875221248259757 1.0
human.pedestrian.adult 0 0 0 0 0 0 0 0.828 1.734 0.777 1.9184472452955565 -6.668503925056676 23.99700429260455 -1.1969429896436345 1.0
movable_object.barrier 0 0 0 0 0 0 0 1.99 0.921 0.726 1.5403249624669975 -5.200939650753603 10.980501166187782 -1.3553315261025638 1.0
movable_object.trafficcone 0 0 0 0 0 0 0 0.476 0.739 0.51 -0.6962926913700489 25.598979694399222 -18.630594993910954 -0.2647896286507585 1.0
movable_object.barrier 0 0 0 0 0 0 0 2.259 1.215 0.712 1.0587667057565684 30.833789908847013 39.79006161427232 -1.0270289409333486 1.0
