human.pedestrian.adult 0 0 0 0 0 0 0 0.837 1.916 0.759 0.8216471440327295 3.6169954699965 15.497122904159149 -0.7873609556130017 1.0
human.pedestrian.adult 0 0 0 0 0 0 0 0.761 1.73 0.69 0.6503356931998301 0.7592247031246359 -4.136083447092377 -2.234936162501766 1.0
human.pedestrian.adult 0 0 0 0 0 0 0 0.828 1.734 0.777 1.8324027224909758 -30.378666617872103 15.642044842006783 -0.6492040645513981 1.0
movable_object.barrier 0 0 0 0 0 0 0 1.99 0.921 0.726 1.4309595208189605 -24.17426435068644 2.663808834645302 -0.8074751503189752 1.0
human.pedestrian.adult 0 0 0 0 0 0 0 0.813 1.656 0.698 1.9308959613836865 -22.11751004008157 20.3550019900321 1.3326969322031097 1.0
movable_object.barrier 0 0 0 0 0 0 0 2.05 1.081 0.693 1.4327062007255758 -30.271231476353908 -3.284901514467547 -0.8277941650723211 1.0
movable_object.barrier 0 0 0 0 0 0 0 1.842 0.885 0.677 1.4365231438122008 -22.79724660921814 3.956817800499795 -0.8249013170305357 1.0
vehicle.truck 0 0 0 0 0 0 0 10.107 3.608 2.853 -0.8318942875376312 23.017004634050508 6.031587516834103 -0.7701435348474277 1.0
vehicle.car 0 0 0 0 0 0 0 4.633 1.573 2.011 2.6474138764074695 -27.69671482523918 36.45432387148799 2.3764146706598126 1.0
movable_object.trafficcone 0 0 0 0 0 0 0 0.513 0.798 0.488 0.3101649985907168 24.295534248895983 -13.113195391596351 -0.7752136866122843 1.0
human.pedestrian.adult 0 0 0 0 0 0 0 0.958 1.757 0.777 1.1243621086769349 -6.752265632653677 7.157485691711294 -0.7600035645045189 1.0
movable_object.barrier 0 0 0 0 0 0 0 2.068 1.169 0.616 0.9589656555061798 10.972420817030839 11.063806246101421 -0.7990500421395943 1.0
movable_object.barrier 0 0 0 0 0 0 0 2.089 1.076 0.646 2.1452584799563543 -3.4237911665501986 37.08437308962839 -2.3761093675469738 1.0
movable_object.barrier 0 0 0 0 0 0 0 1.99 1.107 0.651 1.0208572964480962 -45.4542220840273 -19.756856276648605 -0.8316455316779248 1.0
movable_object.barrier 0 0 0 0 0 0 0 1.877 1.203 0.621 1.0647661006532771 9.138135478674505 11.891362626838076 -1.390213646736477 1.0
movable_object.barrier 0 0 0 0 0 0 0 2.285 1.092 0.561 2.145796169438504 4.159781052331363 36.892263454530145 -2.034723578631435 1.0
movable_object.trafficcone 0 0 0 0 0 0 0 0.536 0.798 0.499 0.9037537666028108 13.669485326290575 -2.5404942386797322 -0.8073619264540834 1.0
movable_object.trafficcone 0 0 0 0 0 0 0 0.415 0.564 0.411 2.7458483140015857 -21.991163954941765 33.656046735830486 2.3625956025481134 1.0
human.pedestrian.adult 0 0 0 0 0 0 0 1.002 1.914 0.685 0.758896974934814 6.811565187445909 17.098445088054216 -0.7052439295117061 1.0
vehicle.truck 0 0 0 0 0 0 0 6.452 3.236 2.508 -1.0726708251705421 31.07701674102217 -1.9941867445312786 -0.7875671853600537 1.0
human.pedestrian.adult 0 0 0 0 0 0 0 0.709 1.609 0.648 1.1483773788305367 -5.727577584492041 6.856807008140298 -0.39015241575534354 1.0
human.pedestrian.adult 0 0 0 0 0 0 0 0.669 1.642 0.621 1.7461741842218692 -18.80389054380437 19.441801738754275 2.394246884044776 1.0
vehicle.car 0 0 0 0 0 0 0 4.363 1.441 1.875 2.091246236310104 -16.199643922834127 34.620487940663594 2.382922900896858 1.0
human.pedestrian.adult 0 0 0 0 0 0 0 0.775 1.821 0.734 1.793443596751267 -30.108469293353323 13.509304212594815 -0.6317939051002774 1.0
movable_object.barrier 0 0 0 0 0 0 0 1.908 1.106 0.721 1.3232471944890596 -34.13582001561265 -8.295770116634547 -0.7913917999597295 1.0
movable_object.barrier 0 0 0 0 0 0 0 2.042 1.073 0.714 1.4227033889236165 -31.745951483034506 -4.686674265540873 -0.8103678176768305 1.0
vehicle.car 0 0 0 0 0 0 0 4.956 2.17 2.135 0.3801406511806904 12.625916401339476 11.69889125382779 -0.7875671853600537 1.0
human.pedestrian.construction_worker 0 0 0 0 0 0 0 0.687 1.766 0.626 0.745999772034817 4.505624106307036 7.414908627004792 1.3786228565235588 1.0
movable_object.barrier 0 0 0 0 0 0 0 2.168 1.098 0.647 1.4435723203325463 -19.084589187882628 6.304406814980949 -0.8170419804971516 1.0
human.pedestrian.construction_worker 0 0 0 0 0 0 0 0.718 1.76 0.595 0.6964782397612908 5.425007463670804 9.29741941317401 -2.0488559881007777 1.0
movable_object.barrier 0 0 0 0 0 0 0 1.981 1.078 0.675 1.014870065423527 8.11188238479914 2.86387017472385 2.3375922200821986 1.0
movable_object.barrier 0 0 0 0 0 0 0 2.055 1.093 0.626 2.295600528394748 -2.1573448514157425 39.2306107277649 2.9721845245759404 1.0
human.pedestrian.adult 0 0 0 0 0 0 0 0.78 1.812 0.72 0.9162059776300194 1.6370160099578863 10.34535952015035 -2.403956948156871 1.0
movable_object.barrier 0 0 0 0 0 0 0 1.969 1.092 0.716 1.065538584763239 -43.97025849509947 -18.358394032177657 -0.7977866858808333 1.0
human.pedestrian.adult 0 0 0 0 0 0 0 0.902 1.807 0.694 0.8500043063243787 8.77560412548825 18.209821488748496 -0.774926158263403 1.0
movable_object.barrier 0 0 0 0 0 0 0 2.025 1.046 0.693 1.1676331569542724 5.283130439111278 5.782997418890025 2.3361440153113193 1.0
human.pedestrian.adult 0 0 0 0 0 0 0 0.917 1.849 0.822 -1.8233874794339457 18.13379462579577 -37.1387920884659 -0.5516280440677104 1.0
movable_object.trafficcone 0 0 0 0 0 0 0 0.41 0.761 0.376 1.3431014069797185 3.3248343438369568 8.366982770331873 -0.9485408868181331 1.0
movable_object.trafficcone 0 0 0 0 0 0 0 0.427 0.723 0.407 0.29932132495015273 25.457202352744634 -3.6765935863254255 -0.7698821897737318 1.0
movable_object.barrier 0 0 0 0 0 0 0 2.086 1.091 0.677 1.0592054909606865 6.635292999283069 4.3205987550103195 2.3826786241112465 1.0
human.pedestrian.adult 0 0 0 0 0 0 0 0.703 1.839 0.661 1.7875093414150625 -28.880623315732368 15.264897855740482 -0.457293594420797 1.0
vehicle.car 0 0 0 0 0 0 0 4.01 1.631 1.708 1.8357005760104905 -10.25950991694149 35.32073818703263 -0.4693933201012186 1.0
movable_object.barrier 0 0 0 0 0 0 0 1.967 0.962 0.704 1.4155336955811921 -25.63999012424893 1.3122027527447193 -0.8309135938903935 1.0
movable_object.barrier 0 0 0 0 0 0 0 1.974 1.054 0.626 0.9540471653364739 9.462349732489006 1.4987952618899207 2.3375922200821986 1.0
human.pedestrian.construction_worker 0 0 0 0 0 0 0 0.829 1.78 0.759 0.4861733853504665 11.776998119239432 6.057763014760677 -0.4364803707099121 1.0
human.pedestrian.adult 0 0 0 0 0 0 0 1.078 2.0 0.86 -2.9247401561267683 27.97145985972496 -51.127879193301645 -0.6934962823523403 1.0
human.pedestrian.adult 0 0 0 0 0 0 0 0.771 1.766 0.739 1.8919714968514265 -27.96298999209782 18.775178576913248 -0.4847107867673017 1.0
human.pedestrian.adult 0 0 0 0 0 0 0 0.914 1.905 0.695 0.8127101991871135 3.1532371188997894 10.852000588998333 -2.4737507444027065 1.0
movable_object.barrier 0 0 0 0 0 0 0 1.977 1.149 0.703 1.2700611363255532 -36.99564276278298 -11.09546797497285 -0.7736891023737442 1.0
human.pedestrian.adult 0 0 0 0 0 0 0 0.769 1.711 0.775 1.622700967959493 -30.74435068508259 13.597835621517122 -0.6711439456931991 1.0
movable_object.barrier 0 0 0 0 0 0 0 2.03 1.15 0.666 1.4970733802768486 -17.617837834237406 7.740855248849981 -0.7821918127721723 1.0
vehicle.car 0 0 0 0 0 0 0 4.663 1.482 1.745 0.260866672713534 19.500523163926108 4.507470213598081 -0.7875671853600537 1.0
movable_object.barrier 0 0 0 0 0 0 0 1.923 0.919 0.696 1.435357026070072 -21.273788109402783 5.333276241394568 -0.8423285438352117 1.0
human.pedestrian.adult 0 0 0 0 0 0 0 0.951 1.835 0.767 0.8481683480227304 5.115534888117588 14.769919192620026 -0.797525311380614 1.0
human.pedestrian.adult 0 0 0 0 0 0 0 0.908 1.835 0.8 2.0736033394347757 -28.269405828877396 23.139868738738024 1.923855443901994 1.0
vehicle.car 0 0 0 0 0 0 0 4.727 1.957 1.907 0.3300431483194994 12.064649090759456 -4.81381576974288 2.2032593327914487 1.0
movable_object.trafficcone 0 0 0 0 0 0 0 0.466 0.838 0.468 0.22182127368856497 43.11981606025952 -21.610332537284965 -0.7686277375953132 1.0
movable_object.barrier 0 0 0 0 0 0 0 1.977 1.144 0.764 1.3539266976055722 -31.241998512420537 -5.457776833388138 -0.8262431766820413 1.0
movable_object.trafficcone 0 0 0 0 0 0 0 0.384 0.645 0.396 2.745313855016164 -20.263120496197352 35.720618245622475 2.356000146152377 1.0
vehicle.motorcycle 0 0 0 0 0 0 0 2.059 1.931 1.169 2.2236065636389504 -19.834590351570313 37.762341884431116 2.382922900896858 1.0
movable_object.barrier 0 0 0 0 0 0 0 1.945 1.11 0.649 1.2811156219102395 -38.39256654184491 -12.524320925363423 -0.7562664827804113 1.0
movable_object.trafficcone 0 0 0 0 0 0 0 0.359 0.761 0.415 1.5845090450340065 -19.996015396108643 5.405640378920543 2.291389384245477 1.0
vehicle.car 0 0 0 0 0 0 0 4.698 1.581 1.972 2.5035260931652976 -23.042486101548818 41.41125006555321 2.38287055586318 1.0
vehicle.truck 0 0 0 0 0 0 0 10.201 3.595 2.877 -0.37078865942243744 -36.13319269770973 -27.1890903090855 -0.848742017145014 1.0
human.pedestrian.adult 0 0 0 0 0 0 0 0.913 1.76 0.7 0.8465893665063787 8.58995383367878 16.710504541823227 -0.9681619087110533 1.0
movable_object.barrier 0 0 0 0 0 0 0 2.037 1.1 0.731 1.1392202353410095 -41.14609052418545 -15.487656272222738 -0.7606220123189402 1.0
movable_object.barrier 0 0 0 0 0 0 0 2.056 1.181 0.613 1.1795208807725206 4.041479814867802 7.311146760197396 2.7134170372178055 1.0
movable_object.trafficcone 0 0 0 0 0 0 0 0.399 0.705 0.383 1.585161989562989 -17.25198302411683 8.774711454918274 2.338883390780392 1.0
human.pedestrian.adult 0 0 0 0 0 0 0 0.716 1.73 0.687 1.7642167289089448 -18.3243101249856 22.85479266878418 -0.9234296165070237 1.0
movable_object.barrier 0 0 0 0 0 0 0 1.95 1.148 0.72 1.2947121046162706 -39.03913490184867 -11.80210593555763 -0.775832175078472 1.0
human.pedestrian.adult 0 0 0 0 0 0 0 0.807 1.706 0.751 1.8178696697495484 -29.828265382797273 15.047481749638845 -0.5790042307675023 1.0
human.pedestrian.construction_worker 0 0 0 0 0 0 0 0.837 1.746 0.775 0.7283767358357011 0.19755366946628772 4.797139053529322 -0.9142954732434436 1.0
movable_object.barrier 0 0 0 0 0 0 0 1.964 1.104 0.72 1.0524512281564642 -42.54682960600522 -16.939356711037437 -0.7681485657959577 1.0
human.pedestrian.adult 0 0 0 0 0 0 0 0.936 1.856 0.749 0.8440624432809557 2.003916424120059 9.771926527953985 -2.4246682049888584 1.0
movable_object.barrier 0 0 0 0 0 0 0 1.991 1.079 0.59 0.8769731240513765 10.944087575140989 0.10920591326450747 2.3375922200821986 1.0
human.pedestrian.adult 0 0 0 0 0 0 0 1.034 1.798 0.874 -2.7833545047078307 27.12774842112033 -51.883315561198145 -0.6850495922251838 1.0
vehicle.motorcycle 0 0 0 0 0 0 0 2.229 1.336 0.844 0.25920428071127444 7.037896172915811 -9.134540588310536 -1.329130067098303 1.0
human.pedestrian.adult 0 0 0 0 0 0 0 0.741 1.725 0.79 1.6997347461397627 -18.15331576548877 21.164254883664228 2.464040610651457 1.0
vehicle.truck 0 0 0 0 0 0 0 6.013 2.598 2.287 1.4391526963235646 11.33850709203578 42.10440394081538 -2.3746960527633743 1.0
movable_object.barrier 0 0 0 0 0 0 0 1.827 1.066 0.619 1.0229240075028052 7.116016019001276 11.852502235025831 -1.8196027171416826 1.0
movable_object.barrier 0 0 0 0 0 0 0 2.16 1.162 0.685 2.136596781629747 -5.294616798075561 37.018067498533554 -0.8059504560927699 1.0
movable_object.trafficcone 0 0 0 0 0 0 0 0.444 0.803 0.382 1.3572163501110015 4.101126644214078 11.133389109385329 -0.8683754139513304 1.0
vehicle.bicycle 0 0 0 0 0 0 0 1.77 1.709 0.689 1.7025057552943461 -18.07238153571568 20.052103827395644 2.560443959708012 1.0
movable_object.trafficcone 0 0 0 0 0 0 0 0.445 0.734 0.422 1.3299138030967577 4.669813279174812 12.109037653761687 -0.9532477719825341 1.0
human.pedestrian.adult 0 0 0 0 0 0 0 0.819 1.637 0.752 1.039734933542699 -52.96654017058198 -2.0595897758231163 -2.111545042729076 1.0
human.pedestrian.adult 0 0 0 0 0 0 0 0.858 2.0 0.728 0.7877371202641812 4.728459618521173 15.233707724580954 -0.8454481242519609 1.0
vehicle.construction 0 0 0 0 0 0 0 3.715 2.033 2.333 1.6769668379781162 6.093331295433268 43.121413919510296 -2.0123211782929262 1.0
vehicle.truck 0 0 0 0 0 0 0 4.535 2.059 1.787 2.611377022127664 -22.74868698172215 50.41677877042728 -0.7817998180781487 1.0
movable_object.barrier 0 0 0 0 0 0 0 2.06 1.1 0.759 1.3085640796732556 -32.718202996942516 -6.897291874216658 -0.7739678749656349 1.0
movable_object.barrier 0 0 0 0 0 0 0 1.964 1.131 0.694 1.2978441119656 -35.55611863460005 -9.669755384496163 -0.8088169259200733 1.0
movable_object.pushable_pullable 0 0 0 0 0 0 0 0.835 1.265 0.599 0.88058274834115 -36.45387322131074 -24.94731342419827 -0.8742229037679436 1.0
vehicle.construction 0 0 0 0 0 0 0 3.992 2.916 3.016 -0.06795286486461657 9.564142177744827 3.5089174562746357 -0.7875671853600537 1.0
movable_object.barrier 0 0 0 0 0 0 0 2.034 1.127 0.683 1.217911356662251 -39.75427654658869 -14.016511289839492 -0.7470853100521442 1.0
movable_object.barrier 0 0 0 0 0 0 0 2.326 1.221 0.638 0.7778435641139814 13.675236012104868 7.520438101343282 -0.19873218202860699 1.0
vehicle.bus.rigid 0 0 0 0 0 0 0 11.084 3.32 3.523 1.2082628556398176 18.819171525145794 50.02984623261659 -2.358643605377191 1.0
vehicle.car 0 0 0 0 0 0 0 4.819 1.736 1.939 2.2347069778612654 -22.078340698110107 31.250847419778044 2.358966356179682 1.0
movable_object.trafficcone 0 0 0 0 0 0 0 0.484 0.73 0.473 0.09582002250531951 27.682994291983885 -16.870291569192876 -0.7752136866122843 1.0
human.pedestrian.adult 0 0 0 0 0 0 0 0.618 1.752 0.634 0.5496469078583469 -36.402861847880565 -24.595954193118843 3.0296440883450195 1.0
movable_object.trafficcone 0 0 0 0 0 0 0 0.392 0.777 0.437 2.3304973816309307 -16.092258994483952 31.346513694181837 2.3557907666671642 1.0
movable_object.barrier 0 0 0 0 0 0 0 1.79 1.119 0.621 1.1485191450212788 4.46582236057894 9.32846708584722 -2.316750353013271 1.0
movable_object.barrier 0 0 0 0 0 0 0 2.001 1.077 0.626 2.298286525415522 -6.810706048777262 38.53658381739915 -0.771101802606621 1.0
human.pedestrian.adult 0 0 0 0 0 0 0 0.889 1.721 0.8 -2.4324933594888924 23.678360774424757 -46.9687711957865 -0.6666773914305182 1.0
vehicle.car 0 0 0 0 0 0 0 4.272 1.65 1.706 0.47320455184041216 16.54361266536075 12.223542655492416 -0.7875671853600537 1.0
human.pedestrian.construction_worker 0 0 0 0 0 0 0 0.851 1.76 0.703 0.4486378491497647 12.092766365696724 6.98697262407999 -3.083416843637796 1.0
human.pedestrian.adult 0 0 0 0 0 0 0 0.746 1.695 0.733 1.9220336893140226 -27.44642569175619 18.393489451843042 -0.4755180301243058 1.0
human.pedestrian.adult 0 0 0 0 0 0 0 0.994 1.757 0.674 0.615447810388781 -1.850295429746364 -7.249556349138232 -0.3037206407441033 1.0
