vehicle.car 0 0 0 0 0 0 0 4.72 1.803 1.972 0.7674825826480021 6.473525198701014 15.605884788887648 -1.7027202418163627 1.0
vehicle.car 0 0 0 0 0 0 0 4.735 1.928 1.946 1.5209410432078894 -44.88551798432249 11.995129788539463 -2.8318761725103947 1.0
human.pedestrian.adult 0 0 0 0 0 0 0 0.611 1.835 0.58 0.06707666154844882 -20.884593691193828 -25.26308230537678 -1.579755460058073 1.0
vehicle.car 0 0 0 0 0 0 0 4.167 1.521 1.888 0.7074418350568803 10.907226393473033 -21.7610374529041 -0.01982894410807745 1.0
vehicle.car 0 0 0 0 0 0 0 4.245 1.887 1.837 1.4354897524880512 -40.458287566880855 -3.5878433522893407 0.16714166722139856 1.0
vehicle.car 0 0 0 0 0 0 0 4.129 1.483 1.917 1.1361378964969804 -4.00754687866087 21.635286365223113 -2.6855052547473584 1.0
vehicle.car 0 0 0 0 0 0 0 4.477 1.489 1.907 0.5424023926881957 15.975868495282704 -21.341883273364765 -0.07969048437324844 1.0
vehicle.motorcycle 0 0 0 0 0 0 0 2.392 1.37 0.828 1.1242882614131553 2.8719061817208535 -4.185496546535335 -1.5321475509585847 1.0
vehicle.car 0 0 0 0 0 0 0 3.923 1.518 1.834 1.0056380731640848 0.8635196134070449 -21.088871461771763 -0.01982894410807745 1.0
vehicle.car 0 0 0 0 0 0 0 4.417 1.498 1.783 0.8204116821352876 3.95152583879196 -10.052161819126907 -3.117924194547225 1.0
vehicle.car 0 0 0 0 0 0 0 4.142 1.645 1.748 0.9625878513557947 1.5348733318005088 34.191207860378256 0.4133567324833045 1.0
vehicle.car 0 0 0 0 0 0 0 4.867 1.617 1.846 0.857729925860248 5.9216953275752315 12.9547898810474 -1.7027202418163627 1.0
vehicle.car 0 0 0 0 0 0 0 4.662 1.606 1.815 0.5795239860165652 14.935000058406219 -10.621624886347051 -3.117924194547225 1.0
vehicle.car 0 0 0 0 0 0 0 4.042 1.489 1.794 0.7922487372283247 11.669811369659383 -10.423655173760439 3.130356214585241 1.0
vehicle.truck 0 0 0 0 0 0 0 5.424 2.28 2.018 1.470336709347006 -50.38574690304151 -2.1660336538858114 0.3053487921548683 1.0
vehicle.car 0 0 0 0 0 0 0 4.071 1.703 1.816 1.3637819157540125 -25.24082368167201 -10.600784881242575 -0.0277292354487102 1.0
vehicle.car 0 0 0 0 0 0 0 4.539 1.578 1.833 0.01519647950227243 36.8783029861785 -21.188751699507346 -3.1176100504515034 1.0
vehicle.motorcycle 0 0 0 0 0 0 0 2.317 1.62 0.744 0.9320148910313051 6.819354464242788 -3.4680141370947375 -1.4265489237014863 1.0
vehicle.car 0 0 0 0 0 0 0 4.391 1.886 1.914 1.1455383049264025 -8.081832493484178 13.199920258102106 0.38428056320683757 1.0
vehicle.motorcycle 0 0 0 0 0 0 0 2.135 1.392 0.805 1.1001501304254262 2.7946819525717697 -2.8145994792597513 -1.5321475509585847 1.0
vehicle.car 0 0 0 0 0 0 0 3.962 1.6 1.84 1.1074791082918232 -8.30681496097721 -10.34689412063862 -3.14148500092033 1.0
vehicle.car 0 0 0 0 0 0 0 4.092 1.703 1.767 0.9565995396999883 -3.5296034479488103 -10.808975840218983 -3.14148500092033 1.0
vehicle.car 0 0 0 0 0 0 0 4.245 1.773 1.961 0.9720379330451336 -1.9174373149987798 -21.13254746130925 -0.01982894410807745 1.0
vehicle.car 0 0 0 0 0 0 0 4.551 1.842 1.762 0.7032194779656675 12.1087602255419 -5.467717452913372 -3.090000276562069 1.0
vehicle.car 0 0 0 0 0 0 0 3.956 1.467 1.808 0.7708159422139149 6.666125522774715 -10.12527692223377 -3.117924194547225 1.0
vehicle.car 0 0 0 0 0 0 0 3.975 1.707 1.817 1.3196504288066977 -22.586672027998823 -10.088045755405753 -0.04866384008130176 1.0
vehicle.car 0 0 0 0 0 0 0 3.933 1.588 1.856 0.7971987159071567 5.723639849793344 -21.283679886165334 -0.01982894410807745 1.0
vehicle.car 0 0 0 0 0 0 0 4.239 1.684 1.846 0.6686650553562556 3.4573910077879813 -21.072186897594282 -0.07499811310746196 1.0
vehicle.car 0 0 0 0 0 0 0 3.904 1.593 1.765 1.2167603183671762 -11.330939482186754 -4.995186589640386 -0.019662945287528544 1.0
vehicle.car 0 0 0 0 0 0 0 4.559 1.951 1.738 0.9860925103724976 -6.301791285198618 -4.417135748376507 -0.026219862226891877 1.0
vehicle.car 0 0 0 0 0 0 0 4.185 1.568 1.817 1.059721647102476 -5.751987053736303 -10.226363671026004 -3.14148500092033 1.0
human.pedestrian.adult 0 0 0 0 0 0 0 0.675 1.884 0.741 0.49572437937828356 14.134491589521835 -13.732595445058914 0.37659158430373285 1.0
vehicle.car 0 0 0 0 0 0 0 4.468 1.504 1.778 1.2482416722328604 -8.638020707052753 -4.394488333533821 -0.019662945287528544 1.0
vehicle.car 0 0 0 0 0 0 0 4.319 1.74 1.815 1.3984081496126763 -30.15827323175402 -4.514331156262199 -3.14148500092033 1.0
human.pedestrian.adult 0 0 0 0 0 0 0 0.633 1.791 0.638 0.44937630273675655 -14.506936710856877 15.03168669043087 2.071416991709367 1.0
human.pedestrian.adult 0 0 0 0 0 0 0 0.608 1.849 0.64 0.12206355310430894 -20.656054761068603 -25.931034698271898 -1.5775740077186304 1.0
vehicle.car 0 0 0 0 0 0 0 4.315 1.532 1.751 0.8368979332065583 1.403216376875151 -10.20826784025012 3.13395007649598 1.0
vehicle.car 0 0 0 0 0 0 0 4.848 1.999 2.015 0.8393311514792567 -1.424735122264545 28.009897191550696 0.43908992199398345 1.0
vehicle.car 0 0 0 0 0 0 0 4.317 1.612 1.7 1.2110689593610269 -15.696345906378754 -4.687775854538484 -3.14148500092033 1.0
human.pedestrian.adult 0 0 0 0 0 0 0 0.664 1.683 0.581 0.03180827997292013 -20.965061774772444 -26.744369593105404 -1.5623038541617946 1.0
vehicle.motorcycle 0 0 0 0 0 0 0 2.206 1.232 0.971 1.061632344295973 6.976040292252705 -6.11586890409207 1.5837228541527182 1.0
vehicle.car 0 0 0 0 0 0 0 4.12 1.511 1.758 0.8960265632441313 6.609882099628515 10.545673998750306 -1.7027202418163627 1.0
vehicle.car 0 0 0 0 0 0 0 4.445 1.635 1.766 0.7609985577482603 8.320902113321354 -22.342548755762806 -0.07499811310746196 1.0
vehicle.car 0 0 0 0 0 0 0 3.853 1.502 1.716 1.3435955409254583 -22.977325715486096 -4.885016125655579 -3.14148500092033 1.0
vehicle.car 0 0 0 0 0 0 0 3.962 1.459 1.749 1.195806878680295 4.257635382030175 40.46886201644033 0.42059167349102555 1.0
vehicle.car 0 0 0 0 0 0 0 4.441 1.692 1.956 0.9296843784070519 9.008931216625491 23.256518285646255 -1.2194922698436805 1.0
vehicle.car 0 0 0 0 0 0 0 4.713 1.654 2.012 1.4799500128223035 -35.04361619134704 10.116782953459516 -2.9127881574997625 1.0
vehicle.car 0 0 0 0 0 0 0 4.847 1.691 1.788 1.051831963970364 -1.1655994664667289 -5.008377598580138 -0.02664364231582894 1.0
movable_object.trafficcone 0 0 0 0 0 0 0 0.315 0.97 0.312 0.5112056723460255 32.17725597020867 10.757907935488186 2.1439831399045524 1.0
vehicle.car 0 0 0 0 0 0 0 4.553 2.102 1.959 0.5326402065415143 13.382751714536697 33.78235232279692 1.9755635082888698 1.0
vehicle.car 0 0 0 0 0 0 0 4.054 1.873 1.821 1.4639113780836515 -35.321483716960195 -4.764993902830395 -3.054624165171391 1.0
vehicle.car 0 0 0 0 0 0 0 3.958 1.318 1.774 1.4819812037029343 -25.63996703204678 -4.614683686459698 -0.019662945287528544 1.0
vehicle.car 0 0 0 0 0 0 0 4.198 1.701 1.773 0.814371012387517 15.056261831958853 -5.234150296478477 -3.100471745720794 1.0
vehicle.motorcycle 0 0 0 0 0 0 0 2.417 1.514 0.913 0.9344360030973196 7.074444638061164 -2.617962290771487 -1.4402288333496358 1.0
vehicle.car 0 0 0 0 0 0 0 3.865 1.495 1.902 1.1162631555293627 12.943602833255051 60.5566751436169 0.42059167349102555 1.0
vehicle.car 0 0 0 0 0 0 0 4.359 2.056 1.807 0.25619442284092686 26.943530936458206 5.712810063918191 -1.5208389607016093 1.0
