human.pedestrian.adult 0 0 0 0 0 0 0 0.935 1.918 0.863 -1.609160943474031 -1.1795363901589402 -39.51190877405871 0.1055241702026013 1.0
vehicle.car 0 0 0 0 0 0 0 4.167 1.521 1.888 0.9158542712482269 -24.668585844942978 -21.818240814132146 -0.04003337274012608 1.0
vehicle.motorcycle 0 0 0 0 0 0 0 2.135 1.392 0.805 1.948070275275577 -32.87826713225009 -2.8777465153586808 -1.5353347570655682 1.0
vehicle.car 0 0 0 0 0 0 0 4.198 1.701 1.773 1.24441399972521 -20.234157665450898 -5.355543245818782 -3.1033573844661557 1.0
vehicle.car 0 0 0 0 0 0 0 4.456 1.579 1.854 0.8134406776905407 -21.837167903645703 -21.78566939177203 -0.07031424035065648 1.0
human.pedestrian.adult 0 0 0 0 0 0 0 0.675 1.884 0.741 0.8399617016930707 -21.776426431315773 -13.452118101426223 1.0379489157936526 1.0
movable_object.trafficcone 0 0 0 0 0 0 0 0.297 1.001 0.311 -0.6416015211201019 -1.1911799591772092 -25.62390466290166 -0.170419889948775 1.0
vehicle.car 0 0 0 0 0 0 0 3.933 1.588 1.856 0.9301554107116913 -29.602840733460067 -21.543476965427075 -0.04003337274012608 1.0
vehicle.bus.rigid 0 0 0 0 0 0 0 12.98 3.171 3.198 -1.3446829417424964 54.3279151462405 -8.903574397277144 -0.35003797376041845 1.0
movable_object.trafficcone 0 0 0 0 0 0 0 0.315 0.97 0.312 1.355041534387521 -3.2450408283575003 10.600055446933629 2.14126534398903 1.0
vehicle.car 0 0 0 0 0 0 0 4.551 1.842 1.762 1.311837144645133 -23.522391642849783 -5.595854355442829 -3.1208072444651362 1.0
vehicle.car 0 0 0 0 0 0 0 4.559 1.951 1.738 1.553759137796491 -41.975682443881546 -4.676712711414905 -0.04452053104470011 1.0
vehicle.car 0 0 0 0 0 0 0 3.956 1.467 1.808 1.289290280538088 -28.56922261753618 -10.278497172470976 -3.1208072444651362 1.0
vehicle.car 0 0 0 0 0 0 0 4.713 1.654 2.012 2.622671542186132 -70.63652229490218 9.906694856979058 -2.9157017714199487 1.0
human.pedestrian.adult 0 0 0 0 0 0 0 1.034 1.898 0.763 0.5391303054461866 14.93118056258626 8.188194171095816 1.821070452755679 1.0
vehicle.car 0 0 0 0 0 0 0 4.042 1.489 1.794 1.2683352914288046 -23.9359341627051 -10.575418008318394 3.1257333553140167 1.0
vehicle.car 0 0 0 0 0 0 0 4.662 1.606 1.815 1.016439967276126 -20.441506859778983 -10.465802451782853 -3.1208072444651362 1.0
vehicle.car 0 0 0 0 0 0 0 4.445 1.635 1.766 0.8416763448441275 -26.93402130131337 -22.374471726842206 -0.08506332636106251 1.0
vehicle.motorcycle 0 0 0 0 0 0 0 2.417 1.514 0.913 1.756795134632839 -28.59816819105098 -2.6503418669484575 -1.4279387264530108 1.0
vehicle.car 0 0 0 0 0 0 0 4.477 1.489 1.907 0.842998028929928 -19.35179665224823 -21.492488379913166 -0.08938399751195902 1.0
vehicle.car 0 0 0 0 0 0 0 4.539 1.578 1.833 0.19735117200923713 1.3992128809199371 -21.062163513662295 -3.1204931469631667 1.0
vehicle.bicycle 0 0 0 0 0 0 0 1.618 1.002 0.654 0.6863411597618825 -2.957675839212254 -22.430598923998645 3.1232729248605917 1.0
vehicle.motorcycle 0 0 0 0 0 0 0 2.317 1.62 0.744 1.7342428689591847 -28.887453084693966 -3.542019861306737 -1.4297704827464095 1.0
human.pedestrian.adult 0 0 0 0 0 0 0 0.687 1.93 0.671 -1.2435415284702653 -1.503049650853252 -29.253571110795363 -3.0684227688964523 1.0
vehicle.car 0 0 0 0 0 0 0 4.359 2.056 1.807 1.053711052994989 -8.480327810142908 5.625852982283521 -1.5240296617154323 1.0
