human.pedestrian.adult 0 0 0 0 0 0 0 0.611 1.835 0.58 1.750699458173334 -81.01534414487548 -26.224496862183056 -1.5907455048107977 1.0
vehicle.car 0 0 0 0 0 0 0 4.559 1.951 1.738 2.213865116518318 -52.878200255781266 -5.186794127869574 -0.04749633591488944 1.0
movable_object.trafficcone 0 0 0 0 0 0 0 0.425 0.693 0.484 0.6874822363548638 20.4979798170083 -2.6604870941302003 1.6186473620196633 1.0
vehicle.car 0 0 0 0 0 0 0 4.198 1.701 1.773 1.7681001956750078 -31.55374718138517 -5.728545651380722 -3.1112013470334983 1.0
movable_object.trafficcone 0 0 0 0 0 0 0 0.297 1.001 0.311 0.05750219493531705 -12.281922140989323 -25.933366885240673 -0.1777646755333091 1.0
movable_object.trafficcone 0 0 0 0 0 0 0 0.315 0.97 0.312 1.571220326286096 -14.66907717015339 10.40980023439206 2.133406955303622 1.0
human.pedestrian.adult 0 0 0 0 0 0 0 0.664 1.683 0.581 1.5379138459390331 -81.69375949133544 -27.55586341610941 -1.5732985469953178 1.0
vehicle.car 0 0 0 0 0 0 0 4.713 1.654 2.012 3.340349404497754 -81.9971404039524 9.05713453651818 -2.9235432389653244 1.0
vehicle.car 0 0 0 0 0 0 0 3.956 1.467 1.808 1.9315537827559908 -39.956115651345165 -10.728934038285585 -3.128651436617335 1.0
vehicle.motorcycle 0 0 0 0 0 0 0 2.417 1.514 0.913 2.4051324450086873 -40.18499874692987 -3.044247917225448 -1.4357509683827132 1.0
vehicle.bus.rigid 0 0 0 0 0 0 0 12.98 3.171 3.198 -0.6143749990991658 34.732887278546315 13.859378713434634 -0.32300667343303147 1.0
vehicle.car 0 0 0 0 0 0 0 3.933 1.588 1.856 1.7372261025738625 -40.905058960005704 -21.952272282750286 -0.040553041316314875 1.0
vehicle.car 0 0 0 0 0 0 0 4.042 1.489 1.794 1.8646844902475985 -34.8648160673379 -11.02992248259329 3.114398663948859 1.0
vehicle.car 0 0 0 0 0 0 0 4.456 1.579 1.854 1.4963502469603658 -33.24252620441321 -22.31836597520441 -0.0762340357610789 1.0
vehicle.car 0 0 0 0 0 0 0 4.445 1.635 1.766 1.61959610414306 -38.150672160997736 -22.76211334426777 -0.09150441519178187 1.0
vehicle.car 0 0 0 0 0 0 0 4.168 1.55 1.952 0.2822766165513324 28.92529925388533 12.617447468974754 2.8402930725817885 1.0
vehicle.car 0 0 0 0 0 0 0 4.317 1.612 1.7 2.563010059454073 -62.48146420867113 -5.353959494941809 3.1309762489358395 1.0
vehicle.car 0 0 0 0 0 0 0 4.239 1.684 1.846 1.7502966323071485 -43.21568633502443 -21.936514901411716 -0.047601164499303295 1.0
human.pedestrian.adult 0 0 0 0 0 0 0 1.034 1.898 0.763 0.7142509691070786 6.836927234647316 6.7518033697747 2.2494269547411987 1.0
movable_object.trafficcone 0 0 0 0 0 0 0 0.509 0.647 0.515 0.6102139241795363 23.49389996288208 -2.584710531255226 -3.093000904736602 1.0
vehicle.motorcycle 0 0 0 0 0 0 0 2.317 1.62 0.744 2.396054250636647 -40.46714848236931 -3.938447622648267 -1.4375827877558125 1.0
human.pedestrian.adult 0 0 0 0 0 0 0 0.675 1.884 0.741 1.5443388428024192 -33.003059968697045 -14.036342429197092 0.9237698553257188 1.0
vehicle.car 0 0 0 0 0 0 0 4.359 2.056 1.807 1.4176208430185637 -19.8630523361948 5.348135767708695 -1.5318450287206717 1.0
vehicle.car 0 0 0 0 0 0 0 4.662 1.606 1.815 1.647723927337501 -31.52244628955455 -10.99185172344152 -3.128651436617335 1.0
vehicle.car 0 0 0 0 0 0 0 4.477 1.489 1.907 1.5006836137053052 -30.54750910299435 -21.871422975491353 -0.09593185971332474 1.0
movable_object.trafficcone 0 0 0 0 0 0 0 0.464 0.756 0.482 1.0689815581247544 12.861894945644993 -2.8717620449065797 1.4474960346556234 1.0
vehicle.car 0 0 0 0 0 0 0 4.167 1.521 1.888 1.5828044768019023 -35.88221517135588 -22.183990293090236 -0.040553041316314875 1.0
vehicle.car 0 0 0 0 0 0 0 4.245 1.887 1.837 3.2058850290415597 -87.17712053376889 -4.779769242378382 0.15990621129452975 1.0
movable_object.trafficcone 0 0 0 0 0 0 0 0.507 0.815 0.457 0.7539891820984452 17.940435277805165 -2.7733044516600582 1.5256903264387196 1.0
vehicle.car 0 0 0 0 0 0 0 4.539 1.578 1.833 1.032017112816932 -9.856332292752102 -21.31204839773579 -3.1283373349852486 1.0
movable_object.trafficcone 0 0 0 0 0 0 0 0.597 0.746 0.533 0.968066527698128 15.657822154294923 -2.8887090377040527 1.5401361401084301 1.0
