vehicle.car 0 0 0 0 0 0 0 3.956 1.467 1.808 1.85089266568068 -40.503065356129 -10.786822672240227 -3.129330616259713 1.0
vehicle.car 0 0 0 0 0 0 0 4.456 1.579 1.854 1.4210362145668762 -33.745587935919744 -22.307022989370058 -0.07559046107127187 1.0
vehicle.car 0 0 0 0 0 0 0 3.933 1.588 1.856 1.6409639123811837 -41.43900886112449 -21.98791755952666 -0.038409095069868116 1.0
human.pedestrian.adult 0 0 0 0 0 0 0 1.034 1.898 0.763 0.7369396973985387 6.714092909483444 6.406509148688191 2.3010747428107727 1.0
vehicle.bus.rigid 0 0 0 0 0 0 0 12.98 3.171 3.198 -0.41324442767088987 32.962413728161934 17.418192611182423 -0.32339368743751606 1.0
movable_object.trafficcone 0 0 0 0 0 0 0 0.509 0.647 0.515 0.6938358954607183 22.94470269832903 -2.5738623327421504 -3.0936792470308383 1.0
vehicle.car 0 0 0 0 0 0 0 4.477 1.489 1.907 1.4135202748676121 -31.11613840451392 -21.90756877116701 -0.09557835738053555 1.0
vehicle.car 0 0 0 0 0 0 0 4.662 1.606 1.815 1.5723098516401266 -32.04017589772546 -11.047006512174748 -3.129330616259713 1.0
vehicle.car 0 0 0 0 0 0 0 4.559 1.951 1.738 2.080452045087794 -53.49360396132201 -5.229377284445929 -0.04589892719653221 1.0
vehicle.car 0 0 0 0 0 0 0 4.713 1.654 2.012 3.131771185328825 -82.56908587605282 8.986594630675471 -2.9242175810266122 1.0
vehicle.car 0 0 0 0 0 0 0 4.198 1.701 1.773 1.7079358832221665 -32.12867447419257 -5.795195911865585 -3.111880116879618 1.0
vehicle.car 0 0 0 0 0 0 0 4.042 1.489 1.794 1.8023190036249468 -35.48081298656458 -11.046545092833759 3.1154635918305242 1.0
vehicle.car 0 0 0 0 0 0 0 4.168 1.55 1.952 0.1819033043664342 30.704378174617617 5.4327856253525075 2.822156031932331 1.0
vehicle.car 0 0 0 0 0 0 0 4.359 2.056 1.807 1.3554365529649397 -20.38542039246054 5.34349906528739 -1.5324755687056122 1.0
human.pedestrian.adult 0 0 0 0 0 0 0 0.675 1.884 0.741 1.4808563142302908 -33.52923473618273 -14.080941914603061 0.9097096059058822 1.0
vehicle.motorcycle 0 0 0 0 0 0 0 2.135 1.392 0.805 2.537932316779827 -45.02740005872812 -3.3384734580401667 -1.5437815607351126 1.0
movable_object.trafficcone 0 0 0 0 0 0 0 0.597 0.746 0.533 0.9927361407658595 14.62940475210657 -2.808595604573685 1.5394083497217856 1.0
movable_object.trafficcone 0 0 0 0 0 0 0 0.297 1.001 0.311 0.05858780960644311 -12.821453732000766 -25.809702129715077 -0.17790256884273248 1.0
movable_object.trafficcone 0 0 0 0 0 0 0 0.464 0.756 0.482 1.124541281294159 12.297650995726075 -2.8537710905764584 1.446763551145148 1.0
vehicle.motorcycle 0 0 0 0 0 0 0 2.317 1.62 0.744 2.3120253788113296 -41.03202846944425 -3.9705730695897445 -1.4382084560505426 1.0
vehicle.car 0 0 0 0 0 0 0 4.239 1.684 1.846 1.6600488433306688 -43.7166504866483 -21.966160007001008 -0.04448479889722634 1.0
vehicle.car 0 0 0 0 0 0 0 4.445 1.635 1.766 1.5356582477776786 -38.67430174169013 -22.791695054080606 -0.0910974841414145 1.0
movable_object.trafficcone 0 0 0 0 0 0 0 0.315 0.97 0.312 1.5437093347092232 -15.240868729719612 10.390520716622367 2.13270160051354 1.0
