vehicle.car 0 0 0 0 0 0 0 4.539 1.578 1.833 0.9730947188778867 -9.102124220837172 -21.29700529226236 -3.127211211892159 1.0
vehicle.car 0 0 0 0 0 0 0 4.559 1.951 1.738 2.109366438123316 -52.1657182419475 -5.120981412302611 -0.045696411442818885 1.0
vehicle.car 0 0 0 0 0 0 0 4.713 1.654 2.012 3.1864639180531897 -81.22087980603587 9.160442904040996 -2.922414398033851 1.0
vehicle.car 0 0 0 0 0 0 0 4.198 1.701 1.773 1.687234716328923 -30.775932214585993 -5.652444029186079 -3.1100749973037995 1.0
movable_object.trafficcone 0 0 0 0 0 0 0 0.464 0.756 0.482 1.0664614783266964 13.633101361844247 -2.901714417888623 1.448591803762425 1.0
human.pedestrian.adult 0 0 0 0 0 0 0 0.664 1.683 0.581 1.3764582597643984 -80.44888264490109 -27.45687219278393 -1.572146403674636 1.0
vehicle.car 0 0 0 0 0 0 0 4.456 1.579 1.854 1.423109111063638 -32.54346551239867 -22.318331635484306 -0.07455672966521831 1.0
vehicle.bicycle 0 0 0 0 0 0 0 1.618 1.002 0.654 1.1514970394995732 -13.309131908946776 -23.39215085383636 3.1165538207761507 1.0
movable_object.trafficcone 0 0 0 0 0 0 0 0.297 1.001 0.311 0.004655518557088012 -11.574521154167691 -25.880148855292003 -0.176366300484041 1.0
vehicle.bus.rigid 0 0 0 0 0 0 0 12.98 3.171 3.198 -0.6690589074976804 36.6903129785059 10.362149968287394 -0.35642225133166683 1.0
movable_object.trafficcone 0 0 0 0 0 0 0 0.315 0.97 0.312 1.5307800022620843 -13.898322698400834 10.411232758574037 2.134518252806994 1.0
vehicle.car 0 0 0 0 0 0 0 4.662 1.606 1.815 1.5815690378423977 -30.803806545547413 -10.926164232805395 -3.127525317678402 1.0
vehicle.car 0 0 0 0 0 0 0 4.445 1.635 1.766 1.5335474813691876 -37.43170317741553 -22.71881746129413 -0.08989684465110415 1.0
vehicle.car 0 0 0 0 0 0 0 3.956 1.467 1.808 1.834705287923628 -39.20938024745028 -10.657488255513236 -3.127525317678402 1.0
vehicle.car 0 0 0 0 0 0 0 3.933 1.588 1.856 1.6513747722463363 -40.17486889772254 -21.901673312164313 -0.038859945789820216 1.0
human.pedestrian.adult 0 0 0 0 0 0 0 1.034 1.898 0.763 0.597221685370672 7.233847407258832 7.021051569547992 2.145842932851968 1.0
vehicle.car 0 0 0 0 0 0 0 4.042 1.489 1.794 1.777990889859283 -34.21600571013304 -10.9562527231531 3.11377921997532 1.0
movable_object.trafficcone 0 0 0 0 0 0 0 0.425 0.693 0.484 0.7016890357219849 21.267981082611247 -2.687927808071996 1.6197479194840323 1.0
vehicle.car 0 0 0 0 0 0 0 4.359 2.056 1.807 1.3637315998102175 -19.109377433752467 5.363477279511298 -1.5306917848290924 1.0
movable_object.trafficcone 0 0 0 0 0 0 0 0.509 0.647 0.515 0.6261887001788337 24.2512429401131 -2.6115708247142995 -3.091874314257522 1.0
human.pedestrian.adult 0 0 0 0 0 0 0 0.608 1.849 0.64 1.5723492022225627 -80.20213388536573 -26.641299517707996 -1.572146403674636 1.0
human.pedestrian.adult 0 0 0 0 0 0 0 0.675 1.884 0.741 1.4598867563316733 -32.27715972062711 -13.982501884938959 0.9381284052351724 1.0
vehicle.car 0 0 0 0 0 0 0 4.167 1.521 1.888 1.4944412904512439 -35.14077746874539 -22.13072214318147 -0.038859945789820216 1.0
vehicle.motorcycle 0 0 0 0 0 0 0 2.317 1.62 0.744 2.2999559348559933 -39.70128535288794 -3.8925232738762805 -1.4364268567394536 1.0
vehicle.car 0 0 0 0 0 0 0 4.168 1.55 1.952 0.49060190229479916 27.6655642732969 19.03396146382057 2.841415000470196 1.0
vehicle.car 0 0 0 0 0 0 0 4.477 1.489 1.907 1.4520218570996137 -29.782634002108523 -21.826345431505143 -0.09434186162224023 1.0
