vehicle.car 0 0 0 0 0 0 0 4.85 1.696 2.142 2.828769000380742 -11.460780465172027 24.457211690829677 2.438641395115015 1.0
human.pedestrian.construction_worker 0 0 0 0 0 0 0 0.549 1.697 0.523 0.5446559828120215 -22.79719283886752 -14.586721605093443 0.23136261550865633 1.0
human.pedestrian.construction_worker 0 0 0 0 0 0 0 0.648 1.882 0.712 0.7483199994893409 -24.15899254241289 -13.992960259320242 1.815502013691285 1.0
vehicle.car 0 0 0 0 0 0 0 4.387 1.608 1.794 0.5434626825043674 50.192274110433836 2.976424867930563 1.5514176107460118 1.0
vehicle.car 0 0 0 0 0 0 0 5.045 1.634 2.261 1.4289503808088775 -75.88758341911316 -10.95744544384188 3.1379342636710046 1.0
human.pedestrian.construction_worker 0 0 0 0 0 0 0 0.38 1.615 0.467 0.5604237915184314 -23.57110544746285 -14.496901504527893 0.732891094863207 1.0
vehicle.truck 0 0 0 0 0 0 0 6.9 2.884 2.634 0.19901783770697956 -29.903468883497254 -15.693207506570735 0.9539129096817831 1.0
human.pedestrian.construction_worker 0 0 0 0 0 0 0 0.726 1.759 1.098 0.3777922249365028 -14.131984547514786 -11.58546657531342 0.5581062984331893 1.0
human.pedestrian.adult 0 0 0 0 0 0 0 0.907 1.807 0.797 0.30265952819226327 26.651507925053156 -8.141741583697684 1.5268378109024576 1.0
human.pedestrian.construction_worker 0 0 0 0 0 0 0 0.818 1.638 0.566 0.7368469883677559 -22.678293668275376 -13.508843316687889 2.5134986853106325 1.0
human.pedestrian.construction_worker 0 0 0 0 0 0 0 0.763 0.929 0.495 0.8542706291351178 -22.01193181502047 -14.413837553749993 0.7430248443777563 1.0
human.pedestrian.construction_worker 0 0 0 0 0 0 0 0.524 1.78 0.599 0.3750850325948851 -14.423381355154273 -13.018486314049403 0.5273428743130464 1.0
