vehicle.car 0 0 0 0 0 0 0 4.695 1.979 1.91 -0.5903599455803086 54.62469695714575 6.779558342295499 1.6322166257920836 1.0
vehicle.truck 0 0 0 0 0 0 0 4.829 2.104 1.934 0.7611889415802052 6.485867270048604 6.583599259149899 1.5846629544573974 1.0
vehicle.car 0 0 0 0 0 0 0 4.533 1.566 1.838 1.3638686663874247 -10.685711581900529 -3.403991235088385 1.6002492124744405 1.0
vehicle.car 0 0 0 0 0 0 0 4.501 1.621 1.999 0.14155857672226263 4.01609278614286 -19.89307842536319 1.5789068297521203 1.0
vehicle.car 0 0 0 0 0 0 0 4.446 1.536 1.907 0.07553460323345118 -12.633647499159897 -15.955157874248526 3.1348836660389363 1.0
vehicle.car 0 0 0 0 0 0 0 4.522 1.719 2.053 0.5102053965836206 -2.733984721412353 -16.429856924476546 3.1215677553168266 1.0
vehicle.car 0 0 0 0 0 0 0 4.539 1.682 2.015 -0.3322249638194616 22.670126031499752 -20.44649493924064 1.5642978619873658 1.0
vehicle.bus.rigid 0 0 0 0 0 0 0 12.387 3.857 2.982 2.03706448438628 -84.7609584313307 5.326408732072956 1.5411084597142093 1.0
vehicle.car 0 0 0 0 0 0 0 4.482 1.838 1.809 -0.16366528589744522 -10.182213123243361 -16.29131098462308 -3.1308495955802194 1.0
vehicle.bus.rigid 0 0 0 0 0 0 0 12.749 3.76 2.723 0.47726986264818105 -15.930555142946003 6.052397641293975 1.595168363324765 1.0
vehicle.bus.rigid 0 0 0 0 0 0 0 12.331 3.675 2.725 0.8542573128508426 -30.410701298904456 5.622229343450271 1.5875423424170103 1.0
vehicle.car 0 0 0 0 0 0 0 4.469 1.527 1.97 0.13127961743354766 -15.15535223674249 -16.02369771554912 3.140206539940274 1.0
vehicle.car 0 0 0 0 0 0 0 4.48 1.532 1.998 0.18284358194335842 -22.150479429733213 -15.888129609250035 3.1383740751571114 1.0
vehicle.motorcycle 0 0 0 0 0 0 0 2.134 1.794 0.911 -0.19700632000753499 3.7545894632693524 -24.303055616101037 1.5901626165889304 1.0
vehicle.car 0 0 0 0 0 0 0 4.472 1.475 1.98 -0.024319630294202144 -24.60970192828515 -16.08829480630368 3.140206539940274 1.0
vehicle.bus.rigid 0 0 0 0 0 0 0 12.175 3.422 3.037 2.1840206818541352 -82.34966169307882 -4.413361897470715 1.5455409446483852 1.0
human.pedestrian.adult 0 0 0 0 0 0 0 0.617 1.786 0.702 2.0126567437639657 -45.44356314404724 -6.112406420105063 1.6659171144280682 1.0
vehicle.car 0 0 0 0 0 0 0 4.063 1.566 1.802 0.19176178432968882 33.38053800607398 6.8474263111524865 1.6322166257920836 1.0
vehicle.car 0 0 0 0 0 0 0 4.476 1.661 2.002 0.09411429095953971 -17.560461533207796 -16.13516973250503 3.140206539940274 1.0
vehicle.car 0 0 0 0 0 0 0 4.494 1.718 2.029 -0.0035520304268363695 4.411007418407475 -15.244385023458065 1.5789068297521212 1.0
vehicle.car 0 0 0 0 0 0 0 4.481 1.67 2.024 0.04407392229719412 4.386498168860062 -17.498256595955876 1.574561577253732 1.0
human.pedestrian.adult 0 0 0 0 0 0 0 0.538 1.422 0.739 1.1878496821035707 -8.734800969587612 12.973917792010775 2.9533824319422797 1.0
vehicle.truck 0 0 0 0 0 0 0 4.934 2.0 1.828 0.8379108732713538 -2.536931612971572 -8.390821833558975 0.23053151171867636 1.0
vehicle.car 0 0 0 0 0 0 0 4.511 1.563 2.067 0.018232922794869544 -27.063957731546918 -16.378161555658373 3.140206539940274 1.0
