human.pedestrian.construction_worker 0 0 0 0 0 0 0 0.877 1.897 0.86 2.157990764759335 -11.691416755867602 -11.413648705374186 3.134326067699325 1.0
human.pedestrian.adult 0 0 0 0 0 0 0 0.706 1.812 0.772 -0.1564099406786043 22.295934767463823 7.529652559299103 0.40933818437334857 1.0
vehicle.bicycle 0 0 0 0 0 0 0 1.927 1.269 0.764 -0.5295447552237231 49.690355832102256 -8.885226116568916 -2.683455358810651 1.0
movable_object.trafficcone 0 0 0 0 0 0 0 0.473 0.84 0.461 0.419269240045853 -1.261098842315659 16.788189970175658 3.1202015615083623 1.0
human.pedestrian.construction_worker 0 0 0 0 0 0 0 0.895 1.429 0.773 1.7957213382335107 8.69901417640029 -9.002409136394158 1.5673027785359137 1.0
human.pedestrian.adult 0 0 0 0 0 0 0 0.797 1.821 0.89 -0.3753618753717186 23.180684791760786 8.768893231969523 -3.0445820841411937 1.0
human.pedestrian.adult 0 0 0 0 0 0 0 0.75 1.725 0.889 -0.06623586589910982 6.797229362469067 13.965296536821883 1.9589969916325298 1.0
human.pedestrian.construction_worker 0 0 0 0 0 0 0 0.994 1.396 0.799 2.0040248020418754 7.151346165202052 -10.33066302555808 3.126479119650723 1.0
human.pedestrian.construction_worker 0 0 0 0 0 0 0 1.027 1.351 1.041 1.6804199803263822 6.78218911033177 -8.000618607912342 3.126479119650723 1.0
human.pedestrian.adult 0 0 0 0 0 0 0 0.735 1.926 0.785 0.7743224745937425 18.189065040977873 -8.105150004879235 2.641547299889279 1.0
human.pedestrian.construction_worker 0 0 0 0 0 0 0 0.687 1.917 0.687 1.216401096808025 9.256678375003343 -10.0607997540166 1.8001018452604178 1.0
human.pedestrian.construction_worker 0 0 0 0 0 0 0 0.831 1.461 0.772 1.673691707781284 8.620830146204334 -11.945848116008678 0.08650995148163343 1.0
vehicle.bus.rigid 0 0 0 0 0 0 0 10.695 3.309 2.574 -2.3006401058934607 78.80267090586506 -3.3298695749239546 1.5684624558143465 1.0
human.pedestrian.construction_worker 0 0 0 0 0 0 0 0.745 1.725 0.757 -0.568973665986308 24.942309090648454 10.386914030384492 0.29133138875792675 1.0
movable_object.trafficcone 0 0 0 0 0 0 0 0.442 0.89 0.429 0.356989300880124 0.2566135266556441 16.929510082859238 3.1031126554653543 1.0
human.pedestrian.adult 0 0 0 0 0 0 0 0.637 1.759 0.801 -0.041049181095517806 33.64221946178652 -4.538494917862772 0.40768989471168426 1.0
human.pedestrian.adult 0 0 0 0 0 0 0 0.91 2.0 0.836 0.6442041118869808 18.31792231534373 -9.239489907434622 1.1832685554820355 1.0
human.pedestrian.construction_worker 0 0 0 0 0 0 0 0.782 1.876 0.842 -0.7111148162055027 24.96750741897257 12.159079637110894 3.137464846968511 1.0
vehicle.bus.rigid 0 0 0 0 0 0 0 12.088 3.624 2.726 -3.2290853179423884 80.99096990978052 6.263096335454704 1.5684624558143465 1.0
vehicle.car 0 0 0 0 0 0 0 4.145 1.737 2.09 -1.5042280899674472 32.82255805884006 23.5270329172796 1.5612051440152577 1.0
human.pedestrian.adult 0 0 0 0 0 0 0 0.824 1.931 0.836 0.4761543816662774 19.724951311433045 -9.528248790131645 1.449310264305483 1.0
human.pedestrian.adult 0 0 0 0 0 0 0 0.845 1.917 0.877 -0.24554271904213165 23.330916004746722 7.584626974198583 0.9078787622874334 1.0
human.pedestrian.construction_worker 0 0 0 0 0 0 0 0.745 1.87 0.786 -0.6412977411559824 24.107473083130174 11.095628407762018 1.5637585504620777 1.0
vehicle.car 0 0 0 0 0 0 0 4.657 2.0 2.112 -1.4275673038053134 33.16164128963808 18.422625832567807 1.5659090275433556 1.0
human.pedestrian.construction_worker 0 0 0 0 0 0 0 0.91 1.904 0.906 2.3249320542950693 -11.532457639198666 -13.137409885200407 -3.136478498932169 1.0
human.pedestrian.adult 0 0 0 0 0 0 0 0.891 1.849 0.882 0.6867917146331323 20.616991605008003 -8.765626322196686 1.0865896549347553 1.0
vehicle.car 0 0 0 0 0 0 0 4.492 1.6 2.084 -1.324649048024235 32.48305239916554 21.09909196356109 1.5612051440152577 1.0
human.pedestrian.adult 0 0 0 0 0 0 0 0.834 1.967 0.85 -0.3949623004351257 21.984355636238508 8.640000350146336 2.6619482222610227 1.0
