vehicle.bus.rigid 0 0 0 0 0 0 0 12.749 3.76 2.723 1.8838731740415684 -75.91979347373065 2.4947853468835666 1.644360984855819 1.0
vehicle.car 0 0 0 0 0 0 0 4.063 1.566 1.802 1.8754966497107892 -26.67885908240865 5.700433035474349 1.6814084186960985 1.0
vehicle.truck 0 0 0 0 0 0 0 4.829 2.104 1.934 2.2259521422711077 -53.4000037922751 4.223544636809462 1.6338558145235016 1.0
vehicle.car 0 0 0 0 0 0 0 4.517 1.653 1.988 1.2255167505934548 -78.86087773870068 -19.531474325744714 3.0910404528616233 1.0
vehicle.truck 0 0 0 0 0 0 0 9.895 3.703 3.25 -0.3510759434850771 19.438238457466746 8.209360891122087 1.5452082450995377 1.0
human.pedestrian.adult 0 0 0 0 0 0 0 0.764 1.18 0.744 -1.1415727150136847 20.885089499195658 -20.078623517761724 0.04203125331787971 1.0
human.pedestrian.adult 0 0 0 0 0 0 0 0.804 1.628 0.725 0.6295813901026743 11.461286183725823 9.539762566008415 1.4194401387785058 1.0
human.pedestrian.adult 0 0 0 0 0 0 0 0.854 1.797 0.675 0.6193482284599497 9.848536073857645 9.976534091548816 1.8058842486564552 1.0
vehicle.car 0 0 0 0 0 0 0 4.695 1.979 1.91 1.092610344002755 -5.483203181236973 6.822834457185465 1.6814084186960985 1.0
vehicle.car 0 0 0 0 0 0 0 4.977 1.707 1.933 0.22668138476251054 31.18536773841431 7.80545480505763 1.533574807458768 1.0
human.pedestrian.adult 0 0 0 0 0 0 0 0.738 1.849 0.682 -1.182673471442419 13.767171183031568 -21.627703752041526 0.6080112664884987 1.0
human.pedestrian.adult 0 0 0 0 0 0 0 0.792 1.809 0.827 0.6239391573935973 8.750733474644145 10.151560879588933 1.688964513850312 1.0
vehicle.truck 0 0 0 0 0 0 0 6.877 3.22 2.665 -1.1923415914431468 50.38756219485503 5.306120923793206 1.4360934770528333 1.0
human.pedestrian.adult 0 0 0 0 0 0 0 0.768 1.782 0.717 0.6310574561670544 7.21834665189589 10.011239978472389 1.6779124913078487 1.0
human.pedestrian.adult 0 0 0 0 0 0 0 0.785 1.241 0.656 -1.0916952163915599 21.001355197993263 -20.92018725415625 1.7158670730512737 1.0
vehicle.truck 0 0 0 0 0 0 0 4.934 2.0 1.828 2.1538201044113543 -61.875239754428605 -11.147633371233242 0.182040515810439 1.0
