vehicle.bicycle 0 0 0 0 0 0 0 1.722 1.302 0.687 1.6697634603952527 -22.856229026307044 -7.6766001488069024 1.6805060466449078 1.0
vehicle.car 0 0 0 0 0 0 0 4.662 1.423 1.774 2.853728157026984 -70.21145240658326 1.8194130778725632 1.6119265350997072 1.0
vehicle.car 0 0 0 0 0 0 0 4.326 1.563 1.974 0.8681583939919356 3.8951259433834506 -3.2802737729412605 1.5863455673861537 1.0
vehicle.truck 0 0 0 0 0 0 0 5.075 2.104 1.944 0.1823176536744333 21.33485008613758 6.584293541622382 1.576328323185849 1.0
vehicle.car 0 0 0 0 0 0 0 4.582 1.968 1.94 -0.27193812693296027 12.011344535285046 -16.307760318374584 3.1214131698541276 1.0
human.pedestrian.adult 0 0 0 0 0 0 0 0.929 1.859 0.901 2.176368024916844 -50.042711113083875 7.845412238785307 1.569302682752407 1.0
vehicle.car 0 0 0 0 0 0 0 4.429 1.542 2.055 -0.32402327371182615 48.54828893852167 6.9282393117742265 1.6429878990647753 1.0
vehicle.truck 0 0 0 0 0 0 0 4.943 1.937 2.133 0.3467497131431964 12.186649949318348 -8.15458312366384 0.2223549854057203 1.0
vehicle.bus.rigid 0 0 0 0 0 0 0 11.947 3.8 3.13 -0.0634446727924872 -0.882659218834741 6.464877619912731 1.579469332701569 1.0
vehicle.car 0 0 0 0 0 0 0 4.434 1.91 2.029 -0.733247134598181 4.5764643414968535 -16.037526154244144 3.1400864473478123 1.0
vehicle.bicycle 0 0 0 0 0 0 0 1.707 1.114 0.569 1.621048845344843 -17.773726710927562 -7.367456006952817 2.2960002959977803 1.0
vehicle.car 0 0 0 0 0 0 0 4.283 1.595 1.843 -0.21206480013146706 -9.923917278051784 -15.842991165885444 3.129615450613752 1.0
vehicle.car 0 0 0 0 0 0 0 4.449 1.586 1.98 -0.46399208896388283 2.1858013986107454 -15.843452936329752 3.1400864473478123 1.0
vehicle.car 0 0 0 0 0 0 0 4.533 1.521 1.992 -0.2800912749633726 -7.669212127914825 -15.752486554579772 -3.108195537630584 1.0
vehicle.car 0 0 0 0 0 0 0 4.871 1.701 2.01 0.025023384586182806 -14.774750414731232 -16.054386702167537 3.1296154506137484 1.0
vehicle.car 0 0 0 0 0 0 0 4.303 1.645 1.936 -0.360036720526786 -2.9390018467309256 -16.5142807666321 -3.108195537630584 1.0
vehicle.car 0 0 0 0 0 0 0 4.66 1.809 2.105 -0.4043854956644985 -5.393559349869583 -15.791350168351965 -3.108195537630584 1.0
vehicle.car 0 0 0 0 0 0 0 4.366 1.576 1.963 -0.06695091319179253 -12.471379342035487 -16.08354883543876 3.1296154506137484 1.0
vehicle.car 0 0 0 0 0 0 0 4.203 1.559 2.033 -0.488986449221002 -0.4275618915951402 -15.85965773066622 -3.132453346499746 1.0
vehicle.bus.rigid 0 0 0 0 0 0 0 12.731 3.83 2.787 0.36119738464228923 -15.696521798692563 6.10911844835858 1.562019303135136 1.0
human.pedestrian.adult 0 0 0 0 0 0 0 1.014 1.697 0.901 1.8137748404368383 -32.591079704973836 -5.819561649884767 1.5565724894215869 1.0
vehicle.bus.rigid 0 0 0 0 0 0 0 10.695 3.309 2.574 1.947187566714745 -72.47764532177504 -4.034917612244931 1.5747121932240082 1.0
vehicle.bicycle 0 0 0 0 0 0 0 1.69 1.082 0.523 1.5985072950409127 -18.98864735248532 -7.9572557299325535 1.535844368066444 1.0
vehicle.bus.rigid 0 0 0 0 0 0 0 12.088 3.624 2.726 1.7278546187166803 -69.77569827164417 5.642209450897888 1.5747121932240082 1.0
