animal 0 0 0 0 0 0 0 0.453 0.379 0.288 0.4178700921343017 25.19429794996801 -9.97856164474565 -2.606401950208099 1.0
vehicle.car 0 0 0 0 0 0 0 4.533 1.566 1.838 1.436191715954875 -16.413340779590193 -3.4081238038532726 1.5992558624611801 1.0
vehicle.motorcycle 0 0 0 0 0 0 0 2.134 1.794 0.911 -0.2968096942327613 -1.9610353499128095 -24.32552160758606 1.5891695809315323 1.0
vehicle.truck 0 0 0 0 0 0 0 9.895 3.703 3.25 -1.9822848988459434 73.84780905568704 6.81063527187172 1.4970716853622577 1.0
vehicle.car 0 0 0 0 0 0 0 4.494 1.718 2.029 -0.014827624255579583 -1.3057142692647548 -15.206367787550453 1.577914148602657 1.0
vehicle.car 0 0 0 0 0 0 0 4.469 1.527 1.97 0.08723392382798056 -20.871818455714443 -16.06661043087787 3.1391822973639574 1.0
vehicle.car 0 0 0 0 0 0 0 4.539 1.682 2.015 -0.3876441707080607 16.958239354465164 -20.45061338181231 1.5653539948656459 1.0
vehicle.car 0 0 0 0 0 0 0 4.476 1.661 2.002 -0.03577122449190884 -23.2252253775832 -16.14816773335271 3.1391822973639574 1.0
vehicle.car 0 0 0 0 0 0 0 4.517 1.653 1.988 -0.08975245931374587 -25.685213265841636 -16.107245662180965 3.1391822973639574 1.0
vehicle.car 0 0 0 0 0 0 0 4.446 1.536 1.907 0.0244506817394905 -18.282774068820377 -15.92104797965765 3.1338595079702216 1.0
vehicle.car 0 0 0 0 0 0 0 4.063 1.566 1.802 0.43815230085869816 27.659160697615217 6.837775954959894 1.610003481648734 1.0
vehicle.car 0 0 0 0 0 0 0 4.695 1.979 1.91 -0.4104476266286404 48.888827580958186 6.773970113854668 1.6332706705177387 1.0
vehicle.bus.rigid 0 0 0 0 0 0 0 12.387 3.857 2.982 2.1911679484993285 -90.49982715869253 5.28609334821854 1.5401169988668748 1.0
vehicle.car 0 0 0 0 0 0 0 4.482 1.838 1.809 -0.21870684679493313 -15.865504033830916 -16.208544056602943 3.1338595079702216 1.0
vehicle.bus.rigid 0 0 0 0 0 0 0 12.749 3.76 2.723 0.6382109706647204 -21.667159018973695 5.972041154060235 1.5962235300502323 1.0
vehicle.truck 0 0 0 0 0 0 0 4.934 2.0 1.828 0.8895260459086429 -8.260220403778671 -8.429700327488002 0.2297880409641393 1.0
vehicle.truck 0 0 0 0 0 0 0 4.829 2.104 1.934 0.9608911664391342 0.7486378984640114 6.526866394513553 1.5857184466817058 1.0
vehicle.bus.rigid 0 0 0 0 0 0 0 12.331 3.675 2.725 1.0288926648632812 -36.14679032113968 5.557273547859589 1.5885977450942157 1.0
vehicle.car 0 0 0 0 0 0 0 4.522 1.719 2.053 0.32372635125104954 -8.48519938265391 -16.464218618250047 3.1205438086704405 1.0
vehicle.car 0 0 0 0 0 0 0 4.533 1.616 2.056 -0.05814273267774209 16.918002287807536 -17.488759438620164 1.5653539948656459 1.0
