human.pedestrian.adult 0 0 0 0 0 0 0 0.95 2.0 0.917 -1.7059552154118225 50.70307108684817 11.948323986020608 1.7313738420596803 1.0
human.pedestrian.adult 0 0 0 0 0 0 0 0.91 2.0 0.836 1.3085724193775725 -2.8930817639242647 -9.531154516394805 1.1718518996093445 1.0
vehicle.bicycle 0 0 0 0 0 0 0 1.803 1.236 0.713 0.6461809835655206 26.414276400181222 -8.881268352054601 0.1380930845719215 1.0
vehicle.bus.rigid 0 0 0 0 0 0 0 12.088 3.624 2.726 -2.2191165480333255 59.79497394088676 6.9512903720224966 1.5571082063137913 1.0
human.pedestrian.adult 0 0 0 0 0 0 0 0.972 1.823 0.998 -0.9640646813592437 35.43744236937856 11.762368895071052 1.4973461098699632 1.0
vehicle.car 0 0 0 0 0 0 0 4.657 2.0 2.112 -0.705716717732804 11.570678591642906 18.44008565362346 1.576959002847655 1.0
human.pedestrian.adult 0 0 0 0 0 0 0 0.834 1.967 0.85 0.35567368272362615 1.2205498332542104 8.432342945969696 2.65070011746346 1.0
human.pedestrian.adult 0 0 0 0 0 0 0 0.75 1.725 0.889 0.4769989027897404 -14.59104133034118 13.477454447838204 1.9476877759845923 1.0
vehicle.car 0 0 0 0 0 0 0 5.013 2.0 2.053 -1.8320278021675735 1.8957061237389607 45.27687721085654 0.08192816355286414 1.0
human.pedestrian.construction_worker 0 0 0 0 0 0 0 0.745 1.87 0.786 0.04652369598704659 2.749328821747849 10.949553523184354 1.5524036726035586 1.0
human.pedestrian.construction_worker 0 0 0 0 0 0 0 0.782 1.876 0.842 0.009554262017414106 3.588735974654996 12.128213309806531 2.372211139976912 1.0
human.pedestrian.construction_worker 0 0 0 0 0 0 0 0.895 1.429 0.773 2.3966167348437106 -12.405378691226186 -9.262536321879344 1.5783529917463373 1.0
movable_object.trafficcone 0 0 0 0 0 0 0 0.48 0.886 0.476 0.8943686847253027 -19.329925220172044 16.572388202190407 3.0744591860919197 1.0
human.pedestrian.adult 0 0 0 0 0 0 0 0.637 1.759 0.801 0.6229328466773423 12.49059916474796 -4.516717313561971 0.4179548399784374 1.0
movable_object.trafficcone 0 0 0 0 0 0 0 0.416 0.859 0.39 0.7966191635971938 -16.13564408124675 16.542287759908493 -2.670391988923443 1.0
human.pedestrian.construction_worker 0 0 0 0 0 0 0 0.8 1.846 0.787 -0.6097230942379207 2.321497582055769 28.390445088143483 2.5141621606950437 1.0
human.pedestrian.adult 0 0 0 0 0 0 0 0.797 1.821 0.89 0.2825215357926334 1.8470780878398303 8.560612621284557 -3.027883966537585 1.0
human.pedestrian.adult 0 0 0 0 0 0 0 0.824 1.931 0.836 1.1086937083949717 -1.579264917906381 -9.46031105504759 1.437939252155708 1.0
movable_object.trafficcone 0 0 0 0 0 0 0 0.592 0.759 0.553 0.7801202056503318 -14.566286718943605 16.72807864712148 2.5141621606950437 1.0
human.pedestrian.adult 0 0 0 0 0 0 0 0.735 1.926 0.785 1.462669547288648 -3.0211731141247 -8.309202520130974 2.6302976019206934 1.0
human.pedestrian.construction_worker 0 0 0 0 0 0 0 1.027 1.351 1.041 2.2505519948246793 -14.334219917376805 -8.283859349623102 3.1152663918789827 1.0
vehicle.motorcycle 0 0 0 0 0 0 0 1.985 1.533 0.821 -2.0805964384106077 41.75896127050192 28.278572714903063 0.8514998833703391 1.0
human.pedestrian.adult 0 0 0 0 0 0 0 0.706 1.812 0.772 0.492419569468029 0.9572189863998236 7.38516224162424 0.3976179759727936 1.0
human.pedestrian.adult 0 0 0 0 0 0 0 0.851 1.063 0.879 0.5496501160492419 5.993178990435949 8.656798000120808 3.0854457381321403 1.0
human.pedestrian.construction_worker 0 0 0 0 0 0 0 0.745 1.725 0.757 0.182201572743503 3.523991883231541 10.669961579574464 0.3010843491076165 1.0
human.pedestrian.construction_worker 0 0 0 0 0 0 0 0.708 1.835 0.77 -0.05587596408471243 4.58518815654349 11.9149999548733 1.9532529433698729 1.0
vehicle.car 0 0 0 0 0 0 0 4.145 1.737 2.09 -0.6430709334942192 11.367701509946851 23.66477768378403 1.572254313659072 1.0
human.pedestrian.adult 0 0 0 0 0 0 0 0.891 1.849 0.882 1.3585358140910588 -1.2192048865528546 -8.543978311966253 -2.631156293885833 1.0
human.pedestrian.adult 0 0 0 0 0 0 0 0.845 1.917 0.877 0.3793876681268106 2.0428575728991922 7.488306067338137 0.9187412552350622 1.0
movable_object.trafficcone 0 0 0 0 0 0 0 0.442 0.89 0.429 0.9437342572330462 -21.200549391446778 16.570096893885463 3.091898158928686 1.0
movable_object.trafficcone 0 0 0 0 0 0 0 0.473 0.84 0.461 1.010388012630124 -22.758410995947894 16.27985820226616 3.108988358349782 1.0
vehicle.bus.rigid 0 0 0 0 0 0 0 10.695 3.309 2.574 -1.3507803625083612 57.64772924636889 -2.7454666369352405 1.5571082063137913 1.0
vehicle.bicycle 0 0 0 0 0 0 0 1.927 1.269 0.764 0.5533942246563528 28.607149908848996 -8.658103855876362 -2.6946310917491996 1.0
human.pedestrian.adult 0 0 0 0 0 0 0 0.78 1.76 0.899 1.2795227290576217 -1.0363086122857257 -15.209042819174845 2.862576993227716 1.0
vehicle.truck 0 0 0 0 0 0 0 4.536 2.083 1.884 -1.098450400014507 2.160920428879208 34.36834025270316 0.08106967294263878 1.0
vehicle.car 0 0 0 0 0 0 0 4.492 1.6 2.084 -0.5111438948043825 11.052468297695809 21.1153696587012 1.572254313659072 1.0
vehicle.car 0 0 0 0 0 0 0 4.415 1.588 1.821 0.0027425027606340358 47.474773174430716 -3.0016728265740786 1.610777302079085 1.0
