human.pedestrian.construction_worker 0 0 0 0 0 0 0 1.027 1.351 1.041 2.289827647348196 -29.81373241765535 -8.402665484588333 3.114947679514727 1.0
vehicle.bus.rigid 0 0 0 0 0 0 0 12.088 3.624 2.726 -1.844278080232686 44.4172298309233 7.0833108644599045 1.555991750181188 1.0
human.pedestrian.adult 0 0 0 0 0 0 0 0.75 1.725 0.889 1.6687501609806383 -30.191521703107647 13.39835006542048 1.9468377209965881 1.0
human.pedestrian.construction_worker 0 0 0 0 0 0 0 0.895 1.429 0.773 2.275699218306552 -27.89101349201734 -9.390655525269889 1.5778697089746307 1.0
vehicle.bicycle 0 0 0 0 0 0 0 1.803 1.236 0.713 0.5721162007241274 10.932613868210192 -8.957902135453338 0.12576654097964068 1.0
human.pedestrian.adult 0 0 0 0 0 0 0 0.735 1.926 0.785 1.3858510796553354 -18.489629353456237 -8.434699161541662 2.6297810238993726 1.0
human.pedestrian.adult 0 0 0 0 0 0 0 0.706 1.812 0.772 1.192458584709714 -14.518980110239774 7.2200302813532335 0.393336420191603 1.0
human.pedestrian.adult 0 0 0 0 0 0 0 0.891 1.849 0.882 1.346853857044392 -16.752581989905728 -8.696956045933497 -2.631256499532876 1.0
human.pedestrian.adult 0 0 0 0 0 0 0 0.95 2.0 0.917 -0.9857948645575079 37.20236384216785 11.536225789843428 1.7710823639234343 1.0
vehicle.bicycle 0 0 0 0 0 0 0 1.927 1.269 0.764 0.4280580440619611 13.12237823925033 -8.733212912697667 -2.694758111484905 1.0
human.pedestrian.adult 0 0 0 0 0 0 0 0.797 1.821 0.89 1.1282713859228555 -13.542837896789433 8.528988792014374 -2.810946133577394 1.0
movable_object.trafficcone 0 0 0 0 0 0 0 0.48 0.886 0.476 2.3115107959846624 -34.764703301732524 16.28530223545876 3.0741241982642107 1.0
human.pedestrian.adult 0 0 0 0 0 0 0 0.845 1.917 0.877 1.086935258830013 -13.428946829763188 7.426619911172464 0.9174359914576486 1.0
human.pedestrian.adult 0 0 0 0 0 0 0 0.91 2.0 0.836 1.1598749477362311 -18.249692486200587 -9.366376727835174 1.170342208358603 1.0
human.pedestrian.construction_worker 0 0 0 0 0 0 0 0.745 1.725 0.757 1.0788849844626718 -12.048688566749014 10.45281278679417 0.2960847403964273 1.0
human.pedestrian.adult 0 0 0 0 0 0 0 0.851 1.063 0.879 1.338657606385777 -9.473607194949286 8.58173472495141 3.085115133778552 1.0
vehicle.car 0 0 0 0 0 0 0 5.013 2.0 2.053 0.8683615925168366 -13.810871082994053 45.275221185422886 0.05943968009528611 1.0
human.pedestrian.adult 0 0 0 0 0 0 0 0.834 1.967 0.85 1.1605632078312589 -14.489136751991735 8.242608424529768 2.6501922044469026 1.0
movable_object.trafficcone 0 0 0 0 0 0 0 0.473 0.84 0.461 2.5416920733694974 -38.40795438377427 16.237813997515673 3.1086671429691695 1.0
movable_object.trafficcone 0 0 0 0 0 0 0 0.443 0.794 0.431 0.48457585832989386 16.394931327214124 -5.127798786258358 0.09238201347841324 1.0
vehicle.bus.rigid 0 0 0 0 0 0 0 10.695 3.309 2.574 -1.3731775638016188 42.15747870382731 -2.745454375742363 1.555991750181188 1.0
human.pedestrian.construction_worker 0 0 0 0 0 0 0 0.745 1.87 0.786 1.039820537148568 -12.732372691611985 10.895217563403119 1.551283403695173 1.0
human.pedestrian.construction_worker 0 0 0 0 0 0 0 0.782 1.876 0.842 0.9480688576309773 -12.386473680200057 12.21858807207031 1.4129124986596944 1.0
vehicle.car 0 0 0 0 0 0 0 4.386 1.494 2.052 1.2306793604274435 -13.400859636315387 39.3734043932267 0.058341312963556824 1.0
human.pedestrian.adult 0 0 0 0 0 0 0 0.972 1.823 0.998 -0.20529455110482442 21.756188752808118 11.921893223707745 1.5397741945891719 1.0
human.pedestrian.construction_worker 0 0 0 0 0 0 0 0.708 1.835 0.77 0.8973740509791359 -11.003526331636493 11.778870358440564 1.8919742284776646 1.0
human.pedestrian.adult 0 0 0 0 0 0 0 0.637 1.759 0.801 0.7471465263938497 -2.9910337160121956 -4.5849912816315515 0.41448413149264374 1.0
movable_object.trafficcone 0 0 0 0 0 0 0 0.442 0.89 0.429 2.4946547687089016 -36.65723990841622 16.38396569179898 3.0915701283529655 1.0
vehicle.car 0 0 0 0 0 0 0 4.657 2.0 2.112 0.5785756233359063 -3.91844491531691 18.410281587331017 1.5764746153231997 1.0
human.pedestrian.adult 0 0 0 0 0 0 0 0.824 1.931 0.836 1.0213291244789462 -17.094383006671734 -9.760562041321748 1.4367201168205694 1.0
human.pedestrian.construction_worker 0 0 0 0 0 0 0 0.8 1.846 0.787 1.206138716975688 -13.221540799700675 28.282924623998774 2.5135953103232023 1.0
vehicle.truck 0 0 0 0 0 0 0 4.536 2.083 1.884 1.0797439115408556 -13.38836539234117 33.46263165320899 0.05943968009528611 1.0
