human.pedestrian.adult 0 0 0 0 0 0 0 0.845 1.917 0.877 1.477184528685379 -23.345543559116653 7.396314572260645 0.9161035010103209 1.0
vehicle.car 0 0 0 0 0 0 0 4.414 1.653 1.984 -1.6343332047811303 37.21023144253211 -14.99666696982101 3.1366219335484162 1.0
human.pedestrian.construction_worker 0 0 0 0 0 0 0 0.745 1.725 0.757 1.49243473852364 -21.905809428026647 10.231589173225231 0.2946069979889603 1.0
vehicle.motorcycle 0 0 0 0 0 0 0 1.985 1.533 0.821 0.5359256917926055 16.40120892294717 28.227324459722396 0.8487091355364194 1.0
human.pedestrian.adult 0 0 0 0 0 0 0 0.95 2.0 0.917 -0.46679776272548534 28.593933698738436 11.088235621176722 1.8537112233767123 1.0
human.pedestrian.adult 0 0 0 0 0 0 0 0.735 1.926 0.785 1.3879769520020506 -28.415266357407447 -8.496905295241078 2.631034310066104 1.0
vehicle.car 0 0 0 0 0 0 0 4.145 1.737 2.09 1.5478409986396704 -14.142918380327623 23.464565207658776 1.5704685704443868 1.0
human.pedestrian.adult 0 0 0 0 0 0 0 0.891 1.849 0.882 1.3260688201429511 -26.646318454663582 -8.684246429506562 -2.6299846437866004 1.0
vehicle.car 0 0 0 0 0 0 0 4.657 2.0 2.112 1.2255686620197717 -13.85966566097961 18.37104732332464 1.575177161513043 1.0
vehicle.bicycle 0 0 0 0 0 0 0 1.927 1.269 0.764 0.49502278101664887 3.1770043508467207 -8.795333418759578 -2.69348744305843 1.0
human.pedestrian.adult 0 0 0 0 0 0 0 0.972 1.823 0.998 0.3054725832980399 13.045609510018965 11.914384781517862 1.5758776513159267 1.0
vehicle.car 0 0 0 0 0 0 0 4.546 1.793 2.087 -1.967394079335252 56.01547881015363 33.03889181631566 1.5486726934764468 1.0
vehicle.bus.rigid 0 0 0 0 0 0 0 10.695 3.309 2.574 -1.0507945084127885 32.46612533659871 -2.8340755993323627 1.5572177746719458 1.0
human.pedestrian.adult 0 0 0 0 0 0 0 0.91 2.0 0.836 1.044063812517483 -28.218880108628344 -9.351207462966489 1.1715500277293414 1.0
vehicle.bicycle 0 0 0 0 0 0 0 1.803 1.236 0.713 0.6825186519969293 0.9895206617279971 -9.019535131966968 0.1263274883922496 1.0
movable_object.trafficcone 0 0 0 0 0 0 0 0.442 0.89 0.429 3.318040194506967 -46.44744277139397 16.309919746565352 3.0928318587288217 1.0
movable_object.trafficcone 0 0 0 0 0 0 0 0.443 0.794 0.431 0.6350118584356192 6.456331943820225 -5.198359329866936 0.0906227578357579 1.0
human.pedestrian.adult 0 0 0 0 0 0 0 0.834 1.967 0.85 1.5330393312316672 -24.53267528582562 8.145946818414329 2.651445879970492 1.0
human.pedestrian.construction_worker 0 0 0 0 0 0 0 0.782 1.876 0.842 1.4207409636631179 -22.309278581934507 11.951187569505926 1.4116089339653248 1.0
human.pedestrian.construction_worker 0 0 0 0 0 0 0 0.708 1.835 0.77 1.4102033459659067 -20.882378801010752 11.677087270686382 1.7685918134642336 1.0
human.pedestrian.adult 0 0 0 0 0 0 0 0.797 1.821 0.89 1.5328009123905004 -23.271490812219398 8.485345797038287 2.417149316049512 1.0
human.pedestrian.construction_worker 0 0 0 0 0 0 0 0.745 1.87 0.786 1.43311149781546 -22.644445682011135 10.787422994984475 1.5525092529573659 1.0
human.pedestrian.adult 0 0 0 0 0 0 0 0.706 1.812 0.772 1.6022923878771025 -24.434637136646362 7.189227143979474 0.3944077415889038 1.0
vehicle.bus.rigid 0 0 0 0 0 0 0 12.088 3.624 2.726 -1.3376249060204082 34.27530761894165 6.9496397886102645 1.5572177746719458 1.0
human.pedestrian.construction_worker 0 0 0 0 0 0 0 1.027 1.351 1.041 2.2361576275936867 -39.76346456422608 -8.509234135819824 3.116209825692116 1.0
vehicle.car 0 0 0 0 0 0 0 4.284 2.118 2.033 2.22815116229703 -23.95491035821211 50.12738892359612 0.08542824048360664 1.0
movable_object.trafficcone 0 0 0 0 0 0 0 0.455 0.841 0.446 0.6278188569353087 6.566873065740934 -5.708344546411381 1.5413483872138638 1.0
vehicle.car 0 0 0 0 0 0 0 4.415 1.588 1.821 0.2842830772845356 22.060778439942034 -3.1665478544229613 1.6109310623658466 1.0
human.pedestrian.adult 0 0 0 0 0 0 0 0.75 1.725 0.889 2.2281840110590134 -40.094661551773164 13.38487593919536 1.948075927263444 1.0
human.pedestrian.construction_worker 0 0 0 0 0 0 0 0.895 1.429 0.773 2.1020145616128305 -37.84997306694143 -9.414212548638739 1.5765723030257295 1.0
human.pedestrian.adult 0 0 0 0 0 0 0 1.11 1.821 0.76 0.0650300572786161 16.352561487056168 35.48860476889488 -2.7568161733130587 1.0
human.pedestrian.adult 0 0 0 0 0 0 0 0.637 1.759 0.801 0.8886667393916452 -12.929246522570766 -4.624586095248845 0.4130640856662029 1.0
human.pedestrian.adult 0 0 0 0 0 0 0 0.851 1.063 0.879 1.7324483821882313 -19.389594209307102 8.538153486835105 3.086376749280954 1.0
