movable_object.trafficcone 0 0 0 0 0 0 0 0.373 0.65 0.259 1.460183930809013 -2.513265154447755 22.949495960085052 0.42588366525218824 1.0
human.pedestrian.construction_worker 0 0 0 0 0 0 0 0.818 1.638 0.566 0.6721495253098175 9.486440279432598 -5.55117982621614 3.0304075767762226 1.0
movable_object.trafficcone 0 0 0 0 0 0 0 0.291 0.997 0.32 1.6009696640938829 -4.078726071174337 21.9628250445792 3.0630677646531606 1.0
movable_object.trafficcone 0 0 0 0 0 0 0 0.477 0.985 0.462 1.410000791652147 -3.757495178080254 24.373235508189175 1.1388946574180752 1.0
vehicle.truck 0 0 0 0 0 0 0 6.9 2.884 2.634 0.38328059731270236 2.230545333103504 -3.9746791854696113 1.4711386472121548 1.0
human.pedestrian.construction_worker 0 0 0 0 0 0 0 0.648 1.882 0.712 0.5580287305057685 8.200363882304986 -4.892133587364465 2.3325575300630783 1.0
movable_object.trafficcone 0 0 0 0 0 0 0 0.271 0.817 0.292 1.589343924845834 -5.299576421638355 21.752332137432635 3.0630677646531606 1.0
human.pedestrian.construction_worker 0 0 0 0 0 0 0 0.524 1.78 0.599 -0.006657387482109256 17.115952876131328 -9.091847801607342 0.055764831888110766 1.0
human.pedestrian.construction_worker 0 0 0 0 0 0 0 0.531 1.832 0.64 0.5767131052106957 10.664900212446172 -4.449545097278934 3.0304075767762226 1.0
vehicle.car 0 0 0 0 0 0 0 5.045 1.634 2.261 2.523740423226447 -35.353565233352946 23.115322118738856 -2.6284870045894335 1.0
