human.pedestrian.construction_worker 0 0 0 0 0 0 0 0.818 1.638 0.566 0.7481495505100416 -19.913379182637808 -11.832866636711643 2.5932544548401157 1.0
vehicle.truck 0 0 0 0 0 0 0 6.9 2.884 2.634 0.29100254767558253 -27.234364833970865 -13.403424088948121 1.0336589519534929 1.0
human.pedestrian.construction_worker 0 0 0 0 0 0 0 0.531 1.832 0.64 0.707885415938994 -19.057762858934883 -10.491290881832215 2.5932544548401157 1.0
human.pedestrian.construction_worker 0 0 0 0 0 0 0 0.38 1.615 0.467 0.6820342888905518 -20.88071913992184 -12.750024845104729 0.8126170413889753 1.0
vehicle.car 0 0 0 0 0 0 0 4.85 1.696 2.142 2.932951749012905 -0.45822054721045097 30.618417723408292 2.4287005873591516 1.0
human.pedestrian.construction_worker 0 0 0 0 0 0 0 0.648 1.882 0.712 0.6203478695848731 -21.37663681190747 -12.120894136677876 1.8952609375143963 1.0
vehicle.car 0 0 0 0 0 0 0 4.387 1.608 1.794 -0.011256123672768181 59.714665437579114 -1.774641197661888 1.4891488637952754 1.0
human.pedestrian.construction_worker 0 0 0 0 0 0 0 0.763 0.929 0.495 0.9585844669610223 -19.31269086392734 -12.802286922090047 0.6634194206091744 1.0
human.pedestrian.adult 0 0 0 0 0 0 0 0.907 1.807 0.797 0.027223991309632267 30.214720065941034 -10.511201753802899 1.4471230537035176 1.0
human.pedestrian.construction_worker 0 0 0 0 0 0 0 0.726 1.759 1.098 0.5276376290984331 -11.488102291048648 -10.660203943278674 1.0562560586753822 1.0
human.pedestrian.construction_worker 0 0 0 0 0 0 0 0.549 1.697 0.523 0.6154930643423593 -20.11765384297294 -12.90000023651193 0.3105886804545479 1.0
human.pedestrian.construction_worker 0 0 0 0 0 0 0 0.524 1.78 0.599 0.43241551099218956 -11.693328944242355 -11.90594258723348 0.44787133713730265 1.0
