human.pedestrian.adult 0 0 0 0 0 0 0 0.797 1.794 0.692 0.8732879392970613 5.668174724234663 19.003851349911795 0.8055245752742826 1.0
vehicle.car 0 0 0 0 0 0 0 5.156 2.0 1.843 1.0794818451570176 -27.305361771203955 -8.367973709027368 2.3797697167538363 1.0
vehicle.car 0 0 0 0 0 0 0 4.326 1.732 1.673 1.0764468842451935 2.407063913223687 12.257452849867777 0.7829926430836025 1.0
vehicle.car 0 0 0 0 0 0 0 4.642 1.723 1.898 0.8795878527738225 -61.39957429331583 -41.234903849958926 2.4144842442851697 1.0
vehicle.truck 0 0 0 0 0 0 0 5.067 2.993 2.802 0.29329660835441485 -46.9727238854734 -27.36801682054771 2.336031856949611 1.0
vehicle.car 0 0 0 0 0 0 0 4.157 1.661 1.742 0.41014573927043907 25.612436364865502 -20.313103871883108 2.334559527714406 1.0
human.pedestrian.adult 0 0 0 0 0 0 0 1.07 1.713 0.728 0.8642937851134561 0.8775758818418424 -3.0557534252526177 0.8147335523087507 1.0
human.pedestrian.adult 0 0 0 0 0 0 0 0.362 1.748 0.672 0.9647164380164104 8.611487492983592 15.384342574547095 2.398095636135835 1.0
human.pedestrian.adult 0 0 0 0 0 0 0 0.678 1.766 0.655 0.6709278262302957 5.1866248680987574 19.403093282447703 0.8180209898750652 1.0
human.pedestrian.adult 0 0 0 0 0 0 0 0.724 1.642 0.79 0.9799453718222457 -13.010603397075279 -10.995684597948507 0.7025278005328945 1.0
human.pedestrian.adult 0 0 0 0 0 0 0 0.69 1.849 0.65 0.9080891827401473 6.2837757902100035 19.360627471625094 0.7909803364582677 1.0
human.pedestrian.adult 0 0 0 0 0 0 0 0.546 1.571 0.488 0.8904656197810799 13.68909609396838 11.613557018300684 2.3705306883258244 1.0
human.pedestrian.adult 0 0 0 0 0 0 0 0.766 2.0 0.8 0.932420703335439 3.179299699768573 22.507292719309273 0.7243154468994599 1.0
