movable_object.trafficcone 0 0 0 0 0 0 0 0.311 0.743 0.315 1.5606533696406575 -10.972876317228346 6.451936189819542 1.5691969250819655 1.0
vehicle.bus.rigid 0 0 0 0 0 0 0 10.898 3.632 2.778 -2.2117225355227927 77.5702084928709 5.829655431875268 1.5364829620047322 1.0
vehicle.car 0 0 0 0 0 0 0 4.92 1.903 1.812 0.14038769171902932 29.485006222490448 -1.2246920287691794 1.5997831390834367 1.0
vehicle.car 0 0 0 0 0 0 0 4.546 1.545 1.964 -0.7460723524346583 65.08186364714787 9.497660142220731 3.1226679297505813 1.0
vehicle.motorcycle 0 0 0 0 0 0 0 2.378 1.544 0.662 -0.280577969139962 49.73147453115988 8.277175416024013 1.5721111850702165 1.0
movable_object.trafficcone 0 0 0 0 0 0 0 0.2 0.779 0.202 1.402866079978272 -0.016951011858734613 5.9463693056366305 1.504816204169516 1.0
movable_object.trafficcone 0 0 0 0 0 0 0 0.243 1.04 0.201 1.4105721537549831 -8.592514147785513 6.5901988779306295 1.5691969250819655 1.0
vehicle.car 0 0 0 0 0 0 0 4.532 1.673 1.907 -0.42084013370917606 46.718852019745704 2.331058857385922 1.5772058769639035 1.0
human.pedestrian.adult 0 0 0 0 0 0 0 0.531 1.862 0.512 1.2835487471511813 -11.998406520138223 -2.405427403886741 0.2604047502104918 1.0
movable_object.trafficcone 0 0 0 0 0 0 0 0.211 0.72 0.195 1.3672915487804087 3.7133461997221158 -2.310951940748437 1.5503536374167464 1.0
vehicle.truck 0 0 0 0 0 0 0 6.518 2.729 2.405 -0.7720696343901018 35.0757884195108 18.280460753342215 2.0779989925242184 1.0
movable_object.trafficcone 0 0 0 0 0 0 0 0.26 1.009 0.24 1.5119794551591064 -14.35753594274274 6.415727496637364 1.5503536374167464 1.0
vehicle.car 0 0 0 0 0 0 0 4.533 2.0 1.801 1.5471443853549511 11.156681890371464 -50.15597976761336 1.636021722245939 1.0
vehicle.car 0 0 0 0 0 0 0 4.144 1.616 2.204 -0.1675392665094273 41.256217298944094 9.85400486129744 0.04520675240764582 1.0
vehicle.car 0 0 0 0 0 0 0 4.214 1.542 2.069 1.6789869733977343 9.74249811623279 -45.35764507889676 1.618573862790596 1.0
vehicle.car 0 0 0 0 0 0 0 4.698 1.485 2.212 -0.2910570804185807 41.15807901235697 15.151594334477952 0.043055236050743684 1.0
vehicle.car 0 0 0 0 0 0 0 4.421 1.587 1.97 0.4102938970863089 21.363451907044013 8.115705721945547 2.851226940274259 1.0
movable_object.trafficcone 0 0 0 0 0 0 0 0.292 0.685 0.302 1.555564988409856 -3.2814342099730998 6.7895653045554205 1.5095269381576433 1.0
movable_object.trafficcone 0 0 0 0 0 0 0 0.309 0.767 0.312 1.671705067904445 -14.050319949795739 6.415477875496454 1.5503536374167464 1.0
vehicle.truck 0 0 0 0 0 0 0 9.988 3.774 2.951 0.6786949510898229 -21.965661513393645 -0.08103656222189246 0.3066747702870165 1.0
vehicle.truck 0 0 0 0 0 0 0 6.89 2.312 2.238 -0.24422802614850425 37.485991226133464 -0.929960420269692 1.5125458205728668 1.0
movable_object.trafficcone 0 0 0 0 0 0 0 0.282 0.767 0.294 1.5399460501696594 -8.285223351190323 6.602105231460562 1.5691969250819655 1.0
movable_object.trafficcone 0 0 0 0 0 0 0 0.212 0.743 0.2 1.3611530797399058 3.765111356224848 -2.5728959954053643 1.5503536374167464 1.0
vehicle.car 0 0 0 0 0 0 0 4.716 1.563 1.928 -0.5851020021206988 39.703625244194384 26.16042201140599 3.070403917959111 1.0
vehicle.truck 0 0 0 0 0 0 0 5.74 2.255 2.023 0.17294601729959724 23.723001469910077 -1.51959063282938 1.549603916805884 1.0
human.pedestrian.adult 0 0 0 0 0 0 0 0.608 1.752 0.698 0.1785605200218231 23.199121131347717 -2.5517087792772517 1.2986763556910539 1.0
