human.pedestrian.adult 0 0 0 0 0 0 0 0.708 1.732 0.658 -0.1794915803839192 34.407792295858194 1.0136303288862918 1.631644358861367 1.0
vehicle.bicycle 0 0 0 0 0 0 0 1.215 0.962 1.205 1.5622996339318396 -10.982672182360105 -4.659107882713197 -2.9760192064236595 1.0
human.pedestrian.adult 0 0 0 0 0 0 0 0.59 1.852 0.568 -0.27189830086258365 32.56571902889284 -3.840563535922037 1.049049053857619 1.0
vehicle.car 0 0 0 0 0 0 0 4.701 1.754 1.759 -0.7593672062644268 1.4797304888312641 -28.203010612384286 -2.841204033540656 1.0
human.pedestrian.adult 0 0 0 0 0 0 0 0.935 1.925 0.769 -0.42198416270074973 35.070540769712004 -3.720125664817465 0.1232214499736708 1.0
vehicle.truck 0 0 0 0 0 0 0 9.895 3.703 3.25 1.2946758677804833 -66.95209780630884 7.7828471825110315 1.6761968526322608 1.0
vehicle.car 0 0 0 0 0 0 0 4.816 2.061 1.889 0.4261568434859755 19.768038032866016 21.313873113293255 -3.003780643888957 1.0
human.pedestrian.adult 0 0 0 0 0 0 0 0.794 1.725 0.655 0.1398128216683856 15.407961189077144 -6.870334131499468 0.5160002305048907 1.0
human.pedestrian.adult 0 0 0 0 0 0 0 0.59 1.716 0.63 -0.3011973284293157 33.04351421601053 -4.956559201751797 0.9574470706293106 1.0
vehicle.car 0 0 0 0 0 0 0 4.534 1.631 1.756 0.7284113426965891 21.793530821932933 31.104603738693193 3.0982629041298404 1.0
human.pedestrian.adult 0 0 0 0 0 0 0 0.693 1.797 0.597 -0.33444774288283946 33.79168913151251 -5.324725883775452 0.8342107741733336 1.0
vehicle.car 0 0 0 0 0 0 0 4.977 1.707 1.933 2.128320351720104 -55.35056463360369 8.903057393595653 1.6761968526322608 1.0
human.pedestrian.adult 0 0 0 0 0 0 0 0.764 1.635 0.743 1.1223537588557893 -14.090925024530623 -3.1072983273416424 1.5856337194588335 1.0
vehicle.truck 0 0 0 0 0 0 0 6.877 3.22 2.665 1.0470587884815725 -36.15388300140986 8.978029015262544 1.5583505569310514 1.0
human.pedestrian.adult 0 0 0 0 0 0 0 0.583 1.825 0.663 -0.21118613752994975 32.73785554473816 -4.32556255977273 1.0025204814244404 1.0
vehicle.car 0 0 0 0 0 0 0 4.965 2.203 2.107 1.2010654789078887 -7.824060044718048 9.097507807535127 1.5845268318322798 1.0
