movable_object.trafficcone 0 0 0 0 0 0 0 0.311 0.743 0.315 1.9691015312169877 -20.899461015451212 6.945657334965053 1.5411272806721845 1.0
vehicle.bus.rigid 0 0 0 0 0 0 0 10.898 3.632 2.778 -1.637629006908082 67.46485392894105 3.8311459393185507 1.525857560107986 1.0
vehicle.car 0 0 0 0 0 0 0 3.954 1.427 1.988 0.2081518331332628 39.83999205269477 13.768681821460191 0.031402651909244295 1.0
vehicle.car 0 0 0 0 0 0 0 4.92 1.903 1.812 0.3870394211395699 19.58526992783126 -1.8326835635124932 1.6274416155367701 1.0
movable_object.trafficcone 0 0 0 0 0 0 0 0.2 0.779 0.202 1.7997473699936564 -10.011507337429812 6.15653828606519 1.4767328992523359 1.0
human.pedestrian.adult 0 0 0 0 0 0 0 0.531 1.862 0.512 1.4885947443822407 -24.90475146065027 5.493078016165963 0.3877100302480829 1.0
vehicle.car 0 0 0 0 0 0 0 4.28 1.587 1.812 0.4991572543344086 33.3282068764896 25.191182233532203 -3.0802128144638363 1.0
vehicle.motorcycle 0 0 0 0 0 0 0 2.378 1.544 0.662 0.28674390978068676 40.09224727908532 7.102415581183861 1.5997638896233788 1.0
vehicle.car 0 0 0 0 0 0 0 4.546 1.545 1.964 -0.10373533316254946 55.206474851240195 7.905091641586744 -3.132656800029146 1.0
vehicle.car 0 0 0 0 0 0 0 4.716 1.563 1.928 0.5713747472324502 30.574488726488646 25.262526357851588 3.098259042893492 1.0
human.pedestrian.adult 0 0 0 0 0 0 0 1.046 1.884 0.82 0.6193792384277079 13.218976431521947 0.7374236965357025 0.6513805937153894 1.0
vehicle.car 0 0 0 0 0 0 0 4.101 1.465 2.122 1.08384641551139 10.082821938579368 24.758558062710158 0.04990349019747198 1.0
vehicle.car 0 0 0 0 0 0 0 4.144 1.616 2.204 0.43072702559818443 31.49758315329689 8.922723914199109 0.05907785334993543 1.0
vehicle.truck 0 0 0 0 0 0 0 6.518 2.729 2.405 0.2782953229352409 14.290451991373544 7.5702067230361365 2.4165060725948484 1.0
movable_object.trafficcone 0 0 0 0 0 0 0 0.211 0.72 0.195 1.5296378723370634 -6.397687418938799 -2.222804436129276 1.5222800865429207 1.0
vehicle.car 0 0 0 0 0 0 0 4.23 1.605 1.97 -0.5029035205977974 62.29840729026159 8.10230482191655 0.026160824286826312 1.0
human.pedestrian.adult 0 0 0 0 0 0 0 0.876 1.752 0.592 0.3649789502649329 12.795225089042914 -4.214373178653163 1.013328538776351 1.0
movable_object.trafficcone 0 0 0 0 0 0 0 0.286 0.701 0.294 1.9185889526697892 -15.852680212329108 7.141437836155582 1.4704505517316546 1.0
vehicle.truck 0 0 0 0 0 0 0 9.988 3.774 2.951 1.1418539956805145 -41.69360974365636 32.43552063754546 0.2717394443896657 1.0
vehicle.truck 0 0 0 0 0 0 0 6.89 2.312 2.238 0.028633752540721646 27.59249886212489 -1.752763787943854 1.5401855309145542 1.0
movable_object.trafficcone 0 0 0 0 0 0 0 0.282 0.767 0.294 1.9403027134030872 -18.37626192399134 7.025494500173456 1.5411272806721845 1.0
movable_object.trafficcone 0 0 0 0 0 0 0 0.212 0.743 0.2 1.5660119183923056 -6.352753955581669 -2.4808740248922097 1.5222800865429207 1.0
vehicle.car 0 0 0 0 0 0 0 4.421 1.587 1.97 0.06140347853167971 38.10702781392316 1.7646059774993943 1.6599160544710578 1.0
vehicle.truck 0 0 0 0 0 0 0 5.74 2.255 2.023 0.3984233227750943 13.817177174168984 -1.965726383432986 1.577251805983705 1.0
human.pedestrian.adult 0 0 0 0 0 0 0 0.608 1.752 0.698 0.4392456101621628 12.966402835261027 -3.0410191645433566 1.4396910136360317 1.0
