vehicle.car 0 0 0 0 0 0 0 4.55 1.509 1.907 0.1540066529400851 1.6271767999240874 -15.232153591660554 -2.9630773207919923 1.0
vehicle.car 0 0 0 0 0 0 0 4.157 1.661 1.742 0.40501456535041214 24.88212501508604 25.375287395651696 0.33217499095346703 1.0
vehicle.bicycle 0 0 0 0 0 0 0 1.606 1.031 0.458 1.1357444478094796 -3.3877361444867486 -7.370427314175033 1.8317715460577677 1.0
human.pedestrian.adult 0 0 0 0 0 0 0 0.546 1.571 0.488 2.542257995716789 -50.47725816879645 13.276034953283997 1.5711484932632223 1.0
movable_object.trafficcone 0 0 0 0 0 0 0 0.521 0.841 0.396 1.257443156449753 15.628694711006615 19.87908233173526 1.952629513654954 1.0
vehicle.car 0 0 0 0 0 0 0 4.532 1.617 1.889 0.24061476825321726 -2.891954863306384 -16.401789879038013 -2.997979408467933 1.0
vehicle.car 0 0 0 0 0 0 0 4.511 1.707 1.908 0.6665326334210204 -18.042500830773957 -15.364950518393497 2.8322930184422432 1.0
vehicle.car 0 0 0 0 0 0 0 4.537 1.723 1.893 0.1692082694593446 -0.6974018844388484 -15.87311291257 -3.0000735341148257 1.0
vehicle.truck 0 0 0 0 0 0 0 8.795 4.065 3.067 -2.9008042255537188 75.6522359166194 -1.2028632579905827 1.3186341239111083 1.0
movable_object.trafficcone 0 0 0 0 0 0 0 0.517 0.858 0.392 1.1349251545337102 13.929898106995761 14.390279872417944 1.952629513654954 1.0
human.pedestrian.adult 0 0 0 0 0 0 0 0.362 1.748 0.672 2.8339126400307544 -61.49146475429224 12.466313482362246 -3.085461534702434 1.0
vehicle.car 0 0 0 0 0 0 0 4.522 2.117 1.959 2.3598905749070913 -38.84378875917348 35.320904642606166 -2.242444239975428 1.0
vehicle.car 0 0 0 0 0 0 0 4.525 1.648 1.915 0.5774428759752371 -16.056437372952992 -16.132880825535015 2.8427116032166406 1.0
