vehicle.car 0 0 0 0 0 0 0 4.28 1.587 1.812 0.15591414746088705 24.751220424721687 21.858841943392143 -2.974468378477699 1.0
vehicle.motorcycle 0 0 0 0 0 0 0 2.378 1.544 0.662 0.38112846491282815 29.553258297678923 3.162406139263608 1.7056092957512927 1.0
vehicle.truck 0 0 0 0 0 0 0 5.74 2.255 2.023 0.7033358009922323 2.48734528252424 -3.0979577550044146 1.6830991888653166 1.0
vehicle.car 0 0 0 0 0 0 0 4.92 1.903 1.812 0.6905336171413081 8.219866748661563 -3.55866888398141 1.7332846360714589 1.0
vehicle.car 0 0 0 0 0 0 0 4.546 1.545 1.964 -0.02722282098233597 44.80652143072569 2.3431186309099172 -3.026909421338755 1.0
human.pedestrian.adult 0 0 0 0 0 0 0 1.046 1.884 0.82 0.8030203305765078 4.31950264112507 2.756978317053647 0.5437325225306431 1.0
vehicle.truck 0 0 0 0 0 0 0 6.518 2.729 2.405 0.4556256328636122 -1.8995264694449856 4.082143908926251 1.792522624208953 1.0
vehicle.car 0 0 0 0 0 0 0 4.312 1.551 1.889 0.04612414782176921 30.078033927692438 21.949053143071197 -3.062946289200193 1.0
movable_object.trafficcone 0 0 0 0 0 0 0 0.211 0.72 0.195 1.8303794987923356 -17.417588947810135 -1.2499437427979332 1.4166638449806834 1.0
vehicle.car 0 0 0 0 0 0 0 4.23 1.605 1.97 -0.4338010696411192 51.912517123757866 1.7832210167646974 0.09644148794439333 1.0
vehicle.motorcycle 0 0 0 0 0 0 0 2.166 1.167 0.577 0.4610064488256349 33.386981033184135 2.0369335740909054 1.6828374439971467 1.0
vehicle.bus.rigid 0 0 0 0 0 0 0 10.898 3.632 2.778 -1.4525901456179726 56.725858704110486 -3.0540472877144804 1.4202407939282473 1.0
vehicle.car 0 0 0 0 0 0 0 4.217 1.524 1.889 -0.026160108650303937 32.35879345003665 21.02372780163593 -3.028043753800546 1.0
vehicle.car 0 0 0 0 0 0 0 4.234 1.736 2.038 0.3918236027345592 24.408000794841307 5.672697127081592 0.17378381847574031 1.0
vehicle.car 0 0 0 0 0 0 0 4.698 1.485 2.212 0.3380565762457953 21.981370477020043 11.116190436298872 0.1145325294594346 1.0
vehicle.car 0 0 0 0 0 0 0 4.421 1.587 1.97 -0.19310685694193352 47.60268027097828 -5.671518992008022 1.7667534736625798 1.0
vehicle.motorcycle 0 0 0 0 0 0 0 2.302 1.314 0.63 0.47246024423193167 29.13982294464359 2.404056144243505 1.6964307449226572 1.0
vehicle.car 0 0 0 0 0 0 0 4.144 1.616 2.204 0.4752453809227637 21.372111587862026 5.852236899473805 0.1634632057119858 1.0
human.pedestrian.adult 0 0 0 0 0 0 0 0.876 1.752 0.592 0.8439656432097068 1.4055579058761187 -5.18726202178868 1.1192413418169185 1.0
vehicle.truck 0 0 0 0 0 0 0 6.89 2.312 2.238 0.3325946522964736 16.190187087491 -4.330957945076608 1.6460362433475684 1.0
vehicle.car 0 0 0 0 0 0 0 3.797 1.397 2.03 0.3888374096635113 25.341772120426366 10.528063662593192 0.127199104661591 1.0
human.pedestrian.adult 0 0 0 0 0 0 0 0.531 1.862 0.512 1.5590078334470614 -36.33077932892312 12.060620972007543 0.2829661985919367 1.0
vehicle.car 0 0 0 0 0 0 0 3.954 1.427 1.988 0.13922432532165363 30.139151751486857 9.79678397354719 0.13177930669598803 1.0
vehicle.car 0 0 0 0 0 0 0 4.716 1.563 1.928 0.22276622320198436 22.144800258212257 22.21621250119194 -3.0791759702044885 1.0
vehicle.car 0 0 0 0 0 0 0 4.101 1.465 2.122 0.6823712463617579 1.5332499256145087 23.899358991986773 0.1536186715152259 1.0
human.pedestrian.adult 0 0 0 0 0 0 0 0.608 1.752 0.698 0.7767320929984053 1.4049775999109182 -4.287422417764164 2.516955190678665 1.0
