vehicle.car 0 0 0 0 0 0 0 4.736 1.796 2.033 1.8720813657829956 41.273339194048184 59.314204903906955 2.5436147979802897 1.0
vehicle.car 0 0 0 0 0 0 0 4.898 1.504 2.204 0.9919981474038946 33.250344605153806 23.62015249520305 2.577959046073346 1.0
vehicle.car 0 0 0 0 0 0 0 4.1 1.649 1.964 1.0517699107234837 27.27334383509979 19.86883670856464 2.5206864191841856 1.0
vehicle.car 0 0 0 0 0 0 0 4.193 1.554 1.884 1.8613322008931341 5.1126570479355316 29.506669142236518 2.5881280636007977 1.0
vehicle.car 0 0 0 0 0 0 0 4.162 1.514 1.913 1.7423833873464056 -4.965995382078843 23.05757452556959 2.659312560434474 1.0
vehicle.car 0 0 0 0 0 0 0 3.829 1.495 1.828 1.438994897388979 11.415234903029583 21.928711925245462 0.5595722242091625 1.0
vehicle.car 0 0 0 0 0 0 0 4.168 1.5 1.929 1.841540939588308 -9.160251285577752 20.36970525869702 2.4759465299467163 1.0
vehicle.car 0 0 0 0 0 0 0 3.832 1.549 2.011 1.3828000443782873 27.706537456445524 32.180432232177274 0.5142065858559799 1.0
vehicle.car 0 0 0 0 0 0 0 4.097 1.491 1.904 1.8016017547457697 -7.135646798817755 21.92549461902386 2.5855630071355886 1.0
human.pedestrian.adult 0 0 0 0 0 0 0 0.66 1.745 0.65 1.4419605873762882 -11.74848738699729 16.936758211998725 2.5842003702477694 1.0
vehicle.car 0 0 0 0 0 0 0 4.217 1.48 1.926 -1.832707367030994 -5.286186885547013 -25.64674817271944 1.2831471599638977 1.0
vehicle.car 0 0 0 0 0 0 0 3.966 1.699 1.932 1.7716865914229465 -17.395205546691273 18.66320073558244 0.19745923441795554 1.0
vehicle.bus.rigid 0 0 0 0 0 0 0 12.727 2.909 2.827 -2.034197976209545 -12.411973244829614 -13.245719372806423 1.3818788753163984 1.0
vehicle.car 0 0 0 0 0 0 0 4.173 1.485 2.053 1.5655788993962116 1.099510345068929 26.849030241647515 2.5881280636007977 1.0
vehicle.car 0 0 0 0 0 0 0 4.495 1.502 2.04 1.34408142714403 17.6669755007725 25.36247442892832 0.6024677297996326 1.0
vehicle.truck 0 0 0 0 0 0 0 4.813 2.506 2.062 -1.7851961546958184 -37.46004001685851 -10.817502933345601 1.2684950036492122 1.0
vehicle.car 0 0 0 0 0 0 0 4.52 1.503 1.942 1.851936749778882 8.975960444756742 32.3304141005513 2.5881280636007977 1.0
human.pedestrian.adult 0 0 0 0 0 0 0 0.868 1.89 0.892 2.1553405462688184 -61.8960431849605 16.84248984823084 2.320475020918524 1.0
vehicle.car 0 0 0 0 0 0 0 3.816 1.528 1.862 1.410137777925122 23.83509895468688 29.379179374003755 0.6708954163913763 1.0
vehicle.car 0 0 0 0 0 0 0 4.346 1.5 1.986 1.7594892018468893 7.116853948931356 30.926618713729937 2.5357800586573784 1.0
human.pedestrian.adult 0 0 0 0 0 0 0 0.676 0.973 0.739 1.5955953340186262 -1.127567193726759 15.86441469763123 -2.7011117949967653 1.0
vehicle.car 0 0 0 0 0 0 0 4.206 1.488 1.938 -1.5114337516915242 -8.45539889917228 -21.15567152265219 1.2308188409638667 1.0
vehicle.car 0 0 0 0 0 0 0 4.756 1.499 2.069 1.0345923974411928 9.158208777326019 8.087174738721433 2.526349115971178 1.0
vehicle.car 0 0 0 0 0 0 0 4.844 1.729 2.086 0.9238059939885628 15.165554640170141 11.956451035004617 2.5785134661577676 1.0
vehicle.car 0 0 0 0 0 0 0 3.965 1.513 1.913 1.6363453018892136 -1.0059081655851583 25.721722825157254 2.5881280636007977 1.0
human.pedestrian.adult 0 0 0 0 0 0 0 0.506 1.587 0.544 1.0645838257684146 0.1569782914195601 12.775262115660643 1.0785585373939792 1.0
