vehicle.truck 0 0 0 0 0 0 0 6.505 2.278 2.08 0.5392270017647038 -45.728031621725755 26.77243172453855 2.8850377310749087 1.0
vehicle.car 0 0 0 0 0 0 0 4.571 1.688 2.059 0.9110411927489812 -28.480832752950064 20.676441617239504 1.2267573732283399 1.0
vehicle.truck 0 0 0 0 0 0 0 5.123 2.013 2.085 1.0134175761149269 -34.97280422783895 14.490231432856898 1.591052218936401 1.0
vehicle.motorcycle 0 0 0 0 0 0 0 1.951 1.213 0.569 1.261495827540724 -13.721468623122067 14.363767221066437 -1.8346989503241309 1.0
vehicle.bus.rigid 0 0 0 0 0 0 0 11.043 3.539 2.783 -0.47662596064879237 -45.82654122713734 41.35881361369797 0.2784338113190281 1.0
vehicle.car 0 0 0 0 0 0 0 4.575 1.371 1.874 0.8853014949135536 3.625945486355052 8.582420013156131 3.1190299115573215 1.0
human.pedestrian.adult 0 0 0 0 0 0 0 0.643 1.758 0.638 -0.6447277569300474 12.46706737619087 18.543763256794 1.2465047529673123 1.0
vehicle.car 0 0 0 0 0 0 0 4.509 1.732 1.717 -0.09736772022438922 28.052142922045817 18.597169438192978 1.2167442270319198 1.0
vehicle.car 0 0 0 0 0 0 0 4.545 1.773 2.054 0.8726296680349893 -27.297479209678915 18.315040137948706 1.2703694318335401 1.0
vehicle.car 0 0 0 0 0 0 0 4.728 1.904 2.127 0.6199063778084045 -17.836660281973348 25.873114969262836 1.2537269192706813 1.0
vehicle.car 0 0 0 0 0 0 0 3.514 1.437 1.701 0.674675621464273 15.158551353534252 8.861985128537512 0.03676798368191836 1.0
vehicle.car 0 0 0 0 0 0 0 4.509 1.599 2.059 0.5428322928126719 -40.64443842525626 38.785209638688364 -1.8222929376123576 1.0
vehicle.car 0 0 0 0 0 0 0 4.512 1.541 2.021 0.9963347939015147 -14.790466818446399 16.326408677021316 -1.9030285278082228 1.0
vehicle.car 0 0 0 0 0 0 0 4.345 1.442 1.818 0.8666114167837384 1.2143151511437837 8.124929240278735 3.0492283211813733 1.0
vehicle.car 0 0 0 0 0 0 0 4.504 1.598 2.039 0.41266519978767596 -43.75763108257994 47.94177176681701 1.2874831437791983 1.0
human.pedestrian.adult 0 0 0 0 0 0 0 0.898 1.842 0.9 -0.24316040529606564 36.81321718904426 20.647152653031146 2.7349300960234686 1.0
vehicle.car 0 0 0 0 0 0 0 4.274 1.518 1.831 -0.06765416372744004 26.791387309839703 21.30087234177746 1.2213844593238825 1.0
vehicle.car 0 0 0 0 0 0 0 4.745 1.463 1.858 0.9821228498487043 -1.219468534088605 8.078291462371405 3.1364803116781985 1.0
vehicle.car 0 0 0 0 0 0 0 4.502 1.638 2.011 1.0063481328305155 -26.973112676985757 15.742040968760852 1.3401512075530597 1.0
vehicle.motorcycle 0 0 0 0 0 0 0 1.968 1.242 0.541 1.191579495984859 -13.4937901604494 13.471330543079256 1.3075802072503322 1.0
vehicle.car 0 0 0 0 0 0 0 4.519 1.542 2.057 -0.2103369610338982 26.124680798678707 23.54087904876034 1.2213844593238825 1.0
vehicle.car 0 0 0 0 0 0 0 4.533 1.501 1.717 0.7653834738970695 5.9278490977806975 9.132181263101225 0.036594802057941855 1.0
vehicle.car 0 0 0 0 0 0 0 4.46 1.556 2.012 0.5632251529667947 -33.86784124274683 36.39879543380677 1.1918686938639613 1.0
