vehicle.car 0 0 0 0 0 0 0 4.213 1.51 1.955 0.8932646903223689 15.424442708435121 31.23454040047904 3.1273462627204722 1.0
vehicle.car 0 0 0 0 0 0 0 4.736 1.796 2.033 1.2439558307052172 -10.180192871675514 30.62238230505503 3.104738264642677 1.0
vehicle.car 0 0 0 0 0 0 0 4.931 1.528 2.124 1.6048646939368378 -30.928018025930086 4.767804177363086 -3.131290578756923 1.0
vehicle.car 0 0 0 0 0 0 0 3.831 1.489 1.89 0.8028699146240824 14.333974169615454 15.65744002363182 0.059769140619108985 1.0
vehicle.car 0 0 0 0 0 0 0 3.803 1.568 1.84 1.0855412212674527 2.3511575868605896 15.17582121538623 0.025392583896398424 1.0
vehicle.car 0 0 0 0 0 0 0 3.855 1.505 1.916 1.6406176090628783 -30.989117065618746 14.807631996424941 0.06139120787907082 1.0
vehicle.car 0 0 0 0 0 0 0 4.837 1.68 2.042 0.7025713199882194 12.012091652028708 5.576651821986097 0.09450698413991043 1.0
vehicle.car 0 0 0 0 0 0 0 4.511 1.622 2.084 1.7647955820218824 -40.57380251627251 4.640722798293067 3.1050174955056136 1.0
vehicle.car 0 0 0 0 0 0 0 4.285 1.589 1.929 0.6327504219430817 19.23238606074025 5.617599272748551 3.1028010999831697 1.0
vehicle.car 0 0 0 0 0 0 0 4.762 1.471 1.836 0.5435629489978655 18.84931541404633 -9.287243144208151 1.8081306721976587 1.0
vehicle.car 0 0 0 0 0 0 0 4.302 1.75 2.038 1.0170556053256692 -1.820647910522496 5.03275217231975 -3.1392633157527916 1.0
vehicle.car 0 0 0 0 0 0 0 4.352 1.329 1.909 0.4052006030084119 31.17574494082971 5.887504332519607 -3.1393372594316693 1.0
vehicle.car 0 0 0 0 0 0 0 4.898 1.504 2.204 1.6698516099959657 -35.90868999245978 4.568143308473625 3.139087629578759 1.0
vehicle.car 0 0 0 0 0 0 0 4.364 1.646 1.832 0.0905474731429784 31.48768037367173 -7.402017129655161 -1.3836016863892908 1.0
vehicle.car 0 0 0 0 0 0 0 4.485 1.484 1.895 0.6970721665033889 16.671890314846767 15.309170107677174 0.08603766457311135 1.0
vehicle.car 0 0 0 0 0 0 0 4.089 1.6 1.793 0.3465113367172369 33.639862328049695 5.777736067419211 -3.067138612527562 1.0
vehicle.car 0 0 0 0 0 0 0 4.557 1.503 1.963 0.9616811673844454 5.212795080427558 5.546498573452267 3.1346656288498753 1.0
vehicle.car 0 0 0 0 0 0 0 4.518 1.466 2.088 1.942322250849828 -45.371878630568325 4.648396342354574 -3.134831462652725 1.0
vehicle.car 0 0 0 0 0 0 0 4.747 1.718 2.229 1.0820354208361156 -7.221109182676803 5.200486103111841 3.1377049669086254 1.0
movable_object.trafficcone 0 0 0 0 0 0 0 0.353 1.043 0.386 1.3092628285767711 -10.5366999484814 -3.3513359003493957 -1.6463348469227075 1.0
vehicle.car 0 0 0 0 0 0 0 3.841 1.603 1.82 1.0643178142389649 0.5192538942899766 5.389257189736617 -3.1280284066355835 1.0
movable_object.barrier 0 0 0 0 0 0 0 0.58 1.082 2.213 1.348203892026627 -15.456326996602638 -4.319611842925433 -1.5616991433203946 1.0
vehicle.car 0 0 0 0 0 0 0 4.232 1.795 2.061 0.9703580129572538 -0.06959685278956451 15.19224593569592 0.028035255147503158 1.0
vehicle.car 0 0 0 0 0 0 0 4.712 1.485 2.025 0.883020747171986 9.58815762524405 5.530969899683802 3.067897234898955 1.0
vehicle.car 0 0 0 0 0 0 0 4.107 1.499 2.019 0.9211671714594385 11.991850544802727 15.819250669510062 3.0523824679725697 1.0
vehicle.car 0 0 0 0 0 0 0 4.844 1.729 2.086 1.932797758396515 -57.40191671206885 4.258547600287791 3.1396421316217733 1.0
movable_object.trafficcone 0 0 0 0 0 0 0 0.35 0.707 0.355 0.025705688764841694 44.06445161861561 -6.958043487019518 -1.320014547393935 1.0
movable_object.trafficcone 0 0 0 0 0 0 0 0.505 0.948 0.497 1.3222472183252905 -10.66835911230884 -5.45724218273785 0.03745498776334388 1.0
vehicle.car 0 0 0 0 0 0 0 4.194 1.699 1.924 1.0643274428119422 -4.569449230393768 5.132840519568064 3.1377049669086254 1.0
vehicle.car 0 0 0 0 0 0 0 4.267 1.476 1.946 1.0779444683613004 4.8964688323759304 15.063580613113269 0.028035255147503158 1.0
