vehicle.car 0 0 0 0 0 0 0 4.744 1.888 2.159 0.8664075916456855 -0.5756377937261474 -10.376174539808796 0.10453107756829816 1.0
human.pedestrian.adult 0 0 0 0 0 0 0 0.643 1.744 0.72 0.5315173134157941 8.474227438891685 6.076987945652828 -3.0143610632409468 1.0
human.pedestrian.adult 0 0 0 0 0 0 0 1.063 1.748 0.826 0.12310333825162922 31.235082333459772 -1.4896696713734576 0.08981642481227192 1.0
vehicle.car 0 0 0 0 0 0 0 4.175 1.605 1.953 0.5145799472283603 22.403024955416566 6.463052537755687 -3.073925145453762 1.0
vehicle.car 0 0 0 0 0 0 0 4.453 1.711 2.142 1.5927732153371315 -26.15174580396373 -12.100856258094199 0.06943151687556437 1.0
vehicle.car 0 0 0 0 0 0 0 4.436 1.728 2.025 1.2294910665378738 -10.041578458583677 14.264944321145041 0.05828172477941962 1.0
movable_object.barrier 0 0 0 0 0 0 0 0.603 1.067 2.048 1.142769116636051 3.22649939886636 24.66080379845848 1.5338241869328515 1.0
movable_object.trafficcone 0 0 0 0 0 0 0 0.42 0.715 0.382 1.368159993620964 -1.6807780276979891 23.520386238393648 1.497037870790991 1.0
vehicle.car 0 0 0 0 0 0 0 4.264 1.646 2.331 0.45083089742650395 24.235503670745395 15.944132529851322 0.027509101505091227 1.0
vehicle.car 0 0 0 0 0 0 0 4.472 1.63 2.185 0.5009982190673931 19.56227693654855 6.077948357101072 -3.056473025114938 1.0
vehicle.car 0 0 0 0 0 0 0 4.611 1.63 2.004 1.592153805302023 -23.365630067968116 3.8026497617105774 0.09051711748400315 1.0
vehicle.car 0 0 0 0 0 0 0 4.478 1.482 2.09 1.5250800976590957 -12.463654388005107 14.645928988551358 0.05828172477941962 1.0
vehicle.car 0 0 0 0 0 0 0 4.476 1.692 2.072 2.072759125352568 -39.50316037353055 -7.370231297505725 0.089971200105333 1.0
vehicle.car 0 0 0 0 0 0 0 4.31 1.5 1.795 0.7433469580238856 17.082690549289175 -6.650076015787495 0.11833894014293689 1.0
vehicle.car 0 0 0 0 0 0 0 4.322 1.725 2.155 1.1126589095448216 -4.72774722025849 14.48734445084377 0.05828172477941962 1.0
human.pedestrian.adult 0 0 0 0 0 0 0 0.799 1.771 0.68 0.5370116517128685 7.573240842227956 5.956896460197494 -2.9830694190833613 1.0
vehicle.car 0 0 0 0 0 0 0 4.287 1.663 2.073 1.403238423127232 -13.812303081303494 4.531481336385103 -3.073925145453762 1.0
vehicle.car 0 0 0 0 0 0 0 4.492 1.726 2.155 0.0971295706473072 36.32749860762873 17.04258909149664 0.039741383021462795 1.0
movable_object.trafficcone 0 0 0 0 0 0 0 0.412 0.73 0.458 1.6888513966306373 -8.873154379428339 -4.16545101531976 0.03833667330178114 1.0
vehicle.car 0 0 0 0 0 0 0 4.365 1.682 2.09 -0.11179640865292417 50.25126033745051 -2.4537273612675827 0.03734307481523258 1.0
vehicle.car 0 0 0 0 0 0 0 4.438 1.616 2.02 2.2223229100101447 -56.31275498053467 -3.8117676089886885 1.1403224573942872 1.0
static_object.bicycle_rack 0 0 0 0 0 0 0 2.677 1.064 7.868 0.7453458012429381 8.902901248769172 -38.91682231912153 1.4989225538061994 1.0
vehicle.car 0 0 0 0 0 0 0 4.308 1.619 2.121 0.3396550505428172 28.863771594102847 16.216090174883053 0.08776390871171369 1.0
movable_object.trafficcone 0 0 0 0 0 0 0 0.329 0.711 0.325 1.5015980607717958 -0.9158056384953488 -3.626631747491906 -3.039579373725619 1.0
movable_object.trafficcone 0 0 0 0 0 0 0 0.324 0.807 0.33 1.4083397095418033 -1.657093688356571 25.524862140593154 1.497037870790991 1.0
vehicle.car 0 0 0 0 0 0 0 4.516 1.527 1.892 0.035310355632087065 46.51042898590349 7.0075858879163295 -3.081638983326455 1.0
vehicle.car 0 0 0 0 0 0 0 4.337 1.666 2.107 1.3029516864024622 -11.387069234961682 4.376764301140899 -3.0844836775413516 1.0
vehicle.car 0 0 0 0 0 0 0 4.764 1.798 2.26 0.6190536531686756 19.08434776053164 15.896974358553068 0.039741383021462795 1.0
vehicle.car 0 0 0 0 0 0 0 4.82 1.517 1.892 0.20416891774579005 36.69194883599941 7.6503357085638175 -3.081638983326455 1.0
vehicle.car 0 0 0 0 0 0 0 4.211 1.548 1.945 0.4761427432611154 24.862295947248498 6.4104144328769275 -3.091377266484824 1.0
vehicle.car 0 0 0 0 0 0 0 4.831 1.51 1.94 1.2270110842566413 -4.027189961683422 4.89704413711019 -3.1019357989043437 1.0
movable_object.trafficcone 0 0 0 0 0 0 0 0.345 0.724 0.39 1.68241266932089 -8.933843188798674 2.3796793432909458 -3.092511654870359 1.0
vehicle.car 0 0 0 0 0 0 0 4.27 1.588 2.095 1.4952111866279973 -16.210410764580274 3.8803211792938535 -3.073925145453762 1.0
vehicle.car 0 0 0 0 0 0 0 4.717 1.592 2.099 0.5901623035720931 21.08470607486962 -4.156660247277764 0.0710462105561338 1.0
vehicle.car 0 0 0 0 0 0 0 4.706 1.487 1.9 0.11305963087027249 43.860054428950576 7.234688855877757 -3.064186862659577 1.0
movable_object.trafficcone 0 0 0 0 0 0 0 0.41 0.689 0.44 1.7637140594637255 -13.85557818364949 -4.9927004437535025 0.08148783945755333 1.0
vehicle.car 0 0 0 0 0 0 0 4.174 1.545 2.029 0.39057528424029964 29.57827444467602 6.7795783825774745 -3.0198933842850657 1.0
vehicle.car 0 0 0 0 0 0 0 4.561 1.516 2.003 0.15471974358784024 40.75341171257718 -3.041490612573165 0.02609262208010943 1.0
