vehicle.car 0 0 0 0 0 0 0 4.211 1.548 1.945 0.5191841354988127 24.599413662584904 6.587440093503331 -3.0924725745900634 1.0
vehicle.car 0 0 0 0 0 0 0 4.831 1.51 1.94 1.1861837552274435 -4.2572003711849815 4.910706956321771 -3.101897939299172 1.0
static_object.bicycle_rack 0 0 0 0 0 0 0 2.677 1.064 7.868 0.5836739586260923 8.627695691050489 -38.97117305593832 1.4988652518076266 1.0
movable_object.trafficcone 0 0 0 0 0 0 0 0.41 0.689 0.44 1.6957545212702048 -13.900917940851029 -4.920086250276994 0.08107051049860914 1.0
vehicle.car 0 0 0 0 0 0 0 4.365 1.682 2.09 -0.026388466271066058 50.16211477763375 -2.477299022372037 0.04562683820609692 1.0
vehicle.car 0 0 0 0 0 0 0 4.438 1.616 2.02 1.5295244984629512 -25.822047707401808 -2.2101206289868887 1.5596684605001956 1.0
vehicle.car 0 0 0 0 0 0 0 4.764 1.798 2.26 0.6508603659670462 18.855530487596223 15.89386547827977 0.03883386459236071 1.0
vehicle.car 0 0 0 0 0 0 0 4.82 1.517 1.892 0.267128637405748 36.51365476846521 7.815808481583093 -3.081600936515155 1.0
vehicle.car 0 0 0 0 0 0 0 4.27 1.588 2.095 1.475243560762817 -16.506846561403016 3.867919037664304 -3.0738870274667924 1.0
vehicle.car 0 0 0 0 0 0 0 4.611 1.63 2.004 1.5769993946201337 -23.60536070512558 3.7078637295742856 0.11145311382708956 1.0
vehicle.car 0 0 0 0 0 0 0 4.287 1.663 2.073 1.3832717470155007 -13.96044169965592 4.413501722091064 -3.0738870274667924 1.0
vehicle.car 0 0 0 0 0 0 0 4.337 1.666 2.107 1.1868221733458943 -11.551624369671726 4.356610283600349 -3.084445656973827 1.0
human.pedestrian.adult 0 0 0 0 0 0 0 0.643 1.744 0.72 0.38337298269556236 8.86854021572046 -0.4832465018359495 -3.1015837998445193 1.0
vehicle.car 0 0 0 0 0 0 0 4.717 1.592 2.099 0.630100069938363 20.946129771823344 -4.150712283371836 0.07275832930038373 1.0
vehicle.car 0 0 0 0 0 0 0 4.175 1.605 1.953 0.599099837408158 22.29904293296834 6.416811880971681 -3.075748604191851 1.0
vehicle.car 0 0 0 0 0 0 0 4.453 1.711 2.142 1.5585994115288517 -26.278519962016777 -12.102136840568578 0.06893427098396554 1.0
movable_object.trafficcone 0 0 0 0 0 0 0 0.345 0.724 0.39 1.6853540750498146 -9.063507764496274 2.385751663091865 -3.092473708353972 1.0
movable_object.barrier 0 0 0 0 0 0 0 0.603 1.067 2.048 1.1883002501872073 3.040684294711725 24.517809545019535 1.5256236781486159 1.0
vehicle.car 0 0 0 0 0 0 0 4.31 1.5 1.795 0.7347783232992694 16.89456602917862 -6.622225727106233 0.11806419285440217 1.0
vehicle.car 0 0 0 0 0 0 0 4.478 1.482 2.09 1.2230807748878378 -12.540509822553068 14.659823077428063 0.05768059488403665 1.0
vehicle.car 0 0 0 0 0 0 0 4.308 1.619 2.121 0.3401756483142625 28.780601778846087 16.217035510651076 0.08737939837141173 1.0
vehicle.car 0 0 0 0 0 0 0 4.744 1.888 2.159 0.8957819595339763 -0.8503841247859187 -10.446062002685519 0.09798660212755772 1.0
vehicle.car 0 0 0 0 0 0 0 4.472 1.63 2.185 0.5341999945948728 19.446750476847285 6.017315003439847 -3.049453833650757 1.0
movable_object.trafficcone 0 0 0 0 0 0 0 0.412 0.73 0.458 1.6480771255435407 -8.803637668383155 -4.1328806292055615 0.037393321318957895 1.0
movable_object.trafficcone 0 0 0 0 0 0 0 0.329 0.711 0.325 1.5079419048339398 -1.1652455666694654 -3.63544598988717 -3.0686280735261713 1.0
movable_object.trafficcone 0 0 0 0 0 0 0 0.324 0.807 0.33 1.3989219586996762 -1.867752090781137 25.51793940932371 1.4969805313304096 1.0
vehicle.car 0 0 0 0 0 0 0 4.706 1.487 1.9 0.18687332262392586 43.693275233067254 7.281937646345994 -3.064148654790646 1.0
vehicle.car 0 0 0 0 0 0 0 4.222 1.624 2.078 0.39089376814920573 31.10669439661734 16.95810757588536 0.08522325696239941 1.0
vehicle.car 0 0 0 0 0 0 0 4.174 1.545 2.029 0.42933921518097173 29.27137356533974 6.647202601350779 -3.0039890592328042 1.0
vehicle.car 0 0 0 0 0 0 0 4.561 1.516 2.003 0.2235066521069936 40.663544687089825 -3.328745829186725 0.024657454831932935 1.0
vehicle.car 0 0 0 0 0 0 0 4.436 1.728 2.025 1.1430321578828084 -10.243971102453646 14.246540938932641 0.05768059488403665 1.0
vehicle.car 0 0 0 0 0 0 0 4.476 1.692 2.072 2.015391013895097 -39.63086547067213 -7.371842890981835 0.08959713333462815 1.0
vehicle.car 0 0 0 0 0 0 0 4.322 1.725 2.155 1.1047259154308628 -4.87671619366814 14.485397330742613 0.05768059488403665 1.0
human.pedestrian.adult 0 0 0 0 0 0 0 0.799 1.771 0.68 0.5053490673135461 7.976818326288275 -0.40970803102718917 -3.1051964222307253 1.0
