vehicle.car 0 0 0 0 0 0 0 4.57 1.668 2.005 0.8903897673654655 -33.579073239736296 20.330599839180678 1.5410635843715808 1.0
vehicle.car 0 0 0 0 0 0 0 4.509 1.732 1.717 -0.2709093060805329 45.46725183971801 18.813690515838132 1.2185817722755328 1.0
human.pedestrian.adult 0 0 0 0 0 0 0 0.643 1.758 0.638 -0.9156967504145782 29.71767888834181 18.5413800296162 1.2483471536995356 1.0
vehicle.motorcycle 0 0 0 0 0 0 0 1.968 1.242 0.541 1.0252420390284902 4.10901161402291 13.645176597479743 1.3094319680824213 1.0
vehicle.car 0 0 0 0 0 0 0 4.502 1.638 2.011 0.8209439916724406 -9.354726125824325 15.946955557427838 1.3420076589341665 1.0
vehicle.car 0 0 0 0 0 0 0 4.555 1.501 2.098 1.591043509517036 -50.21458787090137 -2.2052178360203416 1.4139386005668824 1.0
vehicle.car 0 0 0 0 0 0 0 4.702 1.75 2.01 0.18989971206000067 -5.1698798775559 39.045714030461 -1.8860206436779618 1.0
vehicle.car 0 0 0 0 0 0 0 4.514 1.489 2.029 0.4220898856967933 -3.618821584615992 34.46957352833821 -1.8944840516086625 1.0
vehicle.car 0 0 0 0 0 0 0 4.745 1.463 1.858 0.7092210106724347 16.07051228287663 8.264843944320711 3.1384734107901116 1.0
vehicle.car 0 0 0 0 0 0 0 4.274 1.518 1.831 -0.11687835080285014 44.269700921030505 21.09531521371615 1.2232227752455458 1.0
vehicle.truck 0 0 0 0 0 0 0 5.123 2.013 2.085 0.7878332005687269 -17.535827858642282 14.764584586541323 1.5889530139476342 1.0
vehicle.car 0 0 0 0 0 0 0 4.509 1.599 2.059 0.43971911267617136 -22.963650364823987 39.02326155836315 -1.8202157725198047 1.0
vehicle.car 0 0 0 0 0 0 0 4.46 1.556 2.012 0.3578358082788029 -16.193815869873927 36.62061842309606 1.1937020178637967 1.0
vehicle.car 0 0 0 0 0 0 0 4.69 1.739 2.037 0.7308414547009451 -17.90733397262555 22.11860254600921 1.4761702468097804 1.0
vehicle.car 0 0 0 0 0 0 0 4.545 1.773 2.054 0.6659698403203966 -9.863896260418173 18.444852630257387 1.2722155825295003 1.0
vehicle.car 0 0 0 0 0 0 0 3.514 1.437 1.701 0.3895542826999847 32.497983877684355 8.982395464988496 0.030044681277340057 1.0
vehicle.car 0 0 0 0 0 0 0 4.814 1.796 2.113 0.9393242238556513 -32.67560312552762 15.464673393815948 1.5585128967898996 1.0
vehicle.car 0 0 0 0 0 0 0 4.533 1.501 1.717 0.48744310187707074 23.328071410515722 9.274539476643419 0.03041345666313644 1.0
vehicle.car 0 0 0 0 0 0 0 4.728 1.904 2.127 0.3242267090879285 -0.09147122067297778 26.09076679893719 1.2555704679361046 1.0
vehicle.truck 0 0 0 0 0 0 0 6.505 2.278 2.08 0.07605791749403873 -32.14459253145475 40.750828479816704 2.8346632292260026 1.0
vehicle.car 0 0 0 0 0 0 0 4.515 1.782 2.039 0.600868094265445 -19.4313708141181 29.789245845716906 1.3541865668285133 1.0
vehicle.car 0 0 0 0 0 0 0 4.345 1.442 1.818 0.6478864078863018 18.55430501140695 8.310971465397076 3.0512166954742836 1.0
vehicle.car 0 0 0 0 0 0 0 4.519 1.542 2.057 -0.2241200652690113 43.448991620917354 23.596948971760312 1.2232227752455458 1.0
human.pedestrian.adult 0 0 0 0 0 0 0 0.754 1.876 0.741 0.1742995126794757 -19.719467048645186 41.030732615929054 0.4075560862771215 1.0
vehicle.car 0 0 0 0 0 0 0 4.512 1.541 2.021 0.7746461877005957 2.6969923225942503 16.458964300902085 -1.9009581289960567 1.0
vehicle.car 0 0 0 0 0 0 0 4.575 1.371 1.874 0.5440458605653956 21.336965466467262 8.69614666264605 3.1210220664331363 1.0
vehicle.car 0 0 0 0 0 0 0 4.524 1.589 2.059 0.2577402621180808 -17.20760809787419 41.5803135951893 1.2963983180191345 1.0
vehicle.car 0 0 0 0 0 0 0 4.89 1.81 2.019 0.6855326670552615 -34.567139313044414 25.47153292600742 1.642008781681131 1.0
vehicle.bus.rigid 0 0 0 0 0 0 0 11.043 3.539 2.783 -0.4738402728114672 -28.25035770185367 41.742255265929174 0.27567862939784593 1.0
vehicle.car 0 0 0 0 0 0 0 4.501 1.566 2.036 0.46100843231744515 -1.7788932921486806 28.430544034677197 1.2555704679361046 1.0
vehicle.car 0 0 0 0 0 0 0 4.521 1.622 2.049 1.3808636588663887 -38.963843335936524 8.306494576300445 -3.012605237022787 1.0
vehicle.motorcycle 0 0 0 0 0 0 0 1.951 1.213 0.569 1.0272745852922425 3.816965295019727 14.518173628581449 -1.8326228517087237 1.0
