vehicle.car 0 0 0 0 0 0 0 4.174 1.545 2.029 2.4225817674778094 25.740025729563495 6.538223943385518 -3.024411394426389 1.0
vehicle.car 0 0 0 0 0 0 0 4.561 1.516 2.003 3.0983922164420306 36.87672413151336 -3.3664823592302664 0.053146464512944025 1.0
vehicle.car 0 0 0 0 0 0 0 4.322 1.725 2.155 0.5482064053105049 -8.495609770762115 14.493582130830358 0.0718890575626907 1.0
human.pedestrian.adult 0 0 0 0 0 0 0 0.799 1.771 0.68 1.031602066289295 4.539885803251543 -5.017938203957038 -3.1368685947337305 1.0
vehicle.car 0 0 0 0 0 0 0 4.744 1.888 2.159 0.8417065985679256 -4.48662807203771 -10.532877094874172 0.10133077337953411 1.0
human.pedestrian.adult 0 0 0 0 0 0 0 0.643 1.744 0.72 1.0175155304790204 5.18241725984442 -5.14098655541872 3.1109142956848377 1.0
vehicle.car 0 0 0 0 0 0 0 4.438 1.616 2.02 0.47461275819815607 -12.224331490040104 -1.106540058283741 1.5162124581205445 1.0
vehicle.car 0 0 0 0 0 0 0 4.365 1.682 2.09 3.552985097609621 46.61084279881281 -2.74833667791865 0.05816458954043524 1.0
vehicle.car 0 0 0 0 0 0 0 4.584 1.664 1.823 3.213554946484982 39.40871650214674 -3.280690863943657 0.05844285987602493 1.0
vehicle.car 0 0 0 0 0 0 0 4.264 1.646 2.331 2.032493983550908 20.606979605558347 15.879140494220696 0.053619947668348544 1.0
vehicle.car 0 0 0 0 0 0 0 4.472 1.63 2.185 1.8960443689279236 15.894290111215348 5.901785021322166 -3.054874272366712 1.0
vehicle.car 0 0 0 0 0 0 0 4.717 1.592 2.099 2.065578357566712 17.215376158334216 -4.35925293216014 0.08476955444357737 1.0
static_object.bicycle_rack 0 0 0 0 0 0 0 2.677 1.064 7.868 1.8153737427915908 4.312285712507828 -39.08270864436664 1.5040041562467286 1.0
vehicle.car 0 0 0 0 0 0 0 4.308 1.619 2.121 2.2107004894837994 25.15698904376107 16.07177110837324 0.08185464372885276 1.0
vehicle.car 0 0 0 0 0 0 0 4.31 1.5 1.795 1.882658026927536 13.285083971609094 -6.718794090861582 0.12333779735352524 1.0
movable_object.trafficcone 0 0 0 0 0 0 0 0.345 0.724 0.39 0.8822517051306087 -12.804681724861874 2.419655071581589 -3.0970093756550714 1.0
vehicle.car 0 0 0 0 0 0 0 4.27 1.588 2.095 0.11306417330147023 -20.094288283307378 3.9348859991792646 -3.0784280540761824 1.0
human.pedestrian.adult 0 0 0 0 0 0 0 1.063 1.748 0.826 2.345087596471841 26.244900860274498 -1.5050388122286247 1.6076815567475649 1.0
vehicle.car 0 0 0 0 0 0 0 4.211 1.548 1.945 2.139356473540189 20.871561130023963 6.450851888904011 -3.100973526655581 1.0
vehicle.car 0 0 0 0 0 0 0 4.831 1.51 1.94 0.7146753691048767 -7.730263742472394 4.907138601498198 -3.106430890094108 1.0
vehicle.car 0 0 0 0 0 0 0 4.287 1.663 2.073 0.1988674844376891 -17.652951269505362 4.462257193726671 -3.0784280540761824 1.0
vehicle.car 0 0 0 0 0 0 0 4.337 1.666 2.107 0.20154739008890804 -14.997715957973698 4.393320567019719 -3.088983638772852 1.0
vehicle.car 0 0 0 0 0 0 0 4.471 1.497 1.968 2.702540013066966 30.603905191626232 6.642751256810141 -3.0686924905550628 1.0
vehicle.car 0 0 0 0 0 0 0 4.706 1.487 1.9 3.2226060273652877 40.09203484830513 7.009662634150426 -3.0686924905550628 1.0
vehicle.car 0 0 0 0 0 0 0 4.222 1.624 2.078 2.452581867177887 27.75318842566219 16.822163118286134 0.09957040949376861 1.0
vehicle.car 0 0 0 0 0 0 0 4.436 1.728 2.025 0.15993321866048515 -13.594281749177465 14.246624666778217 0.0718890575626907 1.0
movable_object.barrier 0 0 0 0 0 0 0 0.603 1.067 2.048 1.0092025052801445 -0.4515213338815174 24.502428308859898 1.5226073316281141 1.0
vehicle.car 0 0 0 0 0 0 0 4.611 1.63 2.004 -0.28920204984287134 -27.11182301928982 3.7646417188147954 0.13111252299386766 1.0
vehicle.car 0 0 0 0 0 0 0 4.114 1.52 1.838 2.5729206931718793 28.353421320171343 6.7453873919286655 -3.1114382536779317 1.0
vehicle.car 0 0 0 0 0 0 0 4.453 1.711 2.142 -0.42214014172159675 -30.03145768064211 -11.997361196676513 0.08052553184497802 1.0
movable_object.trafficcone 0 0 0 0 0 0 0 0.329 0.711 0.325 1.3286884640043564 -4.658610944083621 -3.6240668822211712 -3.078986366291832 1.0
vehicle.car 0 0 0 0 0 0 0 4.334 1.662 2.024 2.5329981822623027 30.3571394171853 16.493703912273084 0.06939784178444519 1.0
vehicle.car 0 0 0 0 0 0 0 4.764 1.798 2.26 1.7976142648446247 15.135118220807417 15.79161047758908 0.059506574995467076 1.0
vehicle.car 0 0 0 0 0 0 0 4.82 1.517 1.892 2.7665801107888295 32.83231214145737 8.399284015351197 -3.086139738562304 1.0
vehicle.car 0 0 0 0 0 0 0 4.478 1.482 2.09 0.10552842514807687 -16.13803736875555 14.726057108637535 0.0718890575626907 1.0
human.pedestrian.adult 0 0 0 0 0 0 0 0.825 0.981 0.722 3.8885768079147125 53.30204534107471 5.7490855042730145 1.5160903760813689 1.0
movable_object.trafficcone 0 0 0 0 0 0 0 0.412 0.73 0.458 0.910074079058047 -12.564070028475564 -4.077062093808272 0.05871141180347417 1.0
vehicle.car 0 0 0 0 0 0 0 4.175 1.605 1.953 2.1183137611593374 18.56478898633534 6.245572855981511 -3.082460307089974 1.0
movable_object.trafficcone 0 0 0 0 0 0 0 0.324 0.807 0.33 0.9225286453844725 -5.307233274368656 25.525946844609148 1.5021205997882179 1.0
