human.pedestrian.adult 0 0 0 0 0 0 0 0.712 1.721 0.719 -1.6697017129169311 29.501765372872878 19.193045923554134 2.312709352927163 1.0
human.pedestrian.adult 0 0 0 0 0 0 0 0.753 1.104 0.764 -1.9227391114092054 40.42865998434617 21.213352639060325 -2.517789966711929 1.0
vehicle.car 0 0 0 0 0 0 0 4.509 1.732 1.717 3.142680387940361 -40.285437849731885 18.809120302843503 1.2399185919248081 1.0
vehicle.car 0 0 0 0 0 0 0 3.514 1.437 1.701 4.350114746150058 -53.29737560916972 9.128191059473922 0.07052438440451603 1.0
human.pedestrian.adult 0 0 0 0 0 0 0 0.898 1.842 0.9 2.798267872102438 -26.195893893105588 7.562123987683164 2.1865568797799932 1.0
vehicle.car 0 0 0 0 0 0 0 4.702 1.424 1.981 -1.8411385847947357 32.903196413250335 25.61921253176752 2.195420330909645 1.0
vehicle.car 0 0 0 0 0 0 0 4.28 1.644 1.788 -1.064246695486414 23.97817094067431 18.9451855385499 0.1229056931071062 1.0
vehicle.bus.rigid 0 0 0 0 0 0 0 12.303 2.831 3.187 -3.8553875289614044 40.158404672855276 -10.04153283762549 1.6900147013233795 1.0
vehicle.car 0 0 0 0 0 0 0 4.519 1.542 2.057 3.227998994422811 -42.31242413166864 23.322886064181574 1.2445531341978961 1.0
vehicle.car 0 0 0 0 0 0 0 4.543 1.601 2.106 -4.3167684442591945 56.90695328301696 55.634629002908824 2.2211624620613275 1.0
vehicle.car 0 0 0 0 0 0 0 4.519 1.549 2.022 -2.2592525514584287 37.202960665765055 30.908419663623494 2.2451782034531638 1.0
vehicle.car 0 0 0 0 0 0 0 4.533 1.586 1.908 -2.4602842015048756 38.9224275568029 32.56886505155546 2.314052317203352 1.0
vehicle.truck 0 0 0 0 0 0 0 6.967 2.527 2.558 -2.192473943389625 5.567576054642805 -16.148895518225544 1.567977158247607 1.0
vehicle.bicycle 0 0 0 0 0 0 0 1.925 1.9 0.63 -1.0055597074527194 -3.8276588382229524 -7.804579734147882 1.572457390868001 1.0
