movable_object.barrier 0 0 0 0 0 0 0 0.6 0.999 2.203 0.7667285622050998 8.635853812812643 -18.724439161475498 -1.227573729950084 1.0
vehicle.car 0 0 0 0 0 0 0 4.364 1.646 1.832 0.5260812705159229 14.034839492528121 -7.8667952406596235 -1.367580467701444 1.0
vehicle.car 0 0 0 0 0 0 0 3.841 1.603 1.82 1.4172790086953801 -16.725085677514855 5.423186441977077 -3.111951513697024 1.0
vehicle.car 0 0 0 0 0 0 0 4.736 1.796 2.033 1.5694389482157853 -27.018009828305114 30.824983736241183 3.120816276695746 1.0
vehicle.car 0 0 0 0 0 0 0 4.107 1.499 2.019 1.1824748480500278 -5.087917224806482 15.667515966618154 3.0684616410919965 1.0
vehicle.car 0 0 0 0 0 0 0 4.213 1.51 1.955 1.1092825639253694 -1.4085469467913978 31.025545503209255 -3.1397615340139984 1.0
vehicle.car 0 0 0 0 0 0 0 4.224 1.697 1.85 0.6351949225998788 14.078831911218739 15.32365227287545 0.03363758961577856 1.0
vehicle.car 0 0 0 0 0 0 0 4.194 1.699 1.924 1.5440141327871464 -21.81431854807783 5.247755551020421 -3.129403059759012 1.0
vehicle.car 0 0 0 0 0 0 0 4.485 1.484 1.895 0.9617318370937337 -0.4170626979782771 15.081676814356893 0.07204694910910092 1.0
vehicle.car 0 0 0 0 0 0 0 4.747 1.718 2.229 1.526984318744082 -24.465724272406117 5.358225775213096 -3.129403059759012 1.0
movable_object.barrier 0 0 0 0 0 0 0 0.58 1.082 2.213 1.7040869799139322 -32.855384197287336 -4.026876248326578 -1.5456684140531731 1.0
vehicle.car 0 0 0 0 0 0 0 3.709 1.52 1.746 0.4241099971571793 16.326159991357688 14.844706916420417 0.0588613435786165 1.0
vehicle.motorcycle 0 0 0 0 0 0 0 2.474 1.638 1.088 0.1389231231457737 45.63115354716525 10.029490707258974 -2.807369991386911 1.0
vehicle.car 0 0 0 0 0 0 0 4.347 1.499 1.909 1.0598679305113146 -10.471010991266912 -38.56861547769921 -1.3151643624838378 1.0
movable_object.barrier 0 0 0 0 0 0 0 0.596 1.009 2.205 0.7861297719270421 10.37701746490116 -13.938129755502406 -1.2868977436310107 1.0
vehicle.car 0 0 0 0 0 0 0 4.216 1.513 1.879 0.9483128259153946 -1.1219099433447544 -16.26194152001602 1.8577444919895099 1.0
vehicle.car 0 0 0 0 0 0 0 3.844 1.487 1.847 0.6218934777379822 9.2031051642248 14.967689128417776 0.08155164534703152 1.0
vehicle.car 0 0 0 0 0 0 0 4.549 1.534 2.123 1.610439812401551 -24.419393936503454 15.20267714035037 0.047546035138338105 1.0
movable_object.trafficcone 0 0 0 0 0 0 0 0.501 0.904 0.503 0.88455547317474 9.173085626012234 -17.443957690333647 -1.2043679702451051 1.0
vehicle.car 0 0 0 0 0 0 0 3.798 1.517 1.923 1.157053310168653 6.975418968316343 25.422748390148893 -3.1043949943771914 1.0
movable_object.barrier 0 0 0 0 0 0 0 0.601 1.0 2.212 0.7732613157858707 9.719991820032067 -16.123539489355725 -1.1996570559396869 1.0
human.pedestrian.adult 0 0 0 0 0 0 0 0.905 1.747 0.783 0.5297296651338007 6.856069393570037 -14.384352417664042 0.5629064597956681 1.0
vehicle.car 0 0 0 0 0 0 0 4.837 1.68 2.042 1.0481126043754396 -5.231407111227046 5.391560807122254 0.08022727187202783 1.0
vehicle.car 0 0 0 0 0 0 0 4.712 1.485 2.025 1.2602444632892116 -7.653399243943097 5.403733871482292 3.0839760639749034 1.0
movable_object.trafficcone 0 0 0 0 0 0 0 0.353 1.043 0.386 1.6908979982891403 -27.919713965043794 -3.138005948840299 -1.6303002196902003 1.0
vehicle.car 0 0 0 0 0 0 0 4.285 1.589 1.929 0.9751657797691494 1.989203196621024 5.349805053299152 3.1188791550052537 1.0
vehicle.car 0 0 0 0 0 0 0 4.089 1.6 1.793 0.6591997817291737 16.39692108397234 5.277910918754143 -3.051063074496856 1.0
vehicle.car 0 0 0 0 0 0 0 4.08 1.472 1.848 0.9898697920331613 6.950028186529752 14.55273905347109 3.110240639815756 1.0
vehicle.car 0 0 0 0 0 0 0 4.387 1.477 1.927 0.9591132998255233 -4.276781844544428 -26.733754144236535 1.9024029735738166 1.0
vehicle.car 0 0 0 0 0 0 0 4.931 1.528 2.124 2.0313945702600913 -48.17869504905735 5.271546805145201 -3.1152136133515533 1.0
vehicle.car 0 0 0 0 0 0 0 4.352 1.329 1.909 0.7841461291284078 13.936499072396309 5.42201135325673 -3.1232601153160786 1.0
human.pedestrian.adult 0 0 0 0 0 0 0 0.876 1.725 0.914 0.7223969646332828 1.9846264001051015 -22.621348015157388 0.24965459838372217 1.0
human.pedestrian.personal_mobility 0 0 0 0 0 0 0 0.826 1.849 0.775 0.5124264659596824 5.589205372646874 -27.184509180445843 0.1236257320906251 1.0
vehicle.car 0 0 0 0 0 0 0 4.353 1.471 1.863 1.063701077621025 -1.8748194933433284 -18.857551806805876 1.8675017251205395 1.0
vehicle.car 0 0 0 0 0 0 0 5.306 1.522 1.992 0.96649862136914 0.6780969685134853 -11.741897007612842 1.841692341364384 1.0
vehicle.car 0 0 0 0 0 0 0 4.302 1.75 2.038 1.3552911625302546 -19.070537028149545 5.117830143968881 -3.1231861732791764 1.0
vehicle.car 0 0 0 0 0 0 0 4.762 1.471 1.836 1.0374792068181524 1.3699444242454515 -9.547802694579195 1.824241822619519 1.0
vehicle.car 0 0 0 0 0 0 0 4.898 1.504 2.204 2.0642738610685787 -53.153383788182296 5.154671225747741 -3.128020427785886 1.0
human.pedestrian.adult 0 0 0 0 0 0 0 0.981 1.821 0.93 0.3677278659495458 3.10084409259471 -24.744553349884242 0.6960739398341289 1.0
vehicle.car 0 0 0 0 0 0 0 3.831 1.489 1.89 1.0625587692677163 -2.749003529901352 15.467778984977532 0.04756056313326473 1.0
vehicle.car 0 0 0 0 0 0 0 4.557 1.503 1.963 1.306883485994168 -12.029761641836908 5.504783185493364 -3.132442330345363 1.0
movable_object.barrier 0 0 0 0 0 0 0 0.599 0.996 2.198 0.6984202921733654 8.171996110710975 -20.92259930405986 -1.2992861647115657 1.0
