vehicle.car 0 0 0 0 0 0 0 4.287 1.663 2.073 1.414444203596631 -21.445313368075272 4.475612916360585 -3.080744668397074 1.0
vehicle.car 0 0 0 0 0 0 0 4.308 1.619 2.121 0.3765383540519398 21.378790345454394 15.976219229956873 0.08033906589589002 1.0
human.pedestrian.adult 0 0 0 0 0 0 0 0.698 0.921 0.801 0.3650212345426769 51.4382556570826 6.403522298841922 1.6475518311130726 1.0
vehicle.car 0 0 0 0 0 0 0 4.744 1.888 2.159 1.4387201585923666 -8.318073386712314 -10.604496040464651 0.08473689914007476 1.0
vehicle.car 0 0 0 0 0 0 0 4.365 1.682 2.09 0.2942615811491258 42.86195767669698 -2.892757980016098 0.030025320164779767 1.0
movable_object.trafficcone 0 0 0 0 0 0 0 0.42 0.715 0.382 1.4909869553727506 -9.05331157216551 23.50741742085563 1.5038205248907648 1.0
static_object.bicycle_rack 0 0 0 0 0 0 0 2.677 1.064 7.868 2.0258154468831697 -0.12928248887790403 -39.20145337431411 1.5057052804817577 1.0
vehicle.car 0 0 0 0 0 0 0 4.831 1.51 1.94 1.477111265263148 -11.531298479534541 4.870155219766891 -3.1262082395876654 1.0
vehicle.car 0 0 0 0 0 0 0 4.516 1.527 1.892 0.28863124418988584 38.854499526903226 6.613015080443357 -3.088458641413572 1.0
human.pedestrian.adult 0 0 0 0 0 0 0 0.799 1.771 0.68 0.98972861814724 0.6645103594788657 -7.026263817806255 3.103260434175713 1.0
vehicle.car 0 0 0 0 0 0 0 4.322 1.725 2.155 1.1165298669726125 -12.236001417231588 14.48481240683339 0.05073265745825983 1.0
vehicle.car 0 0 0 0 0 0 0 4.82 1.517 1.892 0.40314505111258303 29.243304714698247 6.947623612717813 -3.088458641413572 1.0
vehicle.car 0 0 0 0 0 0 0 4.174 1.545 2.029 0.5608512450230028 21.99444997586493 6.341444817563707 -3.0267119591109726 1.0
vehicle.car 0 0 0 0 0 0 0 4.717 1.592 2.099 0.8904840537277173 13.464503514335611 -4.439725831993256 0.06775068944763962 1.0
vehicle.car 0 0 0 0 0 0 0 4.706 1.487 1.9 0.34812297394001457 36.419123686279136 6.8349841075541455 -3.0710062149261983 1.0
vehicle.car 0 0 0 0 0 0 0 4.561 1.516 2.003 0.7789909432206501 33.21768566340277 -3.5245868960506503 0.02058013241176493 1.0
vehicle.car 0 0 0 0 0 0 0 4.436 1.728 2.025 1.0050926698149498 -17.34658999053832 14.211542969325306 0.05073265745825983 1.0
vehicle.car 0 0 0 0 0 0 0 4.337 1.666 2.107 1.2344130721721218 -18.770945233799818 4.395146314031899 -3.0913033854558947 1.0
vehicle.car 0 0 0 0 0 0 0 4.31 1.5 1.795 1.1748873472256394 9.558237556764027 -6.774864165232961 0.1110302366730509 1.0
vehicle.car 0 0 0 0 0 0 0 4.175 1.605 1.953 0.7906455647760378 14.817903009976314 6.146188019976432 -3.0857089141808025 1.0
vehicle.car 0 0 0 0 0 0 0 4.438 1.616 2.02 1.5026340095788187 -10.453139828095043 -0.7519753827581791 1.5244655983214104 1.0
vehicle.car 0 0 0 0 0 0 0 4.329 1.464 2.058 0.1386316179814755 52.5453304421603 -3.0216463023958493 0.03207270728924261 1.0
vehicle.car 0 0 0 0 0 0 0 4.764 1.798 2.26 0.6152057847936632 11.435066619308287 15.723525115305748 0.03233330400009349 1.0
vehicle.car 0 0 0 0 0 0 0 4.611 1.63 2.004 1.6026848497302348 -30.867471127784892 3.783628371528001 0.12590042216686115 1.0
movable_object.trafficcone 0 0 0 0 0 0 0 0.329 0.711 0.325 1.8885503443344833 -8.39684847535338 -3.636064919372568 -3.081303146316273 1.0
vehicle.car 0 0 0 0 0 0 0 4.584 1.664 1.823 0.467359830091864 35.63867245211688 -3.481435787120036 0.03051161104562583 1.0
vehicle.car 0 0 0 0 0 0 0 4.264 1.646 2.331 0.4653916487748717 16.8315884787992 15.781950663523558 0.02146852652164899 1.0
vehicle.car 0 0 0 0 0 0 0 4.472 1.63 2.185 0.8866835007059988 12.180466556872512 5.81053541578316 -3.060019912266082 1.0
movable_object.trafficcone 0 0 0 0 0 0 0 0.412 0.73 0.458 2.06177179435202 -16.332071461871656 -4.159546039842227 0.03097698197465082 1.0
vehicle.car 0 0 0 0 0 0 0 4.469 1.623 2.152 -0.013256316991419936 45.432649099266875 17.289988298730265 0.08033906589589002 1.0
human.pedestrian.adult 0 0 0 0 0 0 0 0.643 1.744 0.72 0.9606943063531787 1.285045539219546 -7.143907769808913 3.080209656622113 1.0
vehicle.car 0 0 0 0 0 0 0 4.471 1.497 1.968 0.5000767789882079 26.87300267588024 6.537503526760571 -3.0710062149261983 1.0
vehicle.car 0 0 0 0 0 0 0 4.305 1.799 2.113 1.003132048956929 -14.606125296088736 14.558884896598032 0.05073265745825983 1.0
vehicle.car 0 0 0 0 0 0 0 4.222 1.624 2.078 0.3758273322117881 24.0207561353848 16.719957933592458 0.08734001813880976 1.0
vehicle.car 0 0 0 0 0 0 0 4.211 1.548 1.945 0.6200307552415397 17.14794440631732 6.260986443767395 -3.1049967419978834 1.0
human.pedestrian.adult 0 0 0 0 0 0 0 1.063 1.748 0.826 0.7755507998074784 21.16514615014941 -1.8925343702791384 1.6833072798644872 1.0
movable_object.trafficcone 0 0 0 0 0 0 0 0.345 0.724 0.39 1.9958724664862384 -16.561674693156103 2.392779397341851 -3.0993315033737208 1.0
vehicle.car 0 0 0 0 0 0 0 4.27 1.588 2.095 1.5020249226816853 -23.74552696743785 3.963658802253147 -3.080744668397074 1.0
vehicle.car 0 0 0 0 0 0 0 4.463 1.772 2.395 0.03314841770851973 38.170315463671024 16.855560208144418 0.047320208874107816 1.0
