vehicle.truck 0 0 0 0 0 0 0 5.383 2.019 1.751 -0.14438184554709782 30.98464109988305 -37.08711890314295 -2.6708751619830844 1.0
vehicle.car 0 0 0 0 0 0 0 4.313 1.612 1.945 0.524383155677691 16.234307929474827 -30.48074359325549 0.9447628214676929 1.0
vehicle.car 0 0 0 0 0 0 0 4.808 1.868 2.178 -0.38169243982403667 72.60806538045586 28.84301788452994 1.8809849052845529 1.0
vehicle.car 0 0 0 0 0 0 0 4.776 1.628 2.067 1.3171875445245307 -10.974742795008137 -22.67579907881224 0.8459741910427714 1.0
vehicle.car 0 0 0 0 0 0 0 4.475 1.523 2.095 0.69715186548204 21.44706429645262 3.5705026545904146 0.20952759044118974 1.0
vehicle.car 0 0 0 0 0 0 0 4.518 1.707 2.054 0.9336227927574059 6.197618152827261 -44.51833848151121 0.9152358658809634 1.0
vehicle.motorcycle 0 0 0 0 0 0 0 2.022 1.385 0.654 1.5441508329331664 -16.78391964272592 -16.373469587453187 0.8299547156198241 1.0
vehicle.bus.rigid 0 0 0 0 0 0 0 11.571 3.86 2.996 -0.8375391387323083 22.499687380572436 -31.474163946254272 -2.5085585224180615 1.0
vehicle.car 0 0 0 0 0 0 0 5.173 1.874 2.034 1.2418152699516438 -54.90972090686686 -34.52184172311806 2.2802491046399105 1.0
vehicle.car 0 0 0 0 0 0 0 4.303 1.627 1.804 0.9376960673223348 -1.0097743141627247 -17.419713235288683 2.2374201572033545 1.0
vehicle.car 0 0 0 0 0 0 0 4.403 1.66 2.234 0.8158764682288335 4.454141118508075 -42.533730300065415 0.9152358658809634 1.0
vehicle.car 0 0 0 0 0 0 0 4.255 1.702 2.09 -0.07987260622923742 38.777944297806755 -37.70686144910473 1.7926576175579223 1.0
vehicle.motorcycle 0 0 0 0 0 0 0 2.083 1.367 0.64 1.4586237643928657 -17.415271615719963 -15.71714969079955 2.2911745044848155 1.0
vehicle.car 0 0 0 0 0 0 0 3.839 2.0 1.898 1.2089074576572278 -9.006172000656598 -25.5753208411748 2.214871269177336 1.0
vehicle.car 0 0 0 0 0 0 0 4.485 1.863 1.928 0.8079094251151608 7.906189256985284 -18.471567800076798 0.9840626352916129 1.0
vehicle.car 0 0 0 0 0 0 0 4.481 1.943 2.092 0.7673878088535768 10.128912992885446 -22.72804500458307 2.138603039196097 1.0
vehicle.car 0 0 0 0 0 0 0 4.814 1.636 2.018 0.24755704024455893 35.293634231589564 18.98102239029307 1.851559898632658 1.0
vehicle.car 0 0 0 0 0 0 0 4.554 1.542 1.844 0.5264262562409647 20.531137762989637 -9.431973315456522 1.948945247026976 1.0
vehicle.car 0 0 0 0 0 0 0 4.549 1.631 2.315 0.6755382011883574 9.251469423946439 -30.651402779724762 2.2548728624208945 1.0
vehicle.car 0 0 0 0 0 0 0 4.8 1.86 2.085 0.6760530030437474 6.208397338968513 -16.184453791752002 2.0337649533226916 1.0
vehicle.car 0 0 0 0 0 0 0 4.446 1.545 2.01 0.31052704564603595 38.05189569601529 7.906065529325936 0.27765833514873917 1.0
vehicle.car 0 0 0 0 0 0 0 4.436 1.657 2.035 0.3690118578730012 21.978707736951776 -13.824911953506186 1.948945247026976 1.0
vehicle.car 0 0 0 0 0 0 0 4.219 1.577 1.855 1.1148172717783813 -4.071600711214063 -13.554752667151973 2.1615009496181745 1.0
vehicle.car 0 0 0 0 0 0 0 4.257 1.617 1.971 1.3823628093068179 -15.070710696545532 -17.79151498240303 0.8646462446837955 1.0
vehicle.car 0 0 0 0 0 0 0 3.803 1.639 1.896 0.28449165917015096 22.473827330088056 -38.18995728333272 2.2111363907583517 1.0
vehicle.car 0 0 0 0 0 0 0 4.843 1.689 2.164 1.5244897844819532 -30.59004456310328 -14.881151214548483 0.34868202419085126 1.0
vehicle.car 0 0 0 0 0 0 0 3.996 1.945 1.809 0.898079507504128 -2.645593815522894 -15.596212457345912 2.190588756560743 1.0
vehicle.car 0 0 0 0 0 0 0 4.659 1.64 2.1 0.48464848150543693 28.174871075498135 17.15860098568988 -1.3049284125443812 1.0
