vehicle.car 0 0 0 0 0 0 0 4.25 1.696 1.926 0.8374066577331065 3.7839871915824856 -4.810182382984829 0.04104240301680617 1.0
movable_object.trafficcone 0 0 0 0 0 0 0 0.283 0.695 0.326 1.103085958961755 10.583872896089364 3.3256131475420703 0.055765313944533546 1.0
movable_object.trafficcone 0 0 0 0 0 0 0 0.358 0.735 0.36 1.339183817003456 5.229987328690947 3.4626866046105578 0.040409167040848626 1.0
vehicle.car 0 0 0 0 0 0 0 4.644 1.532 2.052 1.5766669739994634 -9.266095803427826 15.691023923184876 0.04304378245205687 1.0
vehicle.car 0 0 0 0 0 0 0 4.463 1.772 2.395 1.1333530453906924 -2.2644036079726146 15.37547969363504 0.03349616253586429 1.0
vehicle.car 0 0 0 0 0 0 0 4.469 1.623 2.152 1.0122608018031636 4.8978312825767505 15.471615228895118 0.045623711341526985 1.0
movable_object.trafficcone 0 0 0 0 0 0 0 0.427 0.876 0.429 1.5650289026869968 -9.185486944623467 3.2657031721066065 1.648991309843801 1.0
vehicle.car 0 0 0 0 0 0 0 4.438 1.616 2.02 1.8254893222979733 -27.022347779926527 -0.3879432136082455 1.6020502316967722 1.0
vehicle.car 0 0 0 0 0 0 0 4.329 1.464 2.058 0.6885932149533764 11.044152733278272 -4.907618856758625 0.03962497898141448 1.0
vehicle.car 0 0 0 0 0 0 0 4.078 1.747 1.895 0.12868890059854937 21.278088742013523 -7.769803149895064 2.350019415261433 1.0
vehicle.car 0 0 0 0 0 0 0 4.584 1.664 1.823 1.1903833282148204 -5.81599331342116 -4.805105607861872 0.03770264799934786 1.0
movable_object.debris 0 0 0 0 0 0 0 1.159 0.94 0.664 1.0583500532572907 10.393200507553793 3.1541496266667877 1.569196595754855 1.0
vehicle.car 0 0 0 0 0 0 0 4.337 1.666 2.107 2.805180094135654 -59.71690580858397 5.564717225415609 -3.1379356353915995 1.0
vehicle.car 0 0 0 0 0 0 0 4.717 1.592 2.099 1.84885162402234 -27.84381239014858 -4.830249720031628 0.039786465959751105 1.0
vehicle.car 0 0 0 0 0 0 0 4.114 1.52 1.838 1.5905722201851755 -16.221476623066998 5.364290979125384 3.1227903939811057 1.0
vehicle.car 0 0 0 0 0 0 0 4.333 1.56 2.278 -1.6274948106814304 26.452523158010685 45.617906683424934 -2.5222541772349594 1.0
vehicle.car 0 0 0 0 0 0 0 4.471 1.497 1.968 1.525021073469045 -13.93376077149276 5.59467376845779 -3.1176402697242587 1.0
vehicle.car 0 0 0 0 0 0 0 4.264 1.646 2.331 1.8607251716124953 -23.869131888328898 15.251444529391742 0.05098212491764054 1.0
human.pedestrian.adult 0 0 0 0 0 0 0 1.001 1.719 0.781 1.2705466177312656 -16.76894564928279 -6.297129057864476 0.6656173034442183 1.0
human.pedestrian.adult 0 0 0 0 0 0 0 1.063 1.748 0.826 1.8035229258858942 -28.45026446981594 -1.9233195206300637 0.3661444243326297 1.0
human.pedestrian.adult 0 0 0 0 0 0 0 0.717 1.931 0.652 1.4896447631186236 -24.070145446368763 -8.372511318008417 1.9656795854072566 1.0
vehicle.car 0 0 0 0 0 0 0 4.561 1.516 2.003 1.2909765416478927 -8.159318685922598 -4.940811923123814 0.053155523080650635 1.0
vehicle.car 0 0 0 0 0 0 0 4.63 1.511 1.934 0.752651036053808 8.565737508434502 -4.803371224561319 0.08330334296573305 1.0
vehicle.car 0 0 0 0 0 0 0 4.706 1.487 1.9 1.2362948930294477 -4.4375093264866825 5.175578688617133 -3.1176402697242587 1.0
vehicle.car 0 0 0 0 0 0 0 4.393 1.488 2.108 1.6140746305222335 -20.81030233664355 -8.625139717194143 0.7675220708198016 1.0
movable_object.trafficcone 0 0 0 0 0 0 0 0.304 0.744 0.35 1.1110810728399654 12.297771834437162 3.082605931014727 0.04153919158052588 1.0
vehicle.car 0 0 0 0 0 0 0 4.211 1.548 1.945 1.753983441930803 -23.613172606634535 5.64642084127626 3.113426754371888 1.0
vehicle.bicycle 0 0 0 0 0 0 0 1.475 1.034 1.177 1.3208636868351415 -10.78466884575705 -19.180524430643345 1.5989812192794606 1.0
vehicle.car 0 0 0 0 0 0 0 4.546 1.539 1.871 1.1646021532607649 -3.4056959025628 -4.684495814614322 0.07778958877529618 1.0
vehicle.car 0 0 0 0 0 0 0 4.516 1.527 1.892 1.1945691392631896 -2.137157147295497 4.788382597258938 -3.135091144325415 1.0
human.pedestrian.adult 0 0 0 0 0 0 0 0.825 0.981 0.722 1.0918356754962721 9.138518245208248 3.5561958101568822 1.0063270025861053 1.0
vehicle.car 0 0 0 0 0 0 0 4.611 1.63 2.004 3.337152740812438 -71.91410845403576 5.4147114622812715 0.10906337251563958 1.0
vehicle.car 0 0 0 0 0 0 0 4.472 1.63 2.185 1.9010773474501028 -28.822746317032188 5.459929182232864 -3.13659750883439 1.0
vehicle.car 0 0 0 0 0 0 0 4.831 1.51 1.94 2.5588690009034085 -52.34347605205772 5.604897704794672 3.127798797062196 1.0
human.pedestrian.adult 0 0 0 0 0 0 0 0.698 0.921 0.801 1.0709423925187387 10.599554257506659 4.331506226373263 1.6010946157368569 1.0
vehicle.car 0 0 0 0 0 0 0 4.174 1.545 2.029 1.6228662269812717 -18.930023086332746 5.491876846112717 -3.0733499530120065 1.0
vehicle.car 0 0 0 0 0 0 0 4.222 1.624 2.078 1.6783974858570279 -16.711050038858737 15.885632081535165 0.05833348705331742 1.0
human.pedestrian.adult 0 0 0 0 0 0 0 0.692 1.845 0.739 -1.9126325738357561 26.8964760179865 23.276515135131824 2.1562510299678834 1.0
vehicle.car 0 0 0 0 0 0 0 4.647 1.827 2.139 -2.754656231759457 42.818173026540485 24.627687043994648 -2.4709668505011475 1.0
vehicle.car 0 0 0 0 0 0 0 4.492 1.726 2.155 1.5891353792902145 -11.935158773749373 15.77463253116433 0.03425468014295241 1.0
vehicle.car 0 0 0 0 0 0 0 4.82 1.517 1.892 1.3817330139618504 -11.545170985741878 5.498297591894344 -3.135091144325415 1.0
vehicle.car 0 0 0 0 0 0 0 4.175 1.605 1.953 1.837466630844323 -26.096451773866868 5.699365479898473 3.124783672661138 1.0
vehicle.car 0 0 0 0 0 0 0 4.308 1.619 2.121 1.7253558219669265 -19.218146210868895 15.292032301411856 0.04807801301298831 1.0
human.pedestrian.adult 0 0 0 0 0 0 0 0.927 0.912 1.211 -0.16997462742651015 27.670055129376486 -24.12586244912262 2.2470272304115646 1.0
vehicle.car 0 0 0 0 0 0 0 4.365 1.682 2.09 0.956938203071778 1.4207680237095088 -4.572194202046577 0.041134468704706606 1.0
vehicle.car 0 0 0 0 0 0 0 4.334 1.662 2.024 1.5348575724525173 -14.37816043968059 15.443799068615338 0.03601622807307869 1.0
vehicle.car 0 0 0 0 0 0 0 4.31 1.5 1.795 1.9509447096870738 -31.85588325465263 -6.907269310709026 0.07089644251818905 1.0
