vehicle.car 0 0 0 0 0 0 0 4.518 1.707 2.054 0.8532766011452584 -2.838854637683315 -45.1694963771266 1.1812869166139413 1.0
vehicle.car 0 0 0 0 0 0 0 4.255 1.702 2.09 -0.10349754229365771 30.742284865868722 -47.31808239621437 1.2822327570556356 1.0
vehicle.motorcycle 0 0 0 0 0 0 0 2.061 1.339 0.583 1.4280528684504254 -15.59474893478721 -16.701859753696557 1.9267364574675714 1.0
vehicle.car 0 0 0 0 0 0 0 4.446 1.545 2.01 0.34789334772426983 41.67022611650976 -2.937924168838113 0.017444062959377504 1.0
vehicle.bus.rigid 0 0 0 0 0 0 0 11.571 3.86 2.996 -0.9851447053247395 16.598292445780267 -36.70737032301225 -2.7877337749026125 1.0
vehicle.car 0 0 0 0 0 0 0 4.244 1.603 1.819 1.5506357261082861 -37.20129525073626 -8.056693257916608 -3.068062185030529 1.0
vehicle.car 0 0 0 0 0 0 0 4.549 1.631 2.315 0.4345597313868096 3.795370960359123 -32.497548622449884 1.9829633126840722 1.0
vehicle.car 0 0 0 0 0 0 0 4.843 1.689 2.164 1.38012588296851 -30.50287824467567 -6.923187630974172 0.08335928002180859 1.0
vehicle.car 0 0 0 0 0 0 0 3.996 1.945 1.809 0.8392317360855657 -3.7468873000676166 -14.901361112036238 1.9303142636448012 1.0
vehicle.car 0 0 0 0 0 0 0 4.659 1.64 2.1 0.5170427708263912 34.61509579043609 8.617507305355323 -1.570996876926701 1.0
vehicle.car 0 0 0 0 0 0 0 4.485 1.863 1.928 0.6640881770908617 5.614156249261568 -20.361550156502158 1.2501179637376492 1.0
vehicle.car 0 0 0 0 0 0 0 4.257 1.617 1.971 1.2246448544481798 -16.25474772533331 -13.765230261180116 1.1306936269256749 1.0
vehicle.car 0 0 0 0 0 0 0 4.475 1.523 2.095 0.7019100508057383 24.508989712699325 -2.7544922564774827 0.058638917554977965 1.0
vehicle.car 0 0 0 0 0 0 0 4.814 1.636 2.018 0.2771733598171422 41.92141199450379 8.472730954247783 1.5854678030077443 1.0
vehicle.car 0 0 0 0 0 0 0 4.8 1.86 2.085 0.5682780407810135 4.610949878622151 -17.806271229322416 1.7676727653684416 1.0
vehicle.car 0 0 0 0 0 0 0 4.679 1.586 1.791 1.4627438985587617 -57.40744709756498 -21.68871315848719 1.9792516984304882 1.0
vehicle.car 0 0 0 0 0 0 0 4.303 1.627 1.804 0.9778068965248693 -2.461429777908151 -16.976733339766206 1.9713281585569167 1.0
vehicle.truck 0 0 0 0 0 0 0 5.383 2.019 1.751 -0.19773198626309227 22.361242017115064 -40.896544758161916 -2.8787855081785505 1.0
vehicle.motorcycle 0 0 0 0 0 0 0 2.022 1.385 0.654 1.4214503372474936 -17.623146814794623 -11.942999338958277 1.0959992706445227 1.0
vehicle.car 0 0 0 0 0 0 0 3.607 1.514 2.045 1.6028140258654529 -46.71464526318311 -8.788728069733088 -3.068062185030529 1.0
vehicle.car 0 0 0 0 0 0 0 3.839 2.0 1.898 1.1275376685951517 -12.53081588119366 -22.849313198640466 1.948779237846951 1.0
vehicle.car 0 0 0 0 0 0 0 4.776 1.628 2.067 1.2160942126733247 -13.660142771916702 -19.53576351402872 1.1190008438734065 1.0
vehicle.car 0 0 0 0 0 0 0 5.173 1.874 2.034 1.2718585721916755 -59.082693850384516 -19.596078190475502 1.996704433582357 1.0
vehicle.car 0 0 0 0 0 0 0 4.436 1.657 2.035 0.31001433491951985 20.538651818102093 -19.666296440259757 1.682853064468377 1.0
vehicle.car 0 0 0 0 0 0 0 4.219 1.577 1.855 1.055176226817475 -4.482234785912107 -12.521115525550497 1.8954088516240875 1.0
vehicle.motorcycle 0 0 0 0 0 0 0 2.083 1.367 0.64 1.3426160401479423 -18.044775785822402 -11.130571394835911 2.0250825937939023 1.0
vehicle.car 0 0 0 0 0 0 0 3.803 1.639 1.896 0.23583196739361323 14.817070045417916 -43.263213420976456 1.9450443542658338 1.0
