vehicle.car 0 0 0 0 0 0 0 4.309 1.689 1.857 1.4470695179843216 -19.399622469186916 -4.951297619983478 0.03909974619971335 1.0
human.pedestrian.adult 0 0 0 0 0 0 0 0.868 0.768 0.566 1.7999826425480026 -10.756413237046994 6.454174246448105 0.5805622904645178 1.0
movable_object.trafficcone 0 0 0 0 0 0 0 0.29 0.646 0.322 1.8179081119351688 -10.45445120028038 3.202944693509923 1.6280484624062996 1.0
human.pedestrian.adult 0 0 0 0 0 0 0 0.709 1.877 0.763 2.0116880728647524 -31.946191045181457 -3.1168249831343657 1.5598447403652331 1.0
vehicle.car 0 0 0 0 0 0 0 4.011 1.615 1.945 1.5577711560164562 -17.034726466417037 -4.981264992589001 0.039163636787417744 1.0
movable_object.trafficcone 0 0 0 0 0 0 0 0.388 0.789 0.417 2.4419641260435117 -30.34455359014786 2.5334627954389295 3.107384160861983 1.0
human.pedestrian.adult 0 0 0 0 0 0 0 0.855 0.898 0.717 1.8122931818160406 -12.000550565171162 3.4797193788478262 0.0671812302257182 1.0
vehicle.car 0 0 0 0 0 0 0 4.071 1.383 1.998 2.3499557180999124 -38.41878415954406 15.120215878148286 0.08138031329736783 1.0
vehicle.car 0 0 0 0 0 0 0 4.598 1.734 2.152 2.523831178693393 -44.93953171971107 4.060536200111488 -3.094135347179586 1.0
vehicle.car 0 0 0 0 0 0 0 4.408 1.583 2.083 2.6333511117930137 -45.345484870568455 14.234870007470226 0.05037004347082297 1.0
vehicle.car 0 0 0 0 0 0 0 4.279 1.666 1.907 1.905672917301017 -26.779172615833424 -5.348746428339804 0.05454953558320952 1.0
movable_object.trafficcone 0 0 0 0 0 0 0 0.317 0.679 0.371 1.744476377334745 -8.790664459324722 3.059475320563091 1.6280484624062996 1.0
vehicle.car 0 0 0 0 0 0 0 4.218 1.812 1.963 0.7845578063197413 0.5399848612670722 -7.611839808939957 2.3943859316248055 1.0
vehicle.car 0 0 0 0 0 0 0 4.887 1.66 2.283 -1.9720466009521411 23.919343243606356 22.286295547164602 -2.483217082215668 1.0
vehicle.car 0 0 0 0 0 0 0 4.524 1.54 1.967 0.654290377307922 13.14779254633566 0.554781387936036 0.9112538631461584 1.0
vehicle.car 0 0 0 0 0 0 0 4.561 1.545 2.055 -1.2409995374705862 11.674963070652849 30.57862678579437 -2.4423851547405038 1.0
movable_object.pushable_pullable 0 0 0 0 0 0 0 1.05 0.926 0.559 1.75305558521368 -11.528908659793155 2.903404516780213 1.5995402334263726 1.0
human.pedestrian.adult 0 0 0 0 0 0 0 0.878 0.927 0.875 1.7475078331397915 -10.460351900263609 4.143668873323089 1.6280484624062996 1.0
movable_object.trafficcone 0 0 0 0 0 0 0 0.294 0.772 0.364 1.9655686036538333 -16.038189506865113 3.049039194049798 1.5982142763211256 1.0
vehicle.car 0 0 0 0 0 0 0 4.833 1.565 2.272 -2.0087216894467246 27.801286462016947 11.8740716835071 -2.453203858168372 1.0
vehicle.car 0 0 0 0 0 0 0 4.318 1.556 1.751 1.8795207924421786 -23.161045310712126 4.288325267476369 -3.085584869069211 1.0
human.pedestrian.adult 0 0 0 0 0 0 0 0.757 1.725 0.695 -1.2265339656931005 5.454114992348047 23.499514628617835 2.1996519765809097 1.0
vehicle.car 0 0 0 0 0 0 0 4.501 1.483 1.738 1.3563989205178877 -9.798391285283824 -4.952069632300426 0.044690912553000395 1.0
vehicle.car 0 0 0 0 0 0 0 4.367 1.509 1.79 1.4305332825234263 -12.249349751178174 -4.822097732142639 0.06354616725318296 1.0
vehicle.car 0 0 0 0 0 0 0 4.554 1.629 1.863 1.8501596341362698 -23.647646880369457 14.972130246733041 0.039223716499403594 1.0
vehicle.car 0 0 0 0 0 0 0 4.651 1.643 2.066 2.4299654521167877 -40.19220919324472 4.767704535855248 -3.094135347179586 1.0
vehicle.car 0 0 0 0 0 0 0 4.463 1.535 1.99 2.0842669276402397 -32.785693508876285 4.60325713581288 -3.0966365075181415 1.0
vehicle.car 0 0 0 0 0 0 0 4.072 1.448 1.839 1.6767377383651398 -16.625808628291495 15.203552820657437 0.05137477646718125 1.0
vehicle.car 0 0 0 0 0 0 0 4.506 1.68 2.059 2.486154923044289 -46.63867648985971 -1.721268582984916 1.5143096677308048 1.0
vehicle.car 0 0 0 0 0 0 0 4.428 1.635 2.094 1.8314127808700864 -24.37955181406082 -5.170922245963631 0.04418707132477362 1.0
human.pedestrian.adult 0 0 0 0 0 0 0 0.738 2.0 0.711 -0.949160222509936 3.3335563225026106 26.60222259656048 -2.464371561521679 1.0
