vehicle.car 0 0 0 0 0 0 0 4.317 1.719 1.929 1.28767330501173 -10.092782401401486 -24.534718984185794 1.8975684711124154 1.0
vehicle.motorcycle 0 0 0 0 0 0 0 2.022 1.385 0.654 1.5353141714349121 -15.719550018167089 -10.821499843947635 1.1650358074130205 1.0
vehicle.car 0 0 0 0 0 0 0 4.8 1.86 2.085 0.45202374928005573 6.170460969411276 -18.18106225111321 1.6990369807515853 1.0
vehicle.car 0 0 0 0 0 0 0 4.659 1.64 2.1 -0.11865762387485657 37.87847783641884 6.099145782013214 -1.6399373722317367 1.0
vehicle.car 0 0 0 0 0 0 0 4.244 1.603 1.819 2.0494869726122524 -34.97817661067571 -5.601023993907825 -3.136847472795928 1.0
vehicle.car 0 0 0 0 0 0 0 4.549 1.631 2.315 0.2973014407749775 4.196252245897782 -32.758467607460204 1.9026640119863014 1.0
vehicle.car 0 0 0 0 0 0 0 4.776 1.628 2.067 1.309246721922762 -12.216759582045867 -18.638863700701915 1.2089682175166834 1.0
vehicle.car 0 0 0 0 0 0 0 4.255 1.702 2.09 -0.712727988175192 30.723154192856814 -49.47503781935096 0.9694449603873547 1.0
vehicle.car 0 0 0 0 0 0 0 4.485 1.863 1.928 0.4824826523475799 6.862496424271031 -20.77662080072078 1.3191171483355593 1.0
vehicle.car 0 0 0 0 0 0 0 4.262 1.628 2.073 1.1019633896260324 -6.703604292151578 -35.34959122435157 1.1921314165346626 1.0
vehicle.bus.rigid 0 0 0 0 0 0 0 11.571 3.86 2.996 -1.2719008516754857 16.756522416709913 -37.848191706227816 -2.865268471282823 1.0
vehicle.car 0 0 0 0 0 0 0 4.481 1.943 2.092 0.6267642253311343 7.522763086973534 -25.71973811288536 1.8213102423813812 1.0
vehicle.truck 0 0 0 0 0 0 0 5.383 2.019 1.751 -0.5334067530534168 21.104186705839354 -37.26273060988665 -2.905703367526556 1.0
vehicle.car 0 0 0 0 0 0 0 3.839 2.0 1.898 1.1972732870158895 -11.377051371392826 -22.046568657243363 1.8801180126573174 1.0
vehicle.car 0 0 0 0 0 0 0 4.303 1.627 1.804 0.8952802643506699 -0.892839537859289 -16.815570908834466 1.9026640119863014 1.0
vehicle.car 0 0 0 0 0 0 0 4.436 1.657 2.035 -0.10942963408237633 21.89724871740741 -21.140320304712176 1.6142306412944523 1.0
vehicle.car 0 0 0 0 0 0 0 4.219 1.577 1.855 1.0097619109593179 -2.449230486146801 -12.246575048836535 1.8267547413786316 1.0
vehicle.car 0 0 0 0 0 0 0 4.843 1.689 2.164 1.771478929373697 -28.15628944221434 -4.863939881559 0.0321647526315747 1.0
vehicle.motorcycle 0 0 0 0 0 0 0 2.083 1.367 0.64 1.5239774654723992 -16.03978863777133 -9.952845881997355 1.991312911265024 1.0
vehicle.car 0 0 0 0 0 0 0 4.446 1.545 2.01 -0.42211737662930027 44.02918439141094 -5.906553741664479 0.06458989217665412 1.0
vehicle.car 0 0 0 0 0 0 0 4.275 1.531 1.952 1.939277047546228 -30.777323398367457 -4.660406610985341 0.0720311041936692 1.0
vehicle.car 0 0 0 0 0 0 0 4.679 1.586 1.791 2.1098634257275255 -55.931782101632365 -17.716731386101635 1.9105865366634118 1.0
vehicle.car 0 0 0 0 0 0 0 4.257 1.617 1.971 1.331450937192882 -14.33223278858315 -12.7563607397807 1.1997210453092446 1.0
vehicle.car 0 0 0 0 0 0 0 4.475 1.523 2.095 0.21049316549026997 26.928999438360634 -4.546227136222992 0.12921276276791316 1.0
vehicle.car 0 0 0 0 0 0 0 4.814 1.636 2.018 -0.39934564829926467 45.0865402890979 5.557526071125314 1.5168621526163415 1.0
vehicle.motorcycle 0 0 0 0 0 0 0 2.061 1.339 0.583 1.5370817617679817 -14.116683727701687 -15.734439242160683 1.9104294816800618 1.0
vehicle.car 0 0 0 0 0 0 0 4.343 1.569 1.589 2.0135618037012026 -55.07561978726279 -19.84662037124815 1.9105865366634118 1.0
