vehicle.car 0 0 0 0 0 0 0 4.503 1.897 2.251 1.706694171397087 -35.07051571869414 2.9522777506629025 1.5658330323125584 1.0
vehicle.car 0 0 0 0 0 0 0 4.275 1.531 1.952 0.7517428221821136 10.090194776567776 -4.329458133298623 0.07391554431714864 1.0
vehicle.car 0 0 0 0 0 0 0 3.996 1.945 1.809 -0.5260145851730682 38.203457070341216 -14.411071705016484 1.825854878937065 1.0
vehicle.car 0 0 0 0 0 0 0 3.607 1.514 2.045 1.2598703582839694 -3.8187502307470322 -5.067661486413001 3.1409972243857727 1.0
vehicle.car 0 0 0 0 0 0 0 4.219 1.577 1.855 -0.40188521022010965 38.13118603446623 -11.825308027561162 1.825854878937065 1.0
vehicle.car 0 0 0 0 0 0 0 4.851 1.51 2.078 0.8446636520682219 7.786710247659721 -4.884231730772792 0.0909072536440596 1.0
vehicle.car 0 0 0 0 0 0 0 4.244 1.603 1.819 0.9062492152198312 5.33421012035703 -5.204332252471805 -3.126191742320202 1.0
vehicle.car 0 0 0 0 0 0 0 4.679 1.586 1.791 1.4497040269715327 -15.35698756076631 -17.20546571511854 1.9096801273111321 1.0
vehicle.truck 0 0 0 0 0 0 0 5.383 2.019 1.751 -1.1680657228021114 50.37833105316693 -11.31394483661352 -1.9539181802743801 1.0
vehicle.car 0 0 0 0 0 0 0 4.343 1.569 1.589 1.4229708884793548 -14.58661833251469 -19.37779271432223 1.9096801273111321 1.0
vehicle.car 0 0 0 0 0 0 0 4.843 1.689 2.164 0.6742844088389479 12.640505304282195 -4.147597179734406 0.03577730267165968 1.0
vehicle.car 0 0 0 0 0 0 0 5.173 1.874 2.034 1.326911901241745 -16.84687852133457 -14.906751722583637 1.9445785883393496 1.0
