vehicle.car 0 0 0 0 0 0 0 4.309 1.689 1.857 1.353897859817427 -18.167456825922955 -4.939679386772437 0.03398207731390368 1.0
human.pedestrian.adult 0 0 0 0 0 0 0 0.738 2.0 0.711 -0.941837281763858 4.2118079225922145 27.048112119919207 -2.4653462148234526 1.0
movable_object.trafficcone 0 0 0 0 0 0 0 0.29 0.646 0.322 1.7175114145867716 -9.194934728747613 3.201307617177904 1.6269525715644866 1.0
vehicle.car 0 0 0 0 0 0 0 4.833 1.565 2.272 -1.46974171243746 20.82518586534117 21.88747637967813 -2.454177922205405 1.0
human.pedestrian.adult 0 0 0 0 0 0 0 0.855 0.898 0.717 1.7103083898098754 -10.71401802024287 3.484590285080013 0.06519357841189732 1.0
human.pedestrian.adult 0 0 0 0 0 0 0 0.868 0.768 0.566 1.7051846970547069 -9.466692688223738 6.4577307566817 0.581254886970703 1.0
vehicle.car 0 0 0 0 0 0 0 4.49 1.698 2.189 2.8798223538661505 -72.30725920934118 3.2211554555010937 -3.131263860742602 1.0
vehicle.car 0 0 0 0 0 0 0 4.561 1.545 2.055 -0.678649273382822 4.9365317818978625 40.56883219689729 -2.4433586456630456 1.0
vehicle.car 0 0 0 0 0 0 0 3.838 1.479 1.872 1.8729915935055128 -24.46072109322665 4.220924990533863 -3.1064837618839034 1.0
vehicle.car 0 0 0 0 0 0 0 4.071 1.383 1.998 2.0963114396564824 -37.12260771115371 15.15295341718334 0.07813926401137072 1.0
vehicle.car 0 0 0 0 0 0 0 4.279 1.666 1.907 1.718656519103697 -25.502239796556037 -5.328276728742183 0.050256451991288476 1.0
human.pedestrian.adult 0 0 0 0 0 0 0 0.878 0.927 0.875 1.65438251586788 -9.17277281573403 4.146914613639973 1.6269525715644866 1.0
vehicle.car 0 0 0 0 0 0 0 4.011 1.615 1.945 1.427314804874256 -15.774162836957164 -4.970741172927085 0.033998717724432304 1.0
vehicle.car 0 0 0 0 0 0 0 4.463 1.535 1.99 1.8640305045160912 -31.53958145371157 4.628150598323504 -3.109275885642056 1.0
vehicle.car 0 0 0 0 0 0 0 4.524 1.54 1.967 0.47574073614076806 19.08770483584091 -2.974729610828862 0.8809893941604221 1.0
vehicle.car 0 0 0 0 0 0 0 4.731 1.704 2.069 2.1636653595562483 -47.55525367170864 -6.3931335990520894 0.07845373760506114 1.0
movable_object.pushable_pullable 0 0 0 0 0 0 0 1.05 0.926 0.559 1.6657359265568052 -10.202207305034644 2.917273717969968 1.6158902237506867 1.0
vehicle.car 0 0 0 0 0 0 0 4.598 1.734 2.152 2.2359589368244244 -43.66444212680952 4.290201047057452 -3.0951407593295226 1.0
vehicle.car 0 0 0 0 0 0 0 4.408 1.583 2.083 2.339890179736765 -44.05175277948083 14.274915252034624 0.045824116328021525 1.0
movable_object.trafficcone 0 0 0 0 0 0 0 0.294 0.772 0.364 1.841352632606369 -14.78631672740884 3.057211476475888 1.5971157141288623 1.0
movable_object.trafficcone 0 0 0 0 0 0 0 0.317 0.679 0.371 1.6618747371388298 -7.536838959045519 3.0593957479829137 1.6269525715644866 1.0
vehicle.car 0 0 0 0 0 0 0 4.218 1.812 1.963 0.7545065496812338 1.8205054934654339 -7.620188736886092 2.393341629291033 1.0
vehicle.car 0 0 0 0 0 0 0 4.887 1.66 2.283 -1.3248254617478987 17.262512397376145 31.666190049734325 -2.4841927246575404 1.0
human.pedestrian.adult 0 0 0 0 0 0 0 0.757 1.725 0.695 -1.2192757034671886 6.419729937259705 23.362387320194173 2.198596722543998 1.0
vehicle.car 0 0 0 0 0 0 0 4.554 1.629 1.863 1.6813964353373727 -22.349006929487057 14.98928459569323 0.034042087282331046 1.0
vehicle.car 0 0 0 0 0 0 0 4.367 1.509 1.79 1.327019554385136 -10.969379040610969 -4.816957125970228 0.06136644103076394 1.0
vehicle.car 0 0 0 0 0 0 0 4.227 1.571 1.965 1.8654746605471049 -27.944415317762633 -5.439637210790343 0.050256451991288476 1.0
vehicle.car 0 0 0 0 0 0 0 4.651 1.643 2.066 2.1659980437824444 -38.90738567885525 4.802318635528061 -3.0951407593295226 1.0
vehicle.car 0 0 0 0 0 0 0 4.501 1.483 1.738 1.236746228739964 -8.539858096091764 -5.001064993318839 0.040836305873796164 1.0
vehicle.car 0 0 0 0 0 0 0 4.072 1.448 1.839 1.5792832977946167 -15.303119829918176 15.129405569390006 0.046892573806592175 1.0
vehicle.car 0 0 0 0 0 0 0 4.318 1.556 1.751 1.7150959067992542 -21.92678412840874 4.3113540259679075 -3.0778644947834213 1.0
vehicle.car 0 0 0 0 0 0 0 4.428 1.635 2.094 1.6569029111843396 -23.10103426119267 -5.229183495624793 0.03921350814887736 1.0
human.pedestrian.adult 0 0 0 0 0 0 0 0.709 1.877 0.763 1.7853412636086898 -32.23924918131975 -3.477683663139574 1.2292624498544766 1.0
