vehicle.car 0 0 0 0 0 0 0 3.713 1.518 1.641 -0.34334273358311174 40.149466964274446 -5.410014809822905 3.0977298679890506 1.0
human.pedestrian.adult 0 0 0 0 0 0 0 1.123 1.766 0.903 0.4808475452936521 -37.35237692768237 9.979236267827705 1.5761819314639398 1.0
vehicle.car 0 0 0 0 0 0 0 4.218 1.812 1.963 2.727313334205254 -36.90523441212129 -15.221076786379143 -3.0174280974360848 1.0
vehicle.car 0 0 0 0 0 0 0 4.501 1.483 1.738 3.195689604648013 -45.12483835519 -22.012256116096363 0.851164358519529 1.0
vehicle.car 0 0 0 0 0 0 0 4.506 1.68 2.059 3.6841172288496127 -60.110200481853134 -3.9629516311947564 1.81996557218383 1.0
vehicle.bus.rigid 0 0 0 0 0 0 0 12.581 2.76 3.393 -1.9006593053778547 -10.819816857770082 18.269613476176158 -1.5710838502922506 1.0
vehicle.car 0 0 0 0 0 0 0 4.021 1.438 2.087 -0.8115309084599 49.47840171042842 -5.649936328048817 3.1118630114954264 1.0
vehicle.car 0 0 0 0 0 0 0 4.361 1.734 1.929 0.388849529504836 28.28176906080205 -17.568603624392967 1.8739618008915517 1.0
vehicle.car 0 0 0 0 0 0 0 4.55 1.883 2.14 0.21608115962311503 26.89700053552768 -15.113426192560834 1.9184485041030728 1.0
human.pedestrian.adult 0 0 0 0 0 0 0 0.855 0.898 0.717 3.9078361987928836 -53.51643029751903 -17.622571742262103 0.8182348180308212 1.0
vehicle.car 0 0 0 0 0 0 0 4.256 1.638 2.023 0.382424551631495 28.394858197567817 -19.802332920168315 1.880765609540843 1.0
