vehicle.car 0 0 0 0 0 0 0 4.843 1.689 2.164 1.1925213988319325 -5.476445514825105 -4.41557688421772 0.040426368169523386 1.0
vehicle.truck 0 0 0 0 0 0 0 5.383 2.019 1.751 -0.9505912531235607 37.18276539016809 -16.258977330218993 -2.6309033170396523 1.0
vehicle.car 0 0 0 0 0 0 0 4.549 1.631 2.315 -0.8913997395513915 27.04069538746932 -32.55217168937023 1.9019230285410256 1.0
vehicle.car 0 0 0 0 0 0 0 4.219 1.577 1.855 0.12808118106371136 20.02094062973659 -12.00290182901288 1.8260252757002577 1.0
vehicle.car 0 0 0 0 0 0 0 4.262 1.628 2.073 -0.5277218534407199 15.738936293556268 -35.2914345059521 1.1932993891271053 1.0
vehicle.car 0 0 0 0 0 0 0 4.343 1.569 1.589 1.2927355417635098 -32.45898898209016 -19.732809341900907 1.909844387588497 1.0
vehicle.car 0 0 0 0 0 0 0 3.607 1.514 2.045 1.5451529328017295 -21.879038144884802 -5.335529607762967 -3.1377283286453057 1.0
vehicle.car 0 0 0 0 0 0 0 4.475 1.523 2.095 -0.6079615313877973 49.747568122949005 -4.050655039253515 0.1330367801854373 1.0
vehicle.car 0 0 0 0 0 0 0 4.679 1.586 1.791 1.561953596120481 -33.43807953509897 -17.38924297240822 1.909844387588497 1.0
vehicle.bus.rigid 0 0 0 0 0 0 0 11.571 3.86 2.996 -2.4618315265251347 38.9759946967003 -37.08794961620185 -2.848726371644508 1.0
vehicle.car 0 0 0 0 0 0 0 4.275 1.531 1.952 1.274745839532105 -7.996278904030231 -4.421966876269074 0.07651449619022888 1.0
vehicle.car 0 0 0 0 0 0 0 4.313 1.612 1.945 -1.0852594421976485 33.568733406810985 -34.81542532820943 1.2809662832835738 1.0
vehicle.motorcycle 0 0 0 0 0 0 0 2.083 1.367 0.64 0.829337486091843 6.569362358530939 -9.813153759420349 1.9905592415664914 1.0
vehicle.car 0 0 0 0 0 0 0 5.173 1.874 2.034 1.424754868196647 -34.87619000890037 -15.185687714603489 1.9098443875884978 1.0
vehicle.car 0 0 0 0 0 0 0 3.996 1.945 1.809 -0.08179499347104785 20.476638804161496 -14.43301852686679 1.863413161566184 1.0
vehicle.car 0 0 0 0 0 0 0 3.839 2.0 1.898 0.17061980650218972 11.510066219718258 -21.855930614226075 1.879380382889515 1.0
vehicle.car 0 0 0 0 0 0 0 4.244 1.603 1.819 1.381215213922489 -12.60152588816727 -5.278540566860745 -3.126822248902263 1.0
vehicle.car 0 0 0 0 0 0 0 4.257 1.617 1.971 0.5525539774230308 7.908529708131644 -12.664013401544498 1.1660030255225013 1.0
vehicle.car 0 0 0 0 0 0 0 4.303 1.627 1.804 -0.061528504278700547 21.57212264806056 -16.78659992914972 1.8670273418048247 1.0
vehicle.car 0 0 0 0 0 0 0 4.851 1.51 2.078 1.3428368200747167 -10.508143759798232 -5.0124722231766405 0.07770341484286014 1.0
vehicle.motorcycle 0 0 0 0 0 0 0 2.022 1.385 0.654 0.9536723683622532 6.991241603830146 -10.701424404796283 1.1662123238350048 1.0
vehicle.car 0 0 0 0 0 0 0 4.776 1.628 2.067 0.4517115332321845 10.31371840187609 -18.50588160862807 1.18222377938317 1.0
