vehicle.car 0 0 0 0 0 0 0 4.647 1.827 2.139 -2.791787627795104 44.172058008459416 19.376065487325995 -2.4679438789211794 1.0
vehicle.car 0 0 0 0 0 0 0 4.25 1.696 1.926 0.906885161116759 0.9359130569456685 -4.793633793638483 0.03875737991108519 1.0
vehicle.car 0 0 0 0 0 0 0 4.82 1.517 1.892 1.4560898535621234 -14.466156123932501 5.432377801956334 -3.132072138250135 1.0
vehicle.car 0 0 0 0 0 0 0 4.211 1.548 1.945 1.8113805888887973 -26.532470723111327 5.532824240587872 3.113952562261616 1.0
vehicle.car 0 0 0 0 0 0 0 4.644 1.532 2.052 1.66842398329605 -12.218254354413784 15.64221305292607 0.04062771032358947 1.0
human.pedestrian.adult 0 0 0 0 0 0 0 0.698 0.921 0.801 1.1729561962069277 7.752939510398181 4.2286994709452985 1.604101926529804 1.0
vehicle.car 0 0 0 0 0 0 0 4.264 1.646 2.331 1.9351138459644943 -26.820841397966642 15.151367708024983 0.048255856956723964 1.0
movable_object.trafficcone 0 0 0 0 0 0 0 0.427 0.876 0.429 1.6322343662375054 -12.075900310855355 3.2114040833577544 1.651999183463933 1.0
human.pedestrian.adult 0 0 0 0 0 0 0 1.063 1.748 0.826 1.8500555668501482 -31.487017308945244 -1.8208626833218857 0.36908896033066085 1.0
vehicle.car 0 0 0 0 0 0 0 4.469 1.623 2.152 1.124620555737352 1.947192983203624 15.458078435421982 0.04724952738891819 1.0
vehicle.car 0 0 0 0 0 0 0 4.078 1.747 1.895 0.23328229906215053 18.40109197823094 -7.761202905171344 2.3530334550790233 1.0
vehicle.car 0 0 0 0 0 0 0 4.438 1.616 2.02 1.8682764696917764 -29.967017714062827 -0.4857273979455689 1.59732396093899 1.0
human.pedestrian.adult 0 0 0 0 0 0 0 0.632 0.844 0.763 1.2063849813577343 7.526611025955919 6.541746797191244 0.4799599243053181 1.0
vehicle.car 0 0 0 0 0 0 0 4.337 1.666 2.107 2.8081355127626635 -62.63881742338773 5.355913016605089 -3.134916645851227 1.0
movable_object.trafficcone 0 0 0 0 0 0 0 0.304 0.744 0.35 1.2176391226132441 9.382575330620542 3.0909593734115797 0.04287350187750372 1.0
vehicle.car 0 0 0 0 0 0 0 4.175 1.605 1.953 1.8933818818451942 -29.082272254144854 5.593296881446209 3.123924548500584 1.0
vehicle.car 0 0 0 0 0 0 0 4.333 1.56 2.278 -1.6601324938406163 27.901204953750153 39.91926929125717 -2.50178080018041 1.0
human.pedestrian.adult 0 0 0 0 0 0 0 0.692 1.845 0.739 -1.753571304863049 23.943659308714263 23.327950848889337 2.1592636407283035 1.0
movable_object.debris 0 0 0 0 0 0 0 1.159 0.94 0.664 1.1655026774666812 7.389997063181653 3.208767009913281 1.5661663836205397 1.0
human.pedestrian.adult 0 0 0 0 0 0 0 1.001 1.719 0.781 1.3167793878692269 -19.217696214016463 -5.853296983650147 0.7381134313886744 1.0
vehicle.car 0 0 0 0 0 0 0 4.717 1.592 2.099 1.8845336301924998 -30.717651444998108 -4.943663098100354 0.040993735167577317 1.0
vehicle.car 0 0 0 0 0 0 0 4.472 1.63 2.185 1.9465433599714612 -31.734346717590345 5.347767051111299 -3.1363222685146575 1.0
movable_object.trafficcone 0 0 0 0 0 0 0 0.283 0.695 0.326 1.2246681823863945 7.690607466485309 3.3209535886704273 0.05293611448166535 1.0
vehicle.car 0 0 0 0 0 0 0 4.706 1.487 1.9 1.324647331184258 -7.339914725031972 5.155602824932252 -3.1146211622374196 1.0
vehicle.car 0 0 0 0 0 0 0 4.393 1.488 2.108 1.6559056490876238 -23.703566531573006 -8.719052359291469 0.7644767728839654 1.0
vehicle.car 0 0 0 0 0 0 0 4.546 1.539 1.871 1.2192171623605934 -6.295851102191455 -4.724692749136657 0.04593844031873129 1.0
vehicle.car 0 0 0 0 0 0 0 4.114 1.52 1.838 1.652884086285367 -19.145299329825804 5.283899221987185 3.1258092529073274 1.0
vehicle.bicycle 0 0 0 0 0 0 0 1.475 1.034 1.177 1.369226413450389 -13.86624989759277 -19.26509282283386 1.5959513256538518 1.0
vehicle.car 0 0 0 0 0 0 0 4.31 1.5 1.795 1.9771433260509579 -34.69581836961366 -7.027022251997686 0.07325914376826015 1.0
vehicle.car 0 0 0 0 0 0 0 4.516 1.527 1.892 1.2437192487482052 -5.048448017031037 4.752305203321525 -3.132072138250135 1.0
human.pedestrian.adult 0 0 0 0 0 0 0 0.825 0.981 0.722 1.1952397854271748 6.195466224715607 3.563720218609658 0.9596810940259308 1.0
vehicle.car 0 0 0 0 0 0 0 4.471 1.497 1.968 1.5963130924958002 -16.866145773137067 5.523827935765012 -3.1146211622374196 1.0
vehicle.car 0 0 0 0 0 0 0 4.365 1.682 2.09 1.0377156394209126 -1.393589785412464 -4.597200870248128 0.03884265333000414 1.0
vehicle.car 0 0 0 0 0 0 0 4.561 1.516 2.003 1.3518969434150971 -11.066841070634936 -4.983296300371491 0.05037746079413896 1.0
movable_object.trafficcone 0 0 0 0 0 0 0 0.358 0.735 0.36 1.4179609044555448 2.111905171426239 3.284475832459052 0.038173231300738575 1.0
vehicle.car 0 0 0 0 0 0 0 4.222 1.624 2.078 1.760456500556724 -19.67330989715671 15.802767935707019 0.062238813192638354 1.0
vehicle.car 0 0 0 0 0 0 0 4.63 1.511 1.934 0.8462221888868178 5.667909704620367 -4.801426751731655 0.08830138629841722 1.0
vehicle.car 0 0 0 0 0 0 0 4.329 1.464 2.058 0.7835664456050395 8.14802655144034 -4.904405797917252 0.03745623876238602 1.0
vehicle.car 0 0 0 0 0 0 0 4.492 1.726 2.155 1.707575311541094 -14.817973543900806 15.686159717300123 0.0339171383044361 1.0
vehicle.car 0 0 0 0 0 0 0 4.584 1.664 1.823 1.247276036426829 -8.70278934148534 -4.845932230376795 0.03464515666419388 1.0
vehicle.car 0 0 0 0 0 0 0 4.759 1.631 2.145 -2.338679810783315 36.61171426039695 27.639662084286165 -2.4494287034716713 1.0
vehicle.car 0 0 0 0 0 0 0 4.308 1.619 2.121 1.7874125393453009 -22.16983647809829 15.187899329723168 0.04724952738891819 1.0
vehicle.car 0 0 0 0 0 0 0 4.463 1.772 2.395 1.235610729937875 -5.237683567026506 15.340825976240675 0.03259157739932261 1.0
vehicle.car 0 0 0 0 0 0 0 4.174 1.545 2.029 1.6806421002866578 -21.858426950220426 5.415724895172379 -3.070330588286139 1.0
vehicle.car 0 0 0 0 0 0 0 4.831 1.51 1.94 2.4773033637795985 -55.27928846204228 5.426571040331869 3.1308176851252636 1.0
