vehicle.car 0 0 0 0 0 0 0 4.011 1.615 1.945 1.537163675401454 -17.585735487965508 -4.994676999948212 0.0361821839587404 1.0
human.pedestrian.adult 0 0 0 0 0 0 0 1.079 0.897 0.858 0.5103550485046793 6.859601356569406 -24.05961087344912 2.5570097139723025 1.0
vehicle.car 0 0 0 0 0 0 0 4.524 1.54 1.967 1.1743795226995037 2.264499195922507 10.486882503316284 0.731854925028558 1.0
vehicle.car 0 0 0 0 0 0 0 4.853 1.594 2.023 -2.365382667832164 31.621169915975067 12.233623717376426 -2.441480555465011 1.0
human.pedestrian.adult 0 0 0 0 0 0 0 1.123 1.766 0.903 -2.7618619416049146 28.704217174444825 -3.054817402932285 0.7058255860364762 1.0
vehicle.car 0 0 0 0 0 0 0 4.071 1.383 1.998 2.244131375046043 -38.97103791936058 15.088544245395585 0.08074883242647646 1.0
vehicle.car 0 0 0 0 0 0 0 4.318 1.556 1.751 1.8313726974468967 -23.71521867959986 4.352041667842104 -3.093424785313026 1.0
vehicle.car 0 0 0 0 0 0 0 4.463 1.535 1.99 2.0442189938296362 -33.29632349085447 4.5777141071647645 -3.0899346940535697 1.0
vehicle.car 0 0 0 0 0 0 0 4.072 1.448 1.839 1.674316305810224 -17.054662900531046 14.969150690723943 0.06299504618344098 1.0
human.pedestrian.adult 0 0 0 0 0 0 0 0.878 0.927 0.875 1.7317917565423342 -10.996294005900697 4.046779844193394 1.6288778699381155 1.0
vehicle.car 0 0 0 0 0 0 0 4.428 1.635 2.094 1.7899336093450837 -24.912537463081662 -5.190792215900203 0.041955410930485826 1.0
vehicle.car 0 0 0 0 0 0 0 4.554 1.629 1.863 1.7857345571022298 -24.198438382541816 14.95290766448761 0.0362684774369737 1.0
movable_object.pushable_pullable 0 0 0 0 0 0 0 1.05 0.926 0.559 1.6918888495254405 -12.058184647774503 2.8850147979329708 1.600368065373626 1.0
vehicle.car 0 0 0 0 0 0 0 4.438 1.716 2.185 -0.5058901512431224 -5.136620621687368 50.27968799963954 -2.4461920778692505 1.0
vehicle.car 0 0 0 0 0 0 0 4.941 1.856 2.315 -1.2910097355908567 7.5492491508283806 40.45725111498393 -2.436769034555752 1.0
human.pedestrian.adult 0 0 0 0 0 0 0 0.855 0.898 0.717 1.791623616089321 -12.541257060095257 3.4708125623474513 0.06471605349138532 1.0
vehicle.car 0 0 0 0 0 0 0 4.561 1.545 2.055 -2.1593691704911584 29.6321173569806 8.988512108129246 -2.458930645806255 1.0
movable_object.trafficcone 0 0 0 0 0 0 0 0.29 0.646 0.322 1.8456168922803275 -11.016924131440017 3.193686510264235 1.6288778699381155 1.0
movable_object.trafficcone 0 0 0 0 0 0 0 0.317 0.679 0.371 1.736664170708127 -9.344951787752457 3.047755751320234 1.6288778699381155 1.0
human.pedestrian.adult 0 0 0 0 0 0 0 0.757 1.725 0.695 -1.2226384878823087 4.940216122059082 23.427234144138616 2.200506436134912 1.0
vehicle.car 0 0 0 0 0 0 0 4.731 1.704 2.069 2.3692717940974637 -49.361697927763316 -6.477564083769867 0.08106132351191198 1.0
vehicle.car 0 0 0 0 0 0 0 4.279 1.666 1.907 1.8567625059491637 -27.309939123960934 -5.428853500010234 0.053049782557061054 1.0
vehicle.car 0 0 0 0 0 0 0 4.506 1.68 2.059 2.186668085247396 -40.237830247588136 -1.0742988265231068 1.5133654246629291 1.0
vehicle.car 0 0 0 0 0 0 0 4.49 1.698 2.189 3.14660274306421 -74.13005002650452 3.0897607204037603 -3.129372727438801 1.0
vehicle.car 0 0 0 0 0 0 0 4.501 1.483 1.738 1.3203799463938666 -10.302039024543424 -4.960070012628418 0.041597880519547825 1.0
vehicle.car 0 0 0 0 0 0 0 4.309 1.689 1.857 1.6201107578823501 -19.95659431110815 -4.970300325963593 0.036066004478923386 1.0
vehicle.car 0 0 0 0 0 0 0 4.862 1.74 2.141 -1.2842774076742627 11.751655194160305 29.970710545152084 -2.4587561448077837 1.0
vehicle.car 0 0 0 0 0 0 0 4.218 1.812 1.963 0.8156400049831254 0.011965436564374831 -7.610957329696406 2.395247127717683 1.0
human.pedestrian.adult 0 0 0 0 0 0 0 0.868 0.768 0.566 1.7820925971809596 -11.299613743041732 6.44630395586465 0.5794881398631042 1.0
vehicle.car 0 0 0 0 0 0 0 4.367 1.509 1.79 1.4242908256097426 -12.836132868464379 -4.829242189199458 0.060999810304878554 1.0
human.pedestrian.adult 0 0 0 0 0 0 0 0.709 1.877 0.763 1.842166849607295 -29.949109428325517 -3.110757714375836 1.5589031870350079 1.0
vehicle.car 0 0 0 0 0 0 0 4.651 1.643 2.066 2.332035197496282 -40.735555876023085 4.734575040370196 -3.0932502807418025 1.0
vehicle.car 0 0 0 0 0 0 0 4.159 1.383 2.001 2.313637922826049 -41.25365832359054 14.218692574126829 0.0904002373959556 1.0
