vehicle.motorcycle 0 0 0 0 0 0 0 2.098 1.267 0.711 1.7068955059260928 -16.127322755694053 6.332579991910118 -1.5422341179078405 1.0
vehicle.car 0 0 0 0 0 0 0 4.571 1.389 1.722 2.168677330897294 -46.57991001495241 -4.442325518737411 -0.04793699539471419 1.0
human.pedestrian.adult 0 0 0 0 0 0 0 0.541 1.767 0.576 0.6249987122657363 -11.578390547003027 -19.845570899407676 -0.04078432961429357 1.0
human.pedestrian.adult 0 0 0 0 0 0 0 0.466 1.67 0.472 0.49362791555025043 -11.539797431534623 -21.86322505342138 -0.05212095995771193 1.0
vehicle.bicycle 0 0 0 0 0 0 0 1.611 1.098 0.551 0.6269985210202704 -5.469028727047172 -23.14707497386076 -3.0981625134581012 1.0
human.pedestrian.adult 0 0 0 0 0 0 0 0.411 1.656 0.401 1.1519372043507272 -4.639290666045969 6.9144459478901625 -1.5422341179078405 1.0
vehicle.car 0 0 0 0 0 0 0 4.145 1.585 1.754 0.5908087320912757 18.25342967750642 4.154258977860373 -1.464583974602033 1.0
vehicle.car 0 0 0 0 0 0 0 4.449 1.864 1.817 1.1497199915075242 -10.938817822101141 5.762808985088567 -1.5131520520327273 1.0
vehicle.car 0 0 0 0 0 0 0 4.385 1.765 1.844 1.5569720773325362 -25.89006754378986 -5.220094251228032 -3.1162229348889223 1.0
vehicle.car 0 0 0 0 0 0 0 4.783 1.581 1.691 1.2124171578366152 -22.858687209412075 -10.338971098330134 -3.133672618922909 1.0
vehicle.truck 0 0 0 0 0 0 0 5.146 2.0 1.951 0.521555766593346 -13.775992861468167 -19.792659421937845 3.125938164633321 1.0
vehicle.car 0 0 0 0 0 0 0 4.381 1.559 1.789 0.6124285149744297 -1.04307777409367 -20.713143816869355 -3.1223477741215415 1.0
vehicle.bus.rigid 0 0 0 0 0 0 0 11.115 3.414 3.013 1.6528823999327982 -59.10996800708076 0.05360278397069049 1.6144219444118058 1.0
vehicle.car 0 0 0 0 0 0 0 4.537 1.635 1.91 1.3287393404504015 -32.18335501943061 -21.495545813834763 -0.04078432961429357 1.0
vehicle.car 0 0 0 0 0 0 0 4.064 1.589 1.742 1.4932754461684477 -22.79549253673766 -5.1795693834779035 -3.1162229348889223 1.0
vehicle.truck 0 0 0 0 0 0 0 5.328 2.022 1.736 0.9515521774295059 -5.1095208790179605 5.865875307544831 -1.5654895690468926 1.0
vehicle.car 0 0 0 0 0 0 0 4.927 2.102 1.914 0.7758454006375157 -20.54780135824398 -17.949723865546215 -0.5306402349767723 1.0
vehicle.car 0 0 0 0 0 0 0 4.616 1.684 2.158 0.887421957921069 -21.957004444513547 -21.520180885804717 -0.04970594121938632 1.0
vehicle.car 0 0 0 0 0 0 0 4.316 1.572 1.708 2.5138778499960597 -53.58619116893859 -4.47322847833346 -3.1375115494015864 1.0
vehicle.car 0 0 0 0 0 0 0 3.963 1.592 1.952 1.6246815089397937 -31.094658068229226 -9.163928921417309 -3.1319451005584558 1.0
vehicle.car 0 0 0 0 0 0 0 4.774 1.626 2.002 1.42999743433902 -29.896799114986678 -22.179273021333895 -0.04078432961429357 1.0
human.pedestrian.adult 0 0 0 0 0 0 0 0.879 1.538 0.5 0.8534475906197061 -5.285525011523309 -11.724359569664353 2.2576547863183514 1.0
vehicle.car 0 0 0 0 0 0 0 4.199 1.662 1.958 1.5092088870459999 -34.68760747466333 -20.95423963133489 -0.04078432961429357 1.0
vehicle.car 0 0 0 0 0 0 0 4.455 1.551 1.707 2.3418304258683746 -43.977248936641075 7.357524070013482 -2.8353707652912252 1.0
vehicle.motorcycle 0 0 0 0 0 0 0 2.063 1.323 0.688 2.09705708462664 -35.05817112649034 -2.5323913506508178 -1.5827786532385772 1.0
vehicle.car 0 0 0 0 0 0 0 4.76 1.779 1.847 2.604470621311107 -83.35001300945541 -21.916033424664786 -3.058289993022319 1.0
human.pedestrian.adult 0 0 0 0 0 0 0 0.45 1.794 0.541 0.377886744986842 15.22696007608645 -3.6296831454527867 -0.048690524861598306 1.0
vehicle.car 0 0 0 0 0 0 0 4.362 1.501 1.701 1.5826305546697852 -26.112394763250865 -10.575654842802638 3.0910387981806444 1.0
vehicle.motorcycle 0 0 0 0 0 0 0 2.151 1.536 0.69 1.8813114756719083 -31.29791499318464 -3.3972657023075667 -1.5657861526256074 1.0
vehicle.motorcycle 0 0 0 0 0 0 0 2.12 1.316 0.792 1.860151356546086 -30.85751161722856 -2.53732726508958 -1.4611123798252175 1.0
vehicle.car 0 0 0 0 0 0 0 4.124 1.617 1.795 1.998228173568624 -39.732454750902676 2.7037567989807005 -1.604150291489586 1.0
