human.pedestrian.adult 0 0 0 0 0 0 0 1.126 1.117 0.756 0.8725183283239104 18.827753059304086 14.58579310680618 2.4874444519751187 1.0
human.pedestrian.adult 0 0 0 0 0 0 0 0.711 1.557 0.671 1.2172276093309962 -29.42806818937845 -6.956621825758515 0.5936903976495409 1.0
human.pedestrian.adult 0 0 0 0 0 0 0 0.607 1.6 0.51 0.5107403035494281 -6.50024901805836 -8.850876226311874 0.7605974814524386 1.0
human.pedestrian.adult 0 0 0 0 0 0 0 0.742 1.725 0.594 1.0600001620305772 7.575742808805218 9.043803672974695 1.6441974281018625 1.0
vehicle.car 0 0 0 0 0 0 0 4.277 1.523 1.881 1.557855966850829 -22.06696360487058 -0.8471936513718589 1.5532078390937691 1.0
vehicle.truck 0 0 0 0 0 0 0 5.043 2.505 1.864 0.3236670343355245 17.1839429697074 6.107584472523343 -1.5396574264259613 1.0
human.pedestrian.adult 0 0 0 0 0 0 0 0.665 1.67 0.685 0.3895560759922709 -5.6058170328644925 -9.713270455683432 0.8028158862995731 1.0
human.pedestrian.adult 0 0 0 0 0 0 0 0.603 1.685 0.748 0.5172267818560434 -5.5970511017092015 -8.94752222727201 0.6995980967573314 1.0
human.pedestrian.adult 0 0 0 0 0 0 0 0.93 1.532 0.643 -0.26529036953600893 34.97199596033095 -5.780459015754674 1.8187606397687794 1.0
vehicle.truck 0 0 0 0 0 0 0 10.12 3.74 3.068 0.3320701129949887 -4.1407194713164595 6.818641548050582 -1.3366017482747559 1.0
vehicle.car 0 0 0 0 0 0 0 4.567 1.646 1.87 -0.3857490309242625 48.098166284798666 3.8650754600512767 -1.6203557899205308 1.0
vehicle.car 0 0 0 0 0 0 0 4.691 1.757 1.82 0.09096926954912399 34.66263408864193 4.619049112128217 -1.5745383605879342 1.0
human.pedestrian.adult 0 0 0 0 0 0 0 0.591 2.0 0.682 0.23240588338492468 6.800353721075993 -8.035599140724132 -1.5482903723980979 1.0
vehicle.car 0 0 0 0 0 0 0 4.505 1.935 1.778 -0.25829781297835164 31.453913131486974 -3.6606271088466653 1.6404126259787564 1.0
