movable_object.trafficcone 0 0 0 0 0 0 0 0.36 0.75 0.379 1.7464128566187735 -9.801664322237711 -5.049711286519221 1.2265290147565207 1.0
vehicle.bicycle 0 0 0 0 0 0 0 1.574 1.069 0.496 1.8310102129340275 -37.32260900667183 24.767489470151688 -0.3386427137589454 1.0
vehicle.car 0 0 0 0 0 0 0 4.4 2.0 1.878 2.2642160374074063 -40.32492640245847 -13.470343260909326 1.2017349195835 1.0
vehicle.truck 0 0 0 0 0 0 0 5.043 2.238 2.694 2.1842637644297063 -43.02808148746912 -7.070034266772693 -1.9189841246665056 1.0
vehicle.car 0 0 0 0 0 0 0 4.512 1.912 2.091 0.5322923248913203 11.296252756687492 -57.50018628213038 0.08296328144024079 1.0
human.pedestrian.adult 0 0 0 0 0 0 0 0.577 1.78 0.738 1.5278788485666959 -20.257657542614233 -9.64616085795636 0.22453255396266503 1.0
vehicle.car 0 0 0 0 0 0 0 4.325 1.494 1.841 1.3672995514474664 -14.421493478402162 0.8962309154950033 -1.8662553119938181 1.0
vehicle.car 0 0 0 0 0 0 0 4.153 1.548 1.877 1.5567814850203452 -15.591818318614813 -4.206154150847049 1.2439376542377083 1.0
vehicle.bicycle 0 0 0 0 0 0 0 1.564 1.064 0.668 0.33222955000326704 23.229596482517653 -3.1850868676279096 0.26103713053527056 1.0
vehicle.bicycle 0 0 0 0 0 0 0 1.28 1.126 0.501 1.8245939656161339 -38.633268332533866 29.370203122259642 2.7433036051294977 1.0
vehicle.bicycle 0 0 0 0 0 0 0 1.342 1.125 0.507 1.8765803554085425 -38.44334481463806 27.9984770298394 2.700516524905014 1.0
vehicle.car 0 0 0 0 0 0 0 4.621 1.521 2.052 2.9250754452571313 -54.252592948369525 -29.068886475869032 2.8133475335086704 1.0
movable_object.trafficcone 0 0 0 0 0 0 0 0.361 0.728 0.353 1.9198871114058726 -12.30302460403025 -5.989554051877753 1.2142838047791864 1.0
vehicle.car 0 0 0 0 0 0 0 4.574 1.583 2.009 -0.4962313926756565 26.22912300172937 5.675088645701371 0.7342831252981918 1.0
vehicle.car 0 0 0 0 0 0 0 4.462 1.544 1.781 -0.6430728683189744 29.745763386833197 2.6970800857930146 0.6910832161827778 1.0
movable_object.trafficcone 0 0 0 0 0 0 0 0.372 0.735 0.395 1.5274357487103356 -4.480536661128232 -3.0129581251400253 1.2447400621887796 1.0
movable_object.trafficcone 0 0 0 0 0 0 0 0.381 0.748 0.347 1.9912482343548985 -14.588823784684804 -6.797820527645766 1.2142838047791864 1.0
human.pedestrian.adult 0 0 0 0 0 0 0 0.858 1.691 0.798 0.00679498142775381 26.237811210925216 -39.406538598465055 2.6332474447805616 1.0
vehicle.car 0 0 0 0 0 0 0 4.811 1.864 2.045 -0.6887071261417005 28.189816757273288 4.223112719937524 0.7259353123486183 1.0
movable_object.trafficcone 0 0 0 0 0 0 0 0.426 0.775 0.379 1.5939097603477073 -7.333896795370461 -4.054761921492321 1.2265290147565207 1.0
human.pedestrian.adult 0 0 0 0 0 0 0 0.514 1.586 0.574 3.2166229151331533 -60.475082001459164 -34.95035330455965 -1.862730772764328 1.0
