vehicle.car 0 0 0 0 0 0 0 4.4 2.0 1.878 0.1383282711847954 -36.27770645496591 -29.67414088054877 0.31136360001202323 1.0
vehicle.car 0 0 0 0 0 0 0 4.768 1.844 2.004 1.8953785079123309 -96.53457744306269 -13.777866908656392 0.25413455223109827 1.0
human.pedestrian.adult 0 0 0 0 0 0 0 0.577 1.78 0.738 0.2831425498803172 -31.88834530686215 -25.6421440382628 1.1419764038976083 1.0
vehicle.bicycle 0 0 0 0 0 0 0 1.564 1.064 0.668 1.943671954930133 -10.421320641424797 12.613715684248492 1.1789252440929108 1.0
movable_object.trafficcone 0 0 0 0 0 0 0 0.289 0.761 0.325 -0.30767058881193976 19.7555935454737 -20.43917482335006 2.199329670108092 1.0
vehicle.car 0 0 0 0 0 0 0 4.325 1.494 1.841 0.8197464151546309 -38.512982904070554 -19.60678762812202 -2.8034465226211713 1.0
vehicle.car 0 0 0 0 0 0 0 5.001 1.608 2.033 1.2789044223864097 2.352394050410442 22.14427469719568 0.2567581353871451 1.0
vehicle.bicycle 0 0 0 0 0 0 0 1.574 1.069 0.496 1.6389411989515728 -69.42170947658042 -18.22486629461018 -1.2571357942358574 1.0
movable_object.trafficcone 0 0 0 0 0 0 0 0.21 0.733 0.282 -0.24464920326466738 18.30256093736309 -22.42877894094001 2.199329670108092 1.0
human.pedestrian.adult 0 0 0 0 0 0 0 0.63 1.663 0.609 -0.6236984069299603 45.24940040813295 -7.233326192247125 1.6085296069917767 1.0
vehicle.car 0 0 0 0 0 0 0 4.512 1.912 2.091 -1.3969815801321526 25.455123817442665 -29.42752535295777 0.889749929502349 1.0
vehicle.truck 0 0 0 0 0 0 0 5.043 2.238 2.694 -0.1284701248676401 -47.545363904232474 -42.029596971760085 -2.8387268781112223 1.0
vehicle.car 0 0 0 0 0 0 0 4.835 1.734 1.99 -0.9982521855794315 24.136310565660896 -23.99867091791859 0.8673574088391431 1.0
vehicle.car 0 0 0 0 0 0 0 4.811 1.864 2.045 1.625706493587941 -13.292145685173526 21.45132896689322 0.20065201701387503 1.0
human.pedestrian.adult 0 0 0 0 0 0 0 0.858 1.691 0.798 -0.17811661989134642 26.763201776776263 -7.111514726929598 1.5741656074384585 1.0
movable_object.trafficcone 0 0 0 0 0 0 0 0.269 0.734 0.263 -0.30644871176987165 17.665527720146972 -23.32238819610233 2.199329670108092 1.0
movable_object.trafficcone 0 0 0 0 0 0 0 0.262 0.742 0.271 -0.3255704895602085 17.150105949481553 -24.023897822506925 2.199329670108092 1.0
vehicle.car 0 0 0 0 0 0 0 4.589 1.656 2.057 1.6611766022432832 -84.29620288538567 -15.995030108194168 0.282869779318073 1.0
vehicle.car 0 0 0 0 0 0 0 4.153 1.548 1.877 1.527375574180813 -21.45157660967277 -0.29780864862185163 1.3016189872900181 1.0
vehicle.bus.rigid 0 0 0 0 0 0 0 12.245 3.539 3.285 -1.6020201432482652 79.57227499701433 7.469071419576825 -1.601731471476536 1.0
movable_object.trafficcone 0 0 0 0 0 0 0 0.318 0.745 0.318 -0.2909416847389582 16.61868885121183 -24.693391447228805 2.199329670108092 1.0
