vehicle.car 0 0 0 0 0 0 0 4.114 1.428 1.8 1.1010207160145136 -3.305204568022252 -11.572321009397944 2.9864301761983425 1.0
vehicle.car 0 0 0 0 0 0 0 4.586 1.535 1.796 1.5924001134170538 -30.464424301949688 5.245417921030699 -3.022514777629251 1.0
vehicle.car 0 0 0 0 0 0 0 4.516 1.462 2.074 1.4846001486037468 -26.716800808661347 -26.24487982796089 -0.1570993913125598 1.0
vehicle.car 0 0 0 0 0 0 0 4.514 1.626 1.872 1.132238757048977 -7.813373500252889 -12.754354135999899 2.9689782067686306 1.0
vehicle.car 0 0 0 0 0 0 0 4.362 1.501 1.701 0.6981470903164616 18.560639792333948 -8.577245175567445 2.961124821340789 1.0
vehicle.car 0 0 0 0 0 0 0 5.135 1.749 2.21 0.7199773619007321 11.152484163452819 24.525744638307614 -1.3580148475248262 1.0
vehicle.truck 0 0 0 0 0 0 0 5.146 2.0 1.951 0.039746151388873496 31.545630542704092 -3.8396045796144938 2.7967823872222333 1.0
vehicle.car 0 0 0 0 0 0 0 4.151 1.608 1.735 0.9341290654148774 -0.9792224692494116 -11.37634026251577 3.0038821474219457 1.0
vehicle.car 0 0 0 0 0 0 0 4.571 1.389 1.722 1.1513538716906808 -2.2421195343077343 -5.414244541495683 -0.15722006128622468 1.0
vehicle.motorcycle 0 0 0 0 0 0 0 2.212 1.31 0.739 0.9469008828766906 8.997927234850449 -3.5643795187165916 -1.6723586088073574 1.0
vehicle.car 0 0 0 0 0 0 0 4.064 1.589 1.742 0.7119023107830675 21.210308835283957 -2.7283906931288096 3.037058349307152 1.0
vehicle.car 0 0 0 0 0 0 0 3.963 1.592 1.952 0.6451762808069719 13.802908629769385 -8.83561173319828 3.0038821474219457 1.0
vehicle.car 0 0 0 0 0 0 0 4.398 1.677 1.969 1.4562638539518495 -21.914487274669813 -25.55413546450413 -0.18302020905216665 1.0
vehicle.bus.rigid 0 0 0 0 0 0 0 11.115 3.414 3.013 0.45133512708664825 -15.074639122703497 -3.0427383174596514 1.4668227201941741 1.0
vehicle.car 0 0 0 0 0 0 0 4.104 1.457 1.655 1.5666071272695765 -22.509637951609044 -13.828732698126656 2.9821718953794587 1.0
vehicle.car 0 0 0 0 0 0 0 4.435 1.458 1.687 0.8503817664317291 10.780929744149125 11.518172689447503 -1.855726395065381 1.0
vehicle.car 0 0 0 0 0 0 0 4.173 1.409 1.863 1.4224043995171183 -17.50606104499226 -13.771551294856298 2.995138709925314 1.0
vehicle.car 0 0 0 0 0 0 0 3.723 1.602 1.796 0.8387768965441211 3.556075599612065 -10.891509992758444 3.021334120234955 1.0
vehicle.car 0 0 0 0 0 0 0 4.477 1.576 1.808 0.8673679792427829 8.2292604404274 3.9627977660555773 -1.724860357221747 1.0
vehicle.car 0 0 0 0 0 0 0 4.537 1.635 1.91 0.4852575487313287 14.498891528811464 -20.431928726251332 -0.1463696378226782 1.0
vehicle.car 0 0 0 0 0 0 0 4.071 1.648 2.105 0.6155868853418173 9.561995527231538 -20.690165310807075 -0.23285853151604563 1.0
vehicle.car 0 0 0 0 0 0 0 4.36 1.785 1.941 0.9512729439317784 -0.755458224859168 -23.00021399937131 -0.1463696378226782 1.0
vehicle.car 0 0 0 0 0 0 0 4.455 1.551 1.707 1.0722634892101996 -1.4072496627349482 6.700609275572873 -2.930333477152349 1.0
vehicle.car 0 0 0 0 0 0 0 4.341 1.71 2.119 0.9230849904240424 1.5873039491366518 -22.327276531718223 -0.1463696378226782 1.0
human.pedestrian.adult 0 0 0 0 0 0 0 0.798 1.8 0.648 0.6681168212568321 8.266258960942523 9.83786338998876 -0.3701788005824742 1.0
vehicle.car 0 0 0 0 0 0 0 4.618 1.651 1.919 1.1887578706727748 -5.619191147740888 -22.96903765501895 -0.1463696378226782 1.0
vehicle.car 0 0 0 0 0 0 0 4.193 1.643 1.735 1.037858304424503 -5.614686582938944 -12.328586394390896 2.899170351119709 1.0
vehicle.car 0 0 0 0 0 0 0 4.124 1.617 1.795 0.3731739202942378 33.572220777625404 6.657603617932381 -1.7512463282744157 1.0
vehicle.car 0 0 0 0 0 0 0 4.992 1.526 1.721 0.9418610965466974 5.053969489589718 -5.039769265241763 -0.12443692795977057 1.0
vehicle.motorcycle 0 0 0 0 0 0 0 2.12 1.316 0.792 0.8367952915284854 12.882429284953187 -1.3904258436118466 -1.608166250336919 1.0
vehicle.car 0 0 0 0 0 0 0 4.774 1.626 2.002 0.608795321993613 17.097202579578987 -20.735920670284077 -0.1463696378226782 1.0
vehicle.car 0 0 0 0 0 0 0 4.235 1.536 1.812 0.7813994397296468 4.417746633887876 -21.328684316115297 -0.1463696378226782 1.0
vehicle.motorcycle 0 0 0 0 0 0 0 2.622 1.233 0.758 0.932944184368004 13.596218358685162 -4.815763133372716 1.4288683260188435 1.0
vehicle.motorcycle 0 0 0 0 0 0 0 2.151 1.536 0.69 0.8486768544898503 12.80489260486363 -2.319380036078903 -1.712871519669525 1.0
vehicle.car 0 0 0 0 0 0 0 4.319 1.793 1.823 1.0849758143858796 -4.215944444106633 12.02848652846487 0.24107536175510846 1.0
vehicle.car 0 0 0 0 0 0 0 4.209 1.666 1.767 0.5369671140693124 20.271230363957706 5.20251330967198 -1.6290897394234145 1.0
vehicle.car 0 0 0 0 0 0 0 4.385 1.765 1.844 0.6225455829724544 18.42392959375521 -3.5600012375381445 3.037058349307152 1.0
vehicle.car 0 0 0 0 0 0 0 4.76 1.779 1.847 1.3195288913778618 -36.034302388416016 -28.230560263304564 3.060094956545308 1.0
vehicle.car 0 0 0 0 0 0 0 3.927 1.477 1.547 0.84264204146784 9.263516473405028 13.438480753906655 -1.7405139310743323 1.0
vehicle.car 0 0 0 0 0 0 0 4.472 1.638 2.089 1.212475897862269 -10.589444694040195 -12.68378694632517 3.021334120234955 1.0
vehicle.motorcycle 0 0 0 0 0 0 0 2.063 1.323 0.688 1.02546569059858 8.755526060587256 -2.1926192474944606 -1.7298687992871118 1.0
vehicle.car 0 0 0 0 0 0 0 4.382 2.054 1.698 0.8588630929443948 0.16362961163480483 27.571517511110425 0.2780651470647384 1.0
vehicle.car 0 0 0 0 0 0 0 4.835 2.0 1.793 0.8612860426966775 0.98810590592863 15.092282840287691 -2.814522312289748 1.0
vehicle.car 0 0 0 0 0 0 0 4.316 1.572 1.708 1.1967949168754013 -9.277391286069033 -6.696672118508175 2.998314968855734 1.0
vehicle.car 0 0 0 0 0 0 0 3.866 1.575 1.664 1.4308125843319797 -18.976592255152852 -7.914253858122128 -0.10984731632542832 1.0
vehicle.car 0 0 0 0 0 0 0 4.776 1.729 1.828 0.8634203575988283 1.3027756549947827 -11.162888067434901 3.047512081989666 1.0
vehicle.car 0 0 0 0 0 0 0 4.724 1.583 1.798 0.7297981936594701 8.61383137635604 -9.977384648437209 2.9515262393383983 1.0
vehicle.car 0 0 0 0 0 0 0 4.199 1.662 1.958 0.520643425041603 12.026042488470193 -20.30756850977915 -0.1463696378226782 1.0
vehicle.car 0 0 0 0 0 0 0 5.295 2.0 2.097 0.724129780355898 10.11785877119303 16.519234408806124 -1.81031836010406 1.0
vehicle.car 0 0 0 0 0 0 0 4.012 1.494 1.936 1.302236393741099 -1.33300452069325 20.8347052538116 -2.8164594776412084 1.0
vehicle.car 0 0 0 0 0 0 0 4.927 2.102 1.914 0.3435341149467869 19.516842297173962 -14.167033311752727 -1.6889113433867982 1.0
vehicle.car 0 0 0 0 0 0 0 4.783 1.581 1.691 0.5788688947227365 21.82474941187405 -8.097259651117188 3.037058349307152 1.0
vehicle.car 0 0 0 0 0 0 0 5.702 2.0 2.451 0.9094625463186763 8.47273515846025 56.32109091154594 0.2275717954927825 1.0
vehicle.car 0 0 0 0 0 0 0 4.421 1.616 1.938 0.679631662332655 11.033738472282351 -9.171080756458396 3.021334120234955 1.0
