vehicle.car 0 0 0 0 0 0 0 4.462 1.544 1.781 -0.6894417384659539 34.88579267862209 -7.179434100012744 0.9985086237735832 1.0
vehicle.car 0 0 0 0 0 0 0 4.811 1.864 2.045 -0.7550959114338708 33.893244397506436 -5.236493174707449 1.0333925433613995 1.0
movable_object.trafficcone 0 0 0 0 0 0 0 0.381 0.748 0.347 1.8317660985625532 -10.110101463236676 -2.7447622500167093 1.521971304142423 1.0
movable_object.trafficcone 0 0 0 0 0 0 0 0.361 0.728 0.353 1.7336002787731601 -7.824185449010307 -2.670193840295121 1.521971304142423 1.0
vehicle.car 0 0 0 0 0 0 0 4.768 1.844 2.004 1.38349587556157 -27.26797764675868 61.071445469324466 1.4778465192717727 1.0
vehicle.car 0 0 0 0 0 0 0 4.556 2.0 2.074 1.1717828780393647 -25.85788140684811 54.003485211876026 1.4603991926719342 1.0
vehicle.truck 0 0 0 0 0 0 0 5.043 2.238 2.694 1.8919715940523265 -37.33600042309553 5.314314752089065 -1.6111108345572038 1.0
movable_object.trafficcone 0 0 0 0 0 0 0 0.426 0.775 0.379 1.5550101172708526 -2.4240174397897225 -2.3853008315964224 1.5342195848050117 1.0
movable_object.trafficcone 0 0 0 0 0 0 0 0.372 0.735 0.395 1.4351168776397503 0.5926844060186599 -2.239669157201324 1.552435067990909 1.0
human.pedestrian.adult 0 0 0 0 0 0 0 0.63 1.663 0.609 -0.35477361219688414 24.152987502180224 -60.26346543985919 2.8969361631961315 1.0
human.pedestrian.adult 0 0 0 0 0 0 0 0.536 1.72 0.536 2.7372853652851954 -59.25220194717455 -16.423470079492127 -1.630844735514347 1.0
vehicle.car 0 0 0 0 0 0 0 4.153 1.548 1.877 1.585681553139657 -17.09723012023057 0.07576456728516451 1.5341846893389892 1.0
vehicle.car 0 0 0 0 0 0 0 4.325 1.494 1.841 1.071829217985511 2.4466557675970546 4.604284544190238 -1.5679793038159469 1.0
vehicle.car 0 0 0 0 0 0 0 4.114 1.528 1.848 2.772352713704512 -63.98790493544729 2.7033118894628823 -1.2552269817617159 1.0
vehicle.car 0 0 0 0 0 0 0 5.325 1.818 2.291 2.1952934932885673 -43.6563399518394 4.815392847537438 -1.6260464737979294 1.0
human.pedestrian.adult 0 0 0 0 0 0 0 0.858 1.691 0.798 0.05290480699812053 17.70906405980424 -42.32522748360168 2.853833268883939 1.0
vehicle.car 0 0 0 0 0 0 0 4.748 1.697 2.044 1.400698026646069 -27.555869576850085 68.20562519250116 1.3789218067538096 1.0
vehicle.car 0 0 0 0 0 0 0 4.589 1.656 2.057 1.4119814170153628 -24.629000572937834 49.04897307061307 1.5070361477017418 1.0
movable_object.trafficcone 0 0 0 0 0 0 0 0.36 0.75 0.379 1.6239229733127276 -5.098386177547307 -2.5410341702787664 1.5342195848050117 1.0
vehicle.car 0 0 0 0 0 0 0 4.525 1.745 1.996 1.3175197704674884 -28.65156960579689 89.97481656067713 0.23666462477599248 1.0
vehicle.bus.rigid 0 0 0 0 0 0 0 12.565 3.092 3.451 -1.8935948984386957 54.95573826744142 -69.39046589686657 0.7291596020183566 1.0
human.pedestrian.adult 0 0 0 0 0 0 0 0.577 1.78 0.738 1.3810445019873565 -16.4396619617854 -3.73669366780346 0.09353648846237572 1.0
vehicle.bicycle 0 0 0 0 0 0 0 1.564 1.064 0.668 0.29757114133369544 26.82057711674368 -10.487760794210908 0.060848025679465234 1.0
vehicle.car 0 0 0 0 0 0 0 4.4 2.0 1.878 2.2483153360148176 -49.14179407888002 -1.9971117362647834 1.5225049117107172 1.0
vehicle.car 0 0 0 0 0 0 0 4.621 1.521 2.052 2.6119296553298206 -54.54412468578196 -12.093846487684122 3.1211937980121576 1.0
