movable_object.barrier 0 0 0 0 0 0 0 0.282 1.209 2.173 0.1687680232500146 -53.03965024421316 -66.11468394442258 0.4853153495324851 1.0
human.pedestrian.adult 0 0 0 0 0 0 0 0.691 1.766 0.691 1.351373951733807 -4.651377220449974 41.84018748802212 1.9676053781760752 1.0
vehicle.motorcycle 0 0 0 0 0 0 0 1.949 1.525 0.73 1.2328923168174715 -26.882053523995122 -2.89897186023987 0.353075931305594 1.0
vehicle.motorcycle 0 0 0 0 0 0 0 2.021 1.249 0.859 1.1688912861725296 -25.56828583666614 -3.4272713319474 0.36358137240671073 1.0
human.pedestrian.adult 0 0 0 0 0 0 0 0.679 1.693 0.68 1.5890447049456813 0.4651938240129715 57.65433075789386 1.7493838598885194 1.0
vehicle.motorcycle 0 0 0 0 0 0 0 2.073 1.36 0.661 1.2192697858881194 -22.540826212419315 -2.093311351167707 -2.660221415965948 1.0
human.pedestrian.adult 0 0 0 0 0 0 0 0.723 1.784 0.531 1.4209693009124988 0.6841305227553005 45.995106453485654 0.6161340301151705 1.0
human.pedestrian.adult 0 0 0 0 0 0 0 0.618 1.843 0.548 0.6284079956286901 -24.72952532339307 -26.92001496937753 1.6525846134297515 1.0
human.pedestrian.adult 0 0 0 0 0 0 0 0.674 1.608 0.682 0.9173650914497854 -1.462753381281234 -4.085239884202441 0.7441712030089511 1.0
human.pedestrian.adult 0 0 0 0 0 0 0 0.676 1.746 0.777 0.5728714990148355 2.450063068048303 -6.247264074313755 0.3766966154956224 1.0
human.pedestrian.adult 0 0 0 0 0 0 0 0.725 1.52 0.661 0.7872358385681316 -26.237816896956765 -24.63957899232744 1.2087855269573868 1.0
human.pedestrian.adult 0 0 0 0 0 0 0 0.786 1.76 0.749 0.627101371891725 3.1407228688847306 -5.3700291226636985 0.6382950816166844 1.0
human.pedestrian.adult 0 0 0 0 0 0 0 0.631 1.664 0.609 0.7290341022555545 -24.797781809071008 -26.213444775534068 1.8463313212834853 1.0
human.pedestrian.adult 0 0 0 0 0 0 0 0.811 2.0 0.958 0.5675164879545289 -11.936662673778716 -23.377613742470018 -2.854292318161807 1.0
human.pedestrian.adult 0 0 0 0 0 0 0 0.726 1.794 0.787 1.4278316249917329 -4.997965224893764 40.97025761764421 2.012212381814832 1.0
human.pedestrian.adult 0 0 0 0 0 0 0 0.651 1.868 0.707 0.6573093601547936 0.0593070273042042 -7.421002035381271 0.46187746657816753 1.0
human.pedestrian.adult 0 0 0 0 0 0 0 0.781 1.619 0.786 0.9771745606747584 -18.600832498571144 -4.845078680860668 -2.968358681063693 1.0
vehicle.car 0 0 0 0 0 0 0 4.578 1.821 1.846 0.8448110405844315 -26.159118761485686 -18.563831491024764 -2.7035800733129136 1.0
