vehicle.car 0 0 0 0 0 0 0 4.698 1.924 2.218 -1.4754167762076837 63.35313801713323 -9.970610835761082 2.2624495148252564 1.0
human.pedestrian.adult 0 0 0 0 0 0 0 0.526 1.414 0.686 0.6711186756264322 -7.502268280663033 -12.16251068024215 0.08840683491984924 1.0
human.pedestrian.adult 0 0 0 0 0 0 0 0.523 1.953 0.769 0.34527295063374325 -1.7653963138165945 -7.764314049858753 0.3519314722039675 1.0
human.pedestrian.adult 0 0 0 0 0 0 0 0.704 1.844 0.734 0.44267862471620206 -5.943315862832877 -12.051679718495357 0.6953872827328809 1.0
human.pedestrian.adult 0 0 0 0 0 0 0 0.457 1.815 0.676 -0.003638213740248697 2.4145446437069684 -11.644947579450616 0.0743596768935415 1.0
human.pedestrian.adult 0 0 0 0 0 0 0 0.58 1.745 0.683 0.09953766185144405 1.9284894957567862 -10.754741911165407 2.0482584410105824 1.0
human.pedestrian.adult 0 0 0 0 0 0 0 0.727 1.391 0.655 0.7996682702427651 -9.89246021933251 -12.354006105888018 0.06169563124982602 1.0
human.pedestrian.adult 0 0 0 0 0 0 0 0.625 1.807 0.635 -0.03313962232306544 6.866367728334957 -8.46513816848499 -3.0589248629572996 1.0
human.pedestrian.adult 0 0 0 0 0 0 0 0.591 1.343 0.707 0.6797681869315996 -6.750989227564062 -12.002351477169308 0.08840683491984924 1.0
vehicle.motorcycle 0 0 0 0 0 0 0 2.401 1.687 1.128 1.3253534758218515 -8.588709374916913 -2.544608020361939 1.4765831485923204 1.0
movable_object.trafficcone 0 0 0 0 0 0 0 0.389 0.997 0.606 2.1032366986899347 -50.737908563598474 -10.866301865032494 1.4328205580275588 1.0
human.pedestrian.adult 0 0 0 0 0 0 0 0.709 1.443 0.756 0.7482924973758476 -10.569479897098779 -12.377220021534885 0.06169563124982602 1.0
human.pedestrian.adult 0 0 0 0 0 0 0 0.766 1.886 0.72 0.13436919087459537 1.3060778229254464 -9.449212335051131 1.8235549296414302 1.0
human.pedestrian.adult 0 0 0 0 0 0 0 0.931 1.253 0.717 0.7898195784398876 -15.096947105592431 -12.671358046197906 1.4554992327620528 1.0
human.pedestrian.adult 0 0 0 0 0 0 0 0.92 1.263 0.756 0.7981837135868906 -14.868691734551376 -11.113675624510392 1.4554992327620528 1.0
human.pedestrian.adult 0 0 0 0 0 0 0 0.679 2.026 0.885 -0.16694638761024977 6.880034727830308 -9.226595299706618 0.05559845832880139 1.0
human.pedestrian.adult 0 0 0 0 0 0 0 0.756 1.858 0.552 0.22276070588572505 1.3499411232102048 -10.164451421624326 1.7712261050657245 1.0
human.pedestrian.adult 0 0 0 0 0 0 0 0.514 1.858 0.762 0.3381226879779944 -4.0024400479717555 -11.926947495794321 0.07866711144886773 1.0
human.pedestrian.adult 0 0 0 0 0 0 0 0.583 1.861 0.742 -0.026872121430939755 3.184440868784851 -11.411304714924135 0.8867053106142784 1.0
vehicle.motorcycle 0 0 0 0 0 0 0 2.072 1.343 0.819 1.4209629804203974 -11.015136677126874 -2.5390071525401674 1.5158919948416063 1.0
