vehicle.car 0 0 0 0 0 0 0 4.514 1.803 1.901 -0.6465515335781513 38.544253087441 -9.724305843463792 -3.1344971293571584 1.0
vehicle.car 0 0 0 0 0 0 0 5.009 1.878 1.9 1.7734786029748553 -28.259562362952618 -10.969389137041139 0.045985504013683176 1.0
human.pedestrian.adult 0 0 0 0 0 0 0 0.583 1.621 0.621 1.9126800468622032 -22.023677030615833 -5.944960803393243 0.8790111237501215 1.0
vehicle.car 0 0 0 0 0 0 0 4.523 1.902 1.85 -0.8557574836715305 43.93342235050312 -9.768447938038294 3.075801700106294 1.0
vehicle.truck 0 0 0 0 0 0 0 5.109 1.994 2.029 -2.6219206050377624 82.57956878797403 -10.390907063028454 1.56792476331308 1.0
vehicle.car 0 0 0 0 0 0 0 5.975 2.9 2.495 -1.6346511511486068 49.72475374218957 -9.12773710901374 -3.1208167361657484 1.0
movable_object.debris 0 0 0 0 0 0 0 7.597 2.613 2.959 -0.1442730491314339 16.7816620727962 8.179007974189062 1.530748401710106 1.0
vehicle.car 0 0 0 0 0 0 0 4.411 1.996 1.969 1.6188779307950434 -23.006241829853696 -10.30836643797424 3.0737601111110386 1.0
vehicle.car 0 0 0 0 0 0 0 4.393 1.827 1.859 -0.9549022507676403 47.024958066837506 -9.53493085133034 -3.1205026455437466 1.0
vehicle.truck 0 0 0 0 0 0 0 12.004 4.174 2.936 -3.559749772052963 81.35638706835273 -7.172683805658029 1.5770663005529606 1.0
vehicle.car 0 0 0 0 0 0 0 5.054 1.931 2.107 2.22228656410402 -39.284715594543776 -9.743693157622406 3.1114509854852557 1.0
vehicle.car 0 0 0 0 0 0 0 4.59 1.809 2.03 2.4789955196563964 -50.252495933035355 -10.549946814192236 3.1114509854852557 1.0
human.pedestrian.adult 0 0 0 0 0 0 0 1.088 1.752 0.789 -2.6942383049168805 86.53615223421744 4.025948196812183 1.6244398203223547 1.0
movable_object.debris 0 0 0 0 0 0 0 7.583 2.086 2.983 -0.85389116555597 40.47646879120578 4.3159922214327 1.5583471236495408 1.0
vehicle.car 0 0 0 0 0 0 0 4.697 1.703 1.783 -0.3688698676708564 33.3372605565496 -10.002923279498887 3.078785560720304 1.0
vehicle.car 0 0 0 0 0 0 0 4.34 1.677 1.816 2.157551296589283 -33.693741055204256 -10.072378486770909 3.1114509854852557 1.0
human.pedestrian.adult 0 0 0 0 0 0 0 0.723 1.697 0.697 0.850995274091188 3.580088149653141 11.365117187098845 2.559632305632885 1.0
vehicle.car 0 0 0 0 0 0 0 4.912 1.613 1.712 1.8985136622052634 -25.73492550437926 -10.593868210465645 3.1217985272838895 1.0
vehicle.car 0 0 0 0 0 0 0 4.737 1.498 1.771 -0.2428460582376195 30.451471671740816 -9.63104895695152 3.113684518982235 1.0
vehicle.car 0 0 0 0 0 0 0 4.414 1.722 1.839 -0.5296247616307659 35.740194851169264 -9.692912570313792 3.0963397359490745 1.0
