human.pedestrian.adult 0 0 0 0 0 0 0 0.457 1.815 0.676 -0.4028053482358043 14.928520693728293 -11.827011855924894 0.057388930227995516 1.0
human.pedestrian.adult 0 0 0 0 0 0 0 0.625 1.807 0.635 -0.458797541427831 19.493850612631828 -8.797731148254302 -3.0240587983923675 1.0
human.pedestrian.adult 0 0 0 0 0 0 0 0.931 1.253 0.717 0.45121826868647125 -2.5872830621862706 -12.22188328566748 1.4903845961063835 1.0
human.pedestrian.adult 0 0 0 0 0 0 0 0.514 1.858 0.762 -0.03927255099739743 8.538759423418933 -11.831891793050882 0.0594056500176956 1.0
vehicle.motorcycle 0 0 0 0 0 0 0 2.401 1.687 1.128 0.9825752571384219 4.248047132719877 -2.224102187972454 1.5114684630408641 1.0
movable_object.trafficcone 0 0 0 0 0 0 0 0.389 0.997 0.606 1.9239974960267525 -38.11798624347138 -9.143842221787063 1.3980060968172232 1.0
human.pedestrian.adult 0 0 0 0 0 0 0 0.727 1.391 0.655 0.4640807895619694 2.6058155692995926 -12.077529001989937 0.05522190998278642 1.0
human.pedestrian.adult 0 0 0 0 0 0 0 0.583 1.861 0.742 -0.4281984296161927 15.632301531407101 -11.713026225540295 0.8519631596660044 1.0
vehicle.motorcycle 0 0 0 0 0 0 0 2.072 1.343 0.819 1.1405754878765826 1.8801728996601714 -2.2447308936613593 1.550777186053339 1.0
human.pedestrian.adult 0 0 0 0 0 0 0 0.58 1.745 0.683 -0.31011749115955456 14.401140817028455 -10.970733030539892 2.083139565699881 1.0
human.pedestrian.adult 0 0 0 0 0 0 0 0.644 1.526 0.577 0.3612554569988752 3.523048233303149 -12.077966115478304 0.06268399719822693 1.0
human.pedestrian.adult 0 0 0 0 0 0 0 0.766 1.886 0.72 -0.3596215753385648 15.84934227779753 -9.401443103637925 1.5794225862137345 1.0
human.pedestrian.police_officer 0 0 0 0 0 0 0 1.024 1.654 0.889 1.7654764127479186 -45.35694744827192 -10.582112621103004 1.6128120742491907 1.0
human.pedestrian.adult 0 0 0 0 0 0 0 0.512 1.669 0.744 -0.2907526746584336 15.413008719266948 -10.673103475049711 -2.9908752485150885 1.0
human.pedestrian.adult 0 0 0 0 0 0 0 0.523 1.953 0.769 0.0013708155547881018 10.829565251297687 -7.794577490731562 0.334902120862985 1.0
human.pedestrian.adult 0 0 0 0 0 0 0 0.756 1.858 0.552 -0.27110158545304147 15.657961276573902 -10.142676213908505 1.5619825002036452 1.0
human.pedestrian.adult 0 0 0 0 0 0 0 0.591 1.343 0.707 0.3410267757559702 5.748267869620267 -11.837397267528228 0.0653087985359937 1.0
human.pedestrian.adult 0 0 0 0 0 0 0 0.709 1.443 0.756 0.44326290381863415 1.9641844092862741 -12.078563474418656 0.05522190998278642 1.0
human.pedestrian.adult 0 0 0 0 0 0 0 0.92 1.263 0.756 0.6023233102636453 -2.2834797613709843 -10.66877452552749 1.4903845961063835 1.0
human.pedestrian.adult 0 0 0 0 0 0 0 0.679 2.026 0.885 -0.554209340609606 19.508634018927367 -9.52391985615 0.05895835988975362 1.0
human.pedestrian.adult 0 0 0 0 0 0 0 0.8 1.529 0.71 2.216221478395741 -54.97575873866557 -9.026259721375531 0.07090590253426798 1.0
