vehicle.car 0 0 0 0 0 0 0 5.009 1.878 1.9 0.7099432957856201 4.361795168305463 -10.534332700294156 0.04973537261312444 1.0
vehicle.car 0 0 0 0 0 0 0 4.41 1.865 1.928 1.7915751666903024 -20.32984118831533 -10.102609955659988 3.1229675785503277 1.0
movable_object.debris 0 0 0 0 0 0 0 7.597 2.613 2.959 -2.084335071198111 49.40463160035511 8.36705086185396 1.532691855519312 1.0
vehicle.car 0 0 0 0 0 0 0 4.482 1.786 1.932 1.4959911346196881 -12.352295455878394 -10.535516604789269 3.109619436704101 1.0
vehicle.car 0 0 0 0 0 0 0 5.975 2.9 2.495 -3.8235850727854537 82.66020904080834 -9.135040171333443 -3.12265099626846 1.0
vehicle.car 0 0 0 0 0 0 0 4.737 1.498 1.771 -2.2096413279325615 63.21998516887928 -9.389670094411741 3.111852851235642 1.0
vehicle.car 0 0 0 0 0 0 0 4.658 1.781 2.094 1.6353750112129646 -15.023908233103036 -10.204015015777944 3.109619436704101 1.0
movable_object.debris 0 0 0 0 0 0 0 7.583 2.086 2.983 -3.016237665204395 73.0834439355218 4.457729571498124 1.5602875882663652 1.0
human.pedestrian.adult 0 0 0 0 0 0 0 0.583 1.621 0.621 0.6918166856906298 8.16397783518613 -9.644942238416371 1.7385377940164943 1.0
vehicle.car 0 0 0 0 0 0 0 4.411 1.996 1.969 0.42808037578723773 9.590873275567636 -10.008196365793927 3.0719305709001903 1.0
vehicle.car 0 0 0 0 0 0 0 5.054 1.931 2.107 1.1875850633425 -6.691373609586814 -9.492088818415628 3.109619436704101 1.0
vehicle.car 0 0 0 0 0 0 0 4.34 1.677 1.816 1.1191008429247051 -0.9612207825367057 -9.809272503691298 3.109619436704101 1.0
vehicle.car 0 0 0 0 0 0 0 4.912 1.613 1.712 0.7854714487102172 6.938595345174434 -10.4464330609068 3.119966427397636 1.0
vehicle.car 0 0 0 0 0 0 0 4.59 1.809 2.03 1.6910983225240381 -17.613674829408875 -10.124807129592776 3.109619436704101 1.0
vehicle.car 0 0 0 0 0 0 0 4.414 1.722 1.839 -2.657534285040086 68.57321681152632 -9.549394479320977 3.094508992196287 1.0
