vehicle.car 0 0 0 0 0 0 0 5.019 2.03 2.032 2.1627189463404757 -2.2839114588151803 -25.157218172326576 2.8780926866214998 1.0
vehicle.car 0 0 0 0 0 0 0 4.683 1.887 1.778 1.3687893285464527 5.890598486135874 -15.761480419393836 1.5979114716214555 1.0
vehicle.car 0 0 0 0 0 0 0 4.878 1.814 1.841 1.5230529768479903 -5.602207984557311 -12.103872983650882 1.5804695769495272 1.0
vehicle.car 0 0 0 0 0 0 0 6.208 2.6 2.378 -2.0186699636693994 70.53362435811809 -29.63194110596884 0.8632624232632278 1.0
vehicle.car 0 0 0 0 0 0 0 4.507 1.844 1.814 2.1513635242452667 10.114405054108502 -38.08924897571368 2.2952943253895786 1.0
vehicle.car 0 0 0 0 0 0 0 4.725 1.609 1.82 -0.19882369515211495 57.64358329280354 -25.20740927836678 1.6096853348739648 1.0
vehicle.truck 0 0 0 0 0 0 0 5.388 2.04 1.887 -2.3180185310665613 71.29658617193768 -14.054191149513278 1.5980684495454716 1.0
vehicle.car 0 0 0 0 0 0 0 4.962 1.831 2.113 1.2173916967618672 -28.93310726211733 12.48819596310928 3.04028407050233 1.0
vehicle.car 0 0 0 0 0 0 0 4.611 1.716 1.816 2.3711002581897977 0.7444374923986639 -29.997965723950486 2.3158810120865763 1.0
vehicle.car 0 0 0 0 0 0 0 4.794 1.858 1.914 1.0013049464748682 -37.77953878686076 25.421270299645727 0.09599625938914524 1.0
vehicle.car 0 0 0 0 0 0 0 4.368 1.546 1.78 0.6202697998245131 -1.2332802975452186 12.08353984618566 -3.1162324896450073 1.0
vehicle.truck 0 0 0 0 0 0 0 5.763 2.022 2.118 0.42228512710794885 37.63518607467824 -25.009948921261177 1.5615458218128158 1.0
vehicle.car 0 0 0 0 0 0 0 6.919 2.855 2.258 2.125361927039918 -79.37424577514905 20.420280151396796 3.0544165268194945 1.0
vehicle.truck 0 0 0 0 0 0 0 17.933 4.655 3.067 3.16484498945544 -91.50666522690459 -4.731956890457196 1.5925747066993665 1.0
vehicle.car 0 0 0 0 0 0 0 4.655 1.654 1.876 0.8631550575277667 -7.74603302252384 11.335107688355054 0.054943237794742306 1.0
vehicle.car 0 0 0 0 0 0 0 4.329 1.882 1.9 0.027938126376584216 -15.494450143888834 25.17261952362571 0.11697874051734258 1.0
vehicle.car 0 0 0 0 0 0 0 5.497 2.16 2.199 0.3853523781382321 -25.455849563468117 24.592986315257114 3.0606452770318064 1.0
vehicle.car 0 0 0 0 0 0 0 4.637 2.0 1.817 2.222258408610845 6.468650283578523 -34.72267979202984 2.2984346625333956 1.0
vehicle.car 0 0 0 0 0 0 0 4.553 1.668 2.001 0.13024284451715407 -18.55379440570037 25.16626087861121 3.106410029399564 1.0
vehicle.car 0 0 0 0 0 0 0 4.44 1.555 1.711 1.9938130779495817 -39.708033933924334 10.436761329489023 3.092626514451103 1.0
vehicle.car 0 0 0 0 0 0 0 4.691 2.06 1.826 0.8530246792491106 -35.13378727074717 25.043439812080514 0.09599625938914524 1.0
vehicle.car 0 0 0 0 0 0 0 4.169 1.742 1.799 1.2838966341838076 23.656431680364896 -34.69849639724224 1.4998732757893949 1.0
vehicle.bus.rigid 0 0 0 0 0 0 0 12.725 3.607 3.275 2.6033265218983686 -44.59540538215798 -17.826509070247774 1.639790232042749 1.0
vehicle.car 0 0 0 0 0 0 0 4.503 1.86 2.051 1.331445138573681 -31.394100674333394 10.975181674531783 3.057731547858703 1.0
vehicle.car 0 0 0 0 0 0 0 4.442 1.473 1.72 0.9354775678101477 -10.515960998325896 11.319568596492234 0.0711241340329547 1.0
vehicle.truck 0 0 0 0 0 0 0 18.177 4.329 3.68 -5.559546138605248 85.27988336232117 49.95196271443159 -3.085053829893779 1.0
vehicle.car 0 0 0 0 0 0 0 4.497 1.696 1.844 1.1543745196002126 -15.125394452055483 11.367374036914887 3.1275214909699622 1.0
vehicle.truck 0 0 0 0 0 0 0 5.764 2.197 2.122 0.9547679148532857 23.69759493853275 -29.37802302804953 1.6313137057383473 1.0
vehicle.car 0 0 0 0 0 0 0 5.892 2.236 2.123 3.9570554125747606 -72.39331877668481 -16.115659281128625 1.5870451482782633 1.0
vehicle.car 0 0 0 0 0 0 0 4.526 1.616 1.519 -0.7119856973317149 47.48980029740712 -14.652196886286838 1.5980684495454716 1.0
vehicle.car 0 0 0 0 0 0 0 4.397 1.762 1.875 0.5598236409351174 -4.542954045814867 11.76011606553562 0.07593324113871569 1.0
vehicle.car 0 0 0 0 0 0 0 4.769 2.0 1.867 0.5808105196948037 38.26415885462194 -36.14099482638591 1.538401033653689 1.0
vehicle.car 0 0 0 0 0 0 0 4.58 1.759 1.898 -0.18422655230798018 -6.616851175923243 24.395738765017622 0.05217790992663707 1.0
vehicle.car 0 0 0 0 0 0 0 4.239 1.59 1.699 -0.1889892990305555 -0.6143407617560698 25.824652703664082 0.05182964629641029 1.0
vehicle.car 0 0 0 0 0 0 0 4.184 1.719 1.884 -0.14300172933596345 -3.7450878178991593 25.464322280463044 0.05322850330815232 1.0
vehicle.car 0 0 0 0 0 0 0 4.89 1.854 1.981 2.21590111550055 -17.808118239209843 -15.86581733626108 1.5874637532412903 1.0
vehicle.car 0 0 0 0 0 0 0 3.981 1.727 1.667 1.8559094719347748 -36.72758584130288 10.402326425145285 -3.1382163264395047 1.0
