vehicle.car 0 0 0 0 0 0 0 4.878 1.814 1.841 2.6654277037250846 -34.649898199117864 -11.415321926172641 1.5209709265455693 1.0
vehicle.car 0 0 0 0 0 0 0 6.208 2.6 2.378 -0.5639589180213698 51.88994861950769 -27.03497610467922 0.6649420677841524 1.0
vehicle.car 0 0 0 0 0 0 0 4.859 1.721 1.995 1.3061803714465452 42.347234517958185 -38.89591234993722 1.513144683010216 1.0
vehicle.truck 0 0 0 0 0 0 0 18.177 4.329 3.68 -5.32614907135033 70.23524438956333 49.066147093685785 -3.0776784256571226 1.0
vehicle.car 0 0 0 0 0 0 0 4.497 1.696 1.844 1.510291841784381 -30.456192582270276 11.350223451429901 3.1349037757268006 1.0
vehicle.car 0 0 0 0 0 0 0 3.981 1.727 1.667 2.148136768689378 -52.06866225506288 10.506101131006783 -3.1308357407544563 1.0
vehicle.car 0 0 0 0 0 0 0 4.432 1.693 1.718 0.9539035585993811 42.754488801181495 -36.27164673915643 1.5198232163733296 1.0
vehicle.car 0 0 0 0 0 0 0 4.526 1.616 1.519 1.2248640270955757 14.349735132722902 -15.397839049645388 1.5908800801279828 1.0
vehicle.car 0 0 0 0 0 0 0 4.397 1.762 1.875 0.9490565102103138 -19.844056200165966 11.639251668412475 0.0861508790775809 1.0
vehicle.car 0 0 0 0 0 0 0 4.637 2.0 1.817 3.252264153731055 -9.206237857638156 -34.821653407384304 2.305902290715702 1.0
vehicle.car 0 0 0 0 0 0 0 5.019 2.03 2.032 2.982074119031191 -17.9152011848042 -25.07435464766516 2.9029450317045082 1.0
vehicle.car 0 0 0 0 0 0 0 4.818 1.859 1.771 -0.2504883598169909 35.47324438871856 -11.536285211318788 1.5908800801279828 1.0
vehicle.truck 0 0 0 0 0 0 0 5.764 2.197 2.122 2.0757575951434593 8.083458648580331 -29.581941388536443 1.6388751438174083 1.0
vehicle.car 0 0 0 0 0 0 0 4.655 1.654 1.876 1.2397287588956738 -23.074028035530677 11.399133808612838 0.06427959538458783 1.0
vehicle.car 0 0 0 0 0 0 0 4.169 1.742 1.799 2.378575163185913 7.911004531815426 -34.93385647550263 1.4927051290381845 1.0
vehicle.bus.rigid 0 0 0 0 0 0 0 12.725 3.607 3.275 3.4192969227553625 -66.85530161510809 -18.116919050285794 1.6325938669818774 1.0
vehicle.car 0 0 0 0 0 0 0 4.65 1.584 1.839 3.1772602973863426 36.694979235442666 -70.07704409867297 0.7526811627379657 1.0
vehicle.car 0 0 0 0 0 0 0 4.769 2.0 1.867 1.7413097134880393 22.595749219505315 -36.42969744431877 1.5634177965485367 1.0
vehicle.car 0 0 0 0 0 0 0 4.442 1.473 1.72 1.306924553719389 -25.86265973935621 11.31753144604415 0.07189387055375773 1.0
vehicle.car 0 0 0 0 0 0 0 4.368 1.546 1.78 0.9913325682377709 -16.486718973301777 11.92425251056943 -3.1088540455814657 1.0
vehicle.car 0 0 0 0 0 0 0 4.962 1.831 2.113 1.5067973226367921 -44.29361587040831 12.641833893176669 3.047674851665244 1.0
vehicle.car 0 0 0 0 0 0 0 4.683 1.887 1.778 2.5532759296868592 -21.57593814692402 -16.02284322652749 1.5907231329156124 1.0
vehicle.truck 0 0 0 0 0 0 0 5.763 2.022 2.118 1.4391453859194812 22.046749341198634 -25.363372089768347 1.569120093853746 1.0
vehicle.truck 0 0 0 0 0 0 0 17.933 4.655 3.067 3.125841966273294 -97.79776820984917 -4.164131829739139 1.6001431664967996 1.0
vehicle.truck 0 0 0 0 0 0 0 19.059 4.648 3.412 -3.972786303076544 68.6122375279723 28.590191854804257 -3.0788298473474995 1.0
vehicle.car 0 0 0 0 0 0 0 4.44 1.555 1.711 2.1725430487810224 -55.050579764855264 10.609170516794183 3.100012196785819 1.0
vehicle.car 0 0 0 0 0 0 0 4.503 1.86 2.051 1.6073229078727582 -46.712289591161465 11.09005425700052 3.0651206287392885 1.0
vehicle.car 0 0 0 0 0 0 0 5.892 2.236 2.123 4.82657801496758 -102.25428867490606 -15.766607567149562 1.5798589473440936 1.0
vehicle.car 0 0 0 0 0 0 0 4.535 1.711 1.834 1.2869061799983053 28.67458348156609 -28.434756766418257 1.5649349187063342 1.0
vehicle.car 0 0 0 0 0 0 0 4.794 1.858 1.914 0.7915930116431389 -53.020612573249466 25.587328721190705 0.09408916890913854 1.0
vehicle.car 0 0 0 0 0 0 0 4.611 1.716 1.816 3.252375901394893 -14.872118735397176 -30.083021551399217 2.3233466367118583 1.0
vehicle.car 0 0 0 0 0 0 0 4.58 1.759 1.898 0.08300060712891077 -21.849815304443677 24.311986637169102 0.06060368897344581 1.0
vehicle.car 0 0 0 0 0 0 0 4.239 1.59 1.699 0.030018164581598006 -15.838844398507536 25.72726139097876 0.059963458777924306 1.0
vehicle.car 0 0 0 0 0 0 0 4.507 1.844 1.814 3.2392485637237347 -5.48400761705722 -38.312726971565 2.3027623157948396 1.0
