vehicle.car 0 0 0 0 0 0 0 5.327 1.868 2.115 -0.673108815011882 21.01746320740867 27.41339594053406 0.05414527842364292 1.0
vehicle.car 0 0 0 0 0 0 0 5.231 1.909 2.023 0.9902518990667724 8.232933010237721 -13.047716362175521 1.5780265596709233 1.0
vehicle.car 0 0 0 0 0 0 0 5.133 1.589 1.956 0.7940481513301636 10.814382697625707 -8.971104214710547 1.5954700829421826 1.0
movable_object.trafficcone 0 0 0 0 0 0 0 0.379 0.869 0.417 4.425088053250046 -89.02982069271181 13.083800695072998 0.04784482420934344 1.0
vehicle.car 0 0 0 0 0 0 0 4.998 1.906 2.057 -1.5560761482587995 3.97757753252955 49.69904607409467 0.08978614022854314 1.0
vehicle.construction 0 0 0 0 0 0 0 8.449 5.212 3.526 -2.9819167588606383 8.294707955483974 48.24407340618673 -3.0541209383717582 1.0
human.pedestrian.adult 0 0 0 0 0 0 0 0.804 1.801 0.642 2.7506638565681567 -28.24490631130512 -21.30364860339367 1.605517627549208 1.0
vehicle.car 0 0 0 0 0 0 0 5.407 1.948 2.047 2.53376861462036 -34.42775871558744 -9.99071593317601 1.5954700829421826 1.0
vehicle.car 0 0 0 0 0 0 0 5.363 1.968 1.944 -0.6943457259803965 41.89126515955874 -9.666176954201765 1.5448668976688582 1.0
vehicle.car 0 0 0 0 0 0 0 5.148 1.914 2.328 0.9462184021232185 -9.204213808833133 14.13309644504778 3.1360806218363617 1.0
vehicle.car 0 0 0 0 0 0 0 4.977 1.697 2.021 -2.0190558389778532 60.14401237044152 0.6141170285661648 1.5628192271330725 1.0
movable_object.trafficcone 0 0 0 0 0 0 0 0.594 1.061 0.538 1.7944184885590786 -19.98277167491042 12.1078080850874 2.5711431154135536 1.0
vehicle.car 0 0 0 0 0 0 0 5.049 1.998 2.021 -1.8014947950388716 -6.323244889501823 50.910468839931916 -3.057354848024106 1.0
vehicle.car 0 0 0 0 0 0 0 4.767 1.739 1.986 9.709474599644702 -147.35118863978468 -57.25778445631815 1.4695526494600974 1.0
vehicle.bicycle 0 0 0 0 0 0 0 2.092 1.814 0.634 0.5030316626798723 30.070340274683208 -17.029614076582597 1.5663046075627198 1.0
vehicle.truck 0 0 0 0 0 0 0 4.742 2.0 2.102 -1.562231909817422 13.644949437289425 47.58456751859792 -3.015753698460742 1.0
vehicle.truck 0 0 0 0 0 0 0 6.303 2.537 2.845 -2.030432584930731 32.47246516016028 45.349873617215025 0.1916132096795149 1.0
vehicle.car 0 0 0 0 0 0 0 4.343 1.436 1.909 0.24518529151625756 25.4918758774652 -9.717700167606209 1.5797534609544357 1.0
vehicle.car 0 0 0 0 0 0 0 5.736 2.0 2.304 -2.4916116680685736 45.39118412496235 46.017118820824095 -3.0424147237753534 1.0
vehicle.car 0 0 0 0 0 0 0 4.425 1.729 1.847 7.426546535655347 -130.28650523354366 -30.198348011716927 1.5611970020891555 1.0
vehicle.construction 0 0 0 0 0 0 0 2.595 2.094 1.157 1.2192204949688097 -25.754877617414046 19.557012959212123 -3.063021190757481 1.0
