movable_object.barrier 0 0 0 0 0 0 0 3.17 1.163 0.475 -0.267233009895403 19.29345746019689 -24.310216552671584 1.5803179517000308 1.0
movable_object.barrier 0 0 0 0 0 0 0 2.322 1.022 0.431 -0.11984876343709916 13.855978214733188 -24.140197909444932 1.5803179517000308 1.0
movable_object.barrier 0 0 0 0 0 0 0 1.532 1.083 0.361 0.7036061156010142 -13.52617782865089 -24.2490945483298 1.5801609637219052 1.0
movable_object.barrier 0 0 0 0 0 0 0 1.786 1.257 0.347 0.5609439737332567 -4.476150867096514 -24.21802191701094 1.5977611524934794 1.0
vehicle.car 0 0 0 0 0 0 0 4.514 1.803 1.901 3.0412646599460715 -69.41632039671703 -9.963645194134706 3.138140117175304 1.0
movable_object.barrier 0 0 0 0 0 0 0 1.741 1.261 0.352 0.514127103285576 -2.6600918573053858 -24.219984975564373 1.5977611524934794 1.0
movable_object.trafficcone 0 0 0 0 0 0 0 0.416 1.316 0.443 0.647904070456478 -3.5154568424640966 -14.811863618714291 3.101163080880718 1.0
movable_object.barrier 0 0 0 0 0 0 0 2.453 1.198 0.528 1.442370583244486 -21.33752655106109 -16.12293160397262 1.5745094048553678 1.0
movable_object.barrier 0 0 0 0 0 0 0 1.789 1.218 0.395 0.447602629349493 -0.861515078993399 -24.236779822521985 1.5803179517000308 1.0
movable_object.barrier 0 0 0 0 0 0 0 2.22 1.087 0.546 1.048598367217389 -10.472877417318024 -16.173296696446712 1.5745094048553678 1.0
human.pedestrian.adult 0 0 0 0 0 0 0 0.865 1.77 0.808 1.6301635160487333 -19.918668421236585 5.229061591554055 1.5943306431475435 1.0
human.pedestrian.adult 0 0 0 0 0 0 0 0.702 1.766 0.666 1.8324222551102407 -24.48215272717711 3.301502671078021 1.5939410772491582 1.0
movable_object.barrier 0 0 0 0 0 0 0 2.22 1.097 0.51 1.3086967495354531 -18.959235075253133 -16.084800746667035 1.5745094048553678 1.0
movable_object.barrier 0 0 0 0 0 0 0 2.148 1.057 0.515 1.1185053388890562 -16.69445156938062 -16.086503345879525 1.5695256821657821 1.0
movable_object.barrier 0 0 0 0 0 0 0 2.598 1.224 0.432 0.2792742463985421 3.570731250326186 -24.20800428211495 1.5803179517000308 1.0
movable_object.barrier 0 0 0 0 0 0 0 2.243 1.219 0.536 1.6707848772337355 -25.68369823632507 -16.132554104271843 1.574352417406514 1.0
movable_object.debris 0 0 0 0 0 0 0 7.583 2.086 2.983 3.1550154844474374 -67.62440552700761 4.091812423802891 1.5690453423976116 1.0
vehicle.car 0 0 0 0 0 0 0 4.708 2.388 2.149 -3.1622330462648898 96.75845144777655 7.446409390487095 1.574539896469913 1.0
movable_object.trafficcone 0 0 0 0 0 0 0 0.326 1.35 0.321 -0.02141604569383415 15.463967744962757 -14.970037296306813 -3.140822736709141 1.0
movable_object.trafficcone 0 0 0 0 0 0 0 0.355 1.304 0.334 -0.15459727862989958 19.812936005261378 -14.91394068223966 -3.123374581392274 1.0
human.pedestrian.adult 0 0 0 0 0 0 0 1.088 1.752 0.789 0.8161918833325164 4.084213633863814 3.8815834915236294 1.5244442000855445 1.0
movable_object.trafficcone 0 0 0 0 0 0 0 0.458 1.276 0.399 0.7845244469926225 -11.571361286635874 -15.132275009109534 3.101148090218273 1.0
movable_object.barrier 0 0 0 0 0 0 0 1.86 1.027 0.522 0.9525058900343972 -12.584986120400465 -16.124541571666555 1.5745094048553678 1.0
vehicle.car 0 0 0 0 0 0 0 4.737 1.498 1.771 3.5418716256873295 -77.61593880951311 -9.72969744272654 3.1031391187293194 1.0
movable_object.debris 0 0 0 0 0 0 0 4.553 1.606 2.542 0.001513691352037494 27.66426783337737 8.03559292717963 1.1664389056870084 1.0
movable_object.barrier 0 0 0 0 0 0 0 1.649 1.142 0.375 0.9140846042344389 -18.449561984061827 -24.309254868059927 1.6150475322078854 1.0
movable_object.trafficcone 0 0 0 0 0 0 0 0.372 1.33 0.403 0.40156694577253177 2.7240143834617565 -14.804390878585068 3.120534928229554 1.0
movable_object.barrier 0 0 0 0 0 0 0 1.546 1.102 0.401 0.7924390403529873 -15.10674292634382 -24.227376274121685 1.5801609637219052 1.0
movable_object.barrier 0 0 0 0 0 0 0 1.727 1.192 0.363 0.6987833968116508 -9.93539663781165 -24.21429252396345 1.5977611524934794 1.0
movable_object.barrier 0 0 0 0 0 0 0 2.428 1.028 0.438 -0.019528680847249236 11.425820237771486 -24.15647943393657 1.5803179517000308 1.0
movable_object.barrier 0 0 0 0 0 0 0 2.031 1.08 0.527 0.8512804278404553 -8.313970669283119 -16.15299191648643 1.5745094048553678 1.0
movable_object.debris 0 0 0 0 0 0 0 6.973 2.0 2.311 -0.5864606755896038 36.2910687143474 7.6538342286395675 1.6279164496015897 1.0
human.pedestrian.adult 0 0 0 0 0 0 0 0.728 1.67 0.669 1.724487289181261 -19.770853663262894 4.18292831938124 1.5957842481755193 1.0
movable_object.trafficcone 0 0 0 0 0 0 0 0.424 1.324 0.383 0.10926533855715498 11.758298295212589 -14.73952199313402 3.094776694447308 1.0
movable_object.barrier 0 0 0 0 0 0 0 2.039 1.082 0.448 0.9970491387071089 -22.18532719020062 -24.30018786064642 1.5860044162929459 1.0
movable_object.trafficcone 0 0 0 0 0 0 0 0.395 1.262 0.379 0.6686344359070411 -5.566150397623425 -14.794053655826604 3.0830344506834635 1.0
movable_object.barrier 0 0 0 0 0 0 0 2.035 1.091 0.559 1.0872591799929203 -14.585019359508383 -16.108806473653686 1.5396236593890524 1.0
movable_object.barrier 0 0 0 0 0 0 0 1.949 1.284 0.548 1.613079928389629 -23.576545882683778 -16.099146060006188 1.574352417406514 1.0
movable_object.barrier 0 0 0 0 0 0 0 1.721 1.185 0.37 0.6392188701935784 -8.154744709804294 -24.22264587372622 1.5977611524934794 1.0
movable_object.barrier 0 0 0 0 0 0 0 1.863 1.121 0.356 0.7020742252274572 -11.779714478154563 -24.235737202611244 1.5886732233202965 1.0
movable_object.trafficcone 0 0 0 0 0 0 0 0.342 1.334 0.312 1.564235733597339 -24.58234419665757 -14.05150351399334 3.0148515005392316 1.0
movable_object.barrier 0 0 0 0 0 0 0 2.59 1.184 0.47 -0.20755176900600109 16.356171173333898 -24.144818794245026 1.5803179517000308 1.0
vehicle.car 0 0 0 0 0 0 0 5.975 2.9 2.495 2.25277800127171 -58.371448579306126 -9.823326535184712 -3.131365836050856 1.0
movable_object.trafficcone 0 0 0 0 0 0 0 0.327 1.39 0.327 -0.2354046314194218 21.23619664649947 -14.686001394627278 -3.1403516362033237 1.0
movable_object.barrier 0 0 0 0 0 0 0 2.136 1.153 0.552 1.729222442485249 -27.922912061318566 -16.07667479748688 1.5689625224508141 1.0
movable_object.barrier 0 0 0 0 0 0 0 1.871 1.087 0.489 0.8154873173328745 -6.34627273814863 -16.11107885111722 1.5876964048662714 1.0
movable_object.barrier 0 0 0 0 0 0 0 2.094 1.119 0.422 0.376536279069392 1.134686432476599 -24.23533087043862 1.5803179517000308 1.0
movable_object.barrier 0 0 0 0 0 0 0 1.754 1.032 0.434 0.9248605754610204 -20.21670678447868 -24.458376069787402 1.6961089393992488 1.0
human.pedestrian.adult 0 0 0 0 0 0 0 0.675 1.752 0.692 -1.1676149819097112 44.12792857112277 -10.582108199913673 1.584081273472231 1.0
movable_object.barrier 0 0 0 0 0 0 0 2.871 1.232 0.474 0.21476541883132938 6.362336206764053 -24.175180839928483 1.5977611524934794 1.0
movable_object.barrier 0 0 0 0 0 0 0 2.295 1.038 0.477 0.028738937076479232 9.011244001110809 -24.110973012262512 1.5916211263173263 1.0
vehicle.truck 0 0 0 0 0 0 0 12.004 4.174 2.936 0.9007738621999316 -26.954296097300602 -7.83794024271018 1.5877617821152645 1.0
vehicle.car 0 0 0 0 0 0 0 4.414 1.722 1.839 3.1985575715771977 -72.53226546691539 -9.82665519648117 3.085795655042574 1.0
vehicle.truck 0 0 0 0 0 0 0 5.109 1.994 2.029 1.5414776379794741 -25.56244923440649 -11.209571744217113 1.578621575434621 1.0
movable_object.trafficcone 0 0 0 0 0 0 0 0.378 1.35 0.415 1.4825702201853566 -21.89630675391271 -13.846302149254262 3.100277621188688 1.0
movable_object.barrier 0 0 0 0 0 0 0 1.636 1.083 0.386 0.8950187204236401 -16.739663962432246 -24.258154499158262 1.5801609637219052 1.0
movable_object.barrier 0 0 0 0 0 0 0 1.796 1.156 0.384 0.6184508368986005 -6.302022277228879 -24.205549774042737 1.5977611524934794 1.0
movable_object.trafficcone 0 0 0 0 0 0 0 0.426 1.317 0.411 1.2567385811830283 -17.640753957508664 -12.710967631219177 2.816497275065906 1.0
movable_object.trafficcone 0 0 0 0 0 0 0 0.297 1.332 0.301 1.6159298546538239 -23.202655299751793 -13.877135324227568 3.0148515005392316 1.0
movable_object.trafficcone 0 0 0 0 0 0 0 0.377 1.357 0.402 -0.6153441650980698 32.12244011080477 -15.011459819966083 3.119121627855238 1.0
movable_object.trafficcone 0 0 0 0 0 0 0 0.408 1.293 0.457 0.25187895131795773 7.221216932296165 -14.690725848469281 2.713728744997688 1.0
movable_object.trafficcone 0 0 0 0 0 0 0 0.392 1.332 0.406 -0.8216826529954055 35.29208445080437 -14.764761246156393 3.119121627855238 1.0
