vehicle.car 0 0 0 0 0 0 0 4.767 1.739 1.986 6.218740034017732 -68.28328314326149 -56.06712246734796 1.4722300257420216 1.0
vehicle.car 0 0 0 0 0 0 0 5.982 2.614 2.234 2.484975719630124 -25.010292932624363 -32.06750779805175 0.3638494167190309 1.0
vehicle.car 0 0 0 0 0 0 0 4.828 1.514 1.999 0.04226475309845168 17.613092929779096 16.506098314307636 -3.1251480798445233 1.0
vehicle.car 0 0 0 0 0 0 0 4.6 1.555 1.717 1.3181552031174864 -15.746708497382805 18.177764937732892 -3.046972287497134 1.0
human.pedestrian.adult 0 0 0 0 0 0 0 0.804 1.801 0.642 -0.6046122832117891 63.76011881891587 -20.13658916474097 1.6024538175985104 1.0
movable_object.trafficcone 0 0 0 0 0 0 0 0.379 0.869 0.417 1.7073090120306005 -9.727447863018433 14.133350798626953 0.03911533974115056 1.0
vehicle.car 0 0 0 0 0 0 0 4.425 1.729 1.847 4.196660142894168 -51.12655322825271 -29.045166717673677 1.5638925886843378 1.0
vehicle.car 0 0 0 0 0 0 0 4.825 1.586 2.038 -0.45412234870701573 25.44046568385071 15.052637061305928 0.04242162464399657 1.0
vehicle.car 0 0 0 0 0 0 0 4.662 1.655 1.972 -1.1434040998805075 56.11549029696807 -12.7010821786832 1.59413169463979 1.0
vehicle.car 0 0 0 0 0 0 0 4.964 1.834 2.082 0.9538397223066198 2.9703493394835405 -10.58638812057627 1.6115785218829028 1.0
vehicle.car 0 0 0 0 0 0 0 5.105 2.0 1.898 0.6617390491463887 13.53880843910024 -14.039581781011028 1.59413169463979 1.0
vehicle.construction 0 0 0 0 0 0 0 8.449 5.212 3.526 -6.686661944613029 88.02975069474984 48.970462773015214 -3.0512284669514242 1.0
vehicle.car 0 0 0 0 0 0 0 4.75 2.0 1.853 0.9633883816101503 -15.630539470538828 25.44361872511124 -3.046972287497134 1.0
vehicle.truck 0 0 0 0 0 0 0 11.173 4.334 3.155 -0.4052092505514999 -11.751166603289553 24.39470992159567 -3.0603822905012468 1.0
