vehicle.car 0 0 0 0 0 0 0 4.818 1.859 1.771 0.8226691952533831 8.7159351698933 -11.913468237137248 1.591179118219614 1.0
vehicle.car 0 0 0 0 0 0 0 4.503 1.86 2.051 1.9501287393497586 -57.5324819405282 10.953348383023181 3.0642824103518578 1.0
vehicle.car 0 0 0 0 0 0 0 4.878 1.814 1.841 2.7650449628432723 -54.7945038150167 -10.981152667443213 1.521232355292236 1.0
vehicle.car 0 0 0 0 0 0 0 4.769 2.0 1.867 1.2676979103969086 11.73321655446868 -36.51486765849111 1.5620667088784241 1.0
vehicle.bus.rigid 0 0 0 0 0 0 0 12.725 3.607 3.275 2.925799552504081 -80.28579333801822 -18.542085838449328 1.632914135591209 1.0
vehicle.car 0 0 0 0 0 0 0 4.239 1.59 1.699 0.8803092374788248 -26.661538866108966 25.619680744230127 0.038203073095424145 1.0
vehicle.car 0 0 0 0 0 0 0 4.535 1.711 1.834 1.0509815645255376 17.906675749876754 -28.476314642676435 1.5635846392509007 1.0
vehicle.car 0 0 0 0 0 0 0 4.58 1.759 1.898 0.8605668878785786 -32.67190384301483 24.261276870554813 0.039142547527123206 1.0
vehicle.car 0 0 0 0 0 0 0 6.208 2.6 2.378 -0.4234470317788357 40.2814685809013 -26.013557025058596 0.6642243825170557 1.0
vehicle.car 0 0 0 0 0 0 0 4.637 2.0 1.817 2.6318550314556255 -19.989031173825165 -34.98000596641244 2.304849352125995 1.0
vehicle.truck 0 0 0 0 0 0 0 13.191 3.541 3.298 -3.0444620462624625 52.52738079145436 70.74143586122752 0.04654612809919234 1.0
vehicle.car 0 0 0 0 0 0 0 4.184 1.719 1.884 0.9420517817048717 -29.79366324852465 25.30993615378623 0.041374763343951404 1.0
vehicle.car 0 0 0 0 0 0 0 5.597 1.824 1.941 0.03355078993127547 23.654609694485824 -11.869964321569752 1.6260745816294637 1.0
vehicle.truck 0 0 0 0 0 0 0 5.763 2.022 2.118 1.244692293617567 11.245371739906941 -25.424400482645815 1.567772037581924 1.0
vehicle.car 0 0 0 0 0 0 0 4.683 1.887 1.778 2.564081630908053 -40.3495835560168 -16.25831321553603 1.5910220894981943 1.0
vehicle.car 0 0 0 0 0 0 0 4.526 1.616 1.519 1.7173141301493753 -8.043318057105578 -15.706091961393271 1.591179118219614 1.0
vehicle.car 0 0 0 0 0 0 0 4.397 1.762 1.875 1.4626898752004058 -30.66276540105399 11.541113167631204 0.07213687636850086 1.0
vehicle.car 0 0 0 0 0 0 0 4.368 1.546 1.78 1.5331593688345424 -27.307306852856275 11.765935279075817 -3.1096633529646187 1.0
vehicle.car 0 0 0 0 0 0 0 5.019 2.03 2.032 2.5619426208379394 -28.724822627271802 -25.21182620062543 2.902063606675898 1.0
vehicle.car 0 0 0 0 0 0 0 4.611 1.716 1.816 2.5878372579439985 -25.65373900850153 -30.25598558294973 2.3222992024454996 1.0
vehicle.car 0 0 0 0 0 0 0 4.442 1.473 1.72 1.7793441760187516 -36.694706197808806 11.115313592458369 0.05586958993408819 1.0
vehicle.car 0 0 0 0 0 0 0 4.507 1.844 1.814 2.5497231456840916 -16.15450185556221 -38.576055223683696 2.3017083819239357 1.0
vehicle.truck 0 0 0 0 0 0 0 5.764 2.197 2.122 1.686423492401251 -2.595544491036659 -29.61260014789844 1.637562829474768 1.0
vehicle.truck 0 0 0 0 0 0 0 19.336 4.274 3.723 -3.5642883175600524 59.808106370709716 68.95713188285211 3.1349042029291816 1.0
vehicle.truck 0 0 0 0 0 0 0 5.388 2.04 1.887 0.6046537499438579 17.834401698973622 -15.293776421852023 1.591179118219614 1.0
