vehicle.truck 0 0 0 0 0 0 0 8.539 3.357 2.484 -2.6319016685974685 52.502342404315144 15.751976176347013 3.103283802203343 1.0
vehicle.car 0 0 0 0 0 0 0 4.671 1.753 2.145 0.6456580078440327 10.09381108364387 5.267459268496302 1.2501361435696543 1.0
vehicle.car 0 0 0 0 0 0 0 4.595 1.858 1.963 0.17350076041889428 18.294750143965384 0.37157374465104265 1.561551937932192 1.0
vehicle.car 0 0 0 0 0 0 0 4.866 1.814 2.189 -1.9302253285966426 45.43156560741202 24.340813804469978 -3.11997549241409 1.0
human.pedestrian.adult 0 0 0 0 0 0 0 0.788 1.472 0.669 1.3989291087197282 -12.431076117348498 7.523163422669063 1.6096241365583746 1.0
vehicle.truck 0 0 0 0 0 0 0 8.131 3.239 3.046 -2.448870907887875 46.20994518529179 15.602503842250705 3.1283082346291025 1.0
vehicle.car 0 0 0 0 0 0 0 5.902 1.885 2.067 0.7891834756882699 2.876538811220445 3.6851500743792553 1.4959646585113573 1.0
vehicle.car 0 0 0 0 0 0 0 4.924 1.759 2.281 2.730277633740616 -50.88496484892502 -13.697571308354076 1.5870526450884963 1.0
vehicle.construction 0 0 0 0 0 0 0 8.133 4.552 3.481 -0.25594710911862095 -40.807036623544285 47.20502668606007 -3.0648833532400683 1.0
vehicle.car 0 0 0 0 0 0 0 4.887 1.56 1.761 1.0946716546156143 2.052696706793848 -9.666160129473745 1.509501348030879 1.0
vehicle.car 0 0 0 0 0 0 0 4.533 1.867 1.98 -2.8127882713807715 59.22782604181888 28.703246804305003 3.065642452443104 1.0
vehicle.car 0 0 0 0 0 0 0 4.49 1.735 1.877 3.173154565568295 -67.16179696920496 -13.57523917241946 1.6103172090827735 1.0
human.pedestrian.adult 0 0 0 0 0 0 0 0.87 1.811 0.726 1.1923713412575019 -10.987549706378871 7.378922688012309 1.6637913433831049 1.0
human.pedestrian.adult 0 0 0 0 0 0 0 0.807 1.788 0.961 -0.682861841285175 22.596114832725995 17.25899382317949 0.0692198688190202 1.0
vehicle.car 0 0 0 0 0 0 0 4.756 1.496 1.871 -0.40566356151690774 45.600211244064 -13.498855116750759 1.3913753048446384 1.0
human.pedestrian.adult 0 0 0 0 0 0 0 0.808 1.624 0.77 1.3511707865682245 -11.702492810479423 6.698001918709517 1.5322320878888709 1.0
vehicle.car 0 0 0 0 0 0 0 4.799 1.876 2.148 0.02926885120345779 23.803165579051303 -3.1103872762210716 1.61927118683605 1.0
human.pedestrian.adult 0 0 0 0 0 0 0 0.869 1.851 0.905 -0.7651598753180717 21.774243158704355 17.704581059346822 0.17602886468111967 1.0
vehicle.car 0 0 0 0 0 0 0 5.483 1.781 2.079 0.22110606560802415 25.073031464796223 -10.394380419778411 1.513508565626772 1.0
vehicle.car 0 0 0 0 0 0 0 4.813 1.469 2.06 0.5666670877721127 10.966431197811684 0.21460348479382185 1.5730328994062521 1.0
vehicle.car 0 0 0 0 0 0 0 4.131 1.657 1.816 0.291704728318004 17.466926054967573 -3.6446279559173576 1.5734966990747932 1.0
vehicle.car 0 0 0 0 0 0 0 4.622 1.957 2.169 1.8844162633166772 -28.825019256623005 26.643386030394225 0.052050878080583285 1.0
