vehicle.car 0 0 0 0 0 0 0 4.924 1.759 2.281 1.3434252426525544 -3.296535701334426 -12.936509102112115 1.5871515717553883 1.0
vehicle.car 0 0 0 0 0 0 0 5.435 1.535 1.999 2.943450751289999 -60.48809230002717 -9.86802638417942 1.569964998999298 1.0
vehicle.car 0 0 0 0 0 0 0 6.056 1.928 2.373 3.180604260721939 -72.73635548039263 -14.118568029366102 1.56343935805062 1.0
human.pedestrian.adult 0 0 0 0 0 0 0 0.87 1.811 0.726 1.0121878424408859 -6.248648640367905 7.705566762003346 1.6726145041870746 1.0
vehicle.car 0 0 0 0 0 0 0 4.866 1.814 2.189 -1.8037305270170074 45.43331930685717 24.345361377278202 -3.120072824817706 1.0
human.pedestrian.adult 0 0 0 0 0 0 0 0.808 1.624 0.77 1.1372805154891183 -6.987428600287104 7.287276200346246 1.7477318937628779 1.0
human.pedestrian.adult 0 0 0 0 0 0 0 0.788 1.472 0.669 1.1618389553561352 -7.644776751687981 7.59184850847837 1.6197380934161414 1.0
vehicle.car 0 0 0 0 0 0 0 4.813 1.469 2.06 0.5775560757609637 10.96669707225593 0.2156854396965914 1.572937247499091 1.0
vehicle.car 0 0 0 0 0 0 0 5.902 1.885 2.067 0.8013300581425142 2.853668273218843 3.66154032793606 1.4958691411439986 1.0
vehicle.car 0 0 0 0 0 0 0 4.846 1.665 2.211 -2.1164178614632005 36.63216511670843 32.61499918990966 0.0394579656148486 1.0
vehicle.car 0 0 0 0 0 0 0 4.671 1.753 2.145 0.6438130023576012 10.108361238503939 5.205844817529505 1.2325952959035735 1.0
vehicle.car 0 0 0 0 0 0 0 4.949 1.902 2.112 -1.7088630015965458 37.629362199132025 19.94782574770046 0.09868720587065649 1.0
vehicle.car 0 0 0 0 0 0 0 4.401 2.0 2.053 0.14199083246567756 40.6923815377202 -30.36157393681548 0.047808453438149545 1.0
vehicle.truck 0 0 0 0 0 0 0 8.539 3.357 2.484 -2.638203578264325 52.50037456791804 15.756842781859348 3.1031865193173287 1.0
vehicle.car 0 0 0 0 0 0 0 4.824 1.718 2.119 -0.7337326147725831 44.207030477694715 -3.361987416412926 0.836990066198283 1.0
human.pedestrian.adult 0 0 0 0 0 0 0 0.807 1.788 0.961 -0.7258644537697938 23.499133264208776 12.893590275190043 0.2831601362746694 1.0
vehicle.car 0 0 0 0 0 0 0 4.622 1.957 2.169 1.9120448593757224 -28.89826649576388 26.613400253802215 0.0520405396486785 1.0
vehicle.construction 0 0 0 0 0 0 0 8.133 4.552 3.481 -0.25654658467840186 -40.81189230096677 47.20089345531617 -3.0649807311709427 1.0
vehicle.car 0 0 0 0 0 0 0 4.799 1.876 2.148 0.009796673688396984 23.813725673381818 -3.0533025356882804 1.601727008731726 1.0
vehicle.car 0 0 0 0 0 0 0 4.595 1.858 1.963 0.17476453937482073 18.20458954451721 0.3721480173276535 1.5614563053871873 1.0
vehicle.car 0 0 0 0 0 0 0 4.49 1.735 1.877 2.156851651571314 -31.080641998570748 -13.254654888118633 1.5726113185814885 1.0
vehicle.truck 0 0 0 0 0 0 0 8.131 3.239 3.046 -2.4545838453846294 46.20800890497598 15.60676560996321 3.128210931060223 1.0
human.pedestrian.adult 0 0 0 0 0 0 0 0.815 1.73 0.672 -0.617350119497631 62.325914298756565 -32.44230808509999 0.06282247830574317 1.0
vehicle.car 0 0 0 0 0 0 0 4.131 1.657 1.816 0.339417958341533 16.194313586029057 -3.6086170878183546 1.5727656042502618 1.0
human.pedestrian.adult 0 0 0 0 0 0 0 0.756 1.78 0.6 -0.7177653933534709 23.970276418390338 13.71227002545135 0.2523807675943628 1.0
human.pedestrian.adult 0 0 0 0 0 0 0 0.869 1.851 0.905 -0.5893500685307411 22.32717126649769 13.00518731163758 0.2063370377862772 1.0
