human.pedestrian.adult 0 0 0 0 0 0 0 0.87 1.811 0.726 0.7561660557071195 -2.5153161910602453 8.208656505640453 1.7635347657000011 1.0
vehicle.car 0 0 0 0 0 0 0 4.866 1.814 2.189 -1.944785216095986 45.42875856457044 24.342977472257424 -3.120062829157316 1.0
vehicle.car 0 0 0 0 0 0 0 4.49 1.735 1.877 0.7527648226958291 14.703995814394519 -13.372933901241156 1.5348601855311168 1.0
vehicle.construction 0 0 0 0 0 0 0 8.133 4.552 3.481 -0.2773719659544165 -40.812077046838546 47.199788691217215 -3.064970806630509 1.0
vehicle.car 0 0 0 0 0 0 0 4.799 1.876 2.148 0.026033491660326646 23.806009378153203 -3.076247557681767 1.6017395322563157 1.0
vehicle.car 0 0 0 0 0 0 0 4.813 1.469 2.06 0.5641412387879462 10.96614604177263 0.2149400023871003 1.5729498440184937 1.0
vehicle.car 0 0 0 0 0 0 0 5.902 1.885 2.067 0.7984299285699799 2.8676267563189675 3.6791696704338466 1.4889028311442694 1.0
human.pedestrian.adult 0 0 0 0 0 0 0 0.815 1.73 0.672 -0.4956796236717165 61.60725522144828 -36.849555984900476 0.29914512288884154 1.0
vehicle.car 0 0 0 0 0 0 0 4.131 1.657 1.816 0.423907154028645 13.883232633608111 -3.560048370734688 1.572142760822154 1.0
vehicle.car 0 0 0 0 0 0 0 4.874 1.755 1.905 3.3145745588661297 -77.44180102878623 -10.165811045638641 1.588993607740524 1.0
human.pedestrian.adult 0 0 0 0 0 0 0 0.807 1.788 0.961 -0.6468815692897809 25.316793832505937 8.32313793686292 0.26162348405612823 1.0
human.pedestrian.adult 0 0 0 0 0 0 0 0.808 1.624 0.77 0.8546709850688681 -2.243468074658036 7.285593463102156 1.6375787320854895 1.0
human.pedestrian.adult 0 0 0 0 0 0 0 0.788 1.472 0.669 0.9002932071550568 -2.908755360853325 7.6342185334552655 1.6609497737110512 1.0
vehicle.car 0 0 0 0 0 0 0 4.622 1.957 2.169 1.894325479740852 -28.706632866957484 26.637333015589814 0.052147160035453055 1.0
vehicle.car 0 0 0 0 0 0 0 4.595 1.858 1.963 0.1713749210599833 18.236269290896818 0.37176016117692756 1.5614689316017447 1.0
human.pedestrian.adult 0 0 0 0 0 0 0 0.869 1.851 0.905 -0.6445547565593334 24.153700889988112 8.392969111905947 0.24312388779074912 1.0
vehicle.car 0 0 0 0 0 0 0 4.671 1.753 2.145 0.5898471751652141 10.106531397496958 5.205024457401895 1.2326089588583358 1.0
vehicle.car 0 0 0 0 0 0 0 4.401 2.0 2.053 0.151295648554304 40.76076235342471 -30.360335685005477 0.047909206665529336 1.0
vehicle.truck 0 0 0 0 0 0 0 8.131 3.239 3.046 -2.4681236971930023 46.207547234463135 15.604392115241746 3.1282209717462397 1.0
vehicle.car 0 0 0 0 0 0 0 5.273 1.486 2.001 3.5910607187934245 -79.0854863142307 -14.104354061245042 1.675765024579686 1.0
vehicle.truck 0 0 0 0 0 0 0 8.539 3.357 2.484 -2.652518217533091 52.49989275054225 15.754364003096141 3.103196592291054 1.0
vehicle.car 0 0 0 0 0 0 0 4.846 1.665 2.211 -0.811899401625431 38.23580208889506 4.495066779431231 0.4687288047007012 1.0
vehicle.car 0 0 0 0 0 0 0 4.587 1.758 2.222 2.79631384184345 -53.547458241920985 -13.639569617125309 1.5808801555320962 1.0
vehicle.car 0 0 0 0 0 0 0 6.056 1.928 2.373 1.9026718019677835 -24.134841123830377 -13.80820878565678 1.545983804881903 1.0
vehicle.car 0 0 0 0 0 0 0 4.924 1.759 2.281 0.20344803992351257 33.87826845133241 -16.69084543058356 0.610397826166893 1.0
vehicle.car 0 0 0 0 0 0 0 5.435 1.535 1.999 1.246226149610811 0.05489261569444829 -9.700716397787621 1.5525093948905235 1.0
