vehicle.bicycle 0 0 0 0 0 0 0 1.826 1.876 0.746 -0.5675078621823637 31.917436878566562 6.392704824119693 3.10542307169188 1.0
vehicle.car 0 0 0 0 0 0 0 4.667 1.525 1.932 -0.44072283749979535 33.87079379546388 -44.72784728863341 3.1137285672163912 1.0
vehicle.truck 0 0 0 0 0 0 0 7.412 3.386 2.527 -1.0572514908112896 22.493901322276855 15.802775482598431 3.1076564822386388 1.0
human.pedestrian.adult 0 0 0 0 0 0 0 0.636 1.857 0.636 -0.041735785739014986 2.5447736285262144 26.095163257608803 0.3413293285782335 1.0
vehicle.car 0 0 0 0 0 0 0 5.104 1.753 2.017 -0.7283286732697246 25.726486936849046 24.33044251553097 3.116712264261288 1.0
vehicle.car 0 0 0 0 0 0 0 4.795 1.597 2.002 -0.39180736098596114 33.89438416172674 -38.97241083508996 3.096280047525255 1.0
vehicle.car 0 0 0 0 0 0 0 4.561 2.08 2.239 0.0701999905484898 20.584988337756773 -9.13072626454307 2.0952876985401314 1.0
vehicle.truck 0 0 0 0 0 0 0 5.723 1.847 2.089 0.3301476450003542 4.0811901012308525 17.164236142446295 0.6689730150126829 1.0
vehicle.car 0 0 0 0 0 0 0 5.715 2.0 2.296 0.34848015844314917 17.81851171494966 -30.265043008729904 0.07947254913752788 1.0
human.pedestrian.adult 0 0 0 0 0 0 0 0.649 1.725 0.659 2.962433139815788 -46.21404350493351 5.335200400884417 1.601346314304445 1.0
human.pedestrian.adult 0 0 0 0 0 0 0 0.725 1.752 0.726 2.951627818457343 -45.93802788536969 6.02329387039791 1.597618083653372 1.0
human.pedestrian.adult 0 0 0 0 0 0 0 0.636 1.876 0.709 -0.019683382908617986 1.7737234536641031 26.56174692574845 0.2757880039033269 1.0
vehicle.car 0 0 0 0 0 0 0 4.476 1.6 1.992 -1.2971136785761217 58.125276436190575 -2.966847305898211 1.6407541485900001 1.0
vehicle.car 0 0 0 0 0 0 0 4.219 1.512 1.804 -0.5505991154668175 40.15032691457157 -1.8385425144876393 1.638259604811359 1.0
vehicle.car 0 0 0 0 0 0 0 4.788 1.669 2.042 -0.47807424792632236 21.793209528451364 24.723413953660415 -3.1315760006545785 1.0
vehicle.car 0 0 0 0 0 0 0 4.26 1.588 2.048 -0.3113490377419008 34.24359736587626 -70.32126077565829 3.1311770880678917 1.0
vehicle.car 0 0 0 0 0 0 0 4.485 1.766 1.955 -0.47171693447311747 34.171205701125686 -51.636884345480745 3.1137285672163912 1.0
vehicle.construction 0 0 0 0 0 0 0 3.856 2.967 2.958 3.1913273426291506 -65.02167729708366 47.426710133659284 -3.0332361634816554 1.0
vehicle.car 0 0 0 0 0 0 0 4.321 1.567 1.948 -0.5365797240643382 15.66295943054788 49.81675428224986 0.04786340262044941 1.0
vehicle.truck 0 0 0 0 0 0 0 5.175 1.726 1.945 -0.05079335092164672 29.618380471226846 -15.9778159509923 1.5268084447140282 1.0
vehicle.truck 0 0 0 0 0 0 0 7.84 3.519 2.888 -1.1707166445890917 29.511552442089204 15.546860614969424 3.116712264261288 1.0
human.pedestrian.adult 0 0 0 0 0 0 0 0.596 1.794 0.616 -0.3052873562274137 3.505152295183162 26.642428628633663 0.29529920083960803 1.0
vehicle.car 0 0 0 0 0 0 0 3.873 1.745 2.104 -0.19729253320443607 24.77871858604566 -4.388094995476777 1.6211106063606184 1.0
