vehicle.car 0 0 0 0 0 0 0 5.247 1.743 2.545 2.5430722916020607 -61.6989839579176 12.054084218281401 3.1124374690740577 1.0
vehicle.car 0 0 0 0 0 0 0 5.095 1.614 2.491 -1.8355964464174215 45.83550284411419 53.48215201423757 3.059402257189638 1.0
vehicle.bicycle 0 0 0 0 0 0 0 1.826 1.876 0.746 -0.824811754088266 48.87299365848468 6.188080463372309 3.1202906598749527 1.0
vehicle.truck 0 0 0 0 0 0 0 7.84 3.519 2.888 -1.8036790921966632 46.59322820213292 15.267175858752275 3.131581803263117 1.0
vehicle.car 0 0 0 0 0 0 0 4.219 1.512 1.804 0.020522114882377096 27.659593901228977 -0.09792720356809381 1.6004593013119912 1.0
vehicle.car 0 0 0 0 0 0 0 5.715 2.0 2.296 0.5744539123407559 34.211347160500715 -30.2407139658001 0.05695824285332618 1.0
vehicle.car 0 0 0 0 0 0 0 4.788 1.669 2.042 -1.0257697247208066 39.108215082712846 24.903381990737294 3.131581803263117 1.0
human.pedestrian.adult 0 0 0 0 0 0 0 0.596 1.794 0.616 -0.788428091205487 19.54891443087659 23.462149198966554 0.4063550546164594 1.0
human.pedestrian.adult 0 0 0 0 0 0 0 0.649 1.725 0.659 1.6880946994404842 -25.65895835684406 6.433445376400239 1.6792395653223195 1.0
vehicle.car 0 0 0 0 0 0 0 3.873 1.745 2.104 0.25282706902350405 19.039433786056872 -3.581863339187788 1.5666502707633638 1.0
vehicle.car 0 0 0 0 0 0 0 5.104 1.753 2.017 -1.42290829808468 43.060973502624854 24.349855272898512 3.112094255514549 1.0
human.pedestrian.adult 0 0 0 0 0 0 0 0.636 1.876 0.709 -0.7780126879406306 17.783528368066893 24.005608092179806 0.45859989449677174 1.0
vehicle.car 0 0 0 0 0 0 0 4.649 1.464 2.1 1.7251161484081097 -21.584061261719597 -9.88733833874231 1.563976521734821 1.0
vehicle.truck 0 0 0 0 0 0 0 7.412 3.386 2.527 -1.5459807754609658 39.687007432692134 15.733779824978043 3.1225244563994616 1.0
vehicle.car 0 0 0 0 0 0 0 4.522 1.763 1.973 2.362907735399543 -56.087192148676934 -10.107497120206826 1.589365978715625 1.0
human.pedestrian.adult 0 0 0 0 0 0 0 0.636 1.857 0.636 -0.7860356818281866 18.426325396156436 23.07473451738644 0.6189367477745833 1.0
human.pedestrian.adult 0 0 0 0 0 0 0 0.759 1.739 0.674 -0.5416087762178221 58.667859647300894 -24.871265478460522 1.7007097540259624 1.0
vehicle.truck 0 0 0 0 0 0 0 5.723 1.847 2.089 0.6096208259716542 6.79390801579463 5.756898774970927 1.2585082753213745 1.0
human.pedestrian.adult 0 0 0 0 0 0 0 0.725 1.752 0.726 1.6709208392743402 -25.357525812809165 7.054606772434829 1.6114924256280716 1.0
vehicle.car 0 0 0 0 0 0 0 4.56 1.696 2.075 -0.7402626625204696 43.31549639599908 16.853842397176233 3.131581803263117 1.0
human.pedestrian.adult 0 0 0 0 0 0 0 0.793 1.689 0.733 -0.465714657081608 58.380666282717144 -24.12381912318174 1.6788970650861268 1.0
vehicle.car 0 0 0 0 0 0 0 4.476 1.6 1.992 -0.46302311915851413 42.42118922632307 -1.0742347702686779 1.6378545226677064 1.0
