human.pedestrian.adult 0 0 0 0 0 0 0 0.596 1.794 0.616 -0.3231143796467666 13.774401443907859 24.621891423002563 0.37080476238949833 1.0
vehicle.car 0 0 0 0 0 0 0 3.873 1.745 2.104 0.23518830245239009 20.69096210163157 -4.476943120380786 1.6305616242663898 1.0
vehicle.car 0 0 0 0 0 0 0 4.219 1.512 1.804 -0.1026429659308743 33.732444231303475 -2.0270933503847393 1.6472830440495647 1.0
vehicle.bicycle 0 0 0 0 0 0 0 1.826 1.876 0.746 -0.5143637164404855 41.8744329293671 4.832038159085333 -3.133607257685968 1.0
human.pedestrian.adult 0 0 0 0 0 0 0 0.759 1.739 0.674 -0.3117007332427466 52.09297046753198 -26.752122939420495 1.7475257439348155 1.0
human.pedestrian.adult 0 0 0 0 0 0 0 0.636 1.876 0.709 -0.313558347297012 12.071477173401918 24.837078809173885 0.4708140579949376 1.0
human.pedestrian.adult 0 0 0 0 0 0 0 0.636 1.857 0.636 -0.33718232296250406 12.766565459591545 24.137253700896448 0.366460774911185 1.0
movable_object.trafficcone 0 0 0 0 0 0 0 0.618 1.022 0.558 -0.07735644557160981 48.66014991370384 -0.9354649101546594 1.4647593605170988 1.0
vehicle.car 0 0 0 0 0 0 0 4.795 1.597 2.002 -0.12684058333639459 41.834024955921294 -40.540988002027106 3.1404338825209335 1.0
vehicle.car 0 0 0 0 0 0 0 5.247 1.743 2.545 2.9481038427827664 -68.47046808183532 13.91055583705796 -3.14146007276152 1.0
vehicle.car 0 0 0 0 0 0 0 4.476 1.6 1.992 -0.5042064204625172 49.77778372859499 -3.6458991474582136 1.6672267020438758 1.0
vehicle.car 0 0 0 0 0 0 0 5.715 2.0 2.296 0.3850954109949922 26.15146601813084 -31.163134958795997 0.03990024189050434 1.0
vehicle.truck 0 0 0 0 0 0 0 7.412 3.386 2.527 -1.2554094988360534 32.92453628952931 14.652963486395919 -3.131373568052708 1.0
vehicle.car 0 0 0 0 0 0 0 5.104 1.753 2.017 -0.793714992286888 36.50908737185494 23.058684200339492 -3.1230437671919153 1.0
vehicle.truck 0 0 0 0 0 0 0 5.723 1.847 2.089 0.5434072325745858 7.252939580664381 9.600963606725088 0.991365981843801 1.0
vehicle.truck 0 0 0 0 0 0 0 4.956 2.186 2.568 2.256648031403392 -29.744733741386856 45.207708497546385 0.4505564179700161 1.0
human.pedestrian.adult 0 0 0 0 0 0 0 0.793 1.689 0.733 -0.3254174194770614 52.22820824831101 -26.02005969408659 1.7649746587958637 1.0
vehicle.car 0 0 0 0 0 0 0 4.561 2.08 2.239 0.0580606255675582 27.128891985433384 -8.55947010710521 2.069501646912217 1.0
vehicle.car 0 0 0 0 0 0 0 4.788 1.669 2.042 -0.5030516761261099 32.60957851737146 23.621849833561047 -3.122316654690348 1.0
vehicle.truck 0 0 0 0 0 0 0 7.84 3.519 2.888 -1.1765165072376371 39.8759470413045 14.031505960912417 -3.122316654690348 1.0
vehicle.construction 0 0 0 0 0 0 0 3.856 2.967 2.958 1.8876340704009602 -53.201401939147644 50.125946266985444 -2.9890631513524735 1.0
vehicle.car 0 0 0 0 0 0 0 4.649 1.464 2.1 2.181819846751604 -43.16476519036562 -8.802335546605368 1.534791063884093 1.0
human.pedestrian.adult 0 0 0 0 0 0 0 0.725 1.752 0.726 2.029396564418583 -34.09235882976842 7.8875532478473644 1.5613643477375714 1.0
human.pedestrian.adult 0 0 0 0 0 0 0 0.649 1.725 0.659 2.038454176542813 -34.4327669894181 7.187884580186325 1.5770334250855598 1.0
