vehicle.car 0 0 0 656.0326313909202 465.5513084471004 807.2436383510458 523.5488919025883 4.691 1.364 1.911 -34.83372460188795 2.058446292608914 -0.8668655130132643 1.7727462341118727 1.0
vehicle.truck 0 0 0 143.10497036419565 447.53823381165085 255.89966885670887 526.0410722495052 5.041 1.751 1.95 -31.775430621179833 1.6537359474510784 -14.245866165681143 2.4362931280420748 1.0
vehicle.car 0 0 0 819.7108481733716 462.2351659345718 975.9512884792915 520.1910580579516 4.948 1.521 1.885 -38.20124253936282 2.1595386600853206 4.102860160906957 1.7654220295300806 1.0
vehicle.truck 0 0 0 -102.67507397493125 452.3622719865816 40.02281901515316 546.2775149921199 4.621 1.86 2.14 -28.418108977171126 1.7413506284530185 -17.958026459410693 2.5298697104444265 1.0
human.pedestrian.adult 0 0 0 1250.6083799683074 394.5188872288686 1329.1624860317668 547.6848994569491 0.573 1.864 0.704 -15.75051006882804 0.6494336049098599 6.6399932395619246 -2.698779812242053 1.0
vehicle.car 0 0 0 899.6548969059227 451.09959975898516 1040.2214418664003 512.9356164854327 4.421 1.771 1.803 -39.75744665400904 1.9616406854428372 6.5731024861033855 1.7727462341118727 1.0
vehicle.car 0 0 0 1528.731098163516 433.56858994724075 1639.4512316313965 464.0839073043381 4.456 1.515 1.857 -65.53115878580127 1.5751427170705372 42.92614406817652 -1.7794630534859506 1.0
vehicle.car 0 0 0 552.0947118300899 396.7345860337695 920.2023524876005 597.6025032276762 4.18 1.972 1.936 -14.531405706554473 0.7974226453583206 -0.3995574419657448 2.5738925256959417 1.0
vehicle.truck 0 0 0 777.1832684071558 379.45443201059174 1119.0296018311533 537.1339592823417 6.966 2.695 2.345 -24.50223168449307 0.7463197971300494 3.8274458483775127 1.660536970005638 1.0
vehicle.car 0 0 0 763.2292559675968 462.3979876313827 894.8931359165573 520.3527759737923 3.961 1.492 1.761 -36.641430401264756 2.0835888292317057 1.9577506725508398 1.7727462341118727 1.0
vehicle.car 0 0 0 20.344763058383123 455.2991785241585 145.0050233030308 528.2760595664327 3.814 1.595 1.853 -30.820596454239563 1.7445611860632315 -16.652503340178786 2.5535376353469053 1.0
