vehicle.car 0 0 0 1106.2681499833698 432.35415384296283 1481.7946487203426 561.0964468847387 4.525 1.521 2.048 -18.05918466911572 1.0205204100255134 7.496772753203399 2.5075595137286646 1.0
vehicle.car 0 0 0 628.6988659566696 411.00686559912253 1036.0587516079102 594.5145876764269 4.675 1.695 2.026 -14.222769728446858 0.8025055762037782 0.6166523374516422 2.5120806820110273 1.0
vehicle.truck 0 0 0 417.1568239823122 353.4232674253643 962.3883284405536 651.7359340192231 5.743 2.044 2.375 -11.651855151880982 0.5827154326362887 -1.0185933727682075 -1.7753226189452374 1.0
vehicle.car 0 0 0 815.8480263691775 401.8402040371242 1228.9468756093568 579.3014756384979 4.795 1.825 2.036 -15.455248749073194 0.7462711124175794 3.0123733455821644 2.5075595137286646 1.0
vehicle.car 0 0 0 1545.1196378515126 446.0047559662301 1828.7470214416028 528.7560883968936 4.488 1.515 2.054 -27.211072876521328 1.428863744989346 19.929444025296842 -1.7810846277018513 1.0
vehicle.car 0 0 0 968.7733400394454 441.650343935244 1372.6201660128622 587.4913607453257 4.78 1.513 1.928 -16.509632261725717 1.132536624465823 5.181716878185988 1.75943422450381 1.0
vehicle.car 0 0 0 1166.2378460728385 446.1510970370806 1502.1546739363182 567.698869228184 4.516 1.609 1.921 -20.258440189907574 1.3241177550804153 9.103665346484533 2.531028789233434 1.0
vehicle.car 0 0 0 1274.6046507479282 415.65759152728526 1605.6273783559468 557.8139259719036 4.453 2.136 2.221 -21.619262116580625 1.067173657092059 11.5610121706823 2.519280731259707 1.0
vehicle.car 0 0 0 -363.2977224000185 417.1668185017208 126.39267031142748 749.4044523997364 4.612 1.466 1.937 -8.123675061023894 0.7633798213246168 -5.415744567023281 -1.7950812346826623 1.0
vehicle.car 0 0 0 1463.7952340984793 431.7318295965888 1749.3845515370954 512.1703028215433 4.588 1.448 1.794 -26.24124439251661 1.0607735113313788 17.53421975782234 2.5075595137286646 1.0
vehicle.truck 0 0 0 169.0425886717061 347.6470602358639 594.0864119578142 684.123470959701 5.926 2.0 1.971 -10.518672772080015 0.5843016329165002 -3.510791033082499 -1.8006935897478114 1.0
