vehicle.truck 0 0 0 507.4896721396494 438.4909148782656 639.2226197818441 512.2596702195864 4.577 1.949 1.862 -36.609941128948904 1.6044529166225359 -5.503904097820361 2.4935271077479193 1.0
vehicle.car 0 0 0 60.40952377702834 462.36235985032437 133.29566562904327 515.3312126801602 4.412 1.553 2.003 -42.207741017132726 2.324057844907276 -22.315016944953317 2.4197571303947463 1.0
vehicle.car 0 0 0 -18.52548637623678 333.69789938961134 547.3874322677044 838.996124632695 4.687 1.88 1.964 -7.168829597492277 0.6458677180951163 -3.134107648862649 2.477376853889634 1.0
vehicle.truck 0 0 0 1364.1941718572405 397.95025055800613 1946.003406016779 580.8691200465669 5.554 1.87 2.103 -15.767332384687544 0.7535181816707704 10.816021999147358 -1.7943449625056012 1.0
vehicle.car 0 0 0 436.09416494277076 369.69966871227314 1158.842928759473 776.7659922202937 5.103 1.741 2.02 -8.062878162547502 0.685228384421966 -0.2043272985173987 1.777806843546589 1.0
vehicle.car 0 0 0 1.7010449156149903 462.2650850171767 94.91101586537421 534.0644500541031 3.776 1.419 1.724 -28.76424755644574 1.77278500695706 -16.324825392873777 -1.7999683359025411 1.0
vehicle.car 0 0 0 262.7595303322991 442.86945785359785 343.42200579892716 498.5089166847858 4.616 1.805 2.201 -44.77627123565916 1.8252516629290576 -16.33065173974263 2.378212138606493 1.0
vehicle.car 0 0 0 231.00132321615658 455.7020279505642 356.37061558990507 521.3923417763862 4.268 1.459 1.783 -32.11563264629639 1.740640548994735 -11.973573192259616 2.515160447818343 1.0
vehicle.car 0 0 0 1115.322713389466 418.8342301766015 1653.8271169035604 610.2890519149576 4.748 1.639 1.961 -13.289389509407021 0.8475592562459426 6.296384803183735 2.4593610165576276 1.0
vehicle.car 0 0 0 339.9158766051591 454.54649652177034 454.35741477703914 516.9535089941169 3.926 1.473 1.724 -33.60176808232051 1.7565204743817664 -9.751948045264006 2.4852643952792253 1.0
vehicle.car 0 0 0 436.0614912777282 458.68573718962136 551.8361134750163 514.0741065946387 3.685 1.34 1.712 -34.56581298088952 1.8318319111468784 -7.3612419526974895 2.5014953740908226 1.0
vehicle.car 0 0 0 678.5521334421319 373.6085004622708 1210.5138555308422 656.0415046449854 4.372 1.824 1.822 -10.4291903672314 0.6424876082167412 1.2697676020958648 2.4887366618501696 1.0
vehicle.truck 0 0 0 873.4940140300662 374.8715309995155 1572.1763156861484 659.2847701928913 5.827 1.886 2.039 -11.334718843271974 0.6790028549237651 3.6560370369751123 1.7825365723516127 1.0
vehicle.car 0 0 0 121.50443802972185 444.56696366805545 246.27526537295566 529.0986496236441 4.121 1.814 1.961 -30.245976535203873 1.5835798623855337 -13.920997893493713 1.7662857687285305 1.0
