vehicle.truck 0 0 0 967.2603247405362 407.2497437406038 1589.0770308920191 645.0202227723471 5.554 1.87 2.103 -12.764209852622212 0.8885524430947644 4.861711003446978 -1.7596507266567993 1.0
vehicle.car 0 0 0 1.4949995078282148 471.593744353052 111.10826006371528 544.6153556932428 3.926 1.473 1.724 -29.457270764410975 2.045816959056416 -16.541757903143935 2.498957120522763 1.0
vehicle.truck 0 0 0 210.4931628570601 450.3665373592222 344.33631636466464 533.996329101921 4.577 1.949 1.862 -32.75462358677503 1.8561064491600157 -12.639943032178929 2.53346441318868 1.0
vehicle.car 0 0 0 581.334746364665 415.89214901215087 1164.9378998198536 681.1377845213899 4.748 1.639 1.961 -10.238647637877511 0.8382107100243903 0.6405136366605034 2.527539088909064 1.0
vehicle.car 0 0 0 1531.3557211050954 426.9507520064571 1882.3625771439126 554.4905947016358 4.062 1.826 2.075 -20.266966189302366 1.0750591765792241 15.12153286304946 2.467546970378759 1.0
vehicle.car 0 0 0 1163.6489053446658 433.60777111533713 1634.8230088675875 606.1534712426646 4.691 1.695 1.744 -14.92215660066816 1.0557552119949858 7.339976539395445 1.7524314993076082 1.0
vehicle.car 0 0 0 117.84525899942159 472.66477510745466 234.32343231065093 536.4612372750704 3.685 1.34 1.712 -30.634768247891753 2.054439568493451 -14.275974302046095 2.525579912582714 1.0
vehicle.truck 0 0 0 191.54135885289858 344.98830722566123 902.9628100367447 797.8835965418567 5.827 1.886 2.039 -8.174366335414955 0.6744142324045391 -1.8574542210636604 1.7460569948731468 1.0
vehicle.car 0 0 0 -52.63019381619413 460.324564221797 34.55355025744381 524.4366588753015 4.616 1.805 2.201 -39.87404620258039 2.2945214371332634 -24.3579396150372 2.433493204987429 1.0
vehicle.car 0 0 0 -230.78126089447088 330.15054310507753 302.1959432352985 818.1579645742125 4.372 1.824 1.822 -6.971788154683683 0.6112486898442184 -4.249922576854485 2.5336765114005493 1.0
