vehicle.car 0 0 0 -98.61748011548453 419.69944125298093 487.0698693172796 857.0276000780441 4.499 1.522 1.903 -6.764416531235584 0.780640632995937 -3.3284367305937894 2.5050621640454978 1.0
vehicle.car 0 0 0 653.251457611325 371.1956668397716 1227.1904625251182 672.2659395701668 4.687 1.88 1.964 -10.3271341374066 0.654243066015906 1.1773716223813635 2.4854573666668154 1.0
human.pedestrian.adult 0 0 0 468.79095832521864 360.13731398765555 609.2895205988115 562.4660826006395 1.137 1.891 0.756 -12.37658582443919 0.40744117223158643 -2.1751197807014195 1.6545211399099466 1.0
vehicle.car 0 0 0 385.32644843734425 439.00195555970197 461.5668097276478 491.0953739437038 4.616 1.805 2.201 -47.60148693767904 1.723738678888459 -12.799238211726196 2.335289433432031 1.0
vehicle.truck 0 0 0 1361.38620640776 360.2685492758233 1632.4217486011653 493.9503138080812 12.334 4.398 3.5 -46.196228003314154 0.34907128949607846 27.306835765863983 -2.7251725358043064 1.0
vehicle.car 0 0 0 1330.6593812084989 409.5585599402208 1788.522618731494 554.5371609354673 4.748 1.639 1.961 -16.726074882691677 0.7302808904512018 10.38567252904088 2.465557867983234 1.0
vehicle.car 0 0 0 501.0798335389986 449.18658206477687 618.2321847655874 505.6841251672367 3.926 1.473 1.724 -36.832694968427866 1.6885029867265535 -5.918813299775657 2.5072257564742984 1.0
vehicle.truck 0 0 0 1507.5195794513754 398.73199964783873 2004.5804438110094 543.2593752261074 5.554 1.87 2.103 -19.170020238915384 0.6927874265719878 14.84500816744723 -1.7990260243690424 1.0
vehicle.car 0 0 0 -27.700973501291397 448.5996797701514 81.9541025556507 525.8999055925715 3.898 1.583 1.914 -29.295223016745677 1.5429008531160777 -17.13176218025717 2.473349554873045 1.0
vehicle.truck 0 0 0 644.2164191560972 435.03554382071013 775.1329922038244 502.173274937592 4.577 1.949 1.862 -39.83841302410642 1.5343185691402783 -1.6590789025227308 2.5019286543490935 1.0
human.pedestrian.adult 0 0 0 935.3187831552714 392.71473839469087 1027.9689753162604 527.9173802763112 0.953 1.786 0.797 -17.200395140719454 0.5600343928265115 3.0335959908870738 1.6604014597761134 1.0
vehicle.truck 0 0 0 1164.8374928519083 383.23579157917453 1761.595470337656 584.4832153244572 5.827 1.886 2.039 -14.770320592247854 0.6241643586658063 7.8250395141224125 1.7895365301442636 1.0
vehicle.car 0 0 0 925.8652213388756 393.6256620493942 1562.6482530584105 646.1013734559268 5.103 1.741 2.02 -11.341159831930966 0.709475164489755 3.986020818372656 1.7811389280944745 1.0
vehicle.truck 0 0 0 90.03687392543662 437.7077051540468 217.23236487913732 521.2456814575327 4.564 1.818 2.043 -30.69344292221179 1.4147701146788647 -14.8743941088464 2.4849758026047226 1.0
vehicle.car 0 0 0 1044.417904631037 381.7072297969543 1510.6379119665523 583.2522607672781 4.372 1.824 1.822 -13.674830819743132 0.5885825420542099 5.407388362143342 2.494841708036202 1.0
vehicle.car 0 0 0 408.1596091048292 448.3348673546404 536.5623389938853 507.4810980556588 4.268 1.459 1.783 -35.20990650278889 1.6199649432486454 -8.113576642914488 2.5299852646395546 1.0
vehicle.car 0 0 0 321.6198799569619 438.2015326743467 442.87953063801103 513.1742148232627 4.121 1.814 1.961 -33.583283080274406 1.4686421067230395 -10.150450875770852 1.7866593532664785 1.0
vehicle.car 0 0 0 584.716744588527 452.919012626934 700.3348525284953 503.4710691096755 3.685 1.34 1.712 -37.68068968882922 1.7583361081421893 -3.562538424188239 2.5183103539011276 1.0
