vehicle.car 0 0 0 -98.0765592816789 420.80395494504523 487.6208899637064 858.0053415491894 4.499 1.522 1.903 -6.766449345647808 0.7862185058006397 -3.326305863525044 2.5046456522701703 1.0
human.pedestrian.adult 0 0 0 284.24864111261485 356.8341069577162 438.08770781798955 577.9346161352427 1.137 1.891 0.756 -11.384364890202612 0.425451876013367 -3.6114960845902684 1.65894696203324 1.0
vehicle.car 0 0 0 385.3093027717768 439.88043273235496 461.5416219299026 491.9718386231176 4.616 1.805 2.201 -47.60115818612687 1.7565620851476658 -12.799929681859966 2.3348254627635914 1.0
vehicle.car 0 0 0 654.1355552169339 371.9354503935332 1227.5322417361485 672.8838492224221 4.687 1.88 1.964 -10.33151138675043 0.6603964238027935 1.1827436423874707 2.484065054036888 1.0
vehicle.car 0 0 0 -27.794946532181967 449.8657371010134 81.82043216322602 527.2161010150226 3.898 1.583 1.914 -29.304368786034363 1.5734588593376961 -17.139712609306866 2.472924197256255 1.0
vehicle.truck 0 0 0 1507.362470307004 398.36762949930556 2003.7546914480395 542.728785435651 5.554 1.87 2.103 -19.1848934523489 0.6894980435959747 14.85316247636131 -1.7956797896184185 1.0
vehicle.truck 0 0 0 1164.9528026000417 384.5853452251239 1760.8011809990571 585.67750231927 5.827 1.886 2.039 -14.782007332993905 0.6386475661260148 7.826708032694034 -1.7904552986592916 1.0
vehicle.car 0 0 0 501.0654219768328 450.0101801028947 618.2062096172259 506.50721747005576 3.926 1.473 1.724 -36.83249848346386 1.7126204143335024 -5.9193478505169015 2.5068098479517005 1.0
vehicle.truck 0 0 0 644.2557449279557 436.22398757302375 775.1527063495217 503.3738969849503 4.577 1.949 1.862 -39.839399732918146 1.5717497008165218 -1.658141176568638 2.5015112688347223 1.0
vehicle.truck 0 0 0 1445.1163554982693 366.4513440040408 1693.9301212054318 490.78377060242667 12.334 4.398 3.5 -49.295937394620495 0.4257942576149364 31.955647237935054 -2.7267933290229074 1.0
vehicle.car 0 0 0 1331.9437270582284 410.1102172843747 1787.8745591983684 554.3855948311896 4.748 1.639 1.961 -16.795743147899568 0.7377210635961673 10.435452847708325 2.465130335808909 1.0
vehicle.car 0 0 0 925.8497800333016 393.328810107947 1562.4672478768455 645.7988254879249 5.103 1.741 2.02 -11.341735392192199 0.7091888938763349 3.985593754985883 1.7808064158959764 1.0
vehicle.car 0 0 0 408.2085465854543 449.19312565749226 536.6245945289243 508.3490561147949 4.268 1.459 1.783 -35.204703656754184 1.643882687033265 -8.110810632994268 2.5295757002084978 1.0
vehicle.truck 0 0 0 90.02223548438802 437.71106492727813 217.21499549171963 521.113867971799 4.564 1.818 2.043 -30.69340846710834 1.4133733453567432 -14.874738571350727 2.4845536888368933 1.0
human.pedestrian.adult 0 0 0 859.4758626286679 392.85507863222875 955.9639209498897 534.7068780378705 0.953 1.786 0.797 -16.425317422389213 0.5778235754716218 1.9307782169439192 1.6645540914096948 1.0
vehicle.car 0 0 0 322.1160964548964 439.1057128890811 443.1637337664017 514.0539174217223 4.121 1.814 1.961 -33.58919595530324 1.492414667203942 -10.14182178646452 1.7870062034928953 1.0
vehicle.car 0 0 0 584.8266126579406 453.41215347041424 700.7510814755916 503.95031475849873 3.685 1.34 1.712 -37.6632905402454 1.7721161513983221 -3.552827447972582 2.5202427834089 1.0
vehicle.car 0 0 0 1044.3947687175655 382.2685082002915 1510.4806975738693 583.808512815272 4.372 1.824 1.822 -13.675465408647371 0.5951767833035198 5.40683773437125 2.494422346174697 1.0
