movable_object.barrier 0 0 0 470.155500864188 415.9871019052557 747.5965824313612 555.0705105797963 2.249 1.043 0.614 -10.525775090575358 0.517434760268121 -1.2305578466992242 1.678249139977412 1.0
movable_object.barrier 0 0 0 842.467764556108 415.2537901282877 930.9177555336529 530.188008940386 0.595 1.064 0.605 -12.262585778892733 0.513538050236714 1.233349507200213 1.6823632144376521 1.0
movable_object.trafficcone 0 0 0 706.7409520948307 394.03235320208495 790.051293154316 538.7876330414716 0.603 1.257 0.468 -11.36362843517558 0.4154889025163989 -0.10800058088582645 1.785825628437478 1.0
movable_object.trafficcone 0 0 0 909.4782065655407 396.7322365837449 974.8472213157808 528.8481947372442 0.428 1.277 0.454 -12.499605806051829 0.42944235672614306 1.8106392274086092 1.8397578463932938 1.0
movable_object.trafficcone 0 0 0 798.8085423480743 394.46701937426707 863.8721880795023 534.0127080536103 0.433 1.291 0.422 -11.97116577666364 0.4235236691379143 0.6785614454178397 1.8016142887770812 1.0
vehicle.truck 0 0 0 -2453.9076035158023 43.25181276959394 559.1037360393791 1197.3233931962016 5.471 1.913 1.96 -4.499805640328525 0.291115655452098 -3.638870294760205 1.7039504115239943 1.0
human.pedestrian.adult 0 0 0 1123.8556708344145 334.0634396777458 1194.1385185008644 485.84693326270946 0.427 1.837 0.783 -15.611188971068376 -0.10903072485610027 4.95967192771442 1.7830959383572198 1.0
movable_object.barrier 0 0 0 947.2781347405688 420.1474317463933 1149.2485074461417 527.4810554626486 2.216 1.025 0.631 -13.203885613672135 0.5493152175293115 3.051697827886653 1.6711600272415907 1.0
movable_object.trafficcone 0 0 0 354.46126345854 405.383584214739 407.3750695712999 517.703169006278 0.321 0.895 0.337 -10.312876817045694 0.34598368551385444 -3.1119756243587875 2.47219148986815 1.0
human.pedestrian.adult 0 0 0 1149.702858613931 378.9568344740093 1199.0428589762141 462.0380013004508 0.607 1.688 0.713 -26.056369827205664 0.035588648187930616 8.591905003870625 1.691440590537134 1.0
movable_object.trafficcone 0 0 0 309.3613768733149 401.2421737886408 363.6006890042016 517.4854527609599 0.333 0.906 0.339 -10.087778909167183 0.32032338772150254 -3.4009781866065416 2.47219148986815 1.0
