vehicle.car 0 0 0 1165.5290022799004 394.3551247832441 1570.0902971920937 569.3032928387897 4.846 1.668 2.106 -14.88324488960214 0.5915538237810101 6.821985853847935 2.165970416001599 1.0
vehicle.car 0 0 0 -45.709796057961604 358.18834200532626 60.12388948871957 436.2211066461501 4.842 1.931 2.077 -33.66923507313873 -0.6038720575160347 -20.227248142448367 1.8052571761337664 1.0
vehicle.car 0 0 0 1104.631013722222 388.71360311194616 1266.3679559648408 443.7651855328299 4.837 1.681 2.114 -42.25768474195228 -0.1178005152902315 14.219423463703796 1.8158943047800973 1.0
vehicle.car 0 0 0 982.3496137260439 374.44249708120583 1163.0826596110815 444.43317317600764 5.413 2.0 2.144 -38.96463686386589 -0.33899229688262356 9.575512410681 1.823156332083653 1.0
vehicle.car 0 0 0 -9.294956124481548 358.056400801928 168.9758815968773 469.5986273396488 4.854 1.748 2.145 -22.274245045223548 -0.15292860358963498 -12.148638901677089 1.79824304603987 1.0
vehicle.car 0 0 0 706.6762090281405 380.5617184225705 880.9122922477667 453.32416837263753 4.682 1.708 1.924 -32.49289755822793 -0.09496700681398451 0.788720731252933 1.7816255580395808 1.0
vehicle.car 0 0 0 156.9094687370684 352.95980944047756 338.2403490682105 460.464285656389 4.748 1.841 2.135 -24.05792538593737 -0.27945717880456133 -9.901797349229685 1.79824304603987 1.0
vehicle.car 0 0 0 163.16607681312263 372.0040006078867 279.7679894397326 434.81684598377575 4.707 1.74 2.201 -37.476843812315536 -0.4912798465207333 -16.117419717396125 1.79824304603987 1.0
vehicle.car 0 0 0 518.8718993600918 381.1920867549587 676.5887906662439 457.9087675454548 4.652 1.625 2.008 -29.60102084478921 -0.03588814780108801 -3.916321857575479 1.8385715693462075 1.0
movable_object.trafficcone 0 0 0 251.53654911875063 438.8665313344093 298.34995416934527 502.7352760393912 0.345 0.691 0.36 -14.2842993991292 0.5916944056787021 -5.512077883610119 1.6675919294327386 1.0
vehicle.car 0 0 0 297.6769759508484 369.1151654818821 485.08171825995976 459.56188161282455 4.793 1.655 1.983 -25.47885757161878 -0.1538708673625042 -7.568857829637823 1.7816255580395808 1.0
vehicle.car 0 0 0 635.1433472005834 388.0766751013021 808.1735565757604 457.2104760426185 4.477 1.495 1.986 -30.497013545125068 0.046929635386330826 -1.0134530531454669 1.7952581957853742 1.0
vehicle.car 0 0 0 1123.9996331169364 387.99674152629285 1242.1001020022386 440.58552011826106 5.294 2.478 2.168 -63.42683077457207 -0.25072449800637764 21.290017601712123 -2.5216899308850333 1.0
movable_object.trafficcone 0 0 0 1174.3494388151764 440.19836357148944 1204.4304285604883 484.8717313805202 0.341 0.746 0.348 -21.81063853641355 0.7649250632108499 7.454449034954967 1.79824304603987 1.0
movable_object.trafficcone 0 0 0 920.014008048444 448.14702905033874 954.6203826476924 496.3564541934256 0.348 0.668 0.343 -18.281471810831118 0.7815004598110662 2.5804126707830166 1.79824304603987 1.0
