vehicle.trailer 0 0 0 -137.8998681154321 394.8557329110116 16.135677158296733 507.0847756805762 8.893 4.009 3.0 -49.02079780112302 1.1920150273759522 -32.141802475879395 2.6136239629608493 1.0
vehicle.trailer 0 0 0 1101.8050214211985 362.268191499141 1624.4020257254801 497.76461113638584 18.38 4.506 2.541 -48.927688521158295 0.4352214435094348 22.390773963652624 1.699170215357456 1.0
vehicle.truck 0 0 0 258.1643897639994 393.7177211465856 394.44024227580684 487.97430090117547 5.106 3.943 3.108 -55.2140084087002 0.9602349763958153 -19.0545451093354 1.6390703837911875 1.0
vehicle.trailer 0 0 0 559.141510193264 418.0750123094347 637.1007756698189 490.3984223038274 13.369 4.256 3.802 -80.82767344932196 2.1522866354951455 -10.199125862971655 2.070214771800055 1.0
vehicle.truck 0 0 0 710.2661821679787 395.2643409640521 889.9259178190752 494.4698954852777 6.187 3.331 2.716 -45.19779175946876 0.9041194340354847 1.5090053886104533 2.663618372694014 1.0
vehicle.trailer 0 0 0 1125.4626135908725 356.91349186478465 1643.111102572525 484.64999671600344 19.018 4.508 2.47 -51.564585338772595 0.13448089652833795 24.515011779119032 1.693248915667123 1.0
vehicle.trailer 0 0 0 960.6287065614072 332.9733843762156 1531.6203947687206 489.652162306632 18.371 4.373 2.899 -42.54130322035917 -0.14918718622428861 15.23108958909899 1.7116831191676347 1.0
vehicle.trailer 0 0 0 1063.9030669287092 357.5082256729697 1601.1628351116228 488.99611525898484 18.264 4.13 2.788 -46.75952701960951 0.20120953940478525 20.180996569447743 1.705209702445087 1.0
vehicle.trailer 0 0 0 1019.2021776840065 347.1322019037578 1574.3409741103223 507.2869184196013 18.353 4.744 2.835 -44.65845800045069 0.3096835780068323 17.882387999099063 1.7113473965609085 1.0
vehicle.trailer 0 0 0 898.6339935651232 336.3970866609519 1499.526383338249 498.5161818945545 18.731 4.234 3.099 -40.485482554615096 0.024675685778043244 12.84222645111079 1.7116831191676347 1.0
vehicle.construction 0 0 0 956.2412049235504 374.33803591006176 1150.5579728821929 520.0353085319055 6.787 3.595 2.868 -34.578425460099226 0.7279333806688214 7.833655487581519 2.0064454041743893 1.0
vehicle.trailer 0 0 0 25.73730347397723 391.7448064804732 297.782920764789 496.61475040556047 16.956 4.594 3.039 -60.73143866139413 1.174862735783988 -29.24583106016395 1.6393482787439382 1.0
