vehicle.car 0 0 0 1245.6895071257873 439.0422151762225 1444.3014218825142 506.70585447419427 4.994 1.806 1.904 -37.367996005772916 1.5588053738574976 17.306566666106054 1.723557695419844 1.0
vehicle.trailer 0 0 0 1491.5332712365057 387.54173814535403 1863.3766235839505 468.8335402532747 16.44 4.088 3.187 -69.8776971591689 0.4909830521537295 50.38929412933301 2.6333561850809613 1.0
vehicle.truck 0 0 0 513.5638245143774 412.70380805112177 645.4563356341004 485.3326309091205 7.036 3.566 2.957 -65.62799857556834 1.550403724536048 -9.306234185503744 1.809911442996139 1.0
vehicle.truck 0 0 0 979.6889847835081 414.8092771895347 1069.6467596113266 479.20659350751004 5.215 4.108 2.681 -83.07131609691014 1.8567280964811086 17.499778204047995 1.627553121667221 1.0
vehicle.truck 0 0 0 1374.6486438784361 419.6292105604435 1454.9670416155584 475.27428105754683 5.687 3.2 2.367 -75.18802560420684 1.7190606223356892 39.22114677682018 2.625872351604782 1.0
vehicle.car 0 0 0 436.38038359924093 444.67942242998424 556.4680926427775 496.8415748364399 4.056 1.725 1.817 -45.29384479946264 1.855653284621633 -9.510476482187553 1.6321886078119432 1.0
vehicle.trailer 0 0 0 766.3164933155866 414.3864317189291 990.9434703242932 478.39636476482633 15.788 4.172 3.334 -88.61492227492796 1.8701499949032367 8.147550480361753 1.6299428389350261 1.0
vehicle.trailer 0 0 0 765.557288721955 416.01586460129136 903.2131354436082 480.64190491703454 8.517 3.763 2.696 -77.3831748972235 1.773328969804123 4.491954970389828 2.654165094142333 1.0
vehicle.car 0 0 0 533.6528211904574 443.0258496375082 647.2037723597919 491.15238261021324 4.281 1.804 1.781 -50.902867791785674 1.9454529618318297 -6.873773599880846 1.6156246166412576 1.0
vehicle.truck 0 0 0 725.7302118285056 435.13094843985374 922.2416411665421 502.99909495668913 5.988 1.996 2.009 -40.532838878859096 1.5822415146090476 2.045081471801373 1.6046516953515892 1.0
