movable_object.barrier 0 0 0 1324.11581797285 447.41974742037263 1373.2705356891158 494.05005615911216 0.514 0.892 3.03 -27.367490077324447 1.1151888480308425 12.79433024557423 2.939954421445706 1.0
movable_object.barrier 0 0 0 1345.1492214833008 451.61741806583274 1402.5705810067723 503.9095312065061 0.53 0.874 3.159 -24.517208713413623 1.1285323262628841 11.94336779156577 2.928894120036585 1.0
movable_object.barrier 0 0 0 1373.608836628044 456.1342235208736 1436.7160549429375 516.2737457096196 0.48 0.864 3.132 -21.500299550578955 1.1256617124488628 11.001905172668714 2.916619453193409 1.0
movable_object.barrier 0 0 0 1308.3361796234826 444.2149322481453 1343.308803931224 482.8673421632066 0.444 0.825 3.3 -30.51690602025626 1.0752289977711285 13.721739232361292 2.914041765549938 1.0
movable_object.barrier 0 0 0 1501.2488001885788 481.4258759902778 1744.3351897414711 599.1244470726891 0.509 0.846 3.066 -12.20373440113193 1.1127354774547589 8.230858017794654 3.0780418863516115 1.0
movable_object.barrier 0 0 0 1452.1568134599677 468.19578204389967 1560.1499464305327 561.2420516084197 0.462 0.879 3.179 -15.092586185599906 1.100439941888333 8.895744615028926 2.9115445748297732 1.0
vehicle.car 0 0 0 581.1892520679022 378.17403729042013 978.3080791014567 645.1710391019604 5.091 1.835 2.251 -11.401720148362124 0.645647953386068 0.5106651197373788 -2.276987746996654 1.0
vehicle.car 0 0 0 281.32401118785003 360.408745690438 721.6852327032753 619.4532897950818 4.909 2.0 2.13 -12.362103520023988 0.5568566770011434 -2.1875498251239645 -2.276987746996654 1.0
vehicle.trailer 0 0 0 55.596320388661056 273.5052221466532 643.4673679690017 492.4911062772537 13.364 4.468 3.636 -29.314305462857057 -0.7144942510434412 -9.620699770279305 -1.5910702907498617 1.0
movable_object.barrier 0 0 0 1403.6430922757684 462.3422995224753 1489.6328412939406 535.6275727974328 0.486 0.849 3.431 -18.239693468178025 1.122477865950451 9.910440176193305 2.916055024098993 1.0
movable_object.barrier 0 0 0 1294.4150389026593 443.9833536449824 1327.8002503367575 477.11952529783514 0.486 0.788 2.973 -33.54590402607924 1.1101153739246128 14.696047716097402 2.928894120036585 1.0
vehicle.truck 0 0 0 559.7089013721612 324.44766271636786 858.0042885837864 514.9575402069255 5.55 3.735 3.726 -27.204418857395414 0.03187181019633423 -0.9863827611163778 -1.5898991129734323 1.0
