vehicle.car 0 0 0 1364.7028208983832 436.41432475239594 1542.6046451270104 501.593202870266 4.495 1.837 1.966 -39.558779954940825 1.5375173334720293 21.764682154985543 2.532980021190472 1.0
vehicle.car 0 0 0 704.7177713317745 438.2931991104662 975.5684924407703 572.7414380662735 4.723 2.083 2.042 -22.783351043312003 1.4550113857262208 1.3528482442494492 1.7260010548361278 1.0
vehicle.truck 0 0 0 1046.7324610774306 369.3101485377392 1455.3875096727766 541.8390890048277 9.695 3.924 2.746 -32.97288684969901 0.831870322162102 12.490187705056803 1.7260010548361278 1.0
vehicle.car 0 0 0 1422.355528408767 446.0785473384127 1573.4746484310767 500.1098284111538 3.996 1.581 1.562 -41.33425626207822 1.7613887688756844 24.218298763831275 1.751355336117495 1.0
vehicle.car 0 0 0 -117.86720863420591 466.36137739969206 246.563697483379 702.2651002334436 5.217 1.602 1.808 -12.18071750347336 1.3749633569851416 -6.924983677998251 1.7333323427281542 1.0
vehicle.car 0 0 0 155.9569428286576 439.39341794744723 504.63911073157874 644.2507530614096 4.893 1.939 1.801 -14.823937233639134 1.2685027833452078 -5.209407796749554 2.6127829611059017 1.0
vehicle.truck 0 0 0 1455.583719780786 346.5099061558467 1653.4880961757929 506.64034988891194 5.433 5.201 3.703 -43.96191522565797 0.25495222945701235 27.780485637624484 1.692469777277319 1.0
vehicle.truck 0 0 0 1037.6892096093197 377.4626674699083 1305.8406544530467 546.4496390999548 4.969 3.183 2.317 -26.369575737208738 0.8075531933602649 8.492752398649841 1.8024846649329493 1.0
vehicle.truck 0 0 0 796.4548521078725 338.164496818516 1195.008193138335 565.4682150422227 8.057 3.881 2.405 -25.24967391754306 0.5572536838049875 4.392772024327785 1.7452369045194533 1.0
vehicle.car 0 0 0 613.1743478195166 440.22995635820706 918.5736759776674 594.3152330008517 4.585 1.902 1.845 -18.627904921492533 1.3281905583415896 -0.03392354894392069 2.579292072111187 1.0
vehicle.car 0 0 0 1326.5001905982476 443.6080948350084 1519.890210119223 512.4505543363996 4.375 1.662 1.708 -34.46935095422758 1.5811274107922082 18.120641594309028 1.7323011242800046 1.0
vehicle.car 0 0 0 431.24031334991594 351.270821564039 840.9925861565647 629.4948127703083 5.755 2.892 2.015 -15.835666935203593 0.7378236366958961 -1.7860234107530204 2.57444584408473 1.0
