movable_object.barrier 0 0 0 1320.26327443119 517.866866046258 1410.9791687771833 566.7658741229521 0.355 1.001 2.108 -28.40400502288113 1.3768959944011914 12.0000971935101 -1.6244481323363225 1.0
human.pedestrian.adult 0 0 0 651.0522869395674 479.74887783041413 699.1471168257701 573.3827062164104 0.733 1.604 0.685 -22.335415688288574 0.8064187597467153 -2.6637369985697195 -1.919008279963963 1.0
vehicle.car 0 0 0 876.7151620753652 467.5178881202375 1003.5226352339514 529.7584625669443 4.552 1.865 1.9 -40.71600848251635 0.5764735941063808 3.5517003757088923 -1.8511541925527757 1.0
movable_object.barrier 0 0 0 1401.1404909798905 510.8582407051007 1502.2150881434302 563.1372801329832 0.352 1.004 2.111 -26.473153824949485 1.1697423363040689 12.968068274371015 -1.616837539722627 1.0
vehicle.car 0 0 0 975.3139531272699 477.6325758847052 1143.6348464808896 538.8983477960678 5.078 1.556 1.954 -35.31256035973381 0.7437692590427096 6.338575605225029 -1.8593478969169412 1.0
vehicle.truck 0 0 0 778.7935290185007 446.3108177919377 883.3398163644225 522.9718125555008 4.94 2.734 1.945 -48.030230141137444 0.18051428441488776 0.09409835210502598 -1.8593478969169412 1.0
vehicle.truck 0 0 0 1137.937688243093 396.3589709556483 1526.7115696749477 573.5651603750024 7.696 3.146 2.836 -26.678629481375783 0.10214984411436247 10.160220161449526 -1.8667229511984234 1.0
movable_object.barrier 0 0 0 1094.0509567865315 506.72418811978076 1155.0372868226373 544.9888413142468 0.358 1.009 2.203 -35.824226726817976 1.2817746357045579 8.364895852243587 -1.616837539722627 1.0
movable_object.barrier 0 0 0 1146.3877637382757 500.1379664091446 1211.3526355049546 539.980040309053 0.349 1.003 2.114 -33.830971691940434 1.0554335930904482 9.342010532495474 -1.616837539722627 1.0
movable_object.barrier 0 0 0 1491.9755824694062 511.5286567200799 1600.2168491604878 569.6923205677156 0.36 1.024 2.115 -24.486549515611163 1.1467401839508955 13.803397681913545 -1.592494741716278 1.0
vehicle.car 0 0 0 1509.412578039025 453.9727799139386 1904.6340267963515 585.0069481346463 4.661 1.763 1.855 -19.614196290544314 0.5413003910506508 13.318649595425514 -1.8402993588690553 1.0
