vehicle.truck 0 0 0 410.36980629538317 409.60953459757565 520.0772057327896 508.2672083517824 8.59 3.497 2.854 -49.72550142237434 -0.807886129836173 -14.263802518904882 2.345715385901192 1.0
movable_object.barrier 0 0 0 317.1687706903472 502.58423902891 524.5732917789571 820.9475655126842 2.194 1.21 0.705 -6.319973259031253 0.7622015808073248 -1.920870312896472 2.206744840608825 1.0
movable_object.pushable_pullable 0 0 0 907.0927900801472 449.23985702029313 954.3259645505781 477.0547987740231 1.14 0.717 0.643 -34.179284507996094 -0.4475652935348768 2.791370114229952 1.592402883463774 1.0
movable_object.barrier 0 0 0 95.89279976520656 534.9498903632782 509.3576783645371 1046.7852223086504 2.096 1.186 0.661 -4.357163330075215 0.8523278656169205 -1.6185469172115834 2.1364692592736194 1.0
movable_object.barrier 0 0 0 389.2447221166344 489.7031241065076 586.222273388923 703.3892114924278 2.282 1.173 0.653 -8.542448245714125 0.6895743083071846 -2.1860744095055926 2.0847250864153866 1.0
movable_object.barrier 0 0 0 369.3891838083726 482.32881706820075 526.4935688961352 597.3768431940418 2.04 1.197 0.59 -14.270760812301607 0.6385186839618788 -4.270305313867668 2.6660256823126876 1.0
vehicle.motorcycle 0 0 0 722.114546439679 427.8601844140634 758.9777648422416 463.6273154983486 2.36 1.298 0.629 -47.811771768979675 -1.26391126847944 -3.2474923886187517 2.3308112875659193 1.0
movable_object.barrier 0 0 0 -873.5704585406728 588.1335563914824 320.17161248690053 1208.1138909624551 2.123 1.128 0.668 -3.075366601483532 0.8950261941094126 -2.433173211481169 1.5931964681335913 1.0
movable_object.barrier 0 0 0 497.13283694804295 482.6941630067193 573.4424596093935 614.4655715427093 2.129 1.155 0.625 -12.699359916711794 0.6299733883034279 -2.9351659191746178 2.251729062790398 1.0
movable_object.barrier 0 0 0 499.95181015064713 493.2807065968519 580.5574578259552 643.501685220542 2.145 1.063 0.565 -10.646045625536088 0.6766517687950842 -2.425912003677871 2.242837809564554 1.0
vehicle.car 0 0 0 553.6133500351148 403.41111766466224 686.7015199834746 511.6489519373414 4.823 2.221 1.883 -28.75802731429063 -0.5004332666993864 -4.762592582071245 2.3261519698686737 1.0
vehicle.car 0 0 0 500.50048305454055 431.93163391680883 601.5225233587097 498.7138151339915 3.988 1.668 2.01 -34.43835757063166 -0.39829612423321753 -7.516539600992334 2.319559863720534 1.0
