movable_object.barrier 0 0 0 -790.357413321225 535.5007438189468 139.51835647897823 1073.9433689390264 1.766 1.15 0.669 -3.5360399879307574 0.778930423128732 -2.9754209632652406 1.6226213597412888 1.0
vehicle.car 0 0 0 460.587025325948 417.37847001089153 566.6702849374836 482.2131121455158 3.988 1.668 2.01 -34.97926335230989 -0.8312718503207805 -8.658335980783745 2.3777123147546 1.0
movable_object.barrier 0 0 0 425.6120100069141 463.9716633256304 586.752944230891 571.9384739309704 2.04 1.197 0.59 -15.015478598707569 0.41784645083386013 -3.799050459067783 2.7385025961577174 1.0
movable_object.barrier 0 0 0 634.1319516036247 513.7658338729711 829.2588554716383 892.9124965671331 2.096 1.186 0.661 -5.449593236061482 0.7981846565070313 -0.48084099039096323 2.1917529381557106 1.0
movable_object.barrier 0 0 0 551.9983420316164 466.2983596277212 645.4430395577862 586.9316963523016 2.129 1.155 0.625 -13.64912790734791 0.45089843294295323 -2.476605619121871 2.308987140283852 1.0
movable_object.barrier 0 0 0 583.7272284822901 476.522039273644 688.6714938440202 610.9286705724058 2.145 1.063 0.565 -11.655026224454291 0.5282544810600172 -1.7814628135769246 2.2981643747239664 1.0
movable_object.pushable_pullable 0 0 0 862.4104070672978 441.8387890425065 907.9982093449166 468.20348880050096 1.14 0.717 0.643 -35.54987508660712 -0.6937504680800111 1.6333517874158339 1.6077645646842829 1.0
vehicle.car 0 0 0 522.5982524869065 397.29881895116546 662.1634196364521 502.28378120777 4.823 2.221 1.883 -29.505321290957653 -0.7004626032294824 -5.524260479167202 2.3843823162438955 1.0
movable_object.barrier 0 0 0 587.2676629934152 487.0893231094523 768.8565453722765 748.5053071626924 2.194 1.21 0.705 -7.39532050123129 0.6856987085656123 -0.9308169020693696 2.2633071192011904 1.0
movable_object.barrier 0 0 0 33.38702462197627 550.8450326134441 792.0797645789421 995.4440404207052 2.123 1.128 0.668 -4.089877791542842 0.8475367575087978 -1.2237092694717389 1.6091032254891289 1.0
vehicle.truck 0 0 0 347.59046698289245 395.2902207827116 465.5934757639528 493.673710365152 8.59 3.497 2.854 -49.70514150132587 -1.3656555987938248 -16.546893184081625 2.4041681358964855 1.0
movable_object.barrier 0 0 0 577.1430962565804 473.1680162803692 693.8512354639645 658.5802890439676 2.282 1.173 0.653 -9.576119678679095 0.5648530187372004 -1.3843014849300013 2.1388925970356274 1.0
