human.pedestrian.adult 0 0 0 40.63470736123984 425.64642981148415 90.53583601719004 532.329009068362 0.654 1.678 0.643 -20.45774063389202 -0.023547315618210954 -12.235564102070521 -1.8268473454234258 1.0
human.pedestrian.adult 0 0 0 1176.0167469015157 368.67597665839673 1447.759209991881 953.3032187663314 0.605 1.751 0.601 -4.218460784501961 0.5343006548479422 1.6003496232690264 -1.7876812857160926 1.0
human.pedestrian.adult 0 0 0 188.4526202648321 346.5010889433163 509.8051921115789 1038.5870615645124 0.839 1.67 0.582 -3.5641755945858273 0.5033230408294074 -1.3519066795756542 -1.7774853137252613 1.0
static_object.bicycle_rack 0 0 0 484.7778234466838 447.56633085170154 748.7895350130417 524.0651600445835 1.715 1.165 8.206 -23.44364688004489 -0.005693878026223204 -4.175386303538169 -1.673426024374466 1.0
human.pedestrian.adult 0 0 0 -125.55884359773839 368.10786555646706 331.03433102954466 1163.0846332900737 0.663 1.615 0.618 -2.9702065228194154 0.5733216790157054 -1.6531539740648478 -1.6264527043226504 1.0
human.pedestrian.adult 0 0 0 1120.4807198069614 384.65350729224457 1487.0978408498913 1149.862281177709 0.67 1.63 0.488 -3.1070886098088506 0.6038204831831657 1.1454442674135623 -1.7876812857160926 1.0
human.pedestrian.adult 0 0 0 405.89102495493 436.4413195601725 446.2244286457079 519.0104074845317 0.695 1.844 0.695 -28.89137789003227 -0.057795926221485425 -9.094978382094634 2.4593072234389943 1.0
movable_object.barrier 0 0 0 -244.65751439940667 468.71334295792155 248.8849263939697 762.1760109432599 0.399 1.216 1.967 -6.228585496821061 0.5707131937208336 -3.9274579681669213 -1.7481258429774504 1.0
human.pedestrian.adult 0 0 0 633.451220846817 412.1793558619037 716.2409788961578 548.1722624859021 0.741 1.667 0.719 -16.107112204408555 -0.007516055537359616 -1.9190668153326038 2.6545406218213596 1.0
human.pedestrian.adult 0 0 0 706.3703301269093 402.3273375512711 804.367612939149 555.0202387358154 0.843 1.78 0.832 -15.421651487150818 -0.027331288405844735 -0.8634177440769986 2.5756074321435634 1.0
human.pedestrian.adult 0 0 0 365.3018761217264 442.7926659220025 406.2437526816929 522.8096069103881 0.602 1.766 0.741 -28.536649932245744 0.055861539605010675 -9.886144645547802 2.4367060801853393 1.0
human.pedestrian.adult 0 0 0 520.0483858934458 324.61226585304854 799.4325987582574 1032.760733723846 0.567 1.811 0.652 -3.5526751612481373 0.505421968618898 -0.43560359951137656 -2.166909964617152 1.0
