human.pedestrian.adult 0 0 0 805.3519109577471 365.63226545404154 882.3943425024232 522.8775770174533 0.641 1.849 0.641 -15.417016990265667 -0.43711084348731816 0.20842651890393069 -1.7377090586108377 1.0
vehicle.truck 0 0 0 998.5642803325594 332.6318848595173 1266.478707781682 481.6769238296761 7.609 3.664 3.19 -35.45016484314684 -1.9850854700587957 8.215129814274084 2.3814312487940645 1.0
movable_object.trafficcone 0 0 0 1350.8285113871975 451.156432134244 1380.7615299346642 492.25704307354374 0.368 0.803 0.374 -25.429527496007083 -0.16363855830557736 10.772635494575262 -1.6575674607270932 1.0
movable_object.trafficcone 0 0 0 1458.6173800760687 455.8153812261768 1492.1549535205404 498.0026490021655 0.341 0.745 0.387 -23.080700966402713 -0.05485929992006942 11.76479223963716 -1.6575674607270932 1.0
human.pedestrian.adult 0 0 0 1542.6253883063541 390.59456954162334 1686.099251408196 620.023838933946 0.779 1.839 0.748 -10.716286807805503 0.18231090938858413 6.628731608521767 -1.7729562038243403 1.0
vehicle.car 0 0 0 1025.6964477220104 418.38306288582066 1208.305827343099 490.18052592159694 4.214 1.513 1.928 -29.645056183551123 -0.6448095057651801 6.654436445984438 2.3929560780455255 1.0
movable_object.barrier 0 0 0 1589.330410503893 439.6588343304533 1737.589611528718 512.4737651844566 0.449 1.045 1.976 -19.994445329499623 -0.08409681604024821 13.099491947936663 -1.664343890414881 1.0
vehicle.truck 0 0 0 877.3254105765207 371.5535447673034 1040.4735918428169 460.2448819822808 6.578 2.814 2.304 -43.86898933591218 -2.201845315691449 4.4027839053439015 2.4186430745918415 1.0
movable_object.barrier 0 0 0 1478.3471976332864 439.27406057192735 1613.181171846251 506.47460548935925 0.553 1.057 2.005 -21.84993679391508 -0.1427339064456077 12.305557997843684 -1.6755039827247673 1.0
vehicle.car 0 0 0 1415.7837080584177 407.6534503869553 1612.2088156898374 468.04721343487813 4.249 1.479 1.835 -33.48525753784967 -1.1394496568931802 17.964534839868293 -1.8963558688355056 1.0
