movable_object.barrier 0 0 0 1138.6730996149556 467.064944657014 1406.7256165044869 672.9182597017015 0.433 1.072 2.007 -8.03847766874863 0.5140306584980682 2.858257444382669 2.4430410433941585 1.0
movable_object.barrier 0 0 0 892.3023066240268 434.03419372709544 1025.3939448002345 500.21223840114664 0.381 1.03 2.146 -21.241219422831335 -0.20826336248813376 2.2049370618377884 1.9792225892987636 1.0
movable_object.barrier 0 0 0 1538.793046218268 474.43103994612346 1705.250683181718 638.2965310759483 0.443 1.11 2.115 -10.433783849641966 0.5773511033304427 6.55389593063119 2.4988647363392786 1.0
movable_object.barrier 0 0 0 1339.8549497839988 457.16991914286706 1534.7251691578167 561.5952948170473 0.478 1.124 2.09 -15.092836149715831 0.3124020766743346 7.191426069880616 -2.7330896371783684 1.0
movable_object.barrier 0 0 0 1361.0184928979709 475.4000770128989 1584.636640023462 659.3981553502234 0.477 1.096 2.07 -9.221324205216387 0.5816193473893649 4.717745503042917 2.454142367336228 1.0
movable_object.barrier 0 0 0 1517.6602838125725 463.3944189162477 1747.1721030087476 577.7080138910579 0.472 1.067 2.038 -13.429077203949582 0.3874516174572036 8.438729055049713 -2.785649210679323 1.0
movable_object.barrier 0 0 0 863.9767981966761 471.9443867252476 1202.7856876296635 707.1448595990736 0.534 1.042 1.99 -7.045421252526277 0.5391906875747274 1.1918325504445793 2.454142367336228 1.0
movable_object.barrier 0 0 0 1008.3609933371629 439.8689430634512 1125.3255454340374 506.70888052907736 0.436 0.999 1.975 -20.241552076187407 -0.11862093317829887 3.7937578292376077 1.7229676742948286 1.0
movable_object.barrier 0 0 0 487.7515974987647 458.7361669891962 932.6233148018237 786.3883061457053 0.496 1.202 2.008 -5.837754438159152 0.55834243001906 -0.4619322684572716 2.4764415116790044 1.0
movable_object.barrier 0 0 0 1102.8994600668955 438.30059226402716 1236.842204091139 512.9176019028198 0.387 1.028 2.083 -18.728825695199497 -0.08176656078177567 5.015442588698453 1.70884905111597 1.0
movable_object.barrier 0 0 0 1223.7078099642379 445.22665093437143 1361.201196295073 538.020494527046 0.336 1.117 2.12 -16.81270177441619 0.11995636864816514 6.1066597897832855 1.654184497937658 1.0
movable_object.barrier 0 0 0 -143.95651789546963 452.77192885186633 539.7804270306735 886.0121436327711 0.427 1.217 2.08 -4.5989587576046995 0.5630315362186271 -2.1395890492449436 2.454142367336228 1.0
