vehicle.bicycle 0 0 0 959.2547290110606 528.9378854534593 1223.6815357585695 1055.015335607344 1.648 1.128 0.518 -3.8820910929846795 0.7786775777915125 0.8802145052755784 -2.346141348263669 1.0
movable_object.barrier 0 0 0 1097.6682187169442 478.6509445789748 1388.8139715461007 690.7435138211289 0.479 1.079 2.04 -7.681181351451671 0.5726199314164261 2.5565078729149757 2.44917208355937 1.0
movable_object.barrier 0 0 0 1315.2212194555877 482.4483533163163 1560.4496479980182 663.7929253534928 0.504 1.054 2.13 -8.794000046063065 0.5897638897546968 4.260389804744664 2.460420850737499 1.0
movable_object.barrier 0 0 0 783.6572325298249 479.1933866078779 1155.0805125149031 723.5146975334329 0.503 1.029 2.031 -6.531446022113228 0.5520308994582113 0.7865782798988631 2.460420850737499 1.0
movable_object.trafficcone 0 0 0 1246.5681192163977 584.7164381666131 1327.3243533694315 745.4686846850439 0.23 0.714 0.303 -6.155039251108343 0.8858678258880657 2.2265320462723412 2.4682375837301187 1.0
human.pedestrian.construction_worker 0 0 0 1197.5036434671267 332.1104038851098 1394.0619317025848 875.3578744801795 0.565 1.821 0.769 -4.720004021347017 0.40463266215856597 1.7580455400268395 1.6726230489783553 1.0
movable_object.barrier 0 0 0 287.2063369230274 470.47140638602514 833.7534338562979 800.6389301566203 0.507 1.121 2.19 -5.376747211386668 0.5587451759505017 -1.0436082065002257 2.4379555025549813 1.0
movable_object.trafficcone 0 0 0 997.0980755305858 604.9949722557699 1104.9327797519345 779.2455392204931 0.295 0.65 0.327 -5.3636005214546225 0.8812492418951099 0.9450054543179592 2.4682375837301187 1.0
movable_object.barrier 0 0 0 1489.4488770753426 479.11838854753427 1694.9580202337563 640.0351934074935 0.524 1.08 2.105 -9.98201434110403 0.5768762151126219 6.032775186827348 2.460420850737499 1.0
movable_object.barrier 0 0 0 -546.5531410203015 478.33213356032974 293.16049890684747 922.6512930822238 0.478 1.129 2.072 -4.1859714942388875 0.5997060617574475 -2.922882640233914 2.4379555025549813 1.0
movable_object.trafficcone 0 0 0 1356.7853660269666 571.835605621938 1438.9198987035488 701.3444590886046 0.287 0.645 0.315 -6.972671603808137 0.8493959881005619 3.1292651966921663 2.4682375837301187 1.0
