human.pedestrian.adult 0 0 0 627.787179598911 396.94968972151156 656.5294170251904 474.54490255663245 0.604 1.737 0.495 -28.979423218988675 -1.004809899865998 -4.202282574705936 2.303509244455178 1.0
human.pedestrian.adult 0 0 0 1538.4173990340385 413.9725240309849 1631.171047386665 584.3351669282152 0.602 1.64 0.731 -12.726061195108864 0.1731364945868718 7.581309543680399 -2.5239747515181623 1.0
human.pedestrian.adult 0 0 0 1118.8131633636372 393.8318356094214 1141.1867362582118 437.4775114369037 0.71 2.0 0.712 -59.00767606407667 -2.970747108056616 14.067464877432121 2.555127234192513 1.0
human.pedestrian.adult 0 0 0 611.5085429710807 392.4737602930074 645.6453945987987 475.9468565273067 0.675 1.8 0.655 -28.01475655961619 -1.005696248949593 -4.362527545549181 2.230041838531572 1.0
human.pedestrian.adult 0 0 0 1469.9950798073444 413.3122259620516 1558.0274204011039 580.8101816704541 0.772 1.65 0.682 -13.077294301150932 0.1535138052385335 7.065926913702696 -2.529574538601069 1.0
human.pedestrian.adult 0 0 0 1182.83823323438 395.7596068336174 1203.3641839216511 438.5996631964666 0.597 1.746 0.602 -52.58155230183421 -2.583894287367232 15.140930427632565 -3.033606159799719 1.0
human.pedestrian.adult 0 0 0 827.1233293501208 372.4357102201577 935.5617626267342 553.8798699009775 0.775 1.655 0.667 -12.106765898836223 -0.17371573053628675 0.5167256302470487 2.4724403935679753 1.0
human.pedestrian.adult 0 0 0 557.8766410176239 393.9956115739789 589.7383438475766 476.73219039462293 0.568 1.798 0.62 -28.16636726643653 -0.9854025933465272 -5.597447932100405 2.2403985970153997 1.0
human.pedestrian.adult 0 0 0 650.1107774304668 394.5262840964179 682.0996976726483 473.61023966650725 0.601 1.8 0.608 -29.496734364606674 -1.061660133369177 -3.722463619713812 2.2642538420120966 1.0
human.pedestrian.adult 0 0 0 576.6257461280824 392.27092559112833 620.4652274976916 477.1250212028529 0.592 1.862 0.875 -28.532297247549927 -1.0140848252208907 -5.115810538933013 2.2508029754979635 1.0
