vehicle.truck 0 0 0 531.966998059344 429.33915265450446 659.8041587892512 499.4437402352599 4.92 2.0 1.832 -38.82719419646111 -0.46841449609133146 -7.112159904371489 -2.505455955326596 1.0
movable_object.barrier 0 0 0 391.3770507199071 468.67641820709565 520.0004474018561 577.924323220485 0.314 1.107 2.111 -14.005781575178647 0.439143064066911 -4.032794749174407 -2.976489940319725 1.0
human.pedestrian.adult 0 0 0 1247.7343547739672 432.61803426867453 1385.8296230310862 643.7549584326716 0.902 1.807 0.709 -11.458946382154846 0.49564760265228414 4.40740001970945 -2.558748258135168 1.0
vehicle.truck 0 0 0 701.8534882709334 396.657625232833 899.6970709692748 496.91867593581065 8.339 3.161 2.703 -44.35652700840271 -1.0924114426189482 -1.108896419773447 -1.7884394690394618 1.0
vehicle.car 0 0 0 1463.8066175250053 458.6042191294717 1825.9708729681151 563.4308816761401 4.94 1.578 1.757 -21.739572952657014 0.44468120761598723 13.728827847272367 -1.8332794860435113 1.0
human.pedestrian.adult 0 0 0 596.3644979931779 420.3645865842699 647.2460747296585 544.8204976234837 0.528 1.725 0.606 -18.025162265886518 0.03828501965389739 -2.904100950399401 -1.6353505238454051 1.0
movable_object.barrier 0 0 0 116.08430876568995 586.6771094938657 760.1470702474946 975.4274425207166 0.544 1.047 2.089 -4.505367316540226 0.955948893919247 -1.3065758202380202 -2.407991181042682 1.0
movable_object.barrier 0 0 0 795.4322704322271 509.8036052110008 1016.5658470152343 627.8260867851959 0.413 1.072 2.27 -13.037690697182523 0.8799822108779969 0.7836281868414143 -1.8577931835865256 1.0
movable_object.barrier 0 0 0 1024.0520256196276 517.8003731287431 1256.6997049217257 640.2995271195144 0.349 0.996 2.084 -11.850307164923661 0.8908783306638716 2.883801184928468 -1.817839041567999 1.0
human.pedestrian.adult 0 0 0 1395.312755587678 443.1767675283214 1520.0351869411534 650.0479216224642 0.743 1.777 0.688 -11.429131225697367 0.5715459831676237 5.662759925187039 -2.512077838300266 1.0
vehicle.car 0 0 0 867.4721116104881 451.8629989640038 1024.019623125008 507.3310211531889 4.502 1.525 2.079 -37.408974296227825 -0.030509839081110116 3.4286867801198673 -1.7734921878015042 1.0
vehicle.car 0 0 0 929.1805986337857 461.8498424439824 2005.4069195790837 1199.000733759098 3.567 1.554 1.583 -4.294377261659184 0.748543509446817 2.270748906877656 -1.6565646892817707 1.0
movable_object.barrier 0 0 0 -1026.0009519633654 626.9010171538562 119.71570326200379 1192.9525182574178 0.575 1.026 2.109 -3.4797342931797797 1.000755317932381 -3.156752916021054 -2.446389861348596 1.0
vehicle.car 0 0 0 -53.54267700320922 438.753383261725 310.91031972145737 575.4195817343777 4.257 1.703 1.842 -17.860478695987307 0.3438241414574543 -9.720539768935959 -1.6809171269726102 1.0
vehicle.construction 0 0 0 104.81338190915044 217.36294747361057 987.9261935722507 759.1788486976711 5.223 2.488 2.93 -8.78742516772069 0.02727702999958082 -1.5661468669819452 -1.7647740521325401 1.0
movable_object.barrier 0 0 0 200.71970036088564 473.9222454995149 393.336248157805 613.5094439647929 0.333 1.09 2.141 -11.060068068500463 0.49774370637021226 -4.527142704864946 -2.9856804544333055 1.0
movable_object.barrier 0 0 0 692.2079752175493 575.0941353237587 1138.7878561266975 885.3554504603457 0.521 1.064 2.03 -5.565047111574224 1.0013918934234665 0.4474354869640203 -2.4693436505629247 1.0
movable_object.barrier 0 0 0 644.0011675212224 494.09622692554865 824.8383854084386 604.2181602723715 0.504 1.108 2.26 -14.34530230981443 0.7439432658252874 -1.0746988231165289 -1.7777444561610274 1.0
