movable_object.barrier 0 0 0 723.3400716212351 463.8352866860026 754.9902249083835 487.47933576038884 0.217 0.994 2.083 -56.41472580803562 -0.18906740071052366 -3.885991462424657 -2.6553525446425956 1.0
movable_object.barrier 0 0 0 624.4647629052198 464.79705104412585 649.8386657796154 485.08719827276263 0.233 0.964 2.379 -64.26125525020986 -0.2505061176349298 -9.576398653228804 -2.7129134268250272 1.0
movable_object.barrier 0 0 0 1141.4209764515338 472.37536597648835 1203.561697563366 514.437370306703 0.182 1.154 2.008 -37.163123735101344 0.38508974186889 10.082359199017727 -2.665524182575595 1.0
movable_object.barrier 0 0 0 774.3110121668874 465.3564033618681 803.9405983154994 496.3922397023156 0.211 1.244 1.927 -53.337334128309706 0.0373502179008722 -1.5799800766037033 -2.7129134268250272 1.0
movable_object.barrier 0 0 0 966.6007111502729 470.26810209805933 1011.933100180739 497.4204519837434 0.177 0.864 2.008 -43.42308625777164 0.130766380909137 5.536331719686653 -2.689181000273482 1.0
vehicle.truck 0 0 0 1140.428299332921 377.07940187714814 1662.36532706306 678.1508626630854 4.972 2.09 1.917 -11.074628666926897 0.3013903821217355 5.143240199133658 -1.6960114734264184 1.0
movable_object.barrier 0 0 0 829.8363809922714 466.783899627996 866.4982119900342 492.38650512739747 0.253 0.946 2.05 -49.94147679359151 -0.015050003726412409 0.8346694174253371 -2.7010380437558297 1.0
movable_object.barrier 0 0 0 534.7988320009899 464.79667042769177 568.333246345927 492.7075348019413 0.339 1.482 4.059 -72.75161417050668 -0.0754499026266296 -15.744938409615484 -2.7129134268250272 1.0
movable_object.barrier 0 0 0 1045.9371157292283 470.29725951632554 1102.2345708828566 502.72698283688095 0.194 0.955 2.167 -40.2727675426219 0.20245486176695038 7.813264910337992 -2.689181000273482 1.0
movable_object.barrier 0 0 0 999.9890189119856 472.70726536907233 1050.4532907309613 510.71326595070985 0.182 1.18 2.068 -42.00530174431854 0.3819093175446506 6.540062908198124 -2.6773428577974707 1.0
movable_object.barrier 0 0 0 599.7749461422903 465.65997345517064 629.3345254088109 489.2293511802728 0.237 1.151 2.946 -66.44824623456766 -0.13153702325544742 -11.085940566830384 -2.7010380437558297 1.0
movable_object.barrier 0 0 0 672.0288301663372 462.01406362962956 698.2992873567107 490.72066794800963 0.178 1.3 2.248 -60.25927652827217 -0.17051065333368864 -6.70710727122365 -2.7129134268250272 1.0
movable_object.barrier 0 0 0 924.6431051310658 466.3547478482252 963.5493323839739 505.9787814626319 0.209 1.351 1.833 -45.33058107251217 0.2166436374911489 4.174016914459848 -2.7010380437558297 1.0
movable_object.barrier 0 0 0 1094.043847513204 472.61385993152885 1147.4765139333294 514.8653719412805 0.15 1.212 1.918 -38.66287551472814 0.41175303552311193 8.920903359014426 -2.689181000273482 1.0
movable_object.barrier 0 0 0 461.36017057994917 457.33192986330437 493.18580719386125 485.6615117254543 0.449 1.727 4.712 -82.53806086347227 -0.5562701820954901 -22.680535210511188 -2.7129134268250272 1.0
movable_object.trafficcone 0 0 0 982.1161535642574 527.9109007420373 1034.2719984029543 618.8961023502033 0.396 0.812 0.268 -11.919858213117855 0.8694542382738386 1.7008286215358959 -1.6988496341198944 1.0
movable_object.barrier 0 0 0 489.61039611327476 466.6602563323741 516.6719882664282 486.66295574248545 0.31 1.139 3.816 -78.90218600234189 -0.20384658951121223 -20.071591438485804 -2.7129134268250272 1.0
movable_object.barrier 0 0 0 888.7229274342288 468.58473478062535 926.467362315258 503.0393893809904 0.169 1.209 1.884 -46.903508991226616 0.2129604527552947 2.9741118362645644 -2.6773428577974707 1.0
movable_object.barrier 0 0 0 695.22712448052 461.96550721709013 720.4866679542083 490.44271367408317 0.195 1.257 1.986 -58.51378969544889 -0.17208666450452104 -5.468205244173245 -2.7129134268250272 1.0
movable_object.barrier 0 0 0 746.3276336769632 465.36752202479573 778.8170442238351 488.8400566939995 0.179 0.955 2.187 -54.9537767878777 -0.12239015180978086 -2.7760612371497984 -2.6789753764294053 1.0
movable_object.barrier 0 0 0 799.7756747201157 466.7002242712469 838.0886629468338 499.9471532847295 0.261 1.274 2.342 -51.55616476962 0.13191322827179602 -0.3248902181733874 -2.7129134268250272 1.0
