movable_object.barrier 0 0 0 1346.071124620441 476.05672451133466 1391.2462755386657 501.85545406862684 0.182 1.18 2.068 -61.08969657802145 0.4337642145565842 26.007876034513163 -2.604706197913332 1.0
movable_object.barrier 0 0 0 777.8408334012084 469.25709128256983 810.3148873580537 490.67489051460274 0.299 1.483 3.339 -92.70745302723968 0.004589897670540688 -2.3853884224604927 -2.640000328714981 1.0
movable_object.barrier 0 0 0 1235.2221560471216 474.62702276644677 1271.425895151589 499.08233339463027 0.169 1.209 1.884 -65.55802155606644 0.3589329484533178 21.972934873580083 -2.604706197913332 1.0
movable_object.barrier 0 0 0 1004.9426447861777 472.6612289190416 1035.8455939619053 495.15292910369226 0.178 1.3 2.248 -76.78296488783816 0.24282873860712026 11.681976851560385 -2.640000328714981 1.0
movable_object.barrier 0 0 0 703.1003291400662 467.35550983356836 743.9184727064979 490.96120913164924 0.449 1.727 4.712 -98.88783216008756 -0.0631611081741591 -8.038415007880554 -2.640000328714981 1.0
movable_object.barrier 0 0 0 1476.5655145301505 475.61679152919675 1527.2901082106155 502.8225306340816 0.182 1.154 2.008 -56.639914247728505 0.4132171602486068 30.04319956944462 -2.592986631268971 1.0
movable_object.barrier 0 0 0 1147.861013590969 472.7270442209163 1187.8907963316358 497.2566281254815 0.261 1.274 2.342 -69.28718208571485 0.2760973597811723 18.567291614317373 -2.640000328714981 1.0
movable_object.barrier 0 0 0 1037.0575516937686 473.6532251106315 1065.9569745039553 495.79494801853133 0.195 1.257 1.986 -75.20926207402333 0.2868801172234655 13.28293154480863 -2.640000328714981 1.0
movable_object.barrier 0 0 0 1116.912738566458 473.2490179307185 1148.4334605189292 496.4651650833596 0.211 1.244 1.927 -70.94781700173453 0.277461581832866 17.0545028601964 -2.640000328714981 1.0
movable_object.barrier 0 0 0 1526.3493677539557 476.48683711721253 1581.440741698133 503.90393021253806 0.185 1.127 2.074 -55.09282351003049 0.44361769080395463 31.470362859706455 -2.592986631268971 1.0
