movable_object.trafficcone 0 0 0 488.25663791370545 551.6646958308127 557.7554858138452 672.9180282560462 0.396 0.812 0.268 -9.062339159732892 0.933543358284463 -2.1620383797756944 -1.6951052036734922 1.0
movable_object.barrier 0 0 0 577.9649038259375 463.9026432777573 601.3938684347837 493.3225276865356 0.178 1.3 2.248 -59.162943661979014 -0.06310000492325957 -11.023412907245788 -2.7181734647765596 1.0
movable_object.barrier 0 0 0 512.6744420051849 460.13136611311563 539.0178291444785 484.0679597558841 0.237 1.151 2.946 -65.30716186106996 -0.40330149032019125 -15.446832361841185 -2.706280650483273 1.0
movable_object.barrier 0 0 0 598.299789159901 465.8909678428304 621.020620251572 495.1665717422993 0.195 1.257 1.986 -57.35645030475522 0.0261429520873864 -9.785263302016032 -2.7181734647765596 1.0
movable_object.barrier 0 0 0 641.3688613048175 461.7730492495898 668.5348386226933 485.85202644747 0.179 0.955 2.187 -53.615249842902436 -0.2582568930465231 -7.241584503047924 -2.7198160608325894 1.0
movable_object.barrier 0 0 0 1317.9495110701173 482.5398103316524 1418.6015897591028 535.0692587593925 0.227 1.027 2.097 -27.395545073800044 0.6075366900378338 11.630865504637917 -2.650317338641284 1.0
movable_object.barrier 0 0 0 617.5772671849435 466.5466257306787 643.5505019389319 490.75926505677677 0.217 0.994 2.083 -55.56470858502144 -0.05547908613211672 -8.56831611637394 -2.7079207967724557 1.0
vehicle.truck 0 0 0 591.1402476520702 351.3476344887581 1370.9429240526824 794.2588683454093 4.972 2.09 1.917 -8.223368205254198 0.42226628236190733 1.1979630323038628 -1.6922943587353556 1.0
movable_object.barrier 0 0 0 556.0743944121007 462.6568174529389 581.2703991793496 485.7026165687075 0.227 1.043 2.253 -61.04816441789953 -0.2747380853657473 -12.3822374081851 -2.6825497852642606 1.0
movable_object.barrier 0 0 0 422.05297472518885 462.339742752604 446.107093705261 482.65003021508056 0.31 1.139 3.816 -77.6894973959428 -0.4548719647135032 -23.977777865593737 -2.7181734647765596 1.0
movable_object.barrier 0 0 0 536.6649524422025 462.25613917946185 559.3674010438581 482.9639194963665 0.233 0.964 2.379 -63.13287266510786 -0.36171796861093053 -13.829493095315845 -2.7181734647765596 1.0
