movable_object.barrier 0 0 0 1378.4934048952111 539.825908434005 1554.469721800687 743.3356954076098 0.587 0.999 2.137 -7.912336905380705 0.9241674759110935 4.024837156871145 -1.6750351079553356 1.0
movable_object.barrier 0 0 0 1253.0580948945444 526.5104072395601 1521.0928734136742 650.9905714161724 0.58 0.789 1.942 -10.03989519567509 0.8120965530918509 4.349393515086746 -1.6549561381988198 1.0
vehicle.car 0 0 0 1404.573476237147 469.35938883551086 1622.839081981314 535.9158555366276 4.173 1.421 1.771 -30.163750414284745 0.49573501907640494 16.184173425174887 -1.7815277875084465 1.0
movable_object.barrier 0 0 0 939.5063945741512 486.76052501809875 1072.6353887918156 547.9157425869067 0.588 0.913 1.986 -19.819101270619935 0.5813225306064178 2.796729387109268 -2.306834066800162 1.0
movable_object.barrier 0 0 0 993.4384426802451 558.0565988756646 1369.8589433854575 781.9357076498659 0.604 0.963 2.111 -6.752993574112702 0.9403849602537512 1.922928016721111 -1.822843013300436 1.0
movable_object.debris 0 0 0 1465.0546435341455 476.5451620444619 1519.7751787046602 532.7455204594501 0.608 1.213 1.169 -28.25261923898689 0.5448246598297638 14.783395127950666 -1.774296508024631 1.0
movable_object.barrier 0 0 0 1069.8871530739236 492.18504998991693 1198.8060173574697 559.3875496533944 0.597 0.91 1.989 -19.135621367547618 0.6669156727381274 4.5936186536241115 -1.6683055653328012 1.0
movable_object.barrier 0 0 0 1005.0204236077453 489.80821002126993 1188.275651296866 582.2958487021235 0.577 0.968 1.967 -14.614718664285682 0.6229246623744022 3.091768282033587 -2.33754587267493 1.0
movable_object.barrier 0 0 0 1019.1933880000189 506.6883336924924 1288.926753445123 616.5429721163973 0.569 0.854 2.324 -11.676659782428908 0.7133675748400737 2.9611578447477345 -1.810468555210023 1.0
vehicle.car 0 0 0 1117.5943343798938 445.8935147843057 1285.4639980797724 516.839810235741 4.607 1.98 1.882 -37.93973096553602 0.014930296576634486 11.086968967299521 -1.7888528551062306 1.0
movable_object.barrier 0 0 0 1170.3338081207903 496.5333613051805 1326.4357869416026 570.7067761598896 0.611 0.9 2.076 -17.43568820307438 0.7083154097173452 5.735909027435489 -1.6683055653328012 1.0
movable_object.barrier 0 0 0 1176.6891081189783 498.41435571439035 1326.1184225656068 578.0517074379298 0.619 0.901 1.985 -15.478545682677183 0.6862254396607127 5.183580150699485 -1.7963135018091716 1.0
vehicle.construction 0 0 0 85.0143270016845 221.23354767505316 632.0527940447076 743.1114490380756 2.051 2.341 2.158 -7.182496236375538 -0.0034425143853495203 -2.61726516873097 -1.7728147748462142 1.0
movable_object.debris 0 0 0 1427.6743741487005 476.4758740961814 1486.002142247667 534.0275626293229 0.617 1.2 1.216 -27.3356654196739 0.539426947562044 13.539850774921886 -1.774296508024631 1.0
