human.pedestrian.adult 0 0 0 866.86396468 442.0111940204295 923.4307984517077 584.0229900986059 0.675 1.884 0.741 -17.263282076294043 0.4407972956920505 0.9275149694506327 -2.1210955316828244 1.0
vehicle.motorcycle 0 0 0 -1646.5478275361359 532.3348108535848 275.35635079892495 1635.5584036934495 2.392 1.37 0.828 -2.7325862564777466 0.8404367411024323 -2.560453250823944 -2.6805524960146556 1.0
vehicle.car 0 0 0 945.1398301823807 457.6881745791999 1365.519574885813 620.8944838488114 4.662 1.606 1.815 -14.933643975455952 0.5762309486968257 3.637232675182672 2.4991832557051064 1.0
vehicle.car 0 0 0 1346.2990487767233 472.60865920921134 2002.5854759126582 730.4955703178813 4.198 1.701 1.773 -10.613159884330404 0.7980833339060392 6.7806288858929795 2.5108167819444756 1.0
vehicle.car 0 0 0 525.8093043480927 469.5891396550166 717.7517601307269 566.2198057796958 4.456 1.579 1.854 -23.173230070378626 0.6152357485013462 -3.835343828938904 -1.807252298037989 1.0
vehicle.motorcycle 0 0 0 817.7593772961729 451.74169142859 1385.4301657158708 1065.1806198184668 2.317 1.62 0.744 -4.4260841149928805 0.7364865079233504 1.0735882118215707 -2.608431910896334 1.0
vehicle.car 0 0 0 44.377248172917405 463.57901234271486 225.6208468520971 588.1124660978502 3.933 1.588 1.856 -18.36846988026989 0.5803370557867762 -10.059437545842034 -1.7849020928171795 1.0
vehicle.motorcycle 0 0 0 528.9798284581398 520.2999158256204 984.5102166540672 813.0657618558834 2.206 1.232 0.971 -6.6771569515133695 0.861275242014106 -0.32128090624080635 1.6701518154463688 1.0
vehicle.car 0 0 0 376.89192681823533 469.84528223299293 570.117132830639 569.1057577768801 4.167 1.521 1.888 -21.746072873943127 0.6006894992346048 -6.122335464974045 -1.7849020928171795 1.0
vehicle.motorcycle 0 0 0 1046.595091303765 473.5743471490699 1696.4686466674923 1183.380833074187 2.417 1.514 0.913 -3.874231850372603 0.7456915203727991 1.7838785368148866 -2.6137753237438837 1.0
vehicle.car 0 0 0 642.7922390375373 468.6507538714243 838.6662719765172 555.0983862567841 4.477 1.489 1.907 -24.328793697322556 0.5453874821753372 -1.752461229324753 -1.8168802976153078 1.0
vehicle.car 0 0 0 1274.4279206721003 467.79739823420783 1460.3603743420842 527.3567318599554 4.539 1.578 1.833 -36.08355612040625 0.4629334150837012 15.240048494188102 2.499392411777978 1.0
vehicle.car 0 0 0 264.49256786896325 452.34880819434125 685.09948138248 695.8953501410414 3.956 1.467 1.808 -9.790964484192465 0.5606316299983173 -2.8805327633241227 2.4991832557051064 1.0
vehicle.car 0 0 0 749.0114961866944 472.85574969256515 1145.7311893669016 651.00986703593 4.042 1.489 1.794 -12.82693558228434 0.6817563216294683 1.0368563289959252 2.4760015127729833 1.0
vehicle.car 0 0 0 -178.58874708537323 450.70520239801317 21.9120960880347 597.6962392046845 4.239 1.684 1.846 -16.86964213194304 0.5018051826461062 -11.815765284547563 -1.8147478655258906 1.0
vehicle.car 0 0 0 227.32404854190605 463.54621667982576 389.0327640116023 576.7693348705036 4.445 1.635 1.766 -20.734421583879577 0.5753860935081535 -8.538992537247918 -1.8147478655258906 1.0
vehicle.car 0 0 0 1100.7923904099164 425.4528422423333 1866.9823461915148 771.7706889635988 4.551 1.842 1.762 -9.114638072819973 0.6227863091223881 4.319194480199928 2.5038333169316918 1.0
vehicle.car 0 0 0 -140.597727479846 438.7455893972016 272.34698709110353 764.1926879196923 4.417 1.498 1.783 -8.160812152786498 0.5512400597223176 -5.048665640898614 2.4991832557051064 1.0
