vehicle.motorcycle 0 0 0 342.1636332891305 495.28926903891454 605.5584057409707 674.9377807907471 2.022 1.385 0.654 -10.477990809410853 0.8368208059100737 -2.8620939277458985 1.6031845175991641 1.0
vehicle.truck 0 0 0 1434.1226008736833 432.3708522598267 1637.40713328996 515.9179828392159 5.383 2.019 1.751 -33.6704436987816 -0.19248466200249456 18.558296083363693 -2.197472442751815 1.0
vehicle.car 0 0 0 784.4587176140058 441.9531781526631 945.4348499839804 496.5548776386877 4.549 1.631 2.315 -39.99855408956263 -0.3342768174423039 1.1728017312681374 2.9387998492523746 1.0
vehicle.motorcycle 0 0 0 323.34932255570385 476.30016894186116 622.1536529846343 670.681333642911 2.083 1.367 0.64 -9.528402364878326 0.67291670986524 -2.6009843084094477 3.000588531217293 1.0
vehicle.car 0 0 0 393.5511144969492 435.51029705085523 556.2046058162174 496.79205936612124 4.262 1.628 2.073 -35.65984416789349 -0.3822706723893482 -9.784160338826698 1.6062052291789861 1.0
vehicle.car 0 0 0 272.3212201281791 440.60560229299114 749.6615509968669 622.7638597298469 4.257 1.617 1.971 -12.67882065212472 0.45546016821544133 -3.0266875711137713 1.6031625433513277 1.0
vehicle.car 0 0 0 904.7305749660555 446.7955395711242 1038.5799159986648 493.7261479811118 4.313 1.612 1.945 -45.492752695321656 -0.3427557313949149 5.170937770536152 1.6183656684054881 1.0
vehicle.car 0 0 0 1146.681092638777 452.0578334908877 1462.7299173890995 567.3313699398501 4.219 1.577 1.855 -19.06951621013687 0.4017023983982002 7.144778124005507 2.886051812052324 1.0
vehicle.bus.rigid 0 0 0 942.2622508645856 383.01383904199577 1148.6978945604997 492.8910891485012 11.571 3.86 2.996 -50.75331313667098 -1.6021236480312784 8.317236436183997 -2.3027533511662197 1.0
vehicle.car 0 0 0 1061.6658313714881 431.51241745439734 1332.6249800401201 556.1228843024867 3.996 1.945 1.809 -21.32226370520483 0.20950002978339666 6.179019886679042 2.917212329681515 1.0
vehicle.car 0 0 0 393.3025159160436 433.4458932681345 629.8585826069439 556.0547443632897 3.839 2.0 1.898 -22.221985385829868 0.23356223772821832 -5.50671119475361 2.9231154489738547 1.0
vehicle.car 0 0 0 1466.9321696581458 455.84311152630994 1607.2396410846964 510.73258974495275 4.436 1.657 2.035 -40.85067280545898 0.08997414477356983 22.823599472115436 2.7395261531389217 1.0
vehicle.car 0 0 0 1000.436882764881 444.85701336289884 1255.5917662286138 537.6964921817514 4.303 1.627 1.804 -23.803933625447755 0.19246210264482966 5.6153274918391185 2.9175589028920523 1.0
vehicle.car 0 0 0 728.886878290203 440.5399314766202 883.7245908691482 491.89729769078866 5.079 1.712 1.76 -44.319649537770715 -0.4671583184725535 -0.7117267599357504 2.914381098509679 1.0
