vehicle.car 0 0 0 261.1581427290023 457.8343758620849 444.40740470825773 575.7801931505459 4.537 1.635 1.91 -20.072814933707186 0.4916827620706166 -7.579111395031542 -1.8199661226269335 1.0
vehicle.truck 0 0 0 1510.5225514344052 439.77972733901186 1916.7888220548439 579.0468425680712 5.146 2.0 1.951 -20.80275593643135 0.3986022683588953 14.310432847693827 2.5865072795444917 1.0
vehicle.car 0 0 0 529.2825310202007 452.89208065404955 959.8627698341855 694.2759574865988 3.963 1.592 1.952 -10.587808070169816 0.5998282362188042 -0.884425565579354 2.440826172841648 1.0
vehicle.car 0 0 0 1427.4929730234076 472.54089950032795 1621.6996771474376 533.5881894207996 4.381 1.559 1.789 -35.3314135106932 0.5954128494433857 19.276871076949913 2.470064285851917 1.0
vehicle.car 0 0 0 -342.59381586834695 434.6491563468514 126.25976109300744 786.763807448584 4.724 1.583 1.798 -8.222005576323122 0.5665029462577132 -5.578248952239489 2.4066940951580342 1.0
vehicle.car 0 0 0 1570.4903310245543 477.8569691700364 2271.8140961009067 725.1117452580202 4.064 1.589 1.742 -10.540471881613767 0.7989618134558114 8.726627763981911 2.4626039103190767 1.0
vehicle.motorcycle 0 0 0 -109.2055852213302 529.4907302631619 803.2045227351628 1203.1327303438634 2.212 1.31 0.739 -3.5311757633952072 0.831384202011628 -1.2015869151961698 -2.730019950786054 1.0
vehicle.motorcycle 0 0 0 1496.2339058520195 518.9726939837786 2010.300837802305 1052.0763240515564 2.12 1.316 0.792 -4.248461758842551 0.8219819527768563 3.15758334971026 -2.6859386613033553 1.0
vehicle.car 0 0 0 722.7317273060964 431.3807659941362 1060.1577371014937 593.2657887842287 4.927 2.102 1.914 -18.800139940281678 0.4134616675855581 1.0600935927834276 -2.6695487511178957 1.0
vehicle.car 0 0 0 1090.2520695228907 467.2033920866158 1522.4741103782108 624.4760850197706 4.783 1.581 1.691 -15.334329166660762 0.6498725635266219 5.518381556759338 2.4626039103190767 1.0
vehicle.car 0 0 0 1323.4063362165862 451.97033064585 2124.65081418626 775.4419423164104 4.385 1.765 1.844 -9.277002976872794 0.7092636792356323 6.120920456652446 2.4626039103190767 1.0
vehicle.motorcycle 0 0 0 1198.4345865989455 472.3641356588922 1706.5708932236116 954.3363551991906 2.151 1.536 0.69 -4.909301063277608 0.7460611291059349 2.46493304670971 -2.7579584561718757 1.0
vehicle.motorcycle 0 0 0 -249.49544749017898 566.5681125351638 1101.6403844799192 1800.6348220878451 2.063 1.323 0.688 -2.291148728494159 0.8749073091724703 -0.5280405605495364 -2.769705297490658 1.0
vehicle.car 0 0 0 542.4252874446546 460.918637182172 740.9867826682165 564.3783996100677 4.311 1.664 2.012 -22.82853314038201 0.5083235308270463 -3.421504721689748 2.4365207910364663 1.0
vehicle.car 0 0 0 88.58111794628734 458.0422726559224 258.0144349525034 589.749047692129 4.199 1.662 1.958 -18.361388178096362 0.5370768830783533 -9.506529054480893 -1.827646846062982 1.0
vehicle.car 0 0 0 395.53915126199314 466.38682794399983 591.6430716429687 573.8140525760562 4.774 1.626 2.002 -21.894114434083555 0.5931173205477769 -5.84813792317372 -1.8199661226269335 1.0
vehicle.car 0 0 0 920.7245470392575 477.59551876115245 1341.6081680946706 654.1341100713959 4.362 1.501 1.701 -13.39613784538269 0.7490849528204383 2.972644864967936 2.447115331875546 1.0
vehicle.motorcycle 0 0 0 856.8203648995498 522.5565839846374 1292.2645307304197 784.2390055627856 2.622 1.233 0.758 -7.337656879209692 0.8988710064544055 1.4887167937136279 1.6516979038413764 1.0
vehicle.car 0 0 0 187.16751635278246 438.47943128455677 619.1822943857737 742.2784424851495 4.421 1.616 1.938 -9.150437487010626 0.5669562062795628 -3.275167759191233 2.4522680830055688 1.0
