movable_object.trafficcone 0 0 0 701.1691527522333 576.7308461342211 772.0620033138277 696.6484604346758 0.327 0.714 0.375 -8.246336081112965 1.0062942675108735 -0.5796912375074409 2.937251405773564 1.0
movable_object.barrier 0 0 0 493.19264748250845 472.30630121302124 550.1022650487953 547.4045586541391 2.252 1.034 0.424 -18.879880172148898 0.4139670957703571 -4.49906792080959 2.148479835867045 1.0
movable_object.barrier 0 0 0 1112.19864675577 494.81774854493017 1286.9176795983483 599.0477384111566 1.935 1.037 0.502 -14.240052068209595 0.7155162412026335 4.130306406381445 2.5174757469172118 1.0
vehicle.car 0 0 0 1121.5801304347322 453.14155493983037 1355.0274319684104 532.2672260590633 4.814 1.66 2.128 -29.29802690757177 0.24474133095873007 9.345257098479594 1.797412521053726 1.0
movable_object.barrier 0 0 0 1408.3047825058 496.17664022920576 1788.3903559346722 685.5497445700696 2.725 1.337 0.512 -10.752236108634474 0.847774588595968 6.379216044779233 2.5119832885211046 1.0
movable_object.trafficcone 0 0 0 521.6791489554624 696.1419144432755 655.5327986213028 971.9419544039173 0.348 0.788 0.341 -4.221397243355932 1.1505013814243865 -0.7939659691297909 2.3895914529313025 1.0
human.pedestrian.construction_worker 0 0 0 1239.155252804217 532.1576515916786 1405.0639648514427 666.2073999241437 0.983 0.884 0.993 -9.651431094830373 0.875547918804328 3.7200315901555157 2.1987772729228556 1.0
vehicle.motorcycle 0 0 0 1229.9975952583268 448.9882416239317 1379.9542853537878 556.2566055186292 2.431 1.862 0.891 -23.319969281417514 0.3801706249035146 8.724111443485192 1.7678918872344944 1.0
vehicle.truck 0 0 0 797.7518881110423 400.2785515688708 1034.3106017972366 511.9198487678066 7.796 3.097 3.028 -39.36595723649632 -0.705459077057861 2.546795869897937 1.7851749531524934 1.0
vehicle.car 0 0 0 -370.5113898657454 440.5044343038135 114.21528227921115 588.8715076894835 4.699 1.608 1.403 -15.908622363517857 0.3899973471304528 -11.726638085519166 1.7212326622736818 1.0
movable_object.trafficcone 0 0 0 766.9609858184357 688.1167257002328 891.4085639876286 929.1080424026759 0.309 0.74 0.312 -4.479634940899037 1.1378293608280459 0.005949471064822284 1.6465869333343521 1.0
movable_object.barrier 0 0 0 1450.9873604673853 531.624499789516 1734.2839892378195 746.8140771686415 2.22 1.108 0.509 -7.62458678470144 0.8866341826191926 4.6325381584895435 1.6639475065142992 1.0
movable_object.trafficcone 0 0 0 257.40362423849683 712.7944749689573 397.0316284920485 997.2394054959345 0.332 0.734 0.358 -3.8742071882213507 1.1172902362060835 -1.5243672872070515 2.3895914529313025 1.0
movable_object.barrier 0 0 0 1258.9603759763086 505.99302092293476 1458.8065972632805 620.922339834868 1.999 0.984 0.449 -12.644183874958333 0.7884716309291667 5.226014497470975 2.398233350050379 1.0
human.pedestrian.adult 0 0 0 418.1530852380929 431.049042733751 498.8487719600062 564.5387848011759 0.805 1.675 0.548 -16.426633860830478 0.22414960767693565 -4.746132400687339 3.0003620198025835 1.0
human.pedestrian.construction_worker 0 0 0 1186.4439415058473 489.65782886227936 1319.1940646136209 617.8167601582 0.928 1.161 0.766 -12.352923058062501 0.690998946035795 4.130270361168672 1.7594855248554548 1.0
movable_object.trafficcone 0 0 0 921.6129564378705 510.65696226943663 952.7044265527262 559.4119093816171 0.318 0.679 0.325 -18.224155481091227 0.7893306565793323 1.5818491421631669 2.322714537997003 1.0
movable_object.debris 0 0 0 1420.966666418742 480.06183609189117 1502.6396562501568 537.5441459687665 1.092 1.188 1.108 -27.391324505590905 0.6181832260876015 13.662926852090127 2.370303935829565 1.0
movable_object.trafficcone 0 0 0 -17.552434851805433 742.4992749233716 153.976371346106 1060.6802608868095 0.419 0.735 0.378 -3.6528033824283637 1.177264751376565 -2.1587933367276544 2.3895914529313025 1.0
human.pedestrian.adult 0 0 0 817.0792558107318 423.9483523878756 935.9717905713039 617.1492596267786 0.984 1.862 0.634 -12.779739201302423 0.3860127227906749 0.5045836147025096 1.6202353595782677 1.0
movable_object.debris 0 0 0 1470.780015920084 486.73037726065445 1552.2057091902368 542.3677381356533 1.05 1.193 1.223 -28.489966116424007 0.7720597198021435 15.324979088221033 2.367219202352315 1.0
movable_object.barrier 0 0 0 893.274736563131 551.1220130671907 1432.9460756205963 870.4219131939768 2.232 1.114 0.584 -5.294567349959187 0.8764693283035216 1.4277919736161921 -2.864292704154108 1.0
