movable_object.barrier 0 0 0 1548.4162134307405 506.9440074992261 1877.5944820075063 697.5632537080513 2.232 1.114 0.584 -8.244057256377282 0.7434631196256993 5.758296824931407 -2.873087684681675 1.0
human.pedestrian.adult 0 0 0 1168.898775858128 422.3110702466514 1261.1861045011349 577.3022498915399 0.984 1.862 0.634 -15.779525943860794 0.2314730838239316 4.8186682476746805 1.6274024928453157 1.0
movable_object.trafficcone 0 0 0 1282.2318612900046 605.4060825992883 1383.4683437441097 757.756996562391 0.332 0.734 0.358 -6.747483851619282 1.0567908859873816 2.681095051404398 2.3841076459913495 1.0
movable_object.trafficcone 0 0 0 1221.9621100715997 542.3078184680551 1262.9658450262814 628.3506539643753 0.327 0.714 0.375 -11.229515301422714 0.924033626156176 3.6684873710707815 2.9296491719655524 1.0
vehicle.truck 0 0 0 924.749909505101 395.9480490975181 1157.3920993793256 498.84651484959784 7.796 3.097 3.028 -42.378423678396246 -1.0351353380610655 6.924312902722966 1.7940401068051477 1.0
movable_object.barrier 0 0 0 350.0231538309852 433.6523592420137 545.7770218362087 618.1052181977426 0.579 1.419 2.338 -11.019052051568602 0.34341172015256266 -3.1962023103882253 3.009550659285516 1.0
movable_object.trafficcone 0 0 0 1401.4905487275419 580.5875396208878 1500.0989078988675 730.8283256438311 0.348 0.788 0.341 -7.187428593851685 0.9813187461434375 3.52052973015537 2.2845980373061785 1.0
movable_object.debris 0 0 0 1547.5773836710084 467.8829169381745 1623.4292329919465 519.356227114444 1.092 1.188 1.108 -30.30021686885997 0.32161238939127695 18.06057218805419 2.36491777055555 1.0
vehicle.car 0 0 0 121.41979849268799 448.10539191514016 482.71510891754014 571.1093702330382 4.699 1.608 1.403 -18.710691896047717 0.3820727901534441 -7.567368725029497 1.7116183915750174 1.0
movable_object.trafficcone 0 0 0 1189.656695792265 518.5403945058343 1241.1795601141446 598.4312120058842 0.448 0.817 0.344 -13.570385385405457 0.8326749815309479 4.1420935872107325 2.2186755939655276 1.0
human.pedestrian.adult 0 0 0 839.1326107743157 437.5922630016772 898.1421804206165 547.6601805272038 0.805 1.675 0.548 -19.79192181575561 0.19162610734765023 0.6574119967732008 2.9925751638031395 1.0
vehicle.motorcycle 0 0 0 1392.7338766900687 438.34528249444406 1533.8931641222039 533.052023543835 2.431 1.862 0.891 -26.254171206502992 0.09738506106541943 13.095620768014438 1.7766619188129535 1.0
movable_object.barrier 0 0 0 1375.0099891539558 478.83655465663537 1536.2825385722983 562.3332396665458 1.935 1.037 0.502 -17.22842239020032 0.5233307065185682 8.47447831055526 2.4912971185494612 1.0
movable_object.trafficcone 0 0 0 1112.868301768565 491.8096984876179 1151.4408937175428 547.1734576530283 0.524 0.873 0.419 -20.6462053335954 0.6400558682147803 4.953549031449409 2.215730977981453 1.0
vehicle.car 0 0 0 1261.7985372634735 444.3338762682285 1485.3901066113558 515.5310540269653 4.814 1.66 2.128 -32.266184807165224 -0.03244049650851504 13.740336821833692 1.8063391092016792 1.0
movable_object.debris 0 0 0 1588.8706873966735 472.8974219685277 1664.3067330145043 522.8857080235678 1.05 1.193 1.223 -31.39402358318715 0.43895311358342914 19.72758509326472 2.3618488509906683 1.0
movable_object.trafficcone 0 0 0 1190.736644025119 593.6493456946417 1276.9886260066633 751.6274770988285 0.419 0.735 0.378 -6.6324623804328215 0.9889800277708942 2.1263160425423724 1.893543456955717 1.0
movable_object.trafficcone 0 0 0 1506.4566032437403 594.0075528655871 1592.3778836042388 730.3403302827121 0.309 0.74 0.312 -7.4937714850892965 1.0631228763722065 4.254041227860439 1.6483860441057292 1.0
movable_object.barrier 0 0 0 1522.008576640532 485.63707402387854 1710.6348659158514 575.4613120069546 1.999 0.984 0.449 -15.516170040686317 0.5853882762925713 9.569227025839938 2.3927064715498583 1.0
human.pedestrian.construction_worker 0 0 0 1474.4840095324269 474.8744968306732 1585.84905151914 576.3876497470745 0.928 1.161 0.766 -15.316891679395436 0.5304345386605002 8.461953246938975 1.768205387851756 1.0
human.pedestrian.construction_worker 0 0 0 1566.956690459347 507.528299362462 1723.1870295835192 606.3110284466719 0.983 0.884 0.993 -12.593919317050167 0.7414420983305471 8.06381216181216 2.2083733985295044 1.0
movable_object.trafficcone 0 0 0 525.9908254668358 507.3692335622608 612.1682125663299 609.6287210240948 0.51 0.803 0.478 -10.637852620780984 0.644677690462279 -2.1499352273255306 1.8225793359111968 1.0
