movable_object.barrier 0 0 0 1314.8776685984235 459.94168713484254 1385.780680488005 500.3842016089065 2.871 1.232 0.474 -39.551562633508155 0.914826764085737 16.46362116255894 2.7349087266166574 1.0
vehicle.truck 0 0 0 -2087.868825734596 -699.3497815164328 1308.8422795224496 1247.711286994124 12.004 4.174 2.936 -7.3276924763969085 -0.32631792162266954 -2.148937311943754 1.669161916606516 1.0
movable_object.barrier 0 0 0 657.6748357849726 448.52296271116717 735.5490354195115 500.84729747186736 1.636 1.083 0.386 -26.74369600896592 0.5026288083781587 -2.7684848420693045 2.7227628356138336 1.0
vehicle.truck 0 0 0 147.8614114875523 358.7677904443209 806.4544457424739 648.1952537911384 5.109 1.994 2.029 -10.939650862054496 0.37716973095175266 -2.888892542313927 1.6665090573199866 1.0
movable_object.barrier 0 0 0 970.6961860519255 453.3695564480602 1034.0622913118996 501.82355887404964 1.721 1.185 0.37 -31.5083425066929 0.6653341624727697 4.394643225992032 2.7349087266166574 1.0
movable_object.trafficcone 0 0 0 1402.9551979167009 452.74348523633427 1434.0691546033727 517.0305602407199 0.395 1.262 0.379 -25.05650366776186 0.6720535337571596 11.777113642221856 2.4368440265199514 1.0
movable_object.barrier 0 0 0 19.73738005055051 435.21875099460317 249.39439034697392 548.0030217571192 2.136 1.153 0.552 -13.697006575330796 0.4253504722849648 -7.509252277943526 2.7150436977293975 1.0
movable_object.barrier 0 0 0 1211.563529363163 460.4158529379665 1271.1632908012516 499.85652128958003 2.094 1.119 0.422 -36.68731518786788 0.8477656085294842 12.08784930246856 2.722871097924047 1.0
movable_object.barrier 0 0 0 728.3874053750689 448.2034537140765 799.184880954645 499.6550917245111 1.546 1.102 0.401 -27.634970863600802 0.5030174460293203 -1.3869187081267051 2.7227628356138336 1.0
movable_object.barrier 0 0 0 243.14979772002 440.1333501227681 451.82991592354847 548.8349631626078 2.243 1.219 0.536 -14.981936244686688 0.5002064161347934 -5.681286651220724 2.71875810036125 1.0
movable_object.barrier 0 0 0 1260.4644594803176 459.430216633986 1327.744477053591 501.15609168440136 2.598 1.224 0.432 -38.023610605926805 0.8828143198824456 14.126885874849679 2.722871097924047 1.0
movable_object.barrier 0 0 0 1168.4509208926397 459.46366429455617 1222.9614767791031 503.5902769952227 1.789 1.218 0.395 -35.575491022880875 0.8608652903641383 10.428128414943748 2.722871097924047 1.0
movable_object.barrier 0 0 0 1024.7633456454053 456.7048410365168 1087.6898172704418 502.5632102095345 1.796 1.156 0.384 -32.516389526706014 0.7386553845295014 5.927282519445949 2.7349087266166574 1.0
movable_object.barrier 0 0 0 587.2568400083663 449.6026696016915 765.3331312756337 541.3839238907121 2.453 1.198 0.528 -17.39984619625056 0.5981154790636387 -2.055634946833458 2.7188663114763134 1.0
movable_object.barrier 0 0 0 380.73478793089487 440.06081162976346 497.1044307405682 499.3522230853528 2.039 1.082 0.448 -23.744946139887976 0.353418786908476 -7.313542442606076 2.7267935250128996 1.0
movable_object.barrier 0 0 0 489.3270709598781 444.5484511658806 583.5140405368187 497.9221181360648 1.754 1.032 0.434 -24.97427358694814 0.40395246331968304 -5.766701023632398 2.8030691141528408 1.0
movable_object.barrier 0 0 0 789.8563873855468 447.3437498929515 855.8810450358444 496.2257854322992 1.532 1.083 0.361 -28.53078415782852 0.4719686273960045 -0.09214594321930743 2.7227628356138336 1.0
movable_object.barrier 0 0 0 1455.7843984496108 467.84007302329223 1505.2864427948916 498.11089604063756 2.322 1.022 0.431 -43.70491881889211 1.1083921597416466 22.707929437695363 2.722871097924047 1.0
movable_object.trafficcone 0 0 0 1177.3867000557777 442.2381624491374 1214.9746486387219 516.6872981601738 0.458 1.276 0.399 -21.913171858009633 0.49139023631740286 6.426149251875233 -2.4893756104992217 1.0
movable_object.barrier 0 0 0 1124.9070039275487 457.5620978355818 1180.1324285702276 504.5013679774385 1.741 1.261 0.352 -34.55837724137765 0.8233729573751623 8.94356286218322 2.7349087266166574 1.0
movable_object.barrier 0 0 0 913.5161754877776 448.8237494729981 980.1006877389692 499.15646036349324 1.727 1.192 0.363 -30.49902662026451 0.5577493402705587 2.907207866914474 2.7349087266166574 1.0
movable_object.barrier 0 0 0 748.925746981098 450.1995570068663 893.6124826613691 527.7980017067093 2.22 1.097 0.51 -18.70703714055941 0.553486240413445 -0.06577513615009936 2.7188663114763134 1.0
movable_object.barrier 0 0 0 438.8130656203983 448.25278124775326 602.2682410578722 553.7848160913004 1.949 1.284 0.548 -16.14006815122995 0.6226429643923073 -3.9152759551329184 2.71875810036125 1.0
movable_object.barrier 0 0 0 1526.0401907674936 460.194847989735 1583.815097466005 492.3712623477129 3.17 1.163 0.475 -46.875160547883446 0.9428205906408359 27.13315343601058 2.722871097924047 1.0
movable_object.barrier 0 0 0 1145.3945046262588 459.1415085794321 1249.2308227048309 519.994506248 2.22 1.087 0.546 -23.511344327077406 0.7103365680972492 6.933113020713296 2.7188663114763134 1.0
movable_object.barrier 0 0 0 1491.9143823324703 465.12007946390634 1544.2928414414514 499.1072123684229 2.59 1.184 0.47 -45.10282946159291 1.1127358017483169 24.78273978271411 2.722871097924047 1.0
movable_object.barrier 0 0 0 847.8460670834459 446.3899571760139 922.2208700593272 495.4289587492393 1.863 1.121 0.356 -29.490804367864346 0.46827738694262366 1.3653967048930244 2.7286350357231957 1.0
movable_object.trafficcone 0 0 0 1449.9494211053577 452.2860920087185 1482.7534243561408 516.5569652278505 0.416 1.316 0.443 -26.150755391326268 0.6915876305402096 13.286158566847604 2.4487494138127737 1.0
movable_object.barrier 0 0 0 1414.0800741174999 464.1141973447661 1467.9885689882178 495.54193740492315 2.428 1.028 0.438 -42.362116456317466 0.9695646820265877 20.68156674891126 2.722871097924047 1.0
movable_object.barrier 0 0 0 1372.9882840798136 463.28633108158294 1429.0301185079622 496.1031501763917 2.295 1.038 0.477 -40.97949210009867 0.9336941414604865 18.70188465475823 2.730669578016249 1.0
movable_object.barrier 0 0 0 579.8506365366877 446.46196801435207 663.057294773165 503.5253651645357 1.649 1.142 0.375 -25.833945810748407 0.49222370570513885 -4.21764781105548 2.746854242389908 1.0
