vehicle.car 0 0 0 1117.6426142368728 475.79463674026016 1353.4287923839217 553.6451357486721 4.034 1.411 1.876 -25.227145501839924 1.5031180304130567 8.879195397588898 -3.1353859699605495 1.0
vehicle.car 0 0 0 1299.01815769328 460.92628430531147 1737.8644999255225 607.1174220740528 4.551 1.712 1.969 -16.415252227354056 1.189897890675108 9.341186807830152 -3.1353859699605495 1.0
vehicle.car 0 0 0 1234.635728344603 479.96123465449995 1570.871606792266 585.9023866401835 4.125 1.422 1.921 -19.04864261098328 1.3907253235753099 9.165106060432946 -3.1353859699605495 1.0
vehicle.car 0 0 0 -193.81017456373598 408.0802709219747 216.33540524269213 542.907554956387 4.795 1.825 2.036 -18.804161096344927 0.5480088125576605 -11.371885726853211 -3.1183487369969747 1.0
vehicle.truck 0 0 0 -618.1958124467351 378.7083601710185 112.83464440473067 601.2720904650005 5.743 2.044 2.375 -13.312030195390243 0.5144340723758574 -10.625429496654329 -1.5523858484400428 1.0
vehicle.car 0 0 0 175.961214877323 433.4272930075737 406.314270577387 531.9802844603244 4.453 2.136 2.221 -29.341605360968316 1.0217351323240476 -11.403975349931056 -3.105895580544649 1.0
vehicle.car 0 0 0 346.78405027892995 455.1151743939355 511.0204281749749 507.3587059113472 4.488 1.515 2.054 -39.40335768283878 1.3318534905757777 -11.101181992657953 -1.5524761601996815 1.0
vehicle.car 0 0 0 66.65252675762304 447.4329511260125 356.4093059672626 535.0752665467618 4.525 1.521 2.048 -23.936203752482466 0.9858814219578993 -10.7782909547055 -3.1183487369969747 1.0
vehicle.car 0 0 0 -50.43433004788154 457.7920382767884 298.153867679577 556.9768257099879 4.78 1.513 1.928 -21.14831032370653 1.127755475710597 -10.959693773484938 1.5526466461414028 1.0
vehicle.truck 0 0 0 799.8827740957059 409.82931108143214 840.0510420868795 461.6308621463237 10.675 3.888 2.99 -101.19483718184814 -0.07299290352702936 2.641003020377218 2.080220087239664 1.0
vehicle.car 0 0 0 -385.29347549327235 444.92994963292335 103.22010238608915 592.2086917611031 4.675 1.695 2.026 -16.13806565564382 0.9857703979239609 -11.64611536684608 -3.1135416902042774 1.0
vehicle.car 0 0 0 1089.734474763748 466.39853145352913 1326.3160265777692 541.5241106689471 4.579 1.525 1.842 -27.83371123714663 1.4282138328986618 9.208057722459507 1.5528605684929815 1.0
vehicle.car 0 0 0 383.9587826129505 435.7707650782569 521.0568595140887 485.5391960258811 4.359 1.666 1.89 -44.93776204801264 0.8072020341297985 -11.8375155936825 -3.1183487369969747 1.0
vehicle.car 0 0 0 1370.303668329892 473.8657708042308 1911.6068506451938 641.020408153061 4.505 1.599 2.121 -13.652718556291783 1.2325149581442671 9.050633023124368 -3.073126465253079 1.0
vehicle.car 0 0 0 1180.4553222955358 464.10204879413914 1462.3763838852956 557.3903437476877 4.054 1.466 1.844 -21.702697790232495 1.2153471477778344 9.087082980795076 1.5523957379747717 1.0
