human.pedestrian.adult 0 0 0 238.67507166747973 417.36576966963133 298.14082719678095 508.8948383453294 1.137 1.891 0.756 -26.70438645092396 0.525468659092535 -10.946377985789457 2.076643971167605 1.0
vehicle.car 0 0 0 1008.0688812292341 405.36059350311 1444.671012760183 579.6998219632069 4.344 1.845 1.912 -14.46938359247712 0.5893771744794468 4.8645957589062645 1.5607601076403803 1.0
vehicle.car 0 0 0 912.9057705534253 442.16990719886786 1147.8396789317226 513.5026355271261 4.808 1.515 1.916 -28.03795299513585 0.8665774198277445 5.331380922779895 -3.1102506862654637 1.0
vehicle.car 0 0 0 694.8155572804586 403.6240916803289 868.7915061947452 549.000314839058 4.062 1.826 2.075 -17.991028598964995 0.49957114571642647 0.06354250722532286 2.0355372366959923 1.0
vehicle.car 0 0 0 1091.1226271935864 291.6411054655546 2599.4851967043064 825.0164805098389 5.574 2.132 2.111 -6.157930135344065 0.49491836569029435 4.527727886652758 1.560675278659815 1.0
human.pedestrian.adult 0 0 0 1149.5113192282486 404.41352339866603 1249.5347846150398 603.9598454541417 0.632 2.0 0.757 -13.104339053297409 0.6683088958593256 4.279118014311055 -1.864972324636808 1.0
vehicle.truck 0 0 0 207.50599252433406 412.5290954332225 557.6153403490711 524.1583866366457 5.554 1.87 2.103 -22.523460250757452 0.5159406768138024 -7.095320556158482 -1.5624742117778005 1.0
vehicle.car 0 0 0 15.611486252149128 419.6656683534642 422.3756191362858 547.0171300561475 4.748 1.639 1.961 -17.47457636399899 0.5964420375034135 -7.714490992273269 3.110826332434703 1.0
human.pedestrian.adult 0 0 0 239.30547095306613 423.50447503396293 292.2790399843687 502.7226729914373 0.953 1.786 0.797 -29.00221781838591 0.571868335452598 -11.952880383571316 2.0791864932086 1.0
vehicle.car 0 0 0 -436.1496518669582 384.08218292342605 178.54864672173687 599.117349677881 4.372 1.824 1.822 -11.727860512004774 0.4670718655982311 -8.279898168615556 -3.1411246332543765 1.0
vehicle.car 0 0 0 1003.0118672148488 408.7528465778646 1366.4070400530532 552.3184679247572 4.346 1.828 1.904 -17.187332579642305 0.5554906158575743 5.279355935769785 1.560671077221297 1.0
vehicle.car 0 0 0 1008.3986970315757 404.40234880232936 1826.5964222963064 700.3302999376762 4.788 1.841 1.969 -8.91093352304802 0.7293105668365956 4.138317250777928 -3.132437964095212 1.0
vehicle.car 0 0 0 -730.6371572786967 398.6012652781186 200.20663789283597 675.0471622582429 5.103 1.741 2.02 -9.116248426984624 0.6335852959355431 -7.253155457468973 1.5609472765713717 1.0
vehicle.car 0 0 0 1511.428505751425 458.6789477725564 4691.530810424296 1360.5279650518992 4.445 1.533 1.827 -3.14608440705245 0.8325642179941555 4.55962753231327 1.5607142685545945 1.0
vehicle.car 0 0 0 838.5096539107313 421.03097467435225 964.5089963988504 473.4761682848329 5.428 2.285 1.999 -56.528294726576895 0.41811581322267927 5.093204070233684 1.5607727321612135 1.0
movable_object.debris 0 0 0 989.9284233233138 549.5581062982874 1067.3157928007845 596.5272989557541 0.643 0.409 0.52 -12.374776486258591 1.3185941193150437 2.363391105555311 -3.111092796491164 1.0
vehicle.car 0 0 0 1073.924331779273 422.97244601939474 1621.1295360526337 633.9749936056231 4.087 1.78 2.612 -12.08520452354575 0.7820618007813653 5.07642541230115 1.5607133365885506 1.0
vehicle.truck 0 0 0 -234.4402627588024 399.88019933145205 389.5622529427303 585.0208113927177 5.827 1.886 2.039 -14.075153319226573 0.567196217243346 -7.668473118937953 1.560796916257659 1.0
vehicle.car 0 0 0 944.6848186554291 435.4332438211493 1184.501140275846 515.683427809943 4.374 1.524 1.97 -25.254945917229758 0.73089391079033 5.462448041847349 1.560693734167934 1.0
