vehicle.car 0 0 0 581.1857564839083 413.7280958297241 693.9803842454413 462.23046609326553 4.864 1.878 1.877 -57.99953673785135 0.012548287774047706 -6.803791432345282 3.0853399000840858 1.0
vehicle.car 0 0 0 667.7773084482136 421.3934028868762 729.0150357499803 445.30366430112474 4.606 1.546 2.117 -99.27604741553512 -0.35454567594107456 -6.913483259243921 3.083421524679432 1.0
vehicle.car 0 0 0 570.2393559816804 414.22954538574805 688.1212445053042 470.93939550670683 4.281 1.899 1.799 -49.317971268651114 0.18863535063042586 -6.106969109024906 3.0853399000840858 1.0
vehicle.car 0 0 0 394.4348066083922 412.6450824635906 612.5733180267157 489.02528957653914 4.741 1.461 1.638 -30.034072063216342 0.3088688988309777 -6.660433045093754 3.0853399000835653 1.0
vehicle.truck 0 0 0 1003.9299376547649 388.56817924442726 1090.5030082951873 473.1214722562967 5.899 2.97 2.102 -49.232965158717505 -0.2166024582473718 10.056375046177921 2.1105419047340126 1.0
vehicle.car 0 0 0 73.58143510410328 384.78153134266915 476.79400255343666 543.709910495837 4.453 1.686 1.824 -16.593358843427 0.3357970683437558 -6.584875007404302 -3.1178367844050294 1.0
vehicle.car 0 0 0 1093.2209320662698 388.54504205078126 1327.1419766170384 503.18110654765906 5.415 2.629 2.089 -33.83531478326079 0.21933064730947183 11.255693703866855 3.0853399000835653 1.0
vehicle.car 0 0 0 178.38564209959333 389.5207940789619 508.58076523744 526.3801685894813 4.288 1.714 1.791 -19.251444477441034 0.2980834054752728 -6.658695342542321 3.135704341908223 1.0
vehicle.car 0 0 0 422.07256787762014 405.56136928136937 621.0053791707243 486.79086136094264 4.707 1.757 1.855 -32.958356167371484 0.22076030637129776 -6.84334382695485 3.0853399000835653 1.0
vehicle.car 0 0 0 -48.447427277159 384.8455556330037 456.4955016545202 571.3108287595938 4.442 1.565 1.738 -13.387305917079729 0.41302653328320704 -5.9845232411815115 3.0687547590985798 1.0
vehicle.truck 0 0 0 447.3781181225283 396.5309335207231 666.6891777030071 481.27117594808635 5.717 1.955 2.042 -35.655568266168366 0.0395791030722904 -6.390762049068598 3.0853399000840858 1.0
