human.pedestrian.adult 0 0 0 228.13066576104782 363.7939552008456 272.3798867740668 465.42357407011866 0.427 1.837 0.783 -23.455405879091316 -0.4329336284372155 -9.956819539554502 1.5881141858730645 1.0
vehicle.car 0 0 0 647.6850788299216 418.7597762843573 738.9135529714889 450.01156614022915 4.65 1.434 1.711 -68.14585823264503 -0.2045191859365587 -5.014396421567315 1.5867918612338903 1.0
movable_object.trafficcone 0 0 0 975.9986356369806 445.05288104795653 1014.4952292786456 532.9688787866169 0.449 1.239 0.443 -18.43970935724469 0.7371964572536337 3.0418151958049378 2.104500542062162 1.0
movable_object.trafficcone 0 0 0 929.9184346145233 433.566751388698 952.8714504563416 484.0435174792353 0.455 1.277 0.463 -32.84252397101019 0.5371945618693161 4.021705211746972 3.0702094137602165 1.0
vehicle.construction 0 0 0 1030.1713528344474 98.4601942626367 2136.9748753887347 651.0175624677657 9.981 4.208 7.368 -15.375829534494653 -0.6332255535621907 7.3901226761953245 2.1169360935289063 1.0
movable_object.barrier 0 0 0 -99.45833762530285 414.6863720496237 83.21083464288886 509.7103474264623 2.249 1.043 0.614 -15.384288928345425 0.259795841277359 -9.604267346015368 2.0822263980955533 1.0
vehicle.truck 0 0 0 -551.7258254932481 284.86246998645777 251.59364804761094 656.7153742847014 5.471 1.913 1.96 -9.547645799211832 0.13576645138579535 -6.215873966612818 2.1346541359941096 1.0
movable_object.trafficcone 0 0 0 78.9936767959548 401.7467475695144 129.83757259860525 495.7817611056779 0.433 1.291 0.422 -17.812272541589227 0.14726656024997203 -9.619555731507074 1.5869054919271033 1.0
human.pedestrian.adult 0 0 0 74.0115417174066 379.11047567399766 120.95214030245074 451.9802893640894 0.607 1.688 0.713 -30.133367266888584 -0.5344160341126007 -16.440593673839942 2.1098055262991195 1.0
movable_object.trafficcone 0 0 0 944.5815486585308 438.68103534801185 976.7686689749817 504.5295885307229 0.481 1.248 0.475 -24.735679799283034 0.6528725627384377 3.405226359351979 3.0702094137602165 1.0
movable_object.trafficcone 0 0 0 1116.976137208063 519.7483861316522 1189.182049957347 632.5386933268395 0.425 0.791 0.438 -9.712283586012378 1.0520511105296757 2.8109127165084717 3.097741574022871 1.0
human.pedestrian.construction_worker 0 0 0 943.2648265436529 404.9086021772549 996.3066257939075 517.8813022961647 0.542 1.858 0.69 -21.32485338705816 0.38504264539252575 3.0866885734549796 1.6195336721061846 1.0
vehicle.trailer 0 0 0 979.1878638859323 299.89022421482633 1245.816432872373 509.91831332090254 14.832 4.013 2.67 -32.31494665360906 -0.7698323719364105 7.5528641954901685 2.137283801449092 1.0
movable_object.barrier 0 0 0 159.57367842184155 424.57075349295815 275.66340228959564 493.3838056942516 2.216 1.025 0.631 -20.491487122010405 0.31029540464721905 -9.185528280817238 2.0666958782585265 1.0
human.pedestrian.construction_worker 0 0 0 974.6775707803296 411.2126758135718 1072.778991923365 530.0394049346618 0.789 1.755 1.19 -19.746469872080933 0.4927785756348097 3.70410127901162 1.798218407131273 1.0
vehicle.car 0 0 0 595.7022629107727 406.0108289942216 721.2209734593781 456.45445086415333 4.621 1.761 1.918 -50.80529214904493 -0.28138419191891284 -5.1279291091441515 3.0781359989546884 1.0
vehicle.truck 0 0 0 960.2954084066681 376.4741283367489 1064.154811476692 476.270115569886 5.311 3.037 2.394 -42.53463049932563 -0.40817371997639806 7.486848189383171 2.1325652468355702 1.0
vehicle.trailer 0 0 0 942.4451556574314 383.78885059140407 1028.8015851276039 454.4480420166393 14.625 4.129 3.22 -83.86410852934917 -1.259495593582038 12.961006282947405 2.1325652468355702 1.0
