vehicle.truck 0 0 0 865.4690203170467 301.19445632061945 1092.2849259940715 551.1544245555734 10.675 3.888 2.99 -25.721164415767237 -0.1376496089117853 3.4347351430115554 2.1079083746633014 1.0
vehicle.car 0 0 0 91.38421145060437 395.77946946812733 477.16218199067913 604.3371408195926 4.741 1.671 1.994 -13.10431283776846 0.5506459941155948 -4.851589459706269 -2.0642705152106675 1.0
vehicle.car 0 0 0 384.2943419424803 417.022051410955 535.0113979325595 478.72627041054784 4.832 1.898 1.994 -44.86888183405988 0.35371182955102554 -11.54678739663742 -3.0411745899379117 1.0
vehicle.truck 0 0 0 1417.098787883396 371.8546605598177 1966.9757258350576 585.623767618328 10.555 4.179 2.912 -29.30680663484299 0.9155909136457094 20.711881645788715 -3.096921485534759 1.0
vehicle.truck 0 0 0 1259.7647968736508 372.0198628156793 1692.2196170596337 531.8531788656087 10.871 3.865 2.562 -36.194072465094415 0.4002072580802099 19.55138172289811 -3.096921485534759 1.0
vehicle.car 0 0 0 315.43292291834865 426.73873367044666 494.32012851321406 485.8568865904914 4.805 1.515 1.905 -38.55858009916355 0.554338216539763 -11.592460883563806 -1.5612625755912637 1.0
vehicle.car 0 0 0 426.8270904693253 435.0434565115969 559.415773609936 483.31287394943934 4.496 1.556 1.936 -47.657150397817645 0.7926742251258234 -11.024964216211139 1.5622157975296869 1.0
vehicle.truck 0 0 0 1488.6185215180203 369.9332545857498 2033.8706097970212 593.3586371404587 8.744 3.813 2.59 -25.38295061294252 0.8391348248774091 19.299757222841237 -3.115521736825297 1.0
vehicle.car 0 0 0 1217.2103111354165 454.5693928930298 1368.0761677889404 527.9065566121593 5.69 2.142 2.526 -42.3698333354446 1.7049803245838846 16.809492790578688 2.1389137440255794 1.0
vehicle.car 0 0 0 267.02519395830853 411.9293315155988 460.17636526077274 486.4427448078888 4.605 1.754 1.883 -34.63898259829213 0.30888483882081036 -11.522825615695565 -3.0659550617005573 1.0
