vehicle.truck 0 0 0 433.97139894361027 412.70762554622075 668.2078160076651 497.1474609229545 5.546 1.825 2.211 -32.627371194195746 0.41832701839577874 -5.986549921360031 3.110304867694195 1.0
movable_object.trafficcone 0 0 0 973.96443797876 444.9096835518124 991.7869518341616 485.0683436966543 0.439 1.3 0.48 -41.92356164007816 0.892684293439227 6.5118147464475244 3.0856769681662026 1.0
movable_object.trafficcone 0 0 0 1103.1749172018224 450.483488883677 1131.253368452727 502.3229199001132 0.516 1.297 0.505 -32.62215173251475 0.9873712459525288 8.535973117847208 3.0856769681662026 1.0
human.pedestrian.construction_worker 0 0 0 800.8983278085357 431.15360906669156 831.1372272094391 467.57015371641194 0.789 1.755 1.19 -63.331507169804546 0.5701444189469912 1.4711424474761703 1.810549587582246 1.0
human.pedestrian.construction_worker 0 0 0 795.5288581421784 429.40948120688574 812.2302875989025 466.54827999399004 0.542 1.858 0.69 -64.58699703751095 0.5076837251253161 0.878249663059031 1.6178085451286899 1.0
movable_object.trafficcone 0 0 0 807.7395797613724 453.5062418971805 819.2206662382723 473.03608124377996 0.425 0.791 0.438 -53.10994737589484 1.0615070289308643 1.1281232570046569 3.133886186755424 1.0
vehicle.construction 0 0 0 1037.8448741039797 399.26977755326436 1213.854383676899 495.63330242017537 5.996 2.78 3.928 -41.99601423528139 0.2777726355947285 11.075287905620812 2.147897974811154 1.0
vehicle.car 0 0 0 71.37783273173466 399.3877345772914 488.43327212919536 554.4203040653746 4.544 1.636 1.707 -16.06172326263011 0.46533791538874814 -6.305878252369897 3.1065240799762286 1.0
movable_object.trafficcone 0 0 0 988.6406906227661 447.80952366259197 1008.4404881465858 488.9753524367978 0.477 1.283 0.481 -40.47512289083379 0.970708571576375 6.788678253808659 3.0856769681662026 1.0
vehicle.car 0 0 0 -116.80787423256987 383.2712815523203 404.9353122621561 587.8944932594276 4.529 1.777 1.695 -13.239040855362214 0.4631475177031022 -6.56544178959597 3.1095043653263073 1.0
vehicle.car 0 0 0 186.17188266198244 410.7085523270472 517.6558800740495 537.9671096210211 4.253 1.584 1.692 -18.69216762186937 0.5112108051780548 -6.321725994458381 3.0976206638789785 1.0
vehicle.car 0 0 0 317.4613566432424 417.7220582846781 564.3937844931972 519.9817183822256 4.197 1.692 1.864 -24.440305070253444 0.571411331652945 -6.598591974845062 1.5757070202571404 1.0
vehicle.trailer 0 0 0 827.441288173942 389.48537967839474 902.8814550133609 463.9021876565174 14.832 4.013 2.67 -77.7480311121902 -0.6781371168218548 4.612965584778193 2.1611355104486067 1.0
vehicle.car 0 0 0 -695.2877205087037 400.36187068161496 156.4909036833618 702.2905073801111 3.85 1.498 1.751 -7.965505410115962 0.6321473917662384 -6.3710325555113565 1.5752551880673842 1.0
movable_object.trafficcone 0 0 0 861.7422064974145 443.9467505276403 880.3980872325191 480.06161372607016 0.489 1.262 0.521 -45.312753755940385 0.85856202603092 3.0294256997378866 1.9830865086990652 1.0
movable_object.trafficcone 0 0 0 1024.1568588835419 449.73454948232546 1051.113092919141 499.23804384461164 0.546 1.279 0.49 -33.70964943060497 0.9696610612649869 6.696516647580246 3.0856769681662026 1.0
movable_object.trafficcone 0 0 0 998.0733971027157 448.99945315614735 1019.8340127886198 494.8661632169865 0.471 1.293 0.471 -36.620240157546945 0.9802251029242727 6.443771674805991 3.0856769681662026 1.0
vehicle.car 0 0 0 -289.7616114680923 422.06334984875406 373.1148886998615 638.0927997333321 4.386 1.422 1.854 -10.553208395989618 0.6977491356279133 -5.9867466357819525 3.1095043653263073 1.0
vehicle.truck 0 0 0 562.5987760389324 414.1872958508159 625.3323415912084 465.2205952720847 5.471 1.913 1.96 -52.476695848070115 0.05034514858087247 -7.939214287955007 2.158443710019247 1.0
vehicle.construction 0 0 0 818.0333029752368 370.9307092541235 995.8525619724326 477.9854658236227 9.981 4.208 7.368 -59.008180763620565 -0.5958163596813797 5.2618686639539 2.0804270863649954 1.0
vehicle.car 0 0 0 372.31666313477774 415.5183747711313 596.3159468460851 509.64952855916516 4.256 1.711 1.751 -26.688405474133997 0.5003845542470975 -6.307583777427342 3.0856769681662026 1.0
vehicle.car 0 0 0 422.0059364731184 415.16117099813056 625.8655691153666 500.4738805905569 4.415 1.749 1.882 -30.110250191114183 0.4551613173275313 -6.184183648919283 3.0856769681662026 1.0
vehicle.car 0 0 0 633.4475346327187 423.42554100565934 700.7867023793038 450.5852670394899 4.621 1.761 1.918 -93.76812576305969 -0.07382766843723054 -8.858036733823564 3.1141552332523847 1.0
