vehicle.car 0 0 0 1085.5060169351716 427.48844368351575 1209.6837602211292 486.8152486559459 4.826 1.486 2.223 -35.29959536490689 0.5046452571534709 9.968127070134123 2.0856995339932194 1.0
vehicle.car 0 0 0 208.3207009220782 429.63549670057347 450.23675609775444 509.7871258883501 4.496 1.556 1.936 -27.354758316620178 0.6639867590554713 -9.817486126376687 1.5691501874613998 1.0
vehicle.car 0 0 0 554.7286396404953 422.5005117026296 646.2521897289236 457.65999384962515 4.449 1.647 2.01 -64.32346680684189 0.10692030881061487 -9.440929975160154 1.5719799440120097 1.0
vehicle.car 0 0 0 1071.256471586127 425.99073873428813 1199.0174903948084 482.06484313835364 4.316 2.0 2.089 -48.64826473207302 0.6059087131415579 13.368830797094825 1.5690908291708379 1.0
vehicle.car 0 0 0 275.05188427548484 429.8935259084329 477.1006351732059 494.8727356729046 4.618 1.526 1.887 -32.96588949029554 0.6198099412819221 -10.645171670880865 -3.130263757830516 1.0
vehicle.car 0 0 0 494.1118364329828 419.13550876436 602.2694349209476 460.7662986720753 4.051 1.57 1.885 -51.78003667438914 0.08066023103765818 -9.737559239719056 -3.1153063126884284 1.0
vehicle.car 0 0 0 974.7653806468062 434.8499756318188 1076.340753446988 490.2577270750256 4.595 1.404 2.105 -35.57509592631752 0.6525634541077361 6.635652817019438 2.088383117934283 1.0
vehicle.car 0 0 0 909.6782350591988 426.28285736738843 1027.807418389718 470.84511269679615 5.405 2.0 2.389 -61.88493287852476 0.5101324852950212 8.86557993856134 -3.127657561480742 1.0
vehicle.car 0 0 0 369.46381686221946 425.57092311371065 536.3753392411176 478.0968990497601 4.506 1.431 1.887 -38.193696049158625 0.40975407323427754 -10.033644798693501 1.5691501874613998 1.0
vehicle.car 0 0 0 -164.54832053631128 415.10984394710283 244.66749728548658 535.1399215261793 4.805 1.515 1.905 -18.27658979572941 0.5070214466031486 -10.668988444042542 -1.569175456556403 1.0
vehicle.car 0 0 0 -436.43784162085893 392.12643928463547 98.5953747739079 567.27002562729 4.605 1.754 1.883 -14.431088565063982 0.450382089216735 -10.708652888396895 -3.1055618588351104 1.0
vehicle.car 0 0 0 108.50288071648372 403.23413499405 401.64156436601235 511.26018504085476 4.832 1.898 1.994 -24.612224971373625 0.3663841606966356 -10.22865098827483 -3.0808654411171474 1.0
