vehicle.car 0 0 0 139.11503842605399 395.1698274212276 291.7455323250628 466.8780757998786 4.556 1.863 1.977 -35.86647038188786 -0.24515534078901358 -16.09378897340879 2.077528154711554 1.0
vehicle.car 0 0 0 1494.651124058647 436.37821806035043 1675.0987535090212 505.1876730253372 4.489 1.584 1.822 -34.13580282502197 0.8272533418753436 21.418159622004907 2.1512739272124737 1.0
vehicle.truck 0 0 0 1169.5068105044477 419.3052697405625 1283.2903349304145 458.2617551855271 5.195 1.852 1.781 -65.10713361786107 0.028875559564445985 22.633236507333578 1.5988814490770835 1.0
vehicle.car 0 0 0 2.106737212908755 406.9539306403524 149.95506074346858 467.70897994576296 4.362 1.482 1.745 -34.05363086021125 -0.06825408340102013 -19.034303692600183 2.159085609372436 1.0
vehicle.car 0 0 0 1507.8103883815886 435.83273321241074 1656.7989815838132 484.81619660931574 5.33 2.0 2.04 -56.91898347637274 0.986423772036621 35.79650463045699 3.141055806900231 1.0
vehicle.truck 0 0 0 1279.1921594162006 418.46022982102875 1442.6603608944147 504.9091526265929 5.703 2.0 1.88 -33.592666349952786 0.5325568223267663 15.087425483627626 2.10086389022141 1.0
vehicle.car 0 0 0 1240.4375592390088 424.5791353466037 1366.4435820700876 468.9580241857889 4.827 1.838 1.973 -57.01441220896871 0.3808298631271164 23.28454777413409 1.5988814490770835 1.0
vehicle.truck 0 0 0 1029.4407425255245 415.4640669037025 1231.03212491282 487.1323012033135 5.66 2.0 1.908 -38.81344795570595 0.37753255561543 10.466454492400889 1.5986962046474504 1.0
vehicle.car 0 0 0 477.5599358706574 403.5553310180699 634.8613239873539 462.7371302545806 4.79 1.81 1.954 -41.8558801700079 -0.18429777132116698 -7.585359873615353 1.5982790206530506 1.0
vehicle.truck 0 0 0 1391.7690938997412 422.8142358462066 1583.6837608502603 502.93226571509973 4.957 1.87 2.145 -33.84282667887845 0.5909055540178763 18.60192903823419 2.1512739272124737 1.0
