vehicle.car 0 0 0 1156.3966603225813 418.23645806522387 1301.9144622839474 483.51479832264886 5.293 1.484 2.277 -31.549655888540258 0.27985362927496404 11.148438365359409 1.8021264867663813 1.0
vehicle.truck 0 0 0 1323.5649551455474 150.4225063520116 1954.9737955261992 543.4852744092459 5.511 4.082 2.591 -14.6452304545833 -0.9563653595770814 9.550892322396844 3.1184430525508766 1.0
vehicle.car 0 0 0 -6.39390555886587 412.72744842202576 302.33358510903116 515.3390444259393 5.663 2.112 2.28 -27.888001001047552 0.5523418542880414 -13.978170213040668 3.1078204214184186 1.0
vehicle.car 0 0 0 170.67441301987208 440.90698338530916 374.2129044497453 502.71782740136894 4.637 1.537 1.957 -33.78623569542205 0.8786792143914737 -13.671457941556472 3.120239384375468 1.0
vehicle.trailer 0 0 0 871.737733150477 334.5021860957751 1368.4051938467237 469.702639624824 15.913 4.211 2.925 -42.5079899320987 -1.1737940497636 10.950104265885543 -3.13964068622707 1.0
vehicle.truck 0 0 0 1566.9641262502123 197.08767582033877 2287.099679372356 602.9207823010231 3.761 2.996 2.639 -10.76706646505399 -0.29759050718776325 9.367696350339232 3.1241583923066383 1.0
vehicle.car 0 0 0 1037.0121813194035 420.12747785599197 1182.5023335154483 484.85174050280773 5.041 1.478 2.2 -31.564278764256972 0.31985763582551885 8.168737063053237 1.8173066252316028 1.0
vehicle.car 0 0 0 483.65506520616844 425.95840419187255 591.2513766022003 468.9260762746642 4.684 1.954 2.111 -60.10065993882705 0.43908952623018 -11.815964841552667 -3.1353271188641587 1.0
vehicle.car 0 0 0 277.22661287130154 377.3226438932449 542.0385094866997 478.64445699218055 9.158 3.619 2.769 -47.8267438419079 -0.37227004711407374 -14.13222136632139 1.573536347616236 1.0
vehicle.trailer 0 0 0 863.4633373554909 323.9542256125515 1478.9365326731222 468.2373556775231 17.968 4.056 3.178 -38.97870647529244 -1.2402269044551433 11.464513594465519 3.1273163000281397 1.0
vehicle.trailer 0 0 0 504.62400617599565 409.2237712134334 617.2438228896682 456.1612995906521 7.371 3.14 2.719 -88.15779135515182 -0.3688405389024392 -15.694995093680868 3.134316045763005 1.0
vehicle.car 0 0 0 267.14316574202 435.0965029089575 454.7492417217293 496.7054839898418 4.663 1.662 2.051 -36.210960105123426 0.7759718449405961 -12.133203172911657 3.12634269112025 1.0
vehicle.car 0 0 0 -379.1727442860311 413.9020944120813 66.1330852163289 552.7811171544807 5.33 2.0 2.274 -19.820941821476676 0.67289619467355 -14.620479207461637 3.1078204214184186 1.0
vehicle.car 0 0 0 1286.7573546685785 403.67337528793195 1419.3947395683465 478.239828028437 4.786 1.698 2.181 -31.345497221046294 0.05532097420360588 14.130852878014144 1.7882084538722163 1.0
vehicle.car 0 0 0 482.71629085224004 434.6036168804915 600.5648718009211 470.5528146109075 4.94 1.538 2.043 -57.13258926485469 0.645023868478019 -11.036017714505515 1.5735408431234035 1.0
vehicle.car 0 0 0 -96.45254276688382 412.3936628980844 230.02671455144744 524.6074024338304 5.255 2.088 2.241 -25.251703663756395 0.5838736557830921 -14.262402679317155 3.1078204214184186 1.0
vehicle.car 0 0 0 74.4696061239216 420.73519864233606 334.998214437872 506.2017071588035 5.375 1.957 2.126 -30.841992505345683 0.6008797672527372 -14.1131563735881 3.1078204214184186 1.0
vehicle.car 0 0 0 -222.4858291700106 423.24032555661717 162.957228806741 537.2144201622261 5.379 1.871 2.344 -22.520797290633844 0.7148993237242754 -14.396012767180983 3.1078204214184186 1.0
vehicle.car 0 0 0 274.1015784774116 421.3900113117673 491.2153764253941 487.00972592427826 6.002 1.908 2.324 -39.28613943442466 0.4844277208154858 -12.461483718064049 3.1292236220078546 1.0
vehicle.car 0 0 0 1087.329197804349 391.10423760701883 1207.8548022937696 462.90195561570914 7.593 3.438 3.306 -64.88361143273299 -0.5420326809208823 18.372385117025313 2.15172059979143 1.0
