vehicle.truck 0 0 0 486.71184670131 406.6186422857476 683.5181313754871 479.8135600953565 6.312 2.213 2.285 -42.96198382140528 0.1740181199889686 -6.759331657140797 1.5730079511703678 1.0
vehicle.construction 0 0 0 1137.0596384143516 407.63293079276934 1290.6319353011243 508.82668037929307 2.899 2.108 1.42 -28.242692178467234 0.4396332454358232 9.507673603055922 1.57174746051286 1.0
movable_object.trafficcone 0 0 0 629.6674727487518 485.88439582636914 648.6356778888776 514.579916800191 0.315 0.545 0.33 -25.14981137747722 1.237880381342505 -2.936898019176953 2.129672046568219 1.0
movable_object.trafficcone 0 0 0 510.42667055257056 472.9364778285043 526.5878728693499 498.28312548751944 0.32 0.531 0.303 -27.50754923013881 1.0362072465466172 -5.84223331219024 2.289323182292101 1.0
vehicle.construction 0 0 0 1045.8152102167808 402.462488243839 1185.0844579771594 491.4785163816653 6.526 2.688 2.536 -42.563185201220676 0.2722814370823847 10.90617099579987 2.152593767765225 1.0
movable_object.trafficcone 0 0 0 38.385229018734755 418.39918819742627 76.57047977924812 503.2224603423813 0.327 1.339 0.422 -20.2978629393621 0.3628257152100913 -11.717667500557969 3.113710472722752 1.0
vehicle.truck 0 0 0 927.1199554577358 419.40654582864954 999.660120187484 471.57301529105035 6.629 2.1 2.201 -55.92267060940189 0.3091576203209186 7.730397267131725 2.11586550327533 1.0
vehicle.car 0 0 0 657.7882889831417 423.38562651937656 705.2632691848944 471.64906606885785 4.799 1.975 1.932 -55.70184480388352 0.3944529696987735 -4.649723962767177 2.1669748517585568 1.0
movable_object.debris 0 0 0 464.35065855307226 482.1720660928859 490.2469082713042 497.5740674538837 0.416 0.304 0.46 -27.65277025986444 1.1346417791075891 -6.77257222641716 3.1056415339944676 1.0
vehicle.construction 0 0 0 299.58846838130233 396.29811961785197 462.31360331082715 512.0165756363992 2.718 2.001 1.984 -23.61050553970449 0.29776282904568285 -7.547753853581504 2.9067123789598055 1.0
vehicle.truck 0 0 0 367.3113199902782 398.5552972019978 582.9366232455611 497.22288479568766 6.829 2.012 3.126 -30.516569007395525 0.21239323481754752 -7.245466882967465 2.081955275053283 1.0
human.pedestrian.construction_worker 0 0 0 496.54552703706344 414.2063672052016 529.5053911728326 487.35889642880807 0.616 1.794 0.539 -31.588290490427394 0.3170877942356647 -6.842084791103873 3.1056415339944676 1.0
vehicle.truck 0 0 0 -324.8396919014655 281.8132337936485 353.59691498165336 650.6668624378059 8.307 2.188 2.681 -11.823560745057886 0.18001396895467356 -6.066189270480218 2.234919457119024 1.0
movable_object.trafficcone 0 0 0 563.0146371607107 497.2961274911337 584.8184139574499 530.7037175116329 0.308 0.511 0.304 -20.376920102977685 1.2246537570873568 -3.431739345479959 2.1607099535375767 1.0
