vehicle.car 0 0 0 567.2020877257339 438.7599156785639 631.6860511082859 479.3428476695819 4.755 1.57 1.86 -53.00319154892065 0.8884981810539244 -7.798134476352401 -2.077991610573254 1.0
vehicle.car 0 0 0 1159.1717180853975 428.02140681182885 1543.6004950124022 569.4208073293552 4.675 1.819 2.097 -18.566964091964977 0.8623967591243618 8.152243175872341 -3.106599587906329 1.0
vehicle.car 0 0 0 1117.3802029661351 453.08086431367275 1418.8408948360432 556.573640348966 4.275 1.528 1.963 -21.21370452777057 1.0891348431203591 7.976641619109957 -3.106599587906329 1.0
human.pedestrian.adult 0 0 0 1119.20638890225 392.58091107482176 1219.31265924715 564.5356416964371 0.709 1.869 0.796 -14.235142352239238 0.4543454603602582 4.302541946839786 -1.9597602029263097 1.0
vehicle.car 0 0 0 1328.7035695962952 423.88854718766015 1876.8082850964565 631.9425553916533 4.251 1.811 1.958 -12.751939201419782 0.8574075668612915 8.040320746033517 -3.106599587906329 1.0
vehicle.car 0 0 0 1039.726594895902 438.59458568918745 1284.1221936653012 525.7369893237903 4.526 1.632 1.944 -26.631867567635002 0.9156500324390522 7.825068884387435 -3.106599587906329 1.0
vehicle.car 0 0 0 1524.2738711734662 467.4433882230392 1759.103041663436 554.7048834322019 4.16 1.826 1.942 -29.33306973783841 1.667323043891075 19.782001079542844 1.5544052423630506 1.0
vehicle.car 0 0 0 280.71570714691217 420.28063600248896 461.2256279034314 516.800302791438 4.578 1.699 2.113 -25.366276491330954 0.5988367509042221 -8.18471351801335 -2.058114729606608 1.0
human.pedestrian.adult 0 0 0 924.8063731013821 438.03847588406967 936.2642769110764 471.55238078901704 0.637 1.821 0.532 -69.49387486515514 0.9273165435205843 7.917887631623844 1.997626235415586 1.0
vehicle.truck 0 0 0 1016.6780723337299 424.90767542135507 1280.6865662825992 513.2015345356006 5.989 1.972 2.225 -31.95690552003955 0.7791139565503002 9.049997333494009 1.5530979857996927 1.0
vehicle.car 0 0 0 -209.93172743181435 426.7755459210088 220.00142114268175 599.708537860905 4.609 1.542 1.772 -13.980684151474044 0.736916208717088 -8.262348136095131 -2.0783270579101902 1.0
vehicle.car 0 0 0 498.5612324320636 429.12152255123704 596.7412417349929 491.76888998746654 5.188 1.872 2.005 -41.56411023843549 0.7417770875741492 -7.767447462224738 -2.088522524468262 1.0
vehicle.car 0 0 0 1001.6453883757559 441.00032717124503 1177.5104856189062 507.1419955440472 4.349 1.638 1.884 -34.781911772339384 0.9836210110491264 8.278391515004284 -3.119051138702658 1.0
vehicle.car 0 0 0 979.0089921044381 445.5888192730227 1149.1783740173908 502.42115931212794 4.575 1.496 1.892 -37.32962746220726 1.0545485357136664 8.137892227296335 1.5529031539137694 1.0
vehicle.car 0 0 0 427.81306850407316 428.484337548004 553.1896722344733 505.79893686481756 4.806 1.801 1.822 -32.73689567552419 0.7459993673616443 -7.5607030966904745 -2.0987761403825056 1.0
vehicle.car 0 0 0 1244.208133841694 420.7894792727956 1717.6930926807381 602.7505565940405 4.664 1.96 2.136 -15.654216183249208 0.8727604307607997 8.417515139302534 1.5532613557738646 1.0
vehicle.car 0 0 0 1415.320333083708 389.95092566233626 2215.251483604292 697.781043868178 4.589 2.066 2.279 -10.182357094431811 0.7810021420063848 7.952207146064939 1.5532613557738646 1.0
