vehicle.car 0 0 0 1553.4751995789438 416.71545749929106 2448.963826485072 735.630126028987 4.251 1.811 1.958 -8.622752952534547 0.8518627299816923 7.967998220500098 -3.1028998739165816 1.0
vehicle.car 0 0 0 157.9192710904981 417.84834815817084 393.7313760325585 535.8725839927645 4.578 1.699 2.113 -21.13757135661124 0.6048447712445977 -8.334437623294779 -2.059188735841846 1.0
human.pedestrian.adult 0 0 0 926.6468714795103 428.1414651485715 938.1236783779544 462.95907930411164 0.637 1.821 0.532 -66.89341377118687 0.4028808228356886 7.71966778610306 2.0214797282883747 1.0
vehicle.car 0 0 0 1075.7942822973343 435.85811819663763 1370.2668826119425 539.4097591168459 4.526 1.632 1.944 -22.500688166866624 0.8583484603228968 7.669064913375815 -3.1028998739165816 1.0
vehicle.truck 0 0 0 1041.2542291905927 415.4309910411547 1348.0666874904061 517.0937828740796 5.989 1.972 2.225 -27.832556949090744 0.6116751239905303 8.864460895586328 1.560229883295337 1.0
vehicle.truck 0 0 0 1348.218661716561 435.1959042298935 1646.0163921500728 532.4240150806444 6.459 2.305 2.521 -33.83819985032984 1.1909079880687123 18.869039778876193 3.1238604262339127 1.0
vehicle.car 0 0 0 994.09843359749 438.9637214297774 1187.1346066650651 502.90879746670936 4.575 1.496 1.892 -33.20159303553402 0.852077392974227 7.920615436022871 1.5600081718205674 1.0
vehicle.car 0 0 0 361.4326577776891 418.6999889231605 512.9334742382713 508.46264761843315 4.806 1.801 1.822 -28.514195416707597 0.5575997852792414 -7.749774141188891 -2.099588579560545 1.0
vehicle.car 0 0 0 -782.9727572460137 414.7475109276142 12.56481994296534 685.1797662355821 4.609 1.542 1.772 -9.76755212986619 0.6861315250564477 -8.340027534056835 -2.0792696298112334 1.0
vehicle.car 0 0 0 1385.9299302824836 398.16106282181977 2072.1775926262844 651.0371509080047 4.664 1.96 2.136 -11.528506415379818 0.7331244253967683 8.331404368201833 1.5604112477476342 1.0
vehicle.car 0 0 0 593.2088858097961 426.8839073868725 647.1698560009596 449.27679643958277 3.814 1.531 1.897 -93.90034353141417 0.016185667550096428 -12.356828566174874 -3.074528484590937 1.0
vehicle.car 0 0 0 1249.9270928940996 421.3149678637375 1765.8562679705096 605.678104265618 4.675 1.819 2.097 -14.43822392131565 0.8149279620290965 8.045452943926655 -3.1028998739165816 1.0
vehicle.car 0 0 0 455.3395611951017 420.20968204165297 568.483249166718 490.4238709150384 5.188 1.872 2.005 -37.33958219139935 0.5069922604605831 -8.009354871459127 -2.089399866817753 1.0
vehicle.car 0 0 0 1021.4354904668826 436.9120269007311 1223.2054069481617 512.0759567247775 4.349 1.638 1.884 -30.653530183145115 0.8693506160104225 8.07405381467091 -3.1153081044028035 1.0
human.pedestrian.adult 0 0 0 1282.669333108733 365.05468877776156 1442.5585141340036 624.9370217534449 0.709 1.869 0.796 -9.526743960071322 0.4217805800487706 4.32731070265384 -1.98325531296834 1.0
vehicle.car 0 0 0 1184.6902044957137 440.8121611726539 1571.086675179978 570.4002993431224 4.275 1.528 1.963 -17.087089571933152 0.8748136255455552 7.858783524139074 -3.1028998739165816 1.0
vehicle.car 0 0 0 541.4032989610262 431.2116997574446 612.893741216873 475.4521359700436 4.755 1.57 1.86 -48.778141139677956 0.5908737779331168 -8.026298241262108 -2.078936340602419 1.0
