vehicle.car 0 0 0 481.0749512605866 405.4049472365405 632.8310741989507 462.38061941257655 4.79 1.81 1.954 -43.326595449629295 -0.16344502537924688 -7.829328557860684 1.5969345325869604 1.0
vehicle.car 0 0 0 1457.9927224721969 434.75419433932717 1625.581710467365 499.8082357448696 4.489 1.584 1.822 -35.72533487077704 0.7728122732479843 21.2156218102008 2.153134333515073 1.0
vehicle.truck 0 0 0 1359.5898721079066 422.2197203165525 1538.1990802616529 498.1075734093278 4.957 1.87 2.145 -35.417706755866725 0.5501101496581348 18.400538914962176 2.153134333515073 1.0
vehicle.car 0 0 0 26.605335952139043 410.1501643409717 165.6094797683355 468.5827491058451 4.362 1.482 1.745 -35.39828412252434 -0.009877150439767945 -19.235705783267782 2.160963438422952 1.0
vehicle.car 0 0 0 1480.8311353441009 435.84289452666115 1624.2668268037996 483.2193838385615 5.33 2.0 2.04 -58.58665377477905 0.9800223327060918 35.47003133710792 3.1379460921540163 1.0
vehicle.truck 0 0 0 1251.9754833662269 418.9905893715021 1403.5984549116051 501.0258849619872 5.703 2.0 1.88 -35.14927084330385 0.5201953874708799 14.8868667236714 2.1026063816918814 1.0
vehicle.truck 0 0 0 1013.4570250795099 416.0181711882192 1206.2916322485462 484.6377588600251 5.66 2.0 1.908 -40.34486082005873 0.3643840841729008 10.237824926568695 1.5972920570846387 1.0
vehicle.car 0 0 0 1221.323243563054 424.8462728330005 1343.1470928523568 467.84000058732835 4.827 1.838 1.973 -58.61476661145282 0.3728970114727783 22.957405772793667 1.597688844739971 1.0
vehicle.car 0 0 0 1594.7078817230076 436.28176071147124 1778.5438301045194 496.14006971635865 5.887 2.185 2.055 -50.49535337152082 1.107391654113973 35.9168107459839 3.101776511229735 1.0
vehicle.truck 0 0 0 1153.534081845513 419.6731019966218 1264.0948439533367 457.5518901709883 5.195 1.852 1.781 -66.70400273262935 0.02137422013738899 22.262187315741066 1.597688844739971 1.0
vehicle.car 0 0 0 157.38876763805644 398.85086153249387 302.02641764267287 467.6414758650925 4.556 1.863 1.977 -37.25624621028225 -0.18854306829902412 -16.307674811736025 2.0792125862167996 1.0
