vehicle.car 0 0 0 967.1241812354946 422.6788423830864 1152.0700919261224 496.01214036232403 4.675 1.819 2.097 -35.68945414502486 0.600682487868754 7.642750486801888 -3.089687155139374 1.0
vehicle.car 0 0 0 469.48381327691357 417.29984028023284 560.8235348494409 473.7115263036135 4.578 1.699 2.113 -42.26545200102787 0.26729847068660323 -9.00357623397747 -2.0470541187159226 1.0
vehicle.car 0 0 0 1447.7277698528296 457.3974867714824 1673.068962936199 535.6216169346079 4.504 1.77 2.143 -32.65689393762514 1.4838848941512732 19.926033846638244 1.5595070005034257 1.0
vehicle.car 0 0 0 924.7867974011009 431.2576914517013 1067.514909095278 484.9488776629046 4.526 1.632 1.944 -43.74840060975191 0.6947409221827141 7.206638242535234 -3.089687155139374 1.0
human.pedestrian.adult 0 0 0 866.7007515755977 434.4755224117578 877.77301113747 463.45563890106797 0.637 1.821 0.532 -80.6023416402586 0.7032943514262601 5.462143083823609 1.976242920130698 1.0
vehicle.car 0 0 0 1351.5762341383477 458.73016810650995 1549.5406899022628 533.7112791145744 4.902 2.0 2.057 -38.089860652354304 1.7326025648249794 19.96373261238558 1.561801388220089 1.0
vehicle.car 0 0 0 1017.5933554954179 406.09782555166413 1264.193340466539 514.9241812165308 4.589 2.066 2.279 -27.303691199131812 0.4833291762586326 7.555819390292719 1.5583547975806429 1.0
vehicle.car 0 0 0 360.17127700362266 420.4934064973601 490.63440301485457 491.8568462156516 4.609 1.542 1.772 -30.87492725986078 0.443475639076116 -8.713768148859005 -2.06704116893531 1.0
vehicle.car 0 0 0 993.4157515319948 434.7753487482498 1197.10274595801 520.4185140265695 4.664 1.96 2.136 -32.775234707982264 1.0098427638283236 7.929863602733349 1.5583547975806429 1.0
human.pedestrian.adult 0 0 0 897.8061347988656 412.2797256024106 934.4295125567563 484.18478575710844 0.709 1.869 0.796 -33.73511368841026 0.2750789475807571 3.4532765682542195 -2.0293881616427107 1.0
vehicle.car 0 0 0 1336.1327225151113 415.7220803223192 2032.7491088637473 660.6852317441767 4.594 1.744 2.021 -10.917478367608743 0.8069782414599752 7.514270351563691 -3.0806320235037488 1.0
vehicle.car 0 0 0 -31.67465237251349 420.1929151957418 286.56611897749156 560.3437336764345 4.749 1.516 1.76 -16.67552978942799 0.6228481293438657 -8.401829074033452 -2.0467264139431833 1.0
vehicle.car 0 0 0 1516.8905270053551 333.98489507157893 2583.7648576424635 742.0728077198471 4.606 2.015 2.101 -7.825211456326571 0.5673316211795477 7.447465809969616 1.5594096908441362 1.0
vehicle.car 0 0 0 1238.163335028185 442.51125904970996 1374.3281437781231 497.68974542595686 4.16 1.826 1.942 -46.614451287332976 1.1741027407312918 19.134702786309955 1.5599041650136298 1.0
vehicle.car 0 0 0 236.29017503201302 412.3894581924566 417.5459637540554 518.8706129186968 4.392 1.728 1.81 -23.562881526106327 0.49599285551701167 -8.418556141208583 -2.0467264139431833 1.0
