vehicle.truck 0 0 0 896.4956198024204 420.35396073483327 939.2548502010435 455.2537819905593 6.629 2.1 2.201 -82.99003632534777 0.009778430386069514 8.565552490509802 2.102957809023775 1.0
vehicle.truck 0 0 0 1292.9272153748223 378.556624891484 1608.6401708988483 549.7431924082098 6.341 2.603 2.149 -23.09640749518735 0.4265259693493689 11.755660489268223 2.139378395869125 1.0
vehicle.truck 0 0 0 591.4549227800254 409.9905340910451 689.046241328607 460.1061065566035 6.829 2.012 3.126 -57.74236777860711 -0.09912112011384444 -6.567985986721025 2.077425176669742 1.0
vehicle.construction 0 0 0 976.4330230274209 419.3040841680587 1049.7058820387224 471.2725378353222 2.899 2.108 1.42 -55.22713836329526 0.31895675663471 9.878539356868117 1.565477567444617 1.0
vehicle.truck 0 0 0 555.0665231835113 394.4302532103912 656.6498393733544 478.0953652415021 8.307 2.188 2.681 -39.023918478111035 -0.052298514253386885 -5.699602184285315 2.2223096721229396 1.0
vehicle.truck 0 0 0 394.82100758249726 375.73581270443697 547.488360765303 482.5190370051717 6.997 2.417 2.203 -33.290046667567466 -0.19149970132482474 -8.10552801227172 2.1228461227421302 1.0
human.pedestrian.construction_worker 0 0 0 643.5517045989747 417.66527515671663 660.7880238126836 456.9338882311432 0.616 1.794 0.539 -58.82042152381521 -0.02981703586643536 -6.263625893493571 3.104469201374177 1.0
movable_object.trafficcone 0 0 0 698.9330510586597 455.7909014789765 707.6996658190635 469.874771927559 0.308 0.511 0.304 -47.51914988586691 0.9340514070801674 -3.136408441829532 2.156467253657741 1.0
vehicle.trailer 0 0 0 1250.7953270117607 -223.14959063641254 3413.1536955426736 844.0340571148457 14.847 4.321 3.527 -12.722668059565542 -0.5038845157040859 9.210697729004849 2.1143257282775636 1.0
vehicle.truck 0 0 0 616.238351428723 410.9763802340364 734.8757982244812 457.075316735794 6.312 2.213 2.285 -69.95529908853963 -0.20993306466435646 -6.0985506537779814 1.5666950035707679 1.0
