vehicle.trailer 0 0 0 1263.6187486621527 308.9944569294427 1970.9511946160449 499.53754000641845 15.302 4.304 3.342 -30.845252777672428 -0.7910464401037702 19.899998644156852 3.119525488009911 1.0
vehicle.car 0 0 0 280.6944774321754 431.75001286106817 468.0021371150492 496.20901866390653 5.663 2.112 2.28 -43.34080031832 0.8776759001918504 -14.073258064766616 3.116831063978502 1.0
vehicle.car 0 0 0 -132.44298279688869 430.1844042285023 224.00043037648308 536.1961788265295 5.537 1.907 2.278 -24.36735770934904 0.839059202414026 -14.13780506110622 3.1339923118364634 1.0
vehicle.car 0 0 0 146.09836365763135 433.9437197220133 371.37592929244346 509.40317082720856 5.33 2.0 2.274 -35.25659415844746 0.9193972882117376 -14.64534554973601 3.116831063978502 1.0
vehicle.car 0 0 0 364.62665642509626 450.0832434940526 496.9078221430358 491.4983323795887 4.637 1.537 1.957 -49.238158582591886 1.260925427105391 -13.820223871531608 3.110970063868921 1.0
vehicle.car 0 0 0 51.45825427327732 438.59221570069894 315.6308096574778 520.7057365657984 5.163 1.827 2.234 -29.779799999621215 0.9548595994629179 -14.114380234175554 3.116831063978502 1.0
vehicle.trailer 0 0 0 1350.5412947657585 263.0477847741399 2326.380011857293 509.4034455144105 15.703 4.13 2.889 -23.126443867314652 -0.9016652208575745 18.783596614989985 3.127239334869464 1.0
vehicle.car 0 0 0 1304.7129615869144 395.96803613998424 1850.9014653989973 568.5757144633558 4.568 1.681 2.01 -13.549697137143351 0.4486894079108492 8.261871212627874 1.5643007313621062 1.0
vehicle.truck 0 0 0 1118.2604032818294 354.216409999235 1345.6014164965 505.61331072127473 3.761 2.996 2.639 -26.531023737285864 -0.15769322499411298 9.242679962049486 3.1149072330664556 1.0
vehicle.car 0 0 0 1348.784301566997 380.97498507100363 2233.118253986656 668.3902284107486 4.41 1.67 1.847 -8.418433998986275 0.519303480676696 6.371973527641184 1.5641548953397981 1.0
vehicle.trailer 0 0 0 836.6138345147455 371.0162984930761 1268.0066736971812 470.83858861982884 17.968 4.056 3.178 -54.660371952720986 -0.7071816979244614 11.224854876861247 3.1364192281103094 1.0
vehicle.trailer 0 0 0 1452.6606551668053 224.99231736554185 2793.3603444854184 523.8519606364232 17.2 4.113 3.247 -19.590392916715587 -0.8883218767880202 19.830500445308974 3.1311815597084767 1.0
vehicle.car 0 0 0 -287.67591234562997 425.83320753884664 117.32806088926678 549.0706029563959 5.475 1.976 2.183 -21.7752682313752 0.8174612560331531 -14.861107671974592 3.1339923118364634 1.0
vehicle.car 0 0 0 -423.2580956948252 418.7209989069494 77.85956483438679 562.4871273535483 5.669 1.955 2.315 -18.71630690492951 0.7393585835651104 -13.992372628440746 3.1339923118364634 1.0
vehicle.trailer 0 0 0 534.1084636931081 421.61617618261965 629.3160986009905 461.1242129751779 7.371 3.14 2.719 -103.53936888496888 0.2816505517978063 -16.752225647725613 3.1350177792096874 1.0
vehicle.car 0 0 0 948.0686127109368 438.3985198045774 1051.8245281862787 480.36086001687056 5.041 1.478 2.2 -47.21479759465002 0.769200749257652 8.040876493126929 1.8157483709206765 1.0
vehicle.car 0 0 0 389.07396499918417 401.14889712450787 585.4009094866501 476.49373040614336 9.158 3.619 2.769 -63.22145088532335 0.04806467483104104 -14.880247065598105 1.5641540505569385 1.0
vehicle.car 0 0 0 1195.4350351603573 417.53238270990477 1880.38408653997 617.4178529455343 4.698 1.495 2.124 -10.878493362155394 0.6097100702715028 6.237182659100956 1.5656442853633354 1.0
vehicle.car 0 0 0 245.40898880788163 431.9521887563093 433.66933834906115 499.80852893602156 5.255 2.088 2.241 -40.70191239400174 0.8831674726661654 -14.33419170674982 3.116831063978502 1.0
vehicle.truck 0 0 0 1042.0166143578363 314.93250550738554 1305.424042758649 494.1843143073299 5.511 4.082 2.591 -30.36391311238121 -0.7596528204768602 9.166334145614691 3.127504088629566 1.0
vehicle.car 0 0 0 421.6898906525944 446.2502993299102 547.8894489463622 488.5938656579992 4.663 1.662 2.051 -51.67725410795587 1.1873198418534838 -12.30316743356732 3.1354410315842465 1.0
vehicle.car 0 0 0 69.6772626205777 435.44249530878824 314.80487484226575 513.6938387338123 5.261 1.907 2.227 -32.501870591047734 0.9183981022702168 -15.19898719271534 3.116831063978502 1.0
vehicle.trailer 0 0 0 1299.7759851010112 285.7237368396083 2136.6570808733977 513.5314341536402 16.204 4.534 3.102 -27.184651837211117 -0.8107285101665349 19.687981260877958 3.106735882116504 1.0
vehicle.car 0 0 0 417.8794851768904 436.5525472925822 568.120806823826 482.6724533340254 6.002 1.908 2.324 -54.75203556480177 0.9235043838368343 -12.65758864730459 3.1199959868684797 1.0
vehicle.car 0 0 0 542.3741309705373 446.1586663136159 633.3807854773275 473.9970737153587 4.94 1.538 2.043 -72.60806818084205 1.25835020872532 -11.391297413637513 1.5642656229153902 1.0
