vehicle.car 0 0 0 1202.5161000124172 405.53174727804253 1396.3234418765448 506.5825569660007 5.041 1.478 2.2 -21.18982875698866 0.24164260990659492 8.724732062240783 1.8106770112568107 1.0
vehicle.car 0 0 0 95.11319362566576 430.55108277991496 364.0946534101949 516.6993650171767 4.663 1.662 2.051 -26.25030102130933 0.7084004968107587 -11.477798040126546 3.110887338591154 1.0
vehicle.car 0 0 0 420.8055521839077 430.092604677378 563.8279396763959 476.0470675206624 4.602 1.532 2.016 -44.82627994870755 0.5163491250369925 -10.389415221696305 3.138729094654704 1.0
vehicle.bicycle 0 0 0 969.77467096465 445.47354734107677 1002.4492462653058 504.7482803110593 1.529 0.95 0.444 -21.5313032984937 0.6156384081640398 3.390328226722725 2.161001591986837 1.0
vehicle.car 0 0 0 -432.73786590629464 395.29211546389723 81.21462650475398 558.5023116390349 5.663 2.112 2.28 -17.965764507089098 0.5209972522413323 -13.49197200691245 3.092402371994485 1.0
vehicle.trailer 0 0 0 927.9193487347558 293.0336450643911 1601.241617127214 475.8355243547008 15.913 4.211 2.925 -32.06863529979603 -1.3001409976780223 11.725779298049181 -3.1241593827355976 1.0
vehicle.car 0 0 0 451.13406350414914 419.28751461471995 581.6945671370829 471.1464351235789 4.684 1.954 2.111 -50.1270657823001 0.27474905709574743 -10.67533995577263 -3.119854157401699 1.0
vehicle.car 0 0 0 186.34808313203106 358.8704230513755 524.1773112859864 488.09236849150614 9.158 3.619 2.769 -37.950170200011186 -0.4251500750508057 -12.787650818988093 1.5774882936542909 1.0
vehicle.car 0 0 0 -63.78943295492337 438.87110583638133 240.8840945540371 528.068539107571 4.637 1.537 1.957 -23.857798517074333 0.823108568245887 -13.064883049058547 3.135764501787481 1.0
vehicle.car 0 0 0 1170.5040212471456 376.1738354077826 1325.0983487729654 463.16968454253174 7.593 3.438 3.306 -54.291076184482755 -0.7573373724266015 19.602654462162466 2.1407860256176576 1.0
vehicle.car 0 0 0 1386.7358843174218 402.1066681434787 1572.623345064678 504.6052182443514 5.293 1.484 2.277 -21.114438452335772 0.1973856506419678 11.703455215459359 1.795789149108403 1.0
movable_object.trafficcone 0 0 0 1172.9664254457252 421.83207685295434 1198.0414637570113 498.34572142745577 0.325 1.307 0.338 -21.79719849055457 0.37726652169509345 6.884692344924995 1.8253280234887281 1.0
vehicle.car 0 0 0 446.1670515610199 429.6724954823498 590.7044554664922 473.5783928274083 4.94 1.538 2.043 -47.14459197144093 0.4915187550742821 -9.95559634477046 1.5773282846251782 1.0
vehicle.trailer 0 0 0 501.0531918666132 403.2903250230844 627.9834570137663 456.43380107166274 7.371 3.14 2.719 -78.30444238822726 -0.5047264299219112 -13.704010880927392 3.139973979990451 1.0
vehicle.trailer 0 0 0 921.5032275796535 272.84229265331726 1787.5858177465884 475.25208283313606 17.968 4.056 3.178 -28.536457599132486 -1.3536046565612916 12.203406064587886 3.1118590239975177 1.0
vehicle.car 0 0 0 1588.2026147524512 378.78587881615863 1767.5565237797791 496.1577065436305 4.786 1.698 2.181 -20.84875954342758 -0.030638063249942393 14.680754646699725 1.7821515318954138 1.0
vehicle.car 0 0 0 -243.63268918105538 409.29453211480626 161.52884690043967 537.5763487382449 5.375 1.957 2.126 -20.922061158118968 0.5578208379912322 -13.566786007219758 3.092402371994485 1.0
vehicle.car 0 0 0 124.79528575205973 411.92689490222625 425.0671809637614 501.0867489813443 6.002 1.908 2.324 -29.330330507454885 0.4049363265107613 -11.743921811738678 -3.1384532074257017 1.0
