vehicle.truck 0 0 0 791.4247864614694 403.4124235664217 836.0875659891894 448.0796383679965 5.532 2.057 2.057 -61.27583440246463 -0.5882959058926929 1.2733213225901896 2.0914385927278243 1.0
vehicle.car 0 0 0 725.9918882655115 369.03431321439245 797.9489125822673 466.4271718479609 5.241 2.808 2.066 -39.19008019009398 -0.6067669621901024 -0.7636736923345931 2.1060645000344076 1.0
vehicle.trailer 0 0 0 246.45259175164688 390.587478403976 506.1398610871102 453.4071330950686 16.44 4.088 3.187 -85.45993130595222 -1.1122276423463657 -27.433699586906194 -2.9974888250316845 1.0
vehicle.truck 0 0 0 141.4855678554315 417.9637918151598 221.71899267410288 470.7715427798426 5.687 3.2 2.367 -79.71207085197516 0.3666566929701285 -38.10291878628347 2.095029182705426 1.0
vehicle.car 0 0 0 26.56494439689077 436.89546001932285 219.91862941650328 497.92159382389656 4.994 1.806 1.904 -39.54791199251537 0.8915164345670252 -20.681562944566583 1.5816050001616544 1.0
movable_object.barrier 0 0 0 1061.2543162102559 414.67188158578364 1196.4327224448039 452.95316726408004 2.979 0.867 0.647 -29.514746301444095 -0.09872798459007337 7.9790964373429745 3.12892786938444 1.0
vehicle.truck 0 0 0 925.4372475696633 380.0156090278076 1048.2208359545746 437.9115827609092 9.917 3.854 3.452 -89.28215926299303 -1.967987766169837 13.972884117317692 2.37669298296802 1.0
vehicle.truck 0 0 0 864.7022143448337 382.93286893398977 983.8393241912617 441.862298578009 9.94 3.814 3.464 -86.974011146031 -1.6929183291913468 9.29978931033976 2.3635908461475417 1.0
vehicle.truck 0 0 0 1032.730610119109 305.8080009248198 1305.2582245575638 439.8438270193909 10.768 3.95 2.578 -42.69687795950977 -1.9568940997039386 12.443814529010453 1.8942148765740683 1.0
vehicle.truck 0 0 0 1200.0089143206542 294.2452780570061 1503.2791875362063 441.7986248709094 10.477 3.998 2.437 -39.597669491677614 -1.9347698325368055 17.15589224374724 1.9451489071371864 1.0
movable_object.barrier 0 0 0 1192.3977644606944 410.20255919077266 1329.8623859734962 448.36055563750296 2.973 0.864 0.61 -29.49507883458459 -0.2033171124776691 11.064249157237963 3.12892786938444 1.0
