vehicle.trailer 0 0 0 125.51726229366834 284.287919464234 385.96481572063897 509.70759286739985 8.893 4.009 3.0 -27.068169536205275 -0.6805807136324447 -10.902292174968242 -2.1792724964723584 1.0
vehicle.trailer 0 0 0 618.0770737173092 260.66050867997524 941.2183528767347 488.0080212818767 16.956 4.594 3.039 -33.97924767477961 -1.2112482789438388 -1.1353366668456668 -1.8931791500422266 1.0
vehicle.truck 0 0 0 804.959609683028 264.6714046627776 1083.0225015336887 506.8512122775488 5.106 3.943 3.108 -23.485299658519867 -0.8198991150718496 2.724182197465513 -1.8926489787257736 1.0
movable_object.trafficcone 0 0 0 293.3685493259735 466.1067688134245 322.03375196300794 517.1413373904054 0.329 0.761 0.436 -19.222194558673298 0.8118489069289974 -7.28806826386207 -3.0084867461856426 1.0
vehicle.trailer 0 0 0 491.43210502633667 358.70195176801724 586.1977486541708 434.04356032819936 14.12 4.075 2.822 -78.14660278156455 -2.3658322049992613 -15.560334962473211 -1.868697460012413 1.0
vehicle.trailer 0 0 0 1560.3172637440537 353.18858503092633 1738.7359251131627 523.7721247228418 13.369 4.256 3.802 -38.02127073394828 0.08749156521219481 26.160700433919526 -2.4836469878767975 1.0
vehicle.truck 0 0 0 530.3634059475211 361.6106082408991 611.7264226615183 440.0670774139956 3.624 4.006 3.337 -67.56645299410539 -1.9146508502527952 -11.564396291765524 -1.8373900398204226 1.0
vehicle.truck 0 0 0 1570.2421739752388 353.75361988288086 1723.9613455923354 538.0885614451798 4.008 4.352 2.888 -32.27866658286567 0.2109211461896226 22.03019529501618 -2.5221979069251503 1.0
vehicle.truck 0 0 0 -124.39435038148014 326.4099469555011 52.7485714974768 449.97927211921933 10.1 3.86 3.252 -44.884378613331656 -1.518960943514106 -28.861649839157288 -1.8849229371498835 1.0
vehicle.trailer 0 0 0 594.1829915195938 329.09235220176305 765.0068408299529 437.3201636418203 13.766 3.902 4.116 -54.40281738890025 -2.053292285383385 -5.007859232780812 -1.9071940234079188 1.0
