vehicle.trailer 0 0 0 1244.341553774036 189.34048746699344 2730.217334968353 624.7898690014232 18.371 4.373 2.899 -21.491420795959947 -0.3092987841866885 16.041219599632825 1.8425662358376265 1.0
vehicle.trailer 0 0 0 1543.4067662985872 285.9211662304005 2832.5510712469495 582.5530451242703 19.018 4.508 2.47 -27.998645859049375 -0.05518137422931424 27.217360092676703 1.8185053270204214 1.0
vehicle.construction 0 0 0 1133.8018458709769 275.97576210630456 1508.1119649290322 636.3088499108279 6.787 3.595 2.868 -16.175581140336217 0.18139469449524126 6.31362304829091 2.188288900733215 1.0
vehicle.truck 0 0 0 335.41236449809725 357.407998819421 483.41762449793936 478.5900181781719 5.106 3.943 3.108 -44.0347638135174 -0.6503766189119903 -13.208291721129436 1.7434947685015327 1.0
vehicle.trailer 0 0 0 1110.4054032425706 122.87411582903204 2593.397404175229 583.3916699624198 18.731 4.234 3.099 -20.625834237332786 -0.7789435913272972 12.949234530999725 1.8425662358376265 1.0
vehicle.truck 0 0 0 773.411748500151 367.389864444028 858.2993659007637 464.4366899105589 4.008 4.352 2.888 -58.99310584431712 -0.9897005173646627 1.4110906181334089 2.294278893989949 1.0
vehicle.trailer 0 0 0 1345.4079766294883 240.67336243104313 2775.16778457039 660.44596254527 18.353 4.744 2.835 -23.055416922372842 0.1433480618091736 19.02601723923501 1.842132888570002 1.0
vehicle.trailer 0 0 0 795.1948186874918 379.609369438733 921.6067545190303 471.0362066792272 13.369 4.256 3.802 -65.73439646545842 -0.5903521307698807 4.0302108191622885 2.2582731711278896 1.0
vehicle.trailer 0 0 0 45.00070126406081 391.89524727025884 129.83856817917845 455.1513578936641 14.12 4.075 2.822 -87.74618673026318 -0.9301719816472965 -48.743541490174174 1.7600361157607534 1.0
vehicle.trailer 0 0 0 1590.1217662686006 304.35923170996136 2821.2646419579955 567.8557770085889 18.981 4.37 2.453 -29.592774238372783 -0.029132637221403468 29.64782921890227 1.8032115912584352 1.0
vehicle.trailer 0 0 0 1058.1740690950758 367.90557651000375 1164.7382862423613 471.46225598789283 14.243 4.053 2.751 -56.54075899707873 -0.7182205269536016 14.798237833117176 2.3296897848576883 1.0
vehicle.trailer 0 0 0 -94.03791248455235 365.6380357365626 32.59462705484152 498.6612846039714 8.893 4.009 3.0 -42.67322576811223 -0.17585834700885467 -27.390412280500794 2.4078029541038664 1.0
vehicle.trailer 0 0 0 182.91424169270633 349.01781375905006 400.6504840925063 475.37057960686053 16.956 4.594 3.039 -53.30818369243864 -0.9354321625197194 -21.35703150629183 1.743902538187112 1.0
vehicle.trailer 0 0 0 152.22881797774775 394.03095560947276 314.98652039644116 471.37077139962975 13.766 3.902 4.116 -70.1926995530923 -0.26524018821207085 -30.981588060695387 1.7359558514203748 1.0
vehicle.trailer 0 0 0 1438.820657585137 236.04896622653493 2843.656302397819 571.2243145269429 18.264 4.13 2.788 -24.240220715941227 -0.4218960612154536 21.917991660306637 1.8341800505214056 1.0
vehicle.trailer 0 0 0 1515.3116877924638 278.4550202245603 2883.5832491661404 612.8576337510148 18.38 4.506 2.541 -25.6287256485166 0.1049268774604355 24.688206569568884 1.8262957320074413 1.0
vehicle.truck 0 0 0 786.5209776663819 353.72627596011813 1085.8161603721564 513.9935478114695 6.187 3.331 2.716 -28.63544526367166 -0.08781711857022872 3.3731230860861396 2.879946019786269 1.0
