vehicle.truck 0 0 0 83.16395956301247 421.02231473915487 172.09272756100376 479.41798693457054 5.687 3.2 2.367 -72.21173814911765 0.6731800875080978 -37.584387757994115 2.059476008054908 1.0
vehicle.truck 0 0 0 890.345522638247 394.4491329203627 1022.4676606148265 459.4520862044648 9.94 3.814 3.464 -79.3353132119043 -0.648911796363504 10.46375846405538 2.3579331705718642 1.0
movable_object.barrier 0 0 0 1358.3585723475185 444.47302506123106 1551.5677027195293 496.4080205610924 2.973 0.864 0.61 -21.71783608232204 0.5510439176738331 11.466936666784584 3.126190041331232 1.0
vehicle.car 0 0 0 730.070379407603 382.9266594141105 799.2218506636161 476.67950737237487 5.241 2.808 2.066 -40.55304626677615 -0.24544553280840953 -0.6743677055926867 2.099401455282308 1.0
vehicle.trailer 0 0 0 206.71938794472894 394.0039850424318 492.92938588128317 462.8765052581247 16.44 4.088 3.187 -78.13382958548453 -0.5361654791585432 -26.67002280534147 -2.9996054056655996 1.0
vehicle.truck 0 0 0 811.3868542882869 413.31153794866896 862.7029833096805 464.5974029310033 5.532 2.057 2.057 -53.61435213569619 0.03899957514195984 2.0846821270629565 2.084717956394231 1.0
vehicle.truck 0 0 0 1322.995807546648 274.7057351933357 1761.9092253020433 470.2510227357601 10.477 3.998 2.437 -31.190951141864844 -1.3397105230371515 17.84848669115918 1.9417702174405767 1.0
vehicle.truck 0 0 0 1101.640036312148 300.3862912050826 1460.5379210624762 469.8778209049566 10.768 3.95 2.578 -34.91015627446114 -1.2342412300028327 13.023812670057131 1.8904360544789274 1.0
vehicle.truck 0 0 0 1022.6362576165501 381.99929727830323 1160.9907162739403 445.6890763305969 9.932 3.967 3.421 -83.93857786465355 -1.5085331693825308 20.077304096744584 2.3710858457996533 1.0
vehicle.car 0 0 0 -129.80029074896635 441.588720317474 115.97174671471633 515.1847181035613 4.994 1.806 1.904 -32.21089739193471 1.0069876133580136 -20.13299356571871 1.5720440914531792 1.0
vehicle.truck 0 0 0 956.3009737315485 387.8837213979951 1092.7919670452657 451.6463163605999 9.917 3.854 3.452 -81.54501732957714 -1.1031738171210417 15.158710724604711 2.3710858457996533 1.0
movable_object.barrier 0 0 0 1180.859595716582 429.9116452993273 1369.000276691874 481.69854242929125 2.979 0.867 0.647 -21.776676306612583 0.30195337477837186 8.392774873800057 3.126190041331232 1.0
