vehicle.car 0 0 0 1088.156472035924 431.580866300503 1177.319199787107 464.2139074220545 4.753 1.522 1.968 -62.499212002515705 0.5062524145401563 17.157411569020802 -2.6196439455733778 1.0
movable_object.barrier 0 0 0 958.7113018286095 492.6286282400444 1094.2432027753594 631.019763594641 2.976 0.975 0.603 -11.245964255193888 1.0210501301852872 2.056234771710714 2.0998826578879246 1.0
movable_object.barrier 0 0 0 891.8206624804516 471.18445915540946 961.4358932420466 550.9970670618643 2.877 0.96 0.546 -17.289513752264277 0.9554263068252228 1.8768636751884544 2.1101675365361823 1.0
movable_object.barrier 0 0 0 921.1610848699798 483.58620547120654 1016.6040552485539 586.5817132203882 2.992 0.972 0.559 -14.304941823106518 1.0389103087486242 2.0080346365575017 2.1101675365361823 1.0
movable_object.barrier 0 0 0 1020.8555606505611 518.8597331865795 1234.8396130343688 722.5842854674636 2.886 0.949 0.585 -8.266790085119865 1.0795059379492526 2.1120037855320453 2.0998826578879246 1.0
movable_object.barrier 0 0 0 871.631970473136 466.6227418006254 925.8191826767847 532.3686673241552 2.75 0.953 0.54 -20.262105955886106 0.9511169429601908 1.7686462073316624 2.1101675365361823 1.0
vehicle.car 0 0 0 374.0636800836607 421.65654609906005 532.7615224147186 518.8223992277033 4.363 1.455 1.862 -21.416249653631823 0.5237325106070605 -5.509621366201007 2.1460335037109326 1.0
movable_object.barrier 0 0 0 1328.296182965805 473.3448096590567 1475.347376204042 516.6921373584635 2.951 0.907 0.668 -28.333499767218285 1.2731454736710213 13.780917456674823 -1.555917106130953 1.0
movable_object.barrier 0 0 0 875.2299321467741 470.7431089239928 975.6380827468046 522.2753776635161 3.284 0.869 0.526 -23.25581846455554 1.0459848787845616 2.606502096007439 1.8146055505408514 1.0
movable_object.barrier 0 0 0 1185.0375426237722 471.284203597473 1329.8248563754125 516.31047488776 2.996 0.947 0.642 -28.377233785073226 1.2476486513323592 10.55860287741159 -1.555917106130953 1.0
movable_object.barrier 0 0 0 1134.6941839121494 562.2608736510765 1629.0958208125435 975.4767290635025 2.994 0.956 0.577 -5.213670181623408 1.120842346583901 2.166795721023448 2.104205678246803 1.0
vehicle.car 0 0 0 -439.951163296519 347.5869253603067 343.6002484525937 724.7736814666811 4.906 1.851 2.054 -8.767552686493255 0.522201638418677 -5.040486321751594 -2.0939389306656526 1.0
