vehicle.car 0 0 0 444.44623450781944 413.51986042858454 606.8317131923314 518.878442878019 4.906 1.851 2.054 -24.738517697101805 0.5297990163778816 -4.9568176856013775 -2.0977411112245337 1.0
vehicle.car 0 0 0 133.52422033193673 423.016166042996 380.1842371836718 549.493957337813 4.309 1.645 1.961 -18.63681902224981 0.6603198406623343 -7.604087901453287 2.1124314480855215 1.0
movable_object.barrier 0 0 0 975.1357339033465 501.11151769293497 1090.490440421925 627.1300527875312 2.935 0.958 0.575 -12.176853859930299 1.1425307812157393 2.306510299989051 2.08137598649091 1.0
movable_object.barrier 0 0 0 873.4086175942361 459.09941270304387 912.9192942583423 507.65065918478757 2.976 0.975 0.603 -27.160436013260114 0.9474161053704994 2.267100685811682 2.0873978694973685 1.0
vehicle.car 0 0 0 -50.086615904361594 426.16438126324687 212.77250753907575 543.6892159636886 4.166 1.563 1.697 -18.93765306647897 0.655199860954649 -10.35708112041342 2.1064700136933556 1.0
movable_object.barrier 0 0 0 1154.6086121321612 461.9344003378016 1245.1137326100682 488.4341835066129 2.951 0.907 0.668 -44.29713346539535 1.30091477340682 14.480651689744862 -1.5572875003728681 1.0
movable_object.barrier 0 0 0 916.0696893418014 474.309493176634 978.088899907561 550.2073001447242 2.963 0.956 0.583 -18.189710096316215 1.024882433457406 2.274064239725965 2.0751179738846366 1.0
vehicle.car 0 0 0 367.00777729859044 421.3625828637617 467.29684718587146 485.2667924159986 4.218 1.747 1.849 -36.76878696409027 0.4496468022923207 -10.673525215843668 2.116385187261728 1.0
movable_object.barrier 0 0 0 1343.2969017958603 651.7513062387653 3083.5732704844318 1936.1919515897946 2.984 0.933 0.618 -2.88136165352709 1.189248661500766 2.2205040190719214 2.08137598649091 1.0
movable_object.barrier 0 0 0 883.6567762621007 465.2372162419037 928.2240524183711 519.373384889185 2.886 0.949 0.585 -24.181539256060468 1.009021291687716 2.258387995948041 2.0873978694973685 1.0
vehicle.car 0 0 0 -129.32445898998964 419.30141969422743 97.8374563040132 514.32461794495 4.266 1.7 1.773 -24.813988791724462 0.5465021847367588 -15.573584571901582 -2.0770108144658073 1.0
movable_object.barrier 0 0 0 1126.3562560878045 571.7234428543169 1507.5476608647568 903.832894449874 2.987 0.91 0.598 -6.027243443158603 1.2331940793443623 2.304083717056519 2.08137598649091 1.0
vehicle.car 0 0 0 350.4274654528123 430.78070624457473 535.2479558857644 543.2159715959344 4.46 1.534 1.933 -19.531590886370022 0.7025409900957614 -5.149388187492534 2.1324722492660193 1.0
movable_object.barrier 0 0 0 855.3821141580337 458.81316589853793 917.0744582259658 488.2943314754027 3.284 0.869 0.526 -38.98593780969196 1.0797859186306558 3.1049261420523275 1.8132901104685075 1.0
vehicle.car 0 0 0 266.8552404294131 415.575585054677 455.8116226192573 523.644374345517 5.029 1.834 2.017 -24.028308693213386 0.5732703346866308 -7.902135735537607 2.106079424091064 1.0
movable_object.barrier 0 0 0 936.8956802060773 482.5007301549551 1022.7399237900538 574.9986863667705 2.954 0.936 0.565 -15.168682516341246 1.0359289933097213 2.2700226377716515 2.091339451154992 1.0
movable_object.barrier 0 0 0 894.0199108592697 468.32552076460473 948.3087634905719 531.6642627248807 2.994 0.956 0.577 -21.234389880339727 1.0049751389844268 2.2294020366379 2.0916856084463697 1.0
movable_object.barrier 0 0 0 1064.8960459756825 458.8018913789527 1154.9981778263616 486.37845808816166 2.996 0.947 0.642 -44.32274552987727 1.2105987890846654 11.334019673583882 -1.5572875003728681 1.0
vehicle.car 0 0 0 -34.519253306583416 427.211837566526 195.07169925839798 522.267654378695 4.518 1.642 1.893 -24.16704948896019 0.6681257363432217 -13.31136326304759 2.0962187501443132 1.0
movable_object.barrier 0 0 0 1029.781021326112 522.8693385040327 1216.2372230985427 708.2155211566529 3.007 0.953 0.582 -9.127324259197344 1.1722568429501474 2.319723002487314 2.08137598649091 1.0
