movable_object.barrier 0 0 0 895.5699360784064 471.22902440623704 946.3028312012386 535.7927645808631 2.963 0.956 0.583 -20.891872279371004 1.0457902685292142 2.1914307280546286 2.075775952126694 1.0
movable_object.barrier 0 0 0 1047.9144915593013 460.61283307293996 1132.586815257452 486.6144458580873 2.996 0.947 0.642 -47.0032732535284 1.3223909719509315 11.287957274909527 -1.5557546586225248 1.0
vehicle.car 0 0 0 51.83536532928282 431.4543180584548 246.79705354860133 516.3477013041222 4.518 1.642 1.893 -26.79406002152887 0.7317181632497776 -13.347024908494483 2.096916439842378 1.0
movable_object.barrier 0 0 0 1129.0215536414546 571.2683724346027 1568.5145320299769 950.609053067911 2.984 0.933 0.618 -5.520410190263204 1.1861997863954588 2.195836453266092 2.082045863966955 1.0
vehicle.car 0 0 0 225.21244673404945 426.3718344477785 418.58308324190773 535.419134862858 4.309 1.645 1.961 -21.283886588143222 0.683623311011899 -7.662163026337765 2.136020756908464 1.0
movable_object.barrier 0 0 0 879.989567676473 468.9694970951771 926.3023855572239 524.5228812933192 2.994 0.956 0.577 -23.934095039862374 1.0805925568686734 2.1801401888797467 2.0923748643099884 1.0
movable_object.barrier 0 0 0 870.0303822197885 464.0784479663789 908.7453325508118 512.1990826091369 2.886 0.949 0.585 -26.841465072707752 1.0383236566432823 2.1611183018495903 2.088079099544421 1.0
vehicle.car 0 0 0 -278.7498591349752 415.5896438868054 6.951190798216092 526.7239725949538 4.655 1.766 1.924 -22.46709910856998 0.5657119519532519 -16.141521141366855 -2.038952633648675 1.0
movable_object.barrier 0 0 0 847.933611667882 459.5427512469149 906.1722498832851 487.05433248027265 3.284 0.869 0.526 -41.55779418734593 1.1453424476491902 3.0040259883879994 1.8133239865754245 1.0
vehicle.car 0 0 0 62.92789689249924 427.824924097504 278.433321740406 529.123999006392 4.166 1.563 1.697 -21.650321854983954 0.6586476800746132 -10.381209442468728 2.096916439842378 1.0
movable_object.barrier 0 0 0 937.3731766099736 491.8904452113653 1022.3026915127813 590.5079242826515 2.935 0.958 0.575 -14.81775731582393 1.153375603966144 2.2173306356330085 2.082045863966955 1.0
vehicle.car 0 0 0 479.0760405267674 417.37985788852995 620.9635923007675 511.57823542414445 4.906 1.851 2.054 -27.3808507754528 0.5587781056632899 -4.993971434010497 -2.0953208466272795 1.0
movable_object.barrier 0 0 0 971.042552561276 501.9498209837734 1086.652143589063 632.6471725813376 3.007 0.953 0.582 -11.789190048475172 1.1286389024779229 2.191984970468751 2.0719188708520946 1.0
vehicle.car 0 0 0 -22.91619569999118 422.99219780059053 167.43851486178164 507.7188719855774 4.266 1.7 1.773 -27.57470456106116 0.5833958573009245 -15.437303262316359 -2.074587982766797 1.0
vehicle.car 0 0 0 406.29303338157536 432.59628210554314 561.4038800214661 530.0752370998695 4.46 1.534 1.933 -22.172863502725047 0.7196197778459021 -5.175695190286768 2.129759473220023 1.0
movable_object.barrier 0 0 0 1025.51631143634 537.4624484418111 1225.3502370813728 732.011015850063 2.987 0.91 0.598 -8.667835462247833 1.2346745346912054 2.2067156099448972 2.082045863966955 1.0
movable_object.barrier 0 0 0 909.9954462950092 478.3160401386467 976.9446225097224 554.654390379626 2.954 0.936 0.565 -17.832058595706147 1.0636227301758923 2.175114338465229 2.090326537494599 1.0
