movable_object.barrier 0 0 0 1167.8320058178651 598.1771789373414 2850.701519744076 1711.1454729130148 2.961 0.917 0.657 -2.960121197348071 1.0093586145955686 1.9458605923031858 2.2198617301397396 1.0
vehicle.car 0 0 0 558.5468633508051 426.1568486322176 635.5839947894106 480.044013836342 4.46 1.534 1.933 -38.413887057620855 0.45923992834603367 -5.697892723705079 2.128157259430507 1.0
movable_object.barrier 0 0 0 870.4766662581451 467.13880807816537 927.3955514679868 532.9477351694721 3.005 0.883 0.593 -19.176697039002665 0.9030586950967796 1.6709727988740715 2.090850949186221 1.0
movable_object.barrier 0 0 0 1021.6744799696027 535.591142462268 1264.5067259721327 836.3088827455482 2.948 0.928 0.43 -6.208019179697283 1.0422723358419002 1.6104736766293488 2.0764414677216054 1.0
vehicle.car 0 0 0 272.2143920860113 418.80368791656406 367.25352036477904 470.3759240060842 4.266 1.7 1.773 -43.992280034113506 0.24344954178768552 -16.18573827505117 -2.075796289247619 1.0
vehicle.car 0 0 0 339.705181869022 422.55166725443314 435.5768386531023 473.5917118770319 4.518 1.642 1.893 -43.13507496564842 0.35249338521270696 -13.543687005524255 2.0997026898045537 1.0
movable_object.barrier 0 0 0 845.6014324697437 451.12441081411265 878.0786272861181 495.7195350316091 3.007 0.953 0.582 -28.586188205531187 0.7772872701506284 1.6821323549109164 2.084859247882788 1.0
movable_object.barrier 0 0 0 843.5727711727183 456.463727944972 868.5109101547043 492.57656258294 2.954 0.936 0.565 -34.62919948604367 0.9805087165400546 1.8875336872490758 2.0812813015841547 1.0
movable_object.barrier 0 0 0 858.5904328679421 456.84429173736225 904.7394602005262 514.1519859889463 2.984 0.933 0.618 -22.3492311685417 0.8067716756585718 1.6538553575394843 2.084859247882788 1.0
vehicle.car 0 0 0 470.99689638541065 422.0956824710056 554.1799172851876 480.89869613907973 4.309 1.645 1.961 -37.69629429436463 0.40615743120112063 -8.107620690638173 2.1533939026044866 1.0
movable_object.barrier 0 0 0 910.9036047796965 487.9487262273275 1005.3178049245627 599.1948199194692 2.995 0.901 0.545 -12.717770564109015 0.9971210030150146 1.6707005003355644 2.089945811344026 1.0
movable_object.barrier 0 0 0 843.831740171191 454.34586254666806 872.4674694537143 494.82371827685614 2.935 0.958 0.575 -31.57884837548077 0.8914893135941839 1.7706591896580048 2.084859247882788 1.0
vehicle.car 0 0 0 184.27813655535306 416.05325742454187 298.2661377033551 477.94755442452396 4.655 1.766 1.924 -38.569480073911095 0.2866129059928496 -16.54829380958373 -2.018390377474483 1.0
vehicle.car 0 0 0 383.4585791321971 426.0773904989046 470.65611744115427 480.9597860516917 4.166 1.563 1.697 -38.24829411002169 0.46922329811611413 -10.818257682185497 2.130625225016706 1.0
vehicle.truck 0 0 0 -577.2417676568601 264.3402905005541 123.75216914285758 584.7504547512941 5.538 3.206 2.773 -14.314765161110689 -0.10357334500066814 -11.015866025300673 -1.562546406469088 1.0
movable_object.barrier 0 0 0 886.2044208382982 477.6021442717337 954.431331403828 559.9471278392148 2.987 0.885 0.579 -16.029035975927567 0.9764627332631175 1.656016890948092 2.0842713367303745 1.0
movable_object.barrier 0 0 0 851.9399892005881 456.9497551742703 890.1811960913162 505.5625600456265 2.987 0.91 0.598 -25.486001953868925 0.8443117397404941 1.6804219513581242 2.084859247882788 1.0
movable_object.barrier 0 0 0 947.3703003677813 504.0247817501993 1082.337349363876 661.5548523543539 2.987 0.882 0.467 -9.565489031295558 1.0034297433316828 1.648898260117094 2.0933382127902727 1.0
