movable_object.barrier 0 0 0 531.6144909562038 487.3167577811098 732.7701243111879 608.67491796078 2.961 0.917 0.657 -11.944686633501322 0.9720375606919572 -1.545833294911294 2.4518548895373007 1.0
movable_object.barrier 0 0 0 408.9395960418817 453.95281263373727 450.4101640872245 498.93469138441395 3.005 0.883 0.593 -26.82129329316916 0.7905859895537544 -7.603865865049796 2.312230150691626 1.0
movable_object.barrier 0 0 0 382.29552391518143 446.98860713114414 408.9350256276001 479.86303527202705 2.935 0.958 0.575 -38.38901150799615 0.7553786485405294 -11.901525780108349 2.3168031514738 1.0
movable_object.trafficcone 0 0 0 1059.887813260433 451.12181677553394 1113.449018595234 610.8633769862034 0.299 1.281 0.3 -10.348110136391153 0.7492357537377446 2.457277600841269 2.427130298677217 1.0
vehicle.car 0 0 0 -85.83385664622053 433.65130012244146 13.569980850832199 485.79821987715394 4.166 1.563 1.697 -40.10030614043189 0.6695785686992048 -26.039547707779032 2.299639028613499 1.0
movable_object.barrier 0 0 0 434.412320041585 462.40511319399315 488.2438341095691 523.4773702054782 2.995 0.901 0.545 -20.901124990081808 0.8733189756368414 -5.412760318497488 2.3112383547430664 1.0
vehicle.car 0 0 0 103.58499245257092 424.16825931729693 178.067837978946 472.99694422701594 4.46 1.534 1.933 -42.10367151222577 0.3517647021802034 -21.46167838533807 2.3463712251321454 1.0
movable_object.barrier 0 0 0 457.0234641704531 467.7875065493591 517.5943453026775 538.9647981342414 2.987 0.882 0.467 -18.011993067296785 0.8908155997723759 -4.301546747266365 2.3112383547430664 1.0
movable_object.barrier 0 0 0 421.0541158785117 457.8614704233717 466.4262201977194 509.2504966292697 2.987 0.885 0.579 -23.916213652941053 0.8328382867127977 -6.51826141253672 2.3050162111474766 1.0
movable_object.barrier 0 0 0 397.3559815938757 448.7748163891475 435.6031301832509 490.8430666107888 2.984 0.933 0.618 -29.722109790567238 0.7250973399796048 -8.732550446853264 2.3168031514738 1.0
movable_object.barrier 0 0 0 385.6335148259915 446.1697342278985 413.1794780961199 481.5530313109384 3.007 0.953 0.582 -35.560831338067935 0.708744488786733 -10.91990050457315 2.3056612182910374 1.0
movable_object.trafficcone 0 0 0 685.5865126149373 454.85222743245487 738.3862422549844 617.1007401504091 0.312 1.295 0.316 -10.317027524340538 0.7866143576288656 -0.6112376282555394 2.427130298677217 1.0
movable_object.barrier 0 0 0 490.22617607934427 476.61977812127765 562.695946407163 570.8110128361441 2.948 0.928 0.43 -14.835866910278234 0.9525055981239274 -3.0948226782237764 2.3001163698155302 1.0
vehicle.construction 0 0 0 965.8175591802325 337.2187905212738 1277.20186577665 458.6016465249601 11.133 4.173 4.466 -49.08974725699815 -1.3424390195798837 12.673072374517844 -1.7397312912795782 1.0
movable_object.barrier 0 0 0 393.6775917448338 450.8453634377218 425.0371621407741 488.17383382561644 2.987 0.91 0.598 -32.67755278596825 0.7944243904706956 -9.78000281379174 2.3056612182910374 1.0
