vehicle.truck 0 0 0 -213.1113467575115 386.878171716847 281.32665852709414 590.1196853879754 5.538 2.549 2.045 -17.51908574892367 0.6487643075315559 -10.20949664837146 1.5703963727701904 1.0
vehicle.trailer 0 0 0 1288.9360036367154 356.2550036279842 1529.7836449084639 452.692768142445 10.089 4.359 3.256 -60.587687955415554 -1.5792400466090513 29.76580325765649 -3.0870328958750015 1.0
vehicle.trailer 0 0 0 1195.765193679526 380.09838274592323 1429.2793491367754 459.8602212647286 12.158 4.283 3.129 -72.46166508709497 -1.019475163671891 30.06148611509547 -3.112765575356711 1.0
vehicle.truck 0 0 0 1370.0119103999195 363.38886591324496 1515.9359910054764 464.4516767545974 4.1 3.673 2.628 -48.01390100636043 -0.8923938645093484 24.883955545785195 -3.1147198911701874 1.0
vehicle.trailer 0 0 0 1096.3675018570532 345.6606907298203 1282.4682952012536 459.8918940415257 14.095 4.889 3.136 -61.525690490935425 -1.5093586385879623 19.117810872602355 -2.04285861548808 1.0
vehicle.truck 0 0 0 1586.6968586075834 323.330583071329 1784.2377713890921 470.0040129934415 3.779 4.011 2.593 -36.314537930429374 -1.1497848703868638 25.7531640867207 -3.1147198911701874 1.0
vehicle.trailer 0 0 0 1376.188352340833 342.21842891690363 1758.153310933003 466.59780488974786 14.074 4.824 3.5 -52.92806289387013 -1.3770937679563735 32.50667716912574 -3.1147198911701874 1.0
vehicle.car 0 0 0 504.89970684324106 428.3436948747385 609.4135111028766 475.2672517594933 3.823 1.773 1.695 -50.30304278946038 0.5418313000389616 -9.108008520362159 1.570076582171926 1.0
vehicle.car 0 0 0 1085.894593510934 405.4797512446441 1179.9353381405251 454.1036263917088 4.909 1.873 1.996 -51.90444603852405 -0.31647242688396215 14.144742034061244 -2.036421222574196 1.0
vehicle.truck 0 0 0 562.5176815047878 397.95031907471537 706.1255769497519 457.64839390931076 9.695 3.924 2.746 -87.71093204892568 -0.7021483353317379 -10.49565574439485 1.570725618652391 1.0
vehicle.car 0 0 0 1233.3504814863613 313.98877350530546 1924.5511097228787 692.8721205994058 4.991 2.041 1.919 -9.411517334384254 0.35855557541960614 5.226209175962313 2.0942398842480685 1.0
vehicle.trailer 0 0 0 1251.7573538090412 370.85911865165457 1427.1357789824642 453.117960047323 8.109 4.232 3.13 -68.47575648577342 -1.3827334854823727 29.881880954964373 -3.1117200206420517 1.0
vehicle.car 0 0 0 -627.1505143644207 388.5083457701273 98.09842668816219 622.9950466279686 6.065 2.238 2.044 -13.6507227761779 0.675053208757116 -11.059045825736547 1.5699829264317984 1.0
vehicle.motorcycle 0 0 0 355.1995500360604 439.0281376163381 440.21827010036566 487.2085757251477 2.497 1.492 0.792 -41.043178470314984 0.8012131606901232 -12.63092390983438 1.642953111996933 1.0
vehicle.truck 0 0 0 1203.2645525910361 362.6747529058718 1317.5981015075295 454.02198744928967 3.739 3.689 3.149 -53.48396942422878 -1.2126868081681241 19.987572397574496 -2.048068014185768 1.0
vehicle.trailer 0 0 0 1469.4265504872421 316.1609218778761 1882.8064491460705 445.14090073832574 13.893 4.645 3.7 -49.167156530199705 -2.1706579376850565 34.4100290105428 -3.102375205689869 1.0
vehicle.car 0 0 0 589.9120856856465 406.4446033584894 704.2566425801728 464.79819375589994 5.755 2.892 2.015 -65.67996894981324 -0.1229987809267058 -7.208236738673465 -3.117275384359063 1.0
vehicle.car 0 0 0 1566.4318513808096 338.10279198192507 2363.9871307774697 658.5481660211001 4.031 1.775 1.744 -9.149600768908 0.3342066918565696 7.9384832853763845 -2.0376122389004117 1.0
