vehicle.car 0 0 0 520.7321648993703 427.78748751062807 616.4932389039612 470.95814431289733 3.823 1.773 1.695 -54.59801936267687 0.4851067192096681 -9.395722465395705 1.5700555163981686 1.0
vehicle.truck 0 0 0 1315.1961961667255 370.05527076666027 1446.0469916408542 462.38484106746756 4.1 3.673 2.628 -52.42320088617547 -0.8834043773761511 24.595041220829263 -3.109515554710022 1.0
vehicle.trailer 0 0 0 1214.6977240879999 375.3923762338535 1377.416218201557 452.3612094857646 8.109 4.232 3.13 -73.05243027297992 -1.3703447865535536 29.383751688639073 -3.106515862456659 1.0
vehicle.truck 0 0 0 1494.450175252567 336.4966570976346 1664.2697823419328 466.6885132678114 3.779 4.011 2.593 -40.743602488478345 -1.140779120565805 25.496070915167703 -3.109515554710022 1.0
vehicle.car 0 0 0 1341.3651363485203 373.05089304941447 1770.4156982049085 572.9828887348932 4.031 1.775 1.744 -13.431410018137795 0.31428021184156696 7.859776582110168 -2.0335384097371323 1.0
vehicle.truck 0 0 0 -14.866460114089412 394.726305779799 367.22695394490734 555.9417226026561 5.538 2.549 2.045 -21.797481318625508 0.6047916409313432 -10.356389702394493 1.5705987253591571 1.0
vehicle.motorcycle 0 0 0 387.73207637134453 437.1496656216422 464.3328742079239 480.62771948954423 2.497 1.492 0.792 -45.31200779305331 0.7366561353661855 -12.930327821025418 1.6449194623458094 1.0
vehicle.trailer 0 0 0 1245.989643970118 362.3817895849991 1467.7232264924012 451.85401534297233 10.089 4.359 3.256 -65.16374393599611 -1.5675288872988933 29.324927313599996 -3.0818306498945507 1.0
vehicle.truck 0 0 0 561.1868883663867 399.9587210557771 698.4318721167868 456.9041415387192 9.695 3.924 2.746 -91.89260515823968 -0.689378269457197 -11.324542661473707 1.570513455709066 1.0
vehicle.car 0 0 0 1106.0855671075694 362.4915442247102 1477.5943669680773 594.6504381571535 4.991 2.041 1.919 -13.779799059446958 0.3633892013674287 5.148751059721368 2.0985187433697083 1.0
vehicle.trailer 0 0 0 1407.4540046877923 327.06645870272587 1780.7212017134093 444.72997799531475 13.893 4.645 3.7 -53.7009383984941 -2.161017640087072 34.14398358114099 -3.097171677921809 1.0
vehicle.car 0 0 0 1055.444791232634 408.3221750909931 1139.935628724481 453.00038253986196 4.909 1.873 1.996 -56.26655428488616 -0.3075010445972507 13.78033345760633 -2.032350776585587 1.0
vehicle.car 0 0 0 595.0955979608486 407.0141196975899 702.1165248755135 461.700478922235 5.755 2.892 2.015 -69.99194961437071 -0.2002956000902234 -7.603026990228596 -3.1120709052675553 1.0
vehicle.trailer 0 0 0 1595.3410808822894 317.90457491377236 2074.2301920011205 465.8546423223616 13.937 4.505 3.14 -41.60422651360673 -1.4959229145895212 34.355131823240235 -3.0885786127892754 1.0
vehicle.truck 0 0 0 1165.5073875991475 370.5194709506991 1269.0507585390433 454.78734006202694 3.739 3.689 3.149 -57.823095430814455 -1.1235872081819727 19.64734598824222 -2.0439648947080045 1.0
vehicle.trailer 0 0 0 1069.9434254197745 353.5582124340082 1237.7696963675282 459.1283272142568 14.095 4.889 3.136 -65.9932005385913 -1.4668406467937036 18.734843054131964 -2.0387699979811984 1.0
vehicle.trailer 0 0 0 1163.4962991117495 383.3850092403444 1381.6343153934633 458.28994397251233 12.158 4.283 3.129 -77.02291604592229 -1.0337574654212665 29.534972395271783 -3.1075613537072195 1.0
vehicle.car 0 0 0 -276.897828684316 396.6523724344149 246.37576157984256 571.7779599771321 6.065 2.238 2.044 -17.92168228358645 0.6163517844208346 -11.15970608033841 1.5700171058364258 1.0
vehicle.trailer 0 0 0 1322.42674583949 350.36828174124423 1669.7875038910774 464.4961343717351 14.074 4.824 3.5 -57.50037392101028 -1.365770451601843 32.122641299525114 -3.109515554710022 1.0
vehicle.car 0 0 0 1490.5656381983847 362.4103115211917 2019.5193914738068 568.5522915808012 4.622 1.899 1.785 -14.121648113180953 0.2529800272542288 10.393294227503818 2.2064906728351907 1.0
