vehicle.car 0 0 0 620.2424449829367 453.00649998623607 752.3659590489202 555.6151396901804 4.45 1.644 2.03 -23.189273377108158 0.19784398863894875 -2.2625953711104034 -2.129262334865304 1.0
movable_object.barrier 0 0 0 1275.6171777738184 499.8479998724729 1342.0664538177787 536.1767309605817 0.548 1.086 2.289 -40.97352306431275 0.8438984815198909 15.911564875112424 2.84896808898387 1.0
movable_object.debris 0 0 0 1238.367981356804 494.6714703400967 1287.9015569778146 531.9354876072293 0.988 1.204 1.298 -42.907141869511946 0.7311990332160632 15.130384261853242 2.937303431877739 1.0
movable_object.barrier 0 0 0 490.5245894937011 484.77244857504525 602.6117291337837 543.2101993586484 0.73 1.118 2.096 -25.89422385218368 0.45036306208764126 -5.5008793371845925 -2.084597324316289 1.0
vehicle.car 0 0 0 768.5786175318412 460.87166188481723 946.0296571575858 599.1518058759319 4.523 1.564 2.036 -17.1028646897409 0.43759893408373707 0.5109481847900844 -2.1060750163278366 1.0
human.pedestrian.adult 0 0 0 1168.2214092889153 486.9506889242412 1194.0783754623617 529.0199941737873 0.72 1.675 0.703 -51.41991741457027 0.664573591828395 14.812353492871777 2.9853179168810904 1.0
movable_object.barrier 0 0 0 -168.2747272316095 544.771632488156 158.32269925795347 768.0976126170965 0.48 1.041 2.185 -7.661999309983667 0.9012126829154267 -4.829149583340524 -1.5769968969899741 1.0
movable_object.trafficcone 0 0 0 1088.3736329282722 503.08057248257836 1099.4525965864298 519.4375190967313 0.401 0.699 0.398 -55.609435343246965 0.865970877122479 12.190734783224483 2.1163858164623663 1.0
vehicle.car 0 0 0 841.5762528104036 448.45936877891273 948.2160606472698 540.7772793880256 4.598 2.0 2.001 -30.479458110137625 0.06026078882631783 1.9801351672847842 -2.015605260659192 1.0
movable_object.barrier 0 0 0 400.70636873432755 507.16321860656745 506.67828745836295 598.3901951209131 0.419 1.033 2.148 -16.027174468068864 0.7361501020253346 -4.5454950065371555 -1.5803491931146239 1.0
vehicle.construction 0 0 0 99.56226211175337 367.49229828878833 478.5388675277953 561.7737625411662 5.375 2.73 2.049 -19.648090588118134 -0.44929025405001893 -8.169569869692673 -2.923377501751675 1.0
movable_object.barrier 0 0 0 75.82232338490348 525.8457664737406 280.5864149250763 687.5319005098218 0.487 1.029 2.061 -9.724895262710858 0.8187290760956281 -4.8169126381536795 -1.5770583954805426 1.0
movable_object.barrier 0 0 0 1328.8097819390985 500.45794401658975 1412.5216872164544 540.1315827301507 0.591 1.127 2.261 -39.05856528469072 0.8752304028896375 17.08146658592746 2.528195930825113 1.0
movable_object.barrier 0 0 0 1235.7011602242876 500.2545454241077 1269.7814166041242 532.0539070118831 0.537 1.055 2.215 -44.72768509824559 0.8564508140937596 15.400383046479039 -3.117630571599264 1.0
movable_object.barrier 0 0 0 11.836535407874164 455.84876498396665 81.68461554775712 534.8517941064323 0.545 1.113 2.448 -18.973065206896898 0.03233271610028174 -11.550060078128531 -1.6973887314451064 1.0
human.pedestrian.construction_worker 0 0 0 1209.92229260833 474.8387184947493 1249.0693799978108 526.4144562698835 0.994 2.0 1.05 -50.17858446968509 0.35427850014780676 16.36759864268632 2.9091060630694416 1.0
movable_object.barrier 0 0 0 380.26843736995255 482.1503054772402 506.80022102587674 541.8535455367194 0.703 1.139 2.295 -25.31923563332767 0.414311979403472 -7.433531108097827 -2.4983339056258487 1.0
movable_object.trafficcone 0 0 0 157.93979329526118 479.6373100562444 184.47601723177135 510.37011753534307 0.445 0.746 0.44 -31.432512012439755 0.08447162790547993 -16.00785424494751 -2.174833081937847 1.0
movable_object.barrier 0 0 0 549.7680956653019 488.3487563756307 599.0715917388692 557.3871079739296 0.443 1.143 2.129 -22.393007356149365 0.5256347252610488 -4.255714197686314 -1.5772475386353602 1.0
movable_object.barrier 0 0 0 175.51139335449733 474.5609491102641 316.64538875544895 543.7324443219914 0.563 1.12 2.2 -21.743505152501054 0.29821030169504226 -9.749186507530267 -1.6618731374862303 1.0
movable_object.barrier 0 0 0 152.17170159094485 474.3379829789311 296.1307592970595 543.9156990306396 0.519 1.144 2.288 -22.067785332895262 0.30265647634241044 -10.273625823499758 -1.6614067265817 1.0
human.pedestrian.adult 0 0 0 1154.244562505196 487.53133132100083 1182.377020493035 528.0879032514879 0.838 1.614 0.826 -51.585332723809714 0.6604740461170835 14.341017127635563 2.461005577471659 1.0
movable_object.barrier 0 0 0 570.9583897122762 486.99978753102164 613.4951023449338 547.9049799992363 0.498 1.105 2.273 -24.560143295281208 0.4762378396251697 -4.325698260251151 -1.5784036318117307 1.0
movable_object.barrier 0 0 0 515.3336204027423 495.6479739861917 579.4930601516553 567.9816923019996 0.451 1.068 2.126 -20.2843981121118 0.6150777356076323 -4.279735102314825 -1.5771012012069008 1.0
movable_object.barrier 0 0 0 473.5417781333452 501.30734659020465 547.9865340360918 584.8429501933215 0.449 1.085 2.182 -18.15952429957592 0.703367791217372 -4.348945989317127 -1.5769986224589774 1.0
movable_object.barrier 0 0 0 326.7185708320671 510.458327850954 441.1325148360955 621.0207007765625 0.443 1.068 2.142 -13.943677182558506 0.7704548099701514 -4.71231001870229 -1.5769968969899741 1.0
vehicle.construction 0 0 0 1412.8701062736036 408.98441075334614 1630.5898705269058 537.6273519028798 6.777 3.873 3.408 -42.43409007390932 -0.5815523680074182 23.345601590522175 2.0828302547441524 1.0
movable_object.barrier 0 0 0 219.3890066047953 519.2109317311736 375.48927094209233 650.4733975132648 0.472 1.037 2.194 -11.806515057371044 0.8131232783702556 -4.7699594113095225 -1.5769968969899741 1.0
vehicle.truck 0 0 0 -78.68233278963572 413.1968523407445 145.41124521368388 515.2200170613033 5.077 2.199 1.953 -29.318042845733796 -0.6509984728014785 -18.14534363065589 -2.844036413130696 1.0
