vehicle.car 0 0 0 1019.4402858074532 499.2867017199465 1144.3129450485842 588.3833661418533 4.823 1.515 1.771 -24.084685773689873 0.9096603108698681 4.928812643350368 2.145703060734327 1.0
movable_object.barrier 0 0 0 664.5961218629138 510.1232470009045 693.4763244575029 540.9878730142477 0.62 1.031 2.298 -44.366047920495426 1.1790468778748984 -4.794752769996729 -1.566500309083228 1.0
movable_object.barrier 0 0 0 902.5248518847687 513.5487831832365 936.3230054213436 573.340680369591 0.513 1.079 2.422 -24.70294753673635 0.9845926607718336 1.9959247260762973 -3.124002154774818 1.0
movable_object.barrier 0 0 0 896.1464858880879 520.076510374932 923.938957377817 562.0565754005644 0.532 0.956 2.126 -31.0428297968448 1.1971796996536193 2.2869533825065496 -3.1363765566282105 1.0
human.pedestrian.adult 0 0 0 1443.4422967462358 484.4486318052603 1476.0573058157152 537.297582858777 0.714 1.752 0.699 -42.3904854219906 0.6441881818149361 21.534794149571677 2.0550586848099623 1.0
human.pedestrian.adult 0 0 0 7.201279334879391 475.710822257325 112.7681011185683 612.7193239260333 0.939 1.905 0.94 -18.237856984748106 0.7366198691322662 -10.881777229210478 -1.6141781613049977 1.0
human.pedestrian.adult 0 0 0 1393.0777917433275 485.7535139928066 1425.6644775951388 539.401424336316 0.749 1.799 0.739 -42.886672516701715 0.7091379171802115 20.08039705836233 2.0850164177186947 1.0
movable_object.trafficcone 0 0 0 930.1959915684776 525.63895704635 953.0199362982142 563.8101029107974 0.411 0.7 0.4 -23.740112521685894 0.9946025309142484 2.347689613880981 2.1152616169374543 1.0
human.pedestrian.adult 0 0 0 920.3996905446929 488.45482626634856 937.178457099341 512.2324033163974 0.949 1.67 0.949 -89.5400539211007 0.6233390333927389 7.953194698080436 3.004495887829224 1.0
movable_object.barrier 0 0 0 950.0271258663121 518.0492665716322 978.6415629689167 576.0126721885506 0.437 1.028 2.021 -24.17982199144251 1.0369263880500978 2.8154793885912697 -1.5665407791069859 1.0
movable_object.barrier 0 0 0 601.2686576250674 507.8570861223944 668.6784864514464 540.2508608097068 0.587 1.084 2.206 -43.096935971729 1.1012798706147353 -6.16858796902182 2.2285870779288537 1.0
