human.pedestrian.adult 0 0 0 900.8717230515366 472.65860486030084 925.6690313893089 516.9701957902137 0.998 1.849 0.769 -54.78316699898094 0.13638277304503804 4.198920687398232 -1.628864950440808 1.0
movable_object.barrier 0 0 0 427.4316345120265 466.18303377195826 517.3557205118739 566.0609970776106 2.141 1.34 0.614 -19.162471654391116 0.3309640416583015 -5.167624209084731 2.095253253724712 1.0
vehicle.car 0 0 0 680.378306018821 457.53191624030256 785.8867401763285 502.31309046929846 5.341 2.186 2.038 -66.77803490079765 -0.6198611220461787 -4.410031815032279 1.6352942214800752 1.0
movable_object.barrier 0 0 0 207.63231176011547 465.61738215290694 367.3977557051394 607.027013864068 2.119 1.278 0.676 -13.280643526292954 0.41188045171488497 -5.478703629965526 2.105813750667034 1.0
movable_object.barrier 0 0 0 546.3854563809954 478.12344116533075 601.1203413323778 548.1558516764148 2.105 1.232 0.536 -25.210030599641808 0.4020979220410308 -4.806116567698701 2.1017636705768608 1.0
movable_object.barrier 0 0 0 374.78270635621965 480.14812265009755 479.98912804571734 580.0780169697683 2.145 1.166 0.607 -17.251025139926107 0.4840810723580007 -5.255410297099968 2.0931179770126613 1.0
human.pedestrian.construction_worker 0 0 0 795.4487649093564 467.96894428846923 825.4008455170273 519.7557070039303 0.62 1.926 1.013 -48.76305280987283 0.0797606945044394 -0.22802815919158226 -2.673152828325745 1.0
movable_object.trafficcone 0 0 0 859.6419393691419 507.77627026164095 878.6769510347484 535.3259104709904 0.499 0.735 0.329 -35.531595798232175 0.8411323685037604 1.4848896797999849 3.092549290026483 1.0
movable_object.barrier 0 0 0 297.85867492138647 468.816499385302 424.0620779948783 593.6919028297549 2.13 1.312 0.645 -15.299237098927264 0.4287330140444333 -5.449703980617213 2.1070960023425194 1.0
movable_object.barrier 0 0 0 677.5780946414333 481.44867482002314 711.3881011147805 523.0402836287177 2.238 1.156 0.717 -40.00758317093998 0.32110926280578433 -3.833092551168897 2.110028203756328 1.0
movable_object.barrier 0 0 0 512.7596190866993 473.7417235349197 575.1907872713374 546.8872897423292 2.045 1.189 0.564 -23.255718864822814 0.31636774784805005 -4.9763986289425866 2.1017636705768608 1.0
human.pedestrian.adult 0 0 0 686.0601015359053 453.1665282013738 717.566138207541 518.2002334596988 0.554 1.862 0.711 -36.99143694303547 -0.17792329930596346 -3.344349843959653 -1.8417499855969917 1.0
movable_object.barrier 0 0 0 643.0380082502567 474.3846028669729 684.3636523689365 528.3598803579839 2.187 1.342 0.664 -35.023821124378586 0.24981201467835534 -4.202732329418351 2.088091202591679 1.0
movable_object.barrier 0 0 0 478.6949609292313 474.3528007339203 551.8666420825914 558.3849942155653 2.049 1.246 0.593 -21.259676786018513 0.383967113065873 -5.024899613106008 2.099380798118723 1.0
vehicle.truck 0 0 0 806.7468692045331 468.5372953899498 872.0520929138416 548.7115077057566 5.138 2.087 1.841 -39.198698051201085 0.4498724915978983 0.7271458081690866 2.127292770054485 1.0
movable_object.barrier 0 0 0 592.6291146396725 477.06773088500734 635.3414903767564 532.7248414777565 2.04 1.141 0.511 -29.238290456926958 0.28711917460533937 -4.653865427066839 2.1016205902892118 1.0
human.pedestrian.adult 0 0 0 831.0011587975168 475.4214996976327 857.5341799676424 532.271607669092 0.7 1.587 0.688 -36.690639292389406 0.3500326531781505 0.8141071157311699 -2.162693054075608 1.0
movable_object.barrier 0 0 0 570.27203736831 482.1345536915004 617.4936532179823 550.192120722388 2.052 1.299 0.574 -27.229501374961245 0.5033618258475865 -4.76329823731695 2.1214266251040073 1.0
movable_object.barrier 0 0 0 85.50322302477608 468.9950076003288 280.2932761135448 644.9349792968098 2.014 1.338 0.627 -11.257021181464737 0.5135686133027259 -5.551106138935943 2.1100282039092866 1.0
movable_object.barrier 0 0 0 629.6325811335682 479.5155939288724 668.7834287607557 530.4709296220207 2.013 1.188 0.621 -33.1364731937131 0.3329816200115826 -4.356500353927131 2.1051156690635473 1.0
movable_object.barrier 0 0 0 659.0219835154144 475.5583157870856 695.9242890996767 525.8181617173857 1.994 1.335 0.664 -37.10963522973777 0.2495009102211942 -4.053616867111612 2.088091202591679 1.0
movable_object.barrier 0 0 0 613.4557229619251 476.7869029982159 653.5485927726102 531.6318896354405 1.913 1.216 0.555 -31.20822117609335 0.29268682153145165 -4.489667488614374 2.097201453883506 1.0
movable_object.barrier 0 0 0 -410.3372664239215 484.0423535021915 24.47409586821699 748.425169438204 2.198 1.189 0.66 -7.363868120861281 0.612470698892237 -5.677556224660598 2.1085613958709093 1.0
movable_object.barrier 0 0 0 -100.73900337502756 466.98713808111154 168.0989836643979 679.2825105811215 2.067 1.299 0.591 -9.279074490754322 0.5135196446835725 -5.62237244450716 2.1112372230648973 1.0
vehicle.construction 0 0 0 -1027.5018642300654 27.083193719700763 22.233147154793723 514.9543133908417 7.364 4.601 5.583 -16.09973263681932 -2.3280300073964746 -15.145429045687408 -2.0934950025886314 1.0
movable_object.barrier 0 0 0 707.6193857212182 482.62957851281186 739.0607149538332 519.5408461179707 2.12 1.193 0.75 -46.032921528425526 0.33273125319397523 -3.3656435088638643 2.0812752493684865 1.0
