movable_object.trafficcone 0 0 0 1136.0989816867161 604.0856087195338 1198.3003352472492 715.5505571277837 0.251 0.722 0.331 -8.687803615748589 1.1491460654281642 2.4044973820126683 2.060554006827651 1.0
movable_object.barrier 0 0 0 966.516101736761 522.961659350807 1023.9275743024463 610.2451540435359 2.015 1.127 0.578 -18.158432309820096 1.0415529407753465 2.542934582797126 -2.087595824099962 1.0
human.pedestrian.adult 0 0 0 1542.6525148325159 497.64501455724036 1575.160483423892 558.2613553171375 0.67 1.728 0.521 -36.80737156502028 1.0519537837230435 21.57979620645553 2.1031347312915702 1.0
movable_object.trafficcone 0 0 0 883.2433274765343 511.1165924310944 896.9945784084568 536.0227295778918 0.287 0.715 0.33 -37.20817241737132 0.940820379800569 2.1691809394608184 1.9946729316541996 1.0
movable_object.trafficcone 0 0 0 1092.6610919614495 592.5551758880152 1153.5965051499254 695.5299681909523 0.275 0.749 0.365 -9.7238255822774 1.1660405998778052 2.353213275548789 2.0316637339190846 1.0
movable_object.trafficcone 0 0 0 1200.9351918368848 610.221601860366 1273.755801986249 747.4381371904354 0.247 0.757 0.317 -7.4057247150332675 1.088756875851121 2.458975250203019 2.060554006827651 1.0
movable_object.barrier 0 0 0 957.9062430396648 521.9635507586621 1010.2331935171728 604.0959384226245 1.726 1.102 0.569 -18.60107238645445 1.0220792539644956 2.4467028932187946 -2.087595824099962 1.0
movable_object.barrier 0 0 0 1119.6861896271514 535.2276136544112 1411.8170403894167 682.4677750889003 2.25 1.113 0.621 -10.872267710565225 0.981168831899562 3.807678506270435 -1.5664076800199593 1.0
movable_object.trafficcone 0 0 0 1064.2248657448793 575.9915586794286 1111.960597563556 669.0515398281872 0.289 0.757 0.319 -10.829649965750962 1.115024426063522 2.3218479615117302 2.064673978540826 1.0
vehicle.car 0 0 0 796.0148681029845 480.72177462893677 887.2067824606403 559.2369200360927 4.75 1.633 1.918 -29.774513814654895 0.6323623267708952 0.6059703305601287 -2.0962237640812935 1.0
vehicle.construction 0 0 0 968.1804908697945 262.11185165070293 1631.6726277548087 674.3008511721542 7.932 3.618 2.768 -15.305431051309295 -0.1847739558624636 5.013247753534528 -1.8726676803986884 1.0
vehicle.construction 0 0 0 1035.251117762563 418.2655434697113 1249.1487059992946 564.0324444059802 7.258 2.934 2.797 -29.939921717008207 0.013222127688105434 7.405623456986375 2.0447119307734836 1.0
movable_object.barrier 0 0 0 938.8164290444544 514.9640120848081 983.5949885222933 579.3729465376987 1.993 1.052 0.562 -22.51355546029852 0.9639812729388268 2.5589963546684245 -2.1017853203822856 1.0
human.pedestrian.construction_worker 0 0 0 1246.486042567182 459.1127008266292 1303.3714223781128 603.421277955231 0.522 1.8 0.598 -16.249951426232492 0.5013520146988725 5.877933484812915 -1.9550461672772883 1.0
movable_object.trafficcone 0 0 0 1372.7152860051247 663.119653368561 1513.3131868413352 874.5523003001379 0.37 0.778 0.368 -5.204681225195967 1.1243289641506118 2.565803066706119 2.062702241014663 1.0
movable_object.barrier 0 0 0 950.6998925176822 513.1692412505064 1005.3903555070369 604.7270734144843 2.176 1.353 0.604 -20.39131790835225 1.0461900771453858 2.58134552959553 -2.0977268292151106 1.0
movable_object.barrier 0 0 0 1279.7377095151 528.6273953769544 1359.479916798011 595.7267831964729 2.071 1.059 0.591 -22.275524771316025 1.2153390494553082 8.820771634833617 -2.0964369595927392 1.0
movable_object.barrier 0 0 0 1592.113064705602 542.373818953589 1789.000994645518 673.464422873125 2.229 1.085 0.496 -12.460924227871828 1.0868491235601043 8.515130486479423 -2.072029637326252 1.0
movable_object.trafficcone 0 0 0 1027.6928351499785 566.477460884743 1071.5312350657446 645.7310440675832 0.31 0.735 0.341 -12.341865232298211 1.1119916146440272 2.271481408358955 -2.1225742151058826 1.0
human.pedestrian.construction_worker 0 0 0 1323.0699161779514 472.2882448606561 1376.4208310845013 596.1402329625322 0.597 1.838 0.544 -19.288631307662744 0.6417601285238298 8.118632290936151 -2.0528654218665814 1.0
movable_object.barrier 0 0 0 930.2923096904897 511.88282588781016 971.491005688097 570.3254434178051 1.577 1.052 0.623 -24.353742571049903 0.9353464137669556 2.5760093574662988 -2.0977268292151106 1.0
movable_object.barrier 0 0 0 1478.4501539580879 533.1362270837026 1625.5384858504844 637.9996400594572 1.977 1.085 0.638 -14.969311302595086 1.0701499143565862 8.638404245946868 -2.082068965977733 1.0
movable_object.trafficcone 0 0 0 1285.74548243424 626.7140433745392 1389.872960047176 809.8773292896519 0.362 0.822 0.331 -6.192644911720123 1.0958661966069818 2.543051693705686 2.062702241014663 1.0
movable_object.trafficcone 0 0 0 1522.6945569151017 734.3183589816247 1700.472544006142 980.8493645814194 0.326 0.698 0.351 -4.118667310896549 1.1747266358163895 2.5754390741231545 2.062702241014663 1.0
