movable_object.barrier 0 0 0 988.453801832667 522.3855649877888 1078.5683119056177 638.548998713092 1.993 1.052 0.562 -13.248148711014327 0.8848959637707497 2.2371310390836205 -2.1174960688616586 1.0
movable_object.barrier 0 0 0 968.0106293472204 521.7644846517268 1042.5298008285383 620.5261114874689 1.577 1.052 0.623 -15.088177321028724 0.9179614272959667 2.2285061072070538 -2.1134290303493977 1.0
movable_object.barrier 0 0 0 1088.7551627311002 545.1159429317728 1278.4442154349558 777.6453001516494 2.015 1.127 0.578 -7.73857235530397 0.944869184977933 2.1685993432302957 -2.103275781112915 1.0
movable_object.barrier 0 0 0 1021.1152882284622 514.7885971250868 1146.3791433966996 693.6468235819825 2.176 1.353 0.604 -11.124658482649647 0.913075449605539 2.295681586632581 -2.1134290303493977 1.0
vehicle.construction 0 0 0 1083.3091912552688 -908.8603176029571 4261.151779530595 1542.347883847712 7.932 3.618 2.768 -6.062928541972366 -0.26739287741624584 4.792206879224042 -1.8678507207022772 1.0
vehicle.construction 0 0 0 1094.2290413264163 378.3032790832358 1454.8001890524033 604.0348682453614 7.258 2.934 2.797 -20.727043384036616 -0.0073417774821903925 6.995883426308633 2.0374182647351287 1.0
movable_object.trafficcone 0 0 0 1544.4847354036315 792.4109415271827 1784.172352258449 1147.5628384185216 0.31 0.735 0.341 -3.0735497144804 1.1403328919496842 2.044073442870229 -2.138325603276704 1.0
movable_object.barrier 0 0 0 1551.0122293349311 542.6161474012948 1741.8859963338004 665.1923416913796 2.071 1.059 0.591 -13.089541890450556 1.1114547393187262 8.502361202269451 -2.112136401060525 1.0
vehicle.car 0 0 0 780.5823044918759 469.36912353577515 880.1727307625806 555.3931130528143 4.75 1.633 1.918 -27.599179427044728 0.41820486953882047 0.3909417719411973 -2.0916911136735683 1.0
movable_object.trafficcone 0 0 0 942.0409213226708 532.3014658352313 965.9915405520135 590.3602336842669 0.21 0.826 0.28 -18.49943690524523 1.0178067287255415 2.0113058197439333 2.028611028296715 1.0
movable_object.trafficcone 0 0 0 906.2307963186518 519.840302076619 926.8606309414895 559.886051121267 0.322 0.712 0.303 -23.293333259627403 0.8870605523986288 1.8432189945078674 2.028611028296715 1.0
movable_object.barrier 0 0 0 1051.9693594308237 536.3887797710798 1185.1451467454685 713.3262766864545 1.726 1.102 0.569 -9.353305054799508 0.9240895271408471 2.186834337059379 -2.103275781112915 1.0
