human.pedestrian.adult 0 0 0 94.44104430782376 438.84769280997017 130.6051577584011 500.8818923128095 0.574 1.689 0.737 -35.13730024278181 -0.6078487317639809 -19.521053886147293 -1.6103873345598414 1.0
movable_object.barrier 0 0 0 -147.11698730504793 496.54118070934993 40.512800659656946 589.1910145128677 2.096 1.186 0.661 -17.493965201153156 0.7003563388427311 -11.982084586430345 -3.086212586424181 1.0
human.pedestrian.adult 0 0 0 465.75185508300024 450.74263110610036 483.11619106890015 491.041612620329 0.665 1.835 0.636 -58.62908900104912 -0.9586975025495658 -15.823058202403033 -2.062980313607344 1.0
human.pedestrian.construction_worker 0 0 0 69.5794580640459 420.46565850827847 183.54219920565515 628.0058336449598 0.62 1.926 1.013 -12.34270697891745 0.2853519948603732 -6.726807702923102 -2.5095924034776598 1.0
movable_object.barrier 0 0 0 -83.55603521034871 504.5408727682179 57.74074804653598 607.3312599514785 2.123 1.128 0.668 -16.392128192738095 0.7938959940768736 -10.67105425124135 2.2057388730666876 1.0
vehicle.bicycle 0 0 0 252.49012305678815 467.2746634786281 301.06852970080627 500.50788620732493 1.543 1.045 0.532 -42.316792496989706 -0.26099926736795837 -18.027519346601004 2.9129948663563736 1.0
movable_object.barrier 0 0 0 -42.306062869966674 506.5887559489675 118.52460455608097 616.7346062030882 2.199 1.004 0.67 -14.065814695125935 0.7344643700141437 -8.571340129536082 2.2037644557319176 1.0
vehicle.car 0 0 0 1546.0593486374391 491.252696156096 1693.759565466777 552.818466507971 5.341 2.186 2.038 -48.78154645170286 1.1495740040003224 30.95929651594656 1.6533457473017323 1.0
human.pedestrian.adult 0 0 0 115.52938176707413 443.2320979022762 145.25782365345938 504.8122987978896 0.53 1.664 0.693 -34.73171590261125 -0.4807467273962302 -18.805994851175967 2.4100129984419683 1.0
human.pedestrian.adult 0 0 0 1128.7244935163903 484.46652991904887 1211.2774625477591 601.061384403079 0.998 1.849 0.769 -20.841463085074423 0.8310531267059104 5.811746796011858 -1.626023107853202 1.0
