human.pedestrian.adult 0 0 0 1506.4051261111058 492.2968246804025 1557.9156816413351 615.144102184469 0.578 1.587 0.558 -16.777120807986538 0.8063919919215122 9.484649368009688 -2.775958778201554 1.0
human.pedestrian.adult 0 0 0 492.98866186936095 442.66699884480744 512.5494895010255 493.3157398576041 0.701 1.904 0.638 -48.10568716919202 -0.8859083956783601 -11.910114247176002 2.9564403671437063 1.0
human.pedestrian.adult 0 0 0 785.113788871825 463.818976987892 804.0639267047308 512.6692580241449 0.614 1.819 0.684 -47.57054170366088 -0.12148292134395289 -0.8120201754485323 -2.0913298359230392 1.0
human.pedestrian.adult 0 0 0 518.4634770711649 465.63625043274754 567.3115761165767 543.1089993493998 0.804 1.537 0.54 -25.580579038298765 0.25674930693420667 -5.521604165300524 -1.6695425725623716 1.0
human.pedestrian.adult 0 0 0 1268.6335160475141 481.58652846274435 1324.6892456649905 584.701317085731 0.635 1.752 0.653 -21.916503489584983 0.7092332303954718 8.30856823681823 2.9487038936809338 1.0
vehicle.truck 0 0 0 940.4673783299529 456.5489577212388 975.2128152761964 500.0075079366968 6.232 3.096 2.014 -93.6737013490129 -0.9422798289686873 10.428735677767701 -2.0820698324118503 1.0
human.pedestrian.adult 0 0 0 1465.4762020603046 489.40722654391175 1500.178312875032 568.6586018727119 0.414 1.548 0.466 -24.998104424637244 0.7345728126592911 13.154436743356122 -2.0738470536804323 1.0
human.pedestrian.adult 0 0 0 512.8011715934003 437.9113407972851 540.0092771625551 502.48956800215547 0.791 2.0 0.631 -39.67366113815405 -0.6604635215382366 -9.076531246693763 3.0097889816438546 1.0
human.pedestrian.adult 0 0 0 498.5675974146458 465.4868890930048 541.0416963249303 543.2401711665924 0.705 1.593 0.522 -26.36354686824665 0.264686175015415 -6.1716790712858405 -1.6653751980533524 1.0
human.pedestrian.adult 0 0 0 1364.004238331114 470.2227367036433 1384.407085771164 522.7938804490977 0.474 1.794 0.458 -43.541141736801826 0.17135944102073017 19.18234906336162 -2.6904470936419855 1.0
