vehicle.truck 0 0 0 -1969.7391884793462 -507.37025228106904 290.9047805991615 1470.5996863267833 10.072 3.307 2.864 -7.341148046607526 0.0362609383327255 -4.91297884041185 -2.30376313343249 1.0
vehicle.truck 0 0 0 243.68468638259802 451.2438192507778 366.15600503518357 549.7389861075993 6.351 3.042 3.419 -42.82745373151705 0.3322239087958918 -17.119655732886436 -2.2939151074365745 1.0
vehicle.truck 0 0 0 13.616754510430415 421.41598307166976 319.777703566506 639.8789228859432 7.74 2.29 2.424 -17.33309277753076 0.4682039971252002 -8.398306183451107 -2.281502886322129 1.0
vehicle.truck 0 0 0 516.4613585524139 453.35625687685615 633.8690280188708 563.0557639276477 6.309 2.84 2.39 -36.16350880867838 0.4822572963188022 -7.004481732998836 -1.8990934167408575 1.0
human.pedestrian.construction_worker 0 0 0 740.0634683694892 528.7767047235285 771.7550635363642 545.9255665877901 0.56 0.511 1.889 -41.527304982059746 1.4977426411789112 -1.989342540035815 2.911286847118019 1.0
human.pedestrian.construction_worker 0 0 0 77.02162797112736 473.37103577572833 145.74987208650688 589.767844214538 0.584 1.733 0.782 -19.25896675008888 0.6059619050218543 -10.708272893305379 -2.2877841585395764 1.0
vehicle.car 0 0 0 395.07070155475463 491.54903440274484 470.5385685697181 542.3961522698006 4.429 1.477 1.853 -39.37633961593154 0.7753546093502677 -11.973685509164474 -2.327860097827518 1.0
human.pedestrian.construction_worker 0 0 0 710.2719538857515 523.8559669568539 737.3494899885194 539.934739061718 0.585 0.539 1.636 -45.54445792311701 1.4481125764077962 -3.3323206131352827 -1.583719277446833 1.0
human.pedestrian.construction_worker 0 0 0 236.43302643828676 483.20474716610045 292.5231667961899 560.1413265402496 0.792 1.862 0.98 -31.338544333735484 0.7403571071000774 -13.646272779336797 -1.5751554927547042 1.0
vehicle.car 0 0 0 377.80153312499607 496.54414601982603 435.6485303538092 534.90006654596 4.461 1.534 1.787 -53.3493182971995 1.0030313392623043 -17.29003605060635 -2.3604907473555468 1.0
human.pedestrian.construction_worker 0 0 0 -26.365445087142888 451.546923846495 35.243486052086105 568.4823655354847 0.559 2.0 0.668 -22.080086546560928 0.32034836845184655 -14.149370247592424 -1.5990966581155837 1.0
