human.pedestrian.construction_worker 0 0 0 1538.7134105226892 541.3500552445894 1657.6605356995483 589.7250761424726 0.585 0.539 1.636 -16.745585762169387 0.9631765943801444 10.300483792004917 -1.5728898466554098 1.0
vehicle.construction 0 0 0 237.12847506595048 412.5204040105893 516.3644680052026 552.6557181621775 16.886 5.231 4.589 -54.88830387862171 -0.35683608283300167 -19.53362115888719 -1.720623427900133 1.0
vehicle.car 0 0 0 743.4483324748111 479.77084610207726 818.0491374770809 539.2364759579085 4.429 1.477 1.853 -33.73201387446792 0.44388373955802574 -0.9393938281759885 -2.1114134584759796 1.0
movable_object.pushable_pullable 0 0 0 -44.039899090040585 502.7102015255036 159.98289790292034 644.1359191667656 0.921 1.284 1.41 -12.159851247790003 0.7567025674294161 -7.250501178640517 -2.1593870343282875 1.0
vehicle.truck 0 0 0 1088.1596160381978 226.99874010374194 1885.4905221341673 837.7273434724214 6.309 2.84 2.39 -9.054459941737129 0.18249610153776424 3.797487360945279 -2.098798912614077 1.0
vehicle.truck 0 0 0 623.4082686987513 460.1578555326257 717.9805780015012 552.5879582935282 4.906 2.219 1.761 -32.912809386337464 0.3519324657634839 -3.6927083706636403 -2.080894223207867 1.0
vehicle.truck 0 0 0 377.72130531841276 358.2113608129348 706.1264554900733 606.4810913203039 6.351 3.042 3.419 -18.727262738530186 -0.12025762738435967 -3.6478104997165106 -2.0909002453982097 1.0
movable_object.pushable_pullable 0 0 0 80.74762694245558 501.2639464512441 210.72431049714172 630.4663702581909 0.796 1.298 0.907 -13.301602952253008 0.7568460800578303 -7.027109091135511 -2.204650812618306 1.0
human.pedestrian.construction_worker 0 0 0 -245.70136657760725 309.7086444403162 248.81610122863003 1197.6123841510298 0.792 1.862 0.98 -3.2720069270163497 0.5491893428515511 -2.100143366670793 -1.7542923227824465 1.0
vehicle.car 0 0 0 702.152391176903 491.32187032359775 756.1192144052496 537.1428490080706 4.461 1.534 1.787 -44.95606460733703 0.7666801406983119 -3.138551309892611 -2.153013601235206 1.0
