human.pedestrian.adult 0 0 0 578.8991668505369 460.0127632085812 621.9796366053995 538.4744862826172 0.76 1.732 0.603 -28.51565249248858 0.1717073523435127 -4.861634679688928 -1.649831164453321 1.0
vehicle.car 0 0 0 991.0324270718637 468.1066104544801 1065.4199202650425 511.9987787891705 4.335 1.473 1.787 -46.39344512368729 -0.06580312744032696 7.814227950043602 -2.307515264012392 1.0
vehicle.car 0 0 0 1058.871588430656 466.3721046913026 1205.6164307321988 574.8905082445189 4.692 1.657 1.691 -22.368173115675827 0.4231634382696795 5.4409275816376885 -2.0808793587306935 1.0
vehicle.truck 0 0 0 -217.72472788322332 380.2008718343343 80.3974842485718 504.1983153435689 7.609 3.664 3.19 -41.48841214239685 -1.5877949477417999 -28.833964452193523 3.122888059506625 1.0
movable_object.barrier 0 0 0 296.1090308933762 466.9461226436362 368.97759130456996 503.88898587464405 0.553 1.057 2.005 -38.803849221616346 -0.19021142641545102 -14.815112708013938 -2.1001626892667824 1.0
vehicle.car 0 0 0 1196.2263079315478 475.8270383864149 1363.0400432999925 564.919263829392 4.356 1.415 1.718 -23.31284874802612 0.453142825308682 8.381744506574726 -2.0802317203324883 1.0
human.pedestrian.adult 0 0 0 749.1315809839414 458.6025216009622 774.4951188385647 528.544684091419 0.47 1.766 0.512 -32.51630951136861 0.04913092770786795 -1.396362332901477 -2.038011765343488 1.0
human.pedestrian.adult 0 0 0 686.0455639117765 453.25885218242115 714.404234583987 526.4567084021452 0.471 1.86 0.565 -32.738065072170556 -0.046001594735580686 -2.9979663021856777 -2.0210004324764217 1.0
movable_object.barrier 0 0 0 1574.6554578351047 509.6838982274689 1700.5704929444344 590.2981725589267 0.39 0.937 2.008 -16.892506413903575 0.7482491101388128 10.905201776537423 -1.5884228765790196 1.0
vehicle.car 0 0 0 167.44887297878506 440.3802652490973 299.465921225066 482.9255467678321 4.249 1.479 1.835 -49.08352043179529 -1.1516635425755053 -22.546847030851794 -1.588487962111297 1.0
vehicle.car 0 0 0 727.9711790366046 462.574264374493 885.6565534970242 518.5983612654971 4.214 1.513 1.928 -37.581423956255705 -0.0249845072625077 -0.2756020719644621 -2.7915300660549 1.0
vehicle.car 0 0 0 1322.147128170372 462.6060216046577 1623.2791666377598 616.6770793563144 4.297 1.607 1.627 -15.81366845313466 0.4835209944478317 7.935845334618239 -2.098008832752331 1.0
movable_object.barrier 0 0 0 362.59930269630786 466.81147350081375 432.5768190947306 503.4210941980311 0.449 1.045 1.976 -38.666248516593626 -0.19820553209034525 -12.778762998300044 -2.0902603686035732 1.0
vehicle.truck 0 0 0 1093.7726726048825 440.32525990058036 1230.0933802052375 512.2226821981994 9.692 2.911 2.536 -57.51753430869087 -0.7310227635680578 15.44563801894938 -2.028157209786091 1.0
human.pedestrian.adult 0 0 0 698.4401229807693 459.357992560377 735.0777455254974 534.2155260047994 0.74 1.744 0.508 -30.069773014971666 0.12113975046734646 -2.365227597653366 -1.6068194455208609 1.0
vehicle.construction 0 0 0 422.88686982888964 404.10316784909054 529.8219521896215 501.75043754829005 2.244 2.895 2.492 -39.665082718395944 -1.194429889956428 -10.606985554337566 -2.0526680933647574 1.0
movable_object.barrier 0 0 0 628.3530300926303 475.4136019260409 696.8807684007414 512.3593068439569 0.429 1.049 1.997 -38.50284690708296 0.06911637863072145 -4.666296979261338 -2.114522530347859 1.0
human.pedestrian.adult 0 0 0 813.2789861535595 459.47545984067676 839.4379462655655 528.5605671264141 0.435 1.756 0.568 -32.75111601013293 0.06106427254119179 0.2626522853038844 -2.0482273252593863 1.0
movable_object.barrier 0 0 0 561.6866216546799 473.49181268660413 633.1689345196096 510.9425670642034 0.387 1.065 2.079 -38.572340284476276 0.018663562047630283 -6.660642532017262 -2.114522530347859 1.0
movable_object.barrier 0 0 0 494.24698871143323 470.0543008457457 564.4563983468055 506.9845730191901 0.43 1.052 2.011 -38.52534675441461 -0.0929620499533424 -8.720742852603067 -2.160110556298891 1.0
human.pedestrian.adult 0 0 0 181.06624361968127 428.2206821757473 231.85147589960943 519.1677859951558 0.779 1.839 0.748 -26.296710627014996 -0.37018625313096337 -12.653559045209583 -1.6085424640299273 1.0
human.pedestrian.adult 0 0 0 570.3798752574312 461.4917588077127 610.6339326577113 536.6011605203338 0.75 1.692 0.508 -29.05894215004357 0.1715162132416719 -5.1815117052154775 -1.6450979503218717 1.0
movable_object.barrier 0 0 0 426.41526519002997 469.83399342921507 498.31665099948447 506.04814545930117 0.422 1.029 2.046 -38.56325902158264 -0.11170013066930976 -10.771256091850564 -2.114522530347859 1.0
human.pedestrian.adult 0 0 0 698.468584710777 466.5760247035562 736.3588588257081 536.0199957468587 0.747 1.573 0.547 -29.343110210645058 0.22240458933368581 -2.2932928965875097 -1.6068194455208609 1.0
