human.pedestrian.adult 0 0 0 568.498203554958 455.3378676606461 627.5005462538026 573.5435639482776 0.664 1.766 0.6 -19.559545025023922 0.3461096213757746 -3.365512535689101 -1.5832206823182382 1.0
human.pedestrian.adult 0 0 0 318.60994439409416 437.06629756637307 355.0242873348807 499.481908455765 0.793 1.642 0.594 -34.25641743006865 -0.6245784661770495 -12.963618293937596 -2.1091324634633155 1.0
human.pedestrian.adult 0 0 0 555.4028122203692 456.54012882874895 623.218331511491 569.9328186549553 0.75 1.661 0.569 -19.247750744739196 0.32230878634542853 -3.446634955731459 -1.6125951077979765 1.0
human.pedestrian.adult 0 0 0 488.3078870825479 444.2731889959261 539.7414947073962 560.2696679920919 0.635 1.771 0.673 -19.9617971679741 0.16367663687420694 -4.756716841194976 -1.5875633690329973 1.0
movable_object.barrier 0 0 0 936.9426349802833 492.48202357280786 953.6725872071753 518.3343742239463 0.418 1.026 2.028 -53.34078750239832 0.5752461319306745 5.428408725293896 -1.5818909339049583 1.0
movable_object.barrier 0 0 0 376.96833934411416 453.3884799293449 517.5939645148823 599.6134099197773 0.847 1.414 1.261 -13.083312876242891 0.34928101203718187 -3.782651717946984 -1.9690527677806378 1.0
movable_object.barrier 0 0 0 314.4103621248684 464.24207182603857 371.3610991900253 541.2234103615826 0.412 1.187 2.047 -20.818316697251323 0.1591357641228512 -7.758486432026565 -1.5905105280180978 1.0
movable_object.barrier 0 0 0 928.4021269132086 489.9251440936343 941.1788036722959 514.7314744120888 0.417 1.074 2.0 -57.51162132552568 0.4816122784994342 5.377380092658197 -1.5809050049275992 1.0
human.pedestrian.adult 0 0 0 1059.1921250925843 475.63651422934305 1116.0969496738617 555.4840454530905 0.985 1.68 0.734 -27.710469808419507 0.515831044816156 5.930015895435958 -3.080001015315963 1.0
static_object.bicycle_rack 0 0 0 -254.41620026634814 427.0200482367973 112.71165600440223 489.45747052523325 1.715 1.165 8.206 -32.47847771129018 -0.8396222763331153 -22.632145716255014 -2.1236840731624254 1.0
human.pedestrian.adult 0 0 0 571.1894456487476 450.9440294146877 647.6769313331998 568.0353391383569 0.958 1.776 0.64 -20.03300986089807 0.276103149471808 -3.264978247596342 -1.5843642633866066 1.0
movable_object.barrier 0 0 0 357.5957944752465 468.1719166975508 398.7623860111056 538.0024415679441 0.399 1.216 1.967 -23.34661461815847 0.18812175931548358 -8.060014930213741 -1.5955219946958845 1.0
movable_object.barrier 0 0 0 1037.8842440151004 503.84944078376475 1078.7993797482636 550.5669808712743 0.554 1.031 1.991 -30.704187018824577 0.8473264654246255 5.852937686840652 -3.104894909609232 1.0
human.pedestrian.adult 0 0 0 561.8399941781405 455.5827037064744 612.6042555103058 546.4377296098065 0.839 1.67 0.582 -24.073771041390643 0.17598673870334394 -4.347396275217386 -1.5875633690329973 1.0
human.pedestrian.adult 0 0 0 652.8994774362187 466.1788129146354 689.7706496087026 547.160910457816 0.67 1.63 0.488 -26.18222505561416 0.30828916046593857 -2.9925033867939215 -1.5856049748677261 1.0
movable_object.barrier 0 0 0 950.388506181267 493.8419910452305 967.4588774811599 520.7670001405339 0.337 1.028 2.033 -51.371391142937505 0.6301401318219155 5.779939133819841 -3.0802710222687946 1.0
movable_object.trafficcone 0 0 0 1054.4186213951587 515.6337621071077 1075.6403879625097 547.8247084534253 0.355 0.72 0.361 -29.552653861013688 0.9366695063044799 5.803691290945848 -2.0111958664389915 1.0
human.pedestrian.adult 0 0 0 468.33382024378864 429.5417754956261 527.8429791444963 563.0624050657623 0.7 1.945 0.689 -19.074631089104585 0.06820819680311833 -4.783607833252598 -1.5875633690329973 1.0
