movable_object.barrier 0 0 0 1171.179994483969 500.27599864487604 1331.146749758919 578.5177929816815 0.603 1.004 2.094 -18.60669185917378 0.6827190850210654 6.366874759819635 -2.4501993482414415 1.0
vehicle.car 0 0 0 364.28375137863037 448.27510052641566 549.7108280759431 522.2358342973329 4.503 1.635 2.001 -31.857167899847408 -0.17009902983756764 -9.070304644414389 -1.6495453310072357 1.0
movable_object.barrier 0 0 0 1598.6647963867383 518.5224270352242 1777.2275779704864 640.9346692177819 0.579 1.118 2.303 -13.474086301472019 0.881618711381389 9.190717554254595 3.0654875982990717 1.0
movable_object.trafficcone 0 0 0 376.1313354820591 516.2796950545129 414.1232444271818 568.4069487285282 0.344 0.705 0.342 -17.777928044540445 0.7103602835094655 -5.911501944928465 -1.789084358532408 1.0
movable_object.barrier 0 0 0 648.8565192192978 501.87852050917985 821.7065790145798 608.5505822756055 0.576 1.046 1.975 -14.279654712616926 0.6893085202704821 -0.9361725569967719 -1.8075368684234823 1.0
movable_object.barrier 0 0 0 1152.5522749451595 531.8201198920349 1414.086079598534 669.542335434082 0.588 0.998 2.026 -11.094828551202374 0.9130119559511697 4.0595471203304925 -1.8227915423809344 1.0
vehicle.truck 0 0 0 -29.000950675530024 310.1714943622757 328.21625922129516 531.8353679305734 7.704 3.834 2.841 -25.21602977132318 -1.3459824729114533 -13.412688262448254 2.7589646211482783 1.0
movable_object.trafficcone 0 0 0 -27.965504587682492 493.4152234585583 5.9222811041777135 532.3787729426787 0.41 0.72 0.381 -24.163207053601813 0.40862434781038026 -15.784005244575779 -1.795215738549465 1.0
human.pedestrian.construction_worker 0 0 0 1284.4450993217072 446.62069437918575 1386.2196638145233 629.3833739954295 0.701 1.802 0.791 -13.107074365541974 0.4628191846738475 5.3756767687171365 -2.408449787388397 1.0
movable_object.barrier 0 0 0 1474.0307281299488 512.0095368763136 1653.4525105448104 605.650419331354 0.584 0.998 2.084 -15.625733109556558 0.7957505307124103 9.155508623446153 -2.944891028813302 1.0
vehicle.construction 0 0 0 718.169053866274 299.9813542572252 1155.9526294449063 630.8648061754471 2.883 3.154 3.861 -14.38699473587339 -0.2875257671923906 1.359716572348164 -1.7850287832642913 1.0
movable_object.trafficcone 0 0 0 138.64029879735108 497.3530043175522 177.8353526653075 543.0713116170018 0.415 0.734 0.392 -21.066136737861385 0.47638335801697185 -10.945056890243528 -1.811837551208832 1.0
movable_object.barrier 0 0 0 956.4132086359149 518.0903917508004 1184.2221632724836 648.9515611247364 0.611 1.072 2.001 -12.132704312912466 0.8439552257136 2.4168913221598305 -1.8707921213486323 1.0
vehicle.truck 0 0 0 -187.36863510662656 393.0854004267278 56.30024864037223 528.3846015749481 6.279 2.95 2.299 -30.358435034398724 -0.775943393168817 -21.198080838154315 2.7988114201279544 1.0
vehicle.car 0 0 0 524.0050023317679 456.1455958400513 739.5686347507504 535.5325160445507 4.687 1.535 1.896 -28.48264721154295 0.07485678663740358 -4.195251129612645 -1.6495453310072357 1.0
vehicle.car 0 0 0 1173.9618068691586 459.95562561594966 1458.5125628600608 579.1536378685379 3.898 1.644 1.785 -20.414614148019698 0.4044202485464035 8.018394288953782 -1.6495453310072357 1.0
movable_object.barrier 0 0 0 514.9463628499221 492.14644936248595 683.7027972924865 592.2247571567149 0.586 1.057 2.136 -15.32603652684267 0.5869316081797376 -2.6479254792166227 -1.8249422466281393 1.0
vehicle.car 0 0 0 403.5724485526411 451.226373431506 583.2454508796562 518.7534765007927 4.919 1.65 2.028 -35.50087278377947 -0.19602883548226127 -9.086563918316104 -1.645040781109664 1.0
movable_object.barrier 0 0 0 784.1904646819256 513.3535061799889 979.7830999057891 629.997630027635 0.599 1.043 1.926 -13.140748123721831 0.7988415557214811 0.6629350991402985 -1.8384259979800808 1.0
movable_object.barrier 0 0 0 1398.625439616765 541.3935128212236 1728.883937257184 696.7472829554275 0.611 0.985 2.144 -9.989479186514563 0.9570502084755013 5.823476941581564 -1.8463823406846727 1.0
movable_object.barrier 0 0 0 1320.0680602283828 502.38546230241917 1499.1505454056473 588.133522651757 0.599 1.021 2.099 -17.339954148097746 0.7118811003781812 8.096315463688438 -2.469052975827209 1.0
human.pedestrian.construction_worker 0 0 0 1130.0557069353015 438.61968861634546 1235.7643256584058 644.9697471520226 0.63 1.848 1.035 -12.02851642105767 0.4549900252549501 3.46041034739273 -1.5757345871997837 1.0
human.pedestrian.construction_worker 0 0 0 1164.9887479402794 462.27574763642224 1307.3729278683022 639.3308551848068 0.935 1.676 0.953 -12.68709189574783 0.5720274868570898 4.184914713644877 -1.5884342647554641 1.0
movable_object.barrier 0 0 0 1041.8638831343585 497.7164584476912 1186.1603183390348 573.8542623458745 0.576 1.05 2.084 -19.799725868412096 0.6727834658867029 4.634415774367691 -2.446057851803899 1.0
movable_object.trafficcone 0 0 0 489.89520097664655 496.0491367902834 517.3528578900103 530.7554041102096 0.389 0.734 0.389 -27.642758697307176 0.47789241363453094 -6.823629064199998 -1.8237654147121978 1.0
