human.pedestrian.adult 0 0 0 107.45410443125127 426.9372715736438 255.86769159958143 711.9918736219345 0.663 1.615 0.618 -7.610799489388757 0.4397434149631033 -3.8173981945152637 -1.6890353876376443 1.0
movable_object.barrier 0 0 0 1030.929751689996 494.5333372025425 1058.6433471048417 533.9945536924213 0.337 1.028 2.033 -35.284108855147785 0.618341135188647 6.355711094258051 -3.1064337646450353 1.0
movable_object.barrier 0 0 0 1018.2328556010751 497.96369205359804 1044.9149874056613 535.4306148007253 0.418 1.026 2.028 -37.2673297303341 0.7263479724704903 6.325158134907134 -1.5825934612008146 1.0
movable_object.barrier 0 0 0 964.0113327284314 489.2401338149158 979.3923501532216 513.3713586918877 0.492 1.044 2.059 -57.57358088903299 0.4356295436491516 7.060000754104318 -1.5824279293873182 1.0
human.pedestrian.adult 0 0 0 236.09670900156587 417.8240022589679 365.6184291699531 685.9743812558168 0.567 1.811 0.652 -8.971134809356897 0.40542841510621797 -3.6514846687500433 -1.738487081825948 1.0
movable_object.trafficcone 0 0 0 1399.6847252186965 553.5594942825128 1443.1515788998304 623.6604620166243 0.327 0.698 0.336 -13.377257286270272 1.0202430181167073 6.388729508366121 -2.2367757117275513 1.0
human.pedestrian.adult 0 0 0 -369.85119480388465 354.22752484641666 59.25671863519122 938.8530886590373 0.958 1.776 0.64 -4.273611606020316 0.4646446348458219 -3.2423695340575636 -1.588409073487795 1.0
movable_object.barrier 0 0 0 1001.1559797591879 495.29057313520894 1020.8087906032491 530.1387066781275 0.417 1.074 2.0 -41.438807026392496 0.6801194875891934 6.363447763465013 -1.5825981569018177 1.0
human.pedestrian.adult 0 0 0 356.74887243028695 439.9805184432646 453.0652777689822 652.7961944846637 0.605 1.751 0.601 -10.813829550889624 0.4540546519728526 -3.5007744215347305 -1.5849411375410458 1.0
human.pedestrian.adult 0 0 0 1417.6677045356594 461.27172445391113 1575.3439142324878 653.4944303090848 0.985 1.68 0.734 -11.630221682531872 0.5828014472523529 6.2240921148295385 -3.1061638801865623 1.0
human.pedestrian.adult 0 0 0 445.639542283402 452.295495090938 547.971853040154 663.2224566420698 0.67 1.63 0.488 -10.133949360532828 0.5167210975116863 -2.5459792375482846 -1.5849411375410458 1.0
vehicle.car 0 0 0 904.171718111285 475.51660514232515 946.7402561881318 512.8869769436491 4.297 1.607 1.627 -58.41878201241082 0.09615357797422286 5.000258748471194 -2.1083383015544435 1.0
vehicle.car 0 0 0 1468.69872837628 498.65334659135556 1751.0227753543559 609.2626844095965 4.337 1.471 1.738 -20.51626567677693 0.918143348609479 12.615655142879712 -2.071402109287254 1.0
movable_object.trafficcone 0 0 0 1352.9265246944522 554.4441101014738 1405.7568455525757 626.0252973707309 0.355 0.72 0.361 -13.458099923664216 1.0447470219328487 5.980304457988305 -2.032385714626387 1.0
human.pedestrian.adult 0 0 0 86.34881865324938 419.26080087533444 264.94755929180934 689.3360451433745 0.839 1.67 0.582 -8.21870782834695 0.39410010987049887 -4.134921642665637 -1.5864189612568804 1.0
movable_object.barrier 0 0 0 1283.5822363661955 519.3900938120606 1403.909558121238 622.984496957212 0.554 1.031 1.991 -14.619838076239459 0.8791800092168124 6.041541939579728 -3.1310444359848404 1.0
movable_object.trafficcone 0 0 0 1047.6948759773393 511.0436628889674 1070.0115517921959 540.1463218975475 0.436 0.742 0.419 -33.465539655681255 0.8974824766551288 6.410984761010978 2.786716717403558 1.0
