vehicle.car 0 0 0 1308.951112277486 480.81373219726305 1784.3635339486639 641.4224040370846 4.919 1.65 2.028 -16.548331810194995 0.7978564103074278 9.262471301305673 -1.7739622301349849 1.0
movable_object.trafficcone 0 0 0 738.81868597999 615.4533309156479 825.9719859006564 748.4181228425518 0.344 0.705 0.342 -7.305855345820774 1.0869622595941442 -0.1976967528781867 -1.647334334118094 1.0
movable_object.trafficcone 0 0 0 260.9264986879687 514.2077811259599 294.95552788436066 561.3081280156323 0.415 0.713 0.432 -20.19802799255964 0.7360728183705161 -8.586874724927407 -1.6512816795848941 1.0
movable_object.trafficcone 0 0 0 1018.0935101169096 668.6777719462915 1152.2526096914703 867.709958491667 0.346 0.706 0.346 -5.087305893145691 1.0929985980852173 1.0766202754365144 -1.647334334118094 1.0
movable_object.trafficcone 0 0 0 1015.7142887424209 540.6495569823418 1060.8624426677368 598.6602513807337 0.389 0.734 0.389 -16.825533442846826 1.0370048394358475 2.948782578878663 -1.67023258761896 1.0
vehicle.car 0 0 0 1044.4945765285734 480.4029290520281 1180.5756491218563 537.331838635486 4.081 1.582 1.855 -40.650474764232655 0.5645242111549396 9.527277094223397 -1.66652918980727 1.0
vehicle.truck 0 0 0 338.08702198961055 233.04869328103396 758.3436855335865 599.4703549766554 7.704 3.834 2.841 -17.26155768329254 -0.8417407733302442 -4.063018030398114 2.4892895192074525 1.0
movable_object.trafficcone 0 0 0 1315.3235280488977 564.029614025299 1375.132113023238 640.6150726540865 0.386 0.738 0.388 -13.074525179483256 1.1391187070169648 5.457152321605166 -1.5810971948183061 1.0
vehicle.car 0 0 0 1093.571857149597 486.5078417585303 1508.417441156962 640.0514726400037 4.687 1.535 1.896 -16.154642949121417 0.8132576865932878 5.935791142144608 -1.7884812683248645 1.0
vehicle.truck 0 0 0 252.4695741233093 387.8906963425385 475.9383903182618 562.712434227992 6.279 2.95 2.299 -24.78512134415507 -0.3438719933627654 -9.012132043924494 2.5256102944997423 1.0
movable_object.barrier 0 0 0 1086.4003195848986 583.6095184506167 1892.190969438986 1134.3483339937288 0.586 1.057 2.136 -3.931805889384159 0.9145584262347746 1.8582626785703995 -1.6710325511738278 1.0
movable_object.trafficcone 0 0 0 428.6337232301511 550.8043823555344 486.7617954154767 630.2399786853754 0.415 0.734 0.392 -12.396542739988982 0.9656563262105933 -3.5112152340976404 -1.6622058142043068 1.0
movable_object.trafficcone 0 0 0 724.1619115714516 518.6068184609701 753.7980692723403 561.5556363365057 0.379 0.759 0.346 -23.29745566012072 0.8929102504481305 -1.4222636989570014 -1.67023258761896 1.0
vehicle.car 0 0 0 842.3470541999582 474.1454628988651 1108.0523539930177 588.8795960877957 4.503 1.635 2.001 -21.57837137101558 0.6195867251455783 2.5643677685188435 -1.7811707989770005 1.0
