vehicle.car 0 0 0 850.7261916562479 487.6488001917829 884.0542045485057 518.8640363741093 4.692 1.657 1.691 -71.7226895537766 0.6358910582262858 2.925263083053805 -2.073965835230422 1.0
movable_object.trafficcone 0 0 0 1567.5377758812128 592.3702750128743 1649.2721549597284 694.7403328976748 0.355 0.72 0.361 -9.543274824226984 1.1393444904043106 5.964004686463418 -2.03198135422872 1.0
movable_object.barrier 0 0 0 1022.3897154425348 507.93829268499826 1044.985400210372 546.7631110583515 0.417 1.074 2.0 -37.52630262363329 1.046659290016524 6.433528521084493 -1.576602409370233 1.0
movable_object.barrier 0 0 0 1043.5522334435777 511.5111694890186 1074.6773567453254 553.830347257778 0.418 1.026 2.028 -33.35474328672916 1.0672374974973757 6.383576183149985 -1.5764319266184135 1.0
movable_object.barrier 0 0 0 1440.0465172527202 540.4761617730816 1639.8741828169814 688.4175010640746 0.554 1.031 1.991 -10.707073300796061 0.9810989397376816 6.039340279842004 -3.135375604532812 1.0
human.pedestrian.adult 0 0 0 212.20573677999494 448.5070295768092 395.56243135715687 798.3484142727928 0.67 1.63 0.488 -6.193396201027949 0.6215933603371312 -2.4869299350532033 -1.5785655913809213 1.0
vehicle.truck 0 0 0 1061.7388364122282 488.3399226311688 1117.8163880174347 527.2281869314676 5.323 2.008 1.886 -69.92838684972774 0.8813298098135657 15.147511592451009 -2.3380838726769397 1.0
movable_object.barrier 0 0 0 1014.8762530111064 506.25630872744085 1037.7128096818126 542.1223735987841 0.435 1.046 2.031 -39.540453103224934 1.0059507235045824 6.548278937962171 -1.576389151401525 1.0
movable_object.barrier 0 0 0 1059.0377636962064 509.9658491045075 1091.7971155382463 554.9802816129834 0.337 1.028 2.033 -31.372427016091105 0.9968618018300741 6.406673036235783 -3.110688658666941 1.0
human.pedestrian.adult 0 0 0 774.7537793808233 484.39368176012096 785.2693711149373 511.7941512450988 0.435 1.756 0.568 -82.15467313763853 0.4254887979540893 -2.3512311503278203 -2.041034838832714 1.0
human.pedestrian.adult 0 0 0 137.66941456491017 431.29462080860526 302.08412607775654 762.8898569665035 0.605 1.751 0.601 -7.037011679310923 0.5626549450255709 -3.2934962299116766 -1.5785655913809213 1.0
movable_object.barrier 0 0 0 1031.6194539260157 510.8137907716531 1058.847031919188 551.5567499672933 0.44 1.052 2.103 -35.43132849672463 1.0930937051138216 6.394499651287686 -1.5763777770814054 1.0
vehicle.car 0 0 0 912.0010769420912 488.09143074938277 955.2912785891108 526.4859895510085 4.297 1.607 1.627 -57.04125131806674 0.6779778047190568 5.249735289127752 -2.0979205731493744 1.0
human.pedestrian.adult 0 0 0 -210.90136518720146 382.31466789049955 16.35137830055741 873.8886637161959 0.567 1.811 0.652 -5.08868064496246 0.5030519798473856 -3.67107624412934 -1.7355599218567646 1.0
