movable_object.barrier 0 0 0 431.5721352145083 481.8484693342744 586.7939954965416 571.2644137332749 0.586 1.057 2.136 -17.069119701234065 0.45325734573933246 -4.154127665707908 -1.8670776218707612 1.0
human.pedestrian.adult 0 0 0 1521.3586319830072 433.81746231738026 1761.3878470654856 847.5805806642079 0.604 1.711 0.787 -5.755064627444678 0.6247980077278988 3.7062362946022214 -1.5847057838530993 1.0
movable_object.barrier 0 0 0 825.0493731203368 502.22456555594084 1015.326755657215 611.3421132681539 0.611 1.072 2.001 -14.32542860104184 0.7119438260761831 1.1679175663073393 -1.9154711604708092 1.0
human.pedestrian.adult 0 0 0 1581.368710172367 494.26152962855446 1609.510861215108 569.6057985663612 0.444 1.711 0.428 -29.369011520209312 0.9322656440084816 18.06620804939091 -2.3327748810038678 1.0
human.pedestrian.adult 0 0 0 1476.453097758487 421.45026711931524 1705.0304383382688 795.0928478810597 0.658 1.835 0.712 -6.679126372411846 0.5762330228251563 4.070636258556026 -1.6535700554927883 1.0
movable_object.barrier 0 0 0 909.7253593129147 487.41526939875996 1036.1902292635086 555.2224850627363 0.576 1.05 2.084 -22.15212819436363 0.5077424359508811 2.727086982427796 -2.38770334461225 1.0
human.pedestrian.adult 0 0 0 1550.3910270914937 488.41512683847446 1579.435773704077 569.2087662677588 0.475 1.814 0.444 -29.036643848085237 0.850138645332876 17.161492687182818 -2.3327748810038678 1.0
human.pedestrian.construction_worker 0 0 0 1002.4900875435727 460.2028242191624 1118.217675956643 609.255972219142 0.935 1.676 0.953 -14.99141502044224 0.49429517391572686 2.873821477255067 -1.6016860912594009 1.0
human.pedestrian.construction_worker 0 0 0 1276.9820966932375 394.38719056233407 1515.1417203888154 701.258443892595 0.901 1.865 1.061 -8.380056744152892 0.3382223267030401 3.8255877347479985 -1.7131750594775177 1.0
movable_object.barrier 0 0 0 1147.2764933092237 498.3216774507608 1295.6508409822895 572.5333469636794 0.599 1.021 2.099 -19.99615912268065 0.6752172824663484 6.379963183140207 -2.4103474837666816 1.0
human.pedestrian.adult 0 0 0 1409.0302364276029 438.1299192025105 1634.668969191687 758.0969970192008 0.759 1.752 0.795 -7.438931296511051 0.5898711174850155 4.129801110356436 -1.8309266392108716 1.0
movable_object.barrier 0 0 0 677.6948751423663 498.15172417640827 846.824991269728 597.7643206474886 0.599 1.043 1.926 -15.19405755845788 0.6539534747401216 -0.6588034998355085 -1.881349922625036 1.0
movable_object.trafficcone 0 0 0 396.42556505214816 478.06889588733236 423.2606287900457 511.2562547122578 0.389 0.734 0.389 -28.963445795589497 0.07323509755122118 -9.294253038888762 -1.8658302206058979 1.0
movable_object.barrier 0 0 0 1458.4728547601244 486.84580421312904 1548.2613315564736 611.9763357340561 0.457 1.326 1.189 -14.26008476644997 0.625036931424681 7.714639140877543 3.0658285157538874 1.0
vehicle.car 0 0 0 -183.4504139408583 436.48904245513575 110.95511538704221 550.1666026899287 4.571 1.504 1.782 -20.065032382384135 -0.0017361369871658067 -13.53258372934659 2.8555232722278863 1.0
vehicle.car 0 0 0 266.18886453177754 436.01890212327294 450.76834504094995 508.29132932550874 4.503 1.635 2.001 -32.996953075640164 -0.5108089198651834 -11.945361600886915 -1.6288029947181828 1.0
vehicle.car 0 0 0 435.48500745098556 445.00549464772337 644.43912535465 520.8012587397551 4.687 1.535 1.896 -29.951291899983676 -0.21311919421185452 -6.562039779711814 -1.6288029947181828 1.0
human.pedestrian.construction_worker 0 0 0 1101.7688565199303 447.3253679727444 1187.0425061402082 600.8942533071822 0.701 1.802 0.791 -15.545937979321174 0.388043311907042 4.032445156408917 -2.350705936954035 1.0
movable_object.barrier 0 0 0 1177.9542341057613 526.191953427415 1420.5684831086958 646.8582299695421 0.611 0.985 2.144 -12.480247951752885 0.9014880809643984 4.741041038415267 -1.8897550256261848 1.0
human.pedestrian.construction_worker 0 0 0 970.1740265581067 440.2265127210528 1054.2356797921852 612.6168340362449 0.63 1.848 1.035 -14.30035727531565 0.3769958837066602 2.1959327921326914 -1.5802841518394377 1.0
movable_object.barrier 0 0 0 986.3570432748259 513.8314697222189 1194.7134435584835 624.7947454673234 0.588 0.998 2.026 -13.424528544691345 0.7936618085599703 2.88880113581647 -1.8647977309339554 1.0
vehicle.truck 0 0 0 -127.43017369885173 300.04378948436516 238.26829751780184 513.0205203155373 7.704 3.834 2.841 -25.99267062600345 -1.6978631323748803 -15.711069457621862 2.8190502288007497 1.0
human.pedestrian.adult 0 0 0 1442.0580861554113 475.9209229392729 1468.6294755984648 552.7740641228781 0.507 1.72 0.444 -28.948728634653556 0.5195020138187649 14.605053692575627 -2.3327748810038678 1.0
human.pedestrian.adult 0 0 0 1415.441304781354 417.0607597381555 1643.1316469096103 802.7230539526929 0.606 1.818 0.699 -6.407502967670523 0.5609319990753336 3.591491599116969 -1.6434633131859746 1.0
movable_object.barrier 0 0 0 1022.8027190509437 492.9749587041684 1159.5563454547068 561.78276174638 0.603 1.004 2.094 -21.10257809692722 0.582459307160111 4.566208235126379 -2.3917804048300706 1.0
human.pedestrian.adult 0 0 0 1344.3453044662674 440.3835078709546 1556.2012338609643 780.8679775886 0.673 1.704 0.804 -6.867096576462731 0.6055033140364925 3.4027586856120906 -1.5766966030449376 1.0
vehicle.car 0 0 0 1027.3463049017175 457.0501350255174 1271.7024003591735 562.581285555853 3.898 1.644 1.785 -23.05875693518893 0.3006334502988771 6.04998198443609 -1.6288029947181828 1.0
human.pedestrian.adult 0 0 0 1568.6618907012569 438.5117900247539 1851.8862633188014 911.2831864504741 0.63 1.707 0.696 -5.044839572668027 0.6710848506227753 3.514792047516557 -1.5847057838530993 1.0
movable_object.barrier 0 0 0 555.5974432932491 491.90918873614334 709.0523267371516 585.4746174386014 0.576 1.046 1.975 -16.165856715671616 0.5806221586976903 -2.3644561362554133 -1.8406337634011205 1.0
movable_object.trafficcone 0 0 0 412.0270229878401 506.8794359885295 450.575453500376 558.7913159554221 0.346 0.706 0.346 -17.886053649221022 0.5810925069985304 -5.436254841994456 -1.828930242087841 1.0
vehicle.car 0 0 0 215.17852758253858 435.47327999718607 385.8792257719922 499.1077239384313 4.919 1.65 2.028 -38.11437870744946 -0.7357405386326586 -15.540968596900184 -1.6249978215617311 1.0
human.pedestrian.adult 0 0 0 1513.6919281431342 484.60572996972127 1539.6638731908793 559.3626892237256 0.444 1.697 0.412 -29.322318782694644 0.702105844679314 16.445673490970137 -2.3327748810038678 1.0
vehicle.construction 0 0 0 618.8274900318785 324.7884104343629 1000.8153248640554 605.568935351701 2.883 3.154 3.861 -16.47428182170567 -0.3500494516319457 -0.06412631040556445 -1.824596030742347 1.0
