movable_object.trafficcone 0 0 0 1200.8520131414145 550.4467873480396 1253.0689152591551 619.2471011390194 0.386 0.738 0.388 -14.482958165971722 1.0633339035666867 4.6936013341201015 -1.5893881113310133 1.0
vehicle.car 0 0 0 1175.2363791140522 477.3254051216547 1573.6569618965946 618.3413289997092 4.919 1.65 2.028 -18.604827947952163 0.7379603760596621 7.981079024994068 -1.75565038486703 1.0
movable_object.trafficcone 0 0 0 391.98569953548565 538.621151686766 446.9647094677074 612.0956937831378 0.415 0.734 0.392 -13.354491718831998 0.8816662635138737 -4.185157044517989 -1.6796971716978861 1.0
vehicle.car 0 0 0 777.7331974958354 470.4915353319213 1026.8131645203234 579.0806789460422 4.503 1.635 2.001 -22.814501158022892 0.5452401319049732 1.4245408857085677 -1.7625401554671445 1.0
movable_object.trafficcone 0 0 0 215.99738573955722 508.48429121929837 249.88399505556075 554.1219793366116 0.415 0.713 0.432 -20.8443356112241 0.6537552435186427 -9.602097051067933 -1.6679787154667904 1.0
movable_object.barrier 0 0 0 1407.9407355350231 625.7123959773247 2438.8208853606156 1294.0239933735904 0.576 1.046 1.975 -3.432235689369745 1.0099419718122933 2.7276231941746563 -1.671362098195547 1.0
vehicle.car 0 0 0 1540.9807912455517 470.8864244519126 2303.591508164573 737.0093926549077 4.713 1.74 2.08 -11.31304010850387 0.7989800378821842 9.490475164297058 -1.75565038486703 1.0
vehicle.car 0 0 0 1007.8953094600392 483.2854731422233 1376.7319445928733 623.4938545651178 4.687 1.535 1.896 -17.574369258374986 0.7711468834311399 5.012889923066358 -1.7695356379533012 1.0
movable_object.barrier 0 0 0 963.1255998140721 559.0665354333474 1529.0208303314143 943.5886230521279 0.586 1.057 2.136 -5.070255175494947 0.8879345910514623 1.5674045242189325 -1.6891215724822128 1.0
movable_object.trafficcone 0 0 0 937.6881200262795 534.7138607987881 979.6258886979826 588.8723807150193 0.389 0.734 0.389 -18.002054542980897 0.9982375239798753 2.0233621780358146 -1.688268915181851 1.0
movable_object.trafficcone 0 0 0 679.2061037589384 592.3629705907682 755.8511091696927 707.6915854379492 0.344 0.705 0.342 -8.34060081550218 1.034658865468356 -0.6519853428801485 -1.6637274208433732 1.0
vehicle.truck 0 0 0 289.9609716868987 244.1022917711706 697.5606917334587 587.3308171370946 7.704 3.834 2.841 -18.11679819218986 -0.9246660029019026 -4.985573684223927 2.5234933318881563 1.0
vehicle.truck 0 0 0 203.2539964772611 377.9278880540192 427.3949977792685 547.1283936262203 6.279 2.95 2.299 -25.514854419462065 -0.6020570554584455 -10.246015160483218 2.5605256812736155 1.0
movable_object.trafficcone 0 0 0 914.1267727447545 628.8736620449623 1021.3340392499068 786.3375907929349 0.346 0.706 0.346 -6.273348547403271 1.0557179745920677 0.7478698546180533 -1.6637274208433732 1.0
