movable_object.barrier 0 0 0 1230.7498438292914 510.04609207881373 1319.516006342832 575.8163319447021 1.984 1.003 0.458 -20.60867282286872 0.8346236884132375 7.484939919384956 1.7355577819432773 1.0
movable_object.barrier 0 0 0 1513.929013513891 552.1906711769583 1754.2477357206435 737.3262734569556 1.976 0.997 0.441 -8.732511636533467 0.9840455730291123 5.543733444900259 2.092696759808736 1.0
movable_object.barrier 0 0 0 1409.2964895336772 543.5035555022297 1581.4769483206844 690.040452986359 1.974 1.004 0.462 -10.722139257857249 1.0030406355700903 5.681363805157711 2.092696759808736 1.0
movable_object.barrier 0 0 0 1227.8273418253455 522.0254103431624 1310.4205654900275 610.3764118389741 1.984 1.011 0.453 -16.747851724434646 0.952955381046422 5.95587744309266 2.092696759808736 1.0
movable_object.barrier 0 0 0 1269.3361340718059 529.1709747565079 1376.3202106780882 629.4395603542647 1.969 0.986 0.461 -14.72718093716232 0.9819959457670157 5.848675693738214 2.1127006414186376 1.0
movable_object.barrier 0 0 0 1291.8345057023646 510.42426891942097 1376.4251519072186 570.7516054856745 2.084 0.985 0.46 -22.041679785182602 0.8549196038249884 9.030792474377643 1.7298618211264412 1.0
movable_object.barrier 0 0 0 1331.0201200645615 535.4404170020672 1463.4928321594248 655.2298587332615 1.977 0.999 0.458 -12.721453590056745 0.996033698811874 5.783623787061922 2.10266945369456 1.0
movable_object.barrier 0 0 0 1196.3971028402032 518.2943436622826 1266.0691777392453 595.3621837353096 1.97 0.999 0.457 -18.74999884093818 0.9369312940583975 6.116177638080774 2.092696759808736 1.0
movable_object.barrier 0 0 0 1255.3084178217496 505.38080897006955 1314.056261142462 535.2674321147202 1.958 0.992 0.41 -47.07786838584203 1.0677401991066318 17.40572577240697 3.1068970953171906 1.0
vehicle.bus.rigid 0 0 0 438.30756262610714 398.1677678124091 856.9698427169045 542.2027241256106 10.224 3.06 2.443 -32.33002488302156 -0.4348928551491996 -4.103137515097916 1.649516154903134 1.0
