movable_object.barrier 0 0 0 1158.1862679177436 526.3734456074467 1237.5242111491402 610.7658346674269 1.977 0.999 0.458 -17.444138997680444 1.0286792131013678 5.224958087733072 2.126482572893888 1.0
movable_object.barrier 0 0 0 1079.5491773478186 511.4164221067568 1127.9137535575162 571.7460522545302 1.97 0.999 0.457 -23.469662048032717 0.9044971855183735 5.308341501545772 2.112329422986872 1.0
movable_object.barrier 0 0 0 1401.9495315359475 550.4574575222011 1615.0728710504122 723.3443222960204 1.981 1.01 0.44 -9.372876873199665 1.00882288770223 5.03952765802235 2.130231348778329 1.0
movable_object.barrier 0 0 0 1497.2132513845554 525.1860414807434 1633.7840814504982 619.6193393435949 2.001 1.004 0.462 -15.769255040083221 0.9701937624509444 9.275068725807795 2.1302720285069388 1.0
vehicle.construction 0 0 0 1587.6474714000872 353.0296850023119 1967.0966834851488 571.006459192184 6.806 4.342 2.587 -29.347707318098234 -0.6533123302299808 21.805780585103793 -1.9661880278838826 1.0
movable_object.barrier 0 0 0 1562.6537527611513 510.1000607849449 1634.20503924968 557.3998211522894 1.985 1.003 0.432 -29.723437868748448 0.9729502475474396 18.32942364407632 2.118997867198316 1.0
movable_object.barrier 0 0 0 1177.569689377497 501.95995763955295 1229.6840642869054 528.8899892000245 1.958 0.992 0.41 -52.098732419199074 0.9811417146481278 15.929811658683269 3.1317735418914463 1.0
vehicle.bus.rigid 0 0 0 290.14785860948257 400.22039186507686 693.7632586126778 535.9558914373076 10.224 3.06 2.443 -34.698642419596816 -0.5718160122575099 -8.704524770459491 -1.61075860123122 1.0
movable_object.barrier 0 0 0 1111.7111463826423 506.611590070325 1186.3566686597928 559.7281081267356 1.984 1.003 0.458 -25.3196477720658 0.835614318942778 6.668868227327394 1.7475983878830865 1.0
movable_object.barrier 0 0 0 1248.5279735110444 535.941824472168 1363.2967585893043 649.0122587528945 1.976 0.997 0.441 -13.38952244653893 1.0234356067883768 5.131646095996173 2.116361808536224 1.0
movable_object.barrier 0 0 0 1455.778606639415 508.09901827692835 1508.7960992182475 546.2217604346894 1.981 0.981 0.44 -35.81388059633489 0.9933707127675805 18.813906240863727 2.1186845694180985 1.0
movable_object.barrier 0 0 0 1522.6086219993606 510.811494740615 1577.2687809414238 554.1500501896223 1.932 0.995 0.427 -31.785788721213404 1.011630171853263 18.393030442397535 2.0569780115990284 1.0
movable_object.barrier 0 0 0 1200.2018397306817 530.7948205836229 1293.9250442306552 627.9222644048747 1.974 1.004 0.462 -15.424500768523549 1.0321505302827498 5.210012409941965 2.116361808536224 1.0
movable_object.barrier 0 0 0 1123.5341768060905 522.4276371112736 1191.8489555884462 596.3718574585577 1.969 0.986 0.461 -19.449784406530203 1.014138313962512 5.2169545752306625 2.1325820060248883 1.0
movable_object.barrier 0 0 0 1309.4122708335615 540.3972424406614 1464.2117578870507 676.510213239042 1.98 0.999 0.448 -11.39421552124084 0.9992700403778526 5.072448973958989 2.130231348778329 1.0
movable_object.barrier 0 0 0 1591.7890125395677 532.5702240211514 1762.8732873337124 642.600951402002 1.99 1.0 0.448 -13.74312962182514 0.9996437183577778 9.27664656784558 2.1302720285069388 1.0
movable_object.barrier 0 0 0 1098.9868054892343 514.4068997052995 1154.814185295086 581.7838785732856 1.984 1.011 0.453 -21.451676536980123 0.9321580194708095 5.239673055757558 2.116361808536224 1.0
movable_object.trafficcone 0 0 0 1595.4110699810485 622.5361784058639 1692.3876397417348 741.8497156659616 0.333 0.689 0.37 -8.098263741958208 1.2110984170078762 5.285389358803321 2.090009228765462 1.0
movable_object.barrier 0 0 0 1163.763926241168 506.9235752060687 1235.9576032059713 556.2475266978639 2.084 0.985 0.46 -26.766823176885193 0.8522440980838435 8.123466384253131 1.7416904848656465 1.0
movable_object.barrier 0 0 0 1492.085155773003 506.55349320398284 1541.5884305305012 548.4583705347203 1.946 1.033 0.42 -33.78849728275612 0.9441460779286417 18.671971860245655 2.0569780115990284 1.0
