movable_object.barrier 0 0 0 1534.809845622501 514.1991001719147 1639.0172016395418 565.4398761902012 0.54 1.036 1.997 -27.585767501800362 1.04440746232262 16.78017020097956 2.036702862811902 1.0
movable_object.barrier 0 0 0 1389.6340696520326 500.5747031990232 1437.612720049353 537.9240843518379 0.54 1.047 2.019 -37.070912688127535 0.8017827379715027 17.466412168091754 -3.069019957234409 1.0
movable_object.barrier 0 0 0 1361.4350663357561 498.30480655389454 1408.7729341467118 532.6267566290902 0.537 1.017 2.008 -39.14939685537124 0.7351533218195753 17.565815827082435 -3.113539881608375 1.0
human.pedestrian.adult 0 0 0 961.4804983844591 497.22924019115175 1008.2062990834542 577.7304674288417 0.679 1.572 0.554 -25.382927491859526 0.9147315357660268 3.3773622845511553 -1.618963653407329 1.0
human.pedestrian.adult 0 0 0 933.0853543113029 489.1098261405376 982.2172405073715 574.9369032080397 0.743 1.73 0.604 -26.194796716900758 0.8314057512494906 2.922255511292766 -1.6055654984927852 1.0
movable_object.barrier 0 0 0 1328.6012597928068 494.20771579737027 1379.091053018463 529.1220426887254 0.561 1.092 2.005 -41.24142467170425 0.6573997575440638 17.487132925946117 3.0830713440651287 1.0
vehicle.truck 0 0 0 899.2101517752329 436.5637579986575 1004.22520679993 537.5834799101158 8.336 3.059 2.389 -43.43284122920648 -0.07863650123265148 4.4731724950369065 2.0888899678262636 1.0
movable_object.barrier 0 0 0 1466.0817572861326 507.6845154121824 1513.2888381902615 552.2340725564978 0.525 1.024 2.024 -30.890852799561017 0.9217445532917361 16.406618350127786 -2.9385996277891095 1.0
movable_object.barrier 0 0 0 1442.3669415283978 503.6404957504461 1492.7790378380876 547.1165586795338 0.553 1.078 2.007 -32.9319543956861 0.8644988004760309 16.9158188981245 -2.9975527470623433 1.0
movable_object.barrier 0 0 0 1500.9923638393714 514.731355021557 1544.5735513732754 566.1867809306071 0.539 1.014 2.002 -26.95480120660741 1.0250213042888288 15.019880534132882 -2.8433887202099637 1.0
human.pedestrian.adult 0 0 0 1416.5501850940582 491.8700875301202 1467.703961489137 578.5622846534646 0.674 1.741 0.69 -26.065561087435114 0.8923524085674694 12.87384139782561 -2.012957916671076 1.0
human.pedestrian.adult 0 0 0 926.9132802044301 480.5116497299445 975.1190995588441 569.3156187626134 0.753 1.885 0.699 -27.573359675860967 0.7220624277835601 2.9297525637903146 -1.5812902624210574 1.0
