vehicle.truck 0 0 0 899.1957200846687 440.1898028474769 1015.2156320755819 550.4758884707212 8.336 3.059 2.389 -40.140509944659975 0.18799935212375102 4.276901247930464 2.083397368113099 1.0
movable_object.barrier 0 0 0 1501.1292680666045 514.0129702436708 1560.9157106257799 562.8165375803675 0.553 1.078 2.007 -29.62362681130706 1.0789942696225172 16.694623793404936 -2.989786871659984 1.0
movable_object.barrier 0 0 0 1362.9236779116197 500.3718810174496 1423.6947749932133 538.4624976475687 0.561 1.092 2.005 -37.88405059224578 0.8367211898963658 17.239227974567953 3.0307350528377563 1.0
vehicle.car 0 0 0 544.5211914693915 490.63078969948305 591.7557016514901 517.8794860252744 3.919 1.577 1.634 -79.39196025742324 0.8125987301035187 -15.579044334230044 -2.4006544479344214 1.0
movable_object.barrier 0 0 0 1530.7827308126275 517.6032717066072 1589.530252926191 567.8280500940241 0.525 1.024 2.024 -27.64578270652279 1.099520311788994 16.21457860932022 -2.9416283838553205 1.0
movable_object.barrier 0 0 0 1579.8131324297867 526.5775732550924 1635.3112506067657 585.6517609152099 0.539 1.014 2.002 -23.759191774446432 1.1928411492951108 14.82274810671248 -2.8335508407610224 1.0
human.pedestrian.adult 0 0 0 1108.5463810511844 487.5082371544221 1161.3626555749552 579.7523988025929 0.753 1.885 0.699 -26.492199292756403 0.8751013445003948 6.665893546202616 -1.666057396789868 1.0
human.pedestrian.adult 0 0 0 1430.746330384681 492.7393141906331 1488.0083088994907 583.5759998389609 0.674 1.741 0.69 -24.93206428305646 0.9116159461418842 12.6536493391001 -2.113117192602851 1.0
movable_object.barrier 0 0 0 1404.2060924802686 506.5877206759212 1459.535794120797 544.2228324707154 0.537 1.017 2.008 -35.80347808410975 0.9502834555308832 17.381929236693484 -3.1229449756240015 1.0
human.pedestrian.adult 0 0 0 1192.234566555411 503.92673647797614 1238.9681600132938 585.1022393959342 0.679 1.572 0.554 -25.15604503881998 1.046342822781276 7.932298760106918 -1.665040999134903 1.0
movable_object.barrier 0 0 0 1555.4001994661508 518.903330583163 1614.47011309398 575.1410746490268 0.547 1.06 2.013 -25.694443985040905 1.106811269327416 15.571054689031461 -2.8919212575273523 1.0
human.pedestrian.adult 0 0 0 1137.8043094698235 495.6642317271685 1187.9603225210778 583.23859835366 0.743 1.73 0.604 -25.645589462567663 0.9639285246582203 7.019025996556883 -1.6631427595105013 1.0
movable_object.barrier 0 0 0 1470.3580304961647 514.2988766897805 1527.7945825553218 558.7819696670375 0.536 1.055 2.028 -31.693878685428658 1.1097903915791496 17.064465349437548 -3.0273264677475726 1.0
