movable_object.barrier 0 0 0 1319.1884339996325 496.9744844255755 1357.948016111644 527.2850993028952 0.537 1.017 2.008 -44.05495037038366 0.7105881962417644 18.15378880362017 -3.1052225320638263 1.0
movable_object.barrier 0 0 0 1361.3916853188136 502.5927275104626 1398.6508557307957 537.6205161297407 0.536 1.055 2.028 -39.783953895638064 0.8851038675447563 17.694669654400222 -3.0113159978225745 1.0
human.pedestrian.adult 0 0 0 725.7882628642283 478.9122345065609 759.197373182517 558.3437840597674 0.753 1.885 0.699 -30.711960287271197 0.653286660862975 -1.7913396536248476 -1.5610684854612664 1.0
movable_object.barrier 0 0 0 1443.2457512554508 510.22375338512575 1531.122797019046 553.3517579812421 0.54 1.036 1.997 -32.34304325697692 1.0222175507217883 17.128843969808727 2.0406289381544696 1.0
vehicle.truck 0 0 0 906.7988992828467 438.1901208404756 999.0427870229536 527.7636486399381 8.336 3.059 2.389 -48.2481281035827 -0.25408934280564455 5.054725793486189 2.092744745556768 1.0
human.pedestrian.adult 0 0 0 1401.8600548943289 487.6538839227803 1449.4065153944496 572.2128066013672 0.674 1.741 0.69 -26.632722083656756 0.8015447902871687 12.807520719884794 -1.9848261634314106 1.0
human.pedestrian.adult 0 0 0 678.2820258397835 491.914444461111 711.5642464532225 561.523804164801 0.679 1.572 0.554 -29.19068648716557 0.8065006155761132 -2.7933883097255023 -1.5607530702988868 1.0
movable_object.barrier 0 0 0 1290.3640344817297 492.36878709832746 1334.8513607004347 523.4323376596244 0.561 1.092 2.005 -46.087360181229535 0.5968840043082686 18.045970820358274 3.0580704641761525 1.0
human.pedestrian.adult 0 0 0 719.8283202883292 484.05175127212715 753.8612208089836 558.909504601525 0.743 1.73 0.604 -29.891945362420664 0.7030193428830853 -1.8705304571404715 -1.5606939817051835 1.0
movable_object.barrier 0 0 0 1515.8070077293162 507.92153676440876 1602.6490893232954 549.5364314903088 0.536 1.009 2.002 -32.66747209298728 0.953650677182716 19.160171987194857 2.0259236391420234 1.0
