movable_object.barrier 0 0 0 975.2879040923541 484.6146499369852 1037.7582563066771 532.3895007334526 0.54 1.047 2.019 -29.018817056685233 0.3709085213220684 4.338190379246282 2.924921481412327 1.0
human.pedestrian.adult 0 0 0 803.9012125936747 451.2962999888973 842.0313931891324 547.2656191640792 0.743 1.73 0.604 -23.303852797636157 0.13815351949806104 0.1284860396379677 -2.032216695523128 1.0
movable_object.barrier 0 0 0 1182.8638177035864 513.834099484238 1263.7320618412691 590.1312792756503 0.539 1.014 2.002 -18.86446683475928 0.870794211065774 6.031346269193716 -3.1342031647555064 1.0
movable_object.barrier 0 0 0 1310.8045612759613 510.2323385195935 1413.9183511573515 576.8703175871857 0.536 1.009 2.002 -21.053142167793226 0.845166594075924 9.091385078067876 1.817216776741823 1.0
movable_object.barrier 0 0 0 1134.4257538055117 504.1304375429942 1211.4665338893542 574.6027168546522 0.547 1.06 2.013 -20.891377452820617 0.761136901385082 5.854228735266906 3.097016081484952 1.0
movable_object.barrier 0 0 0 942.4637865484456 480.10355977243745 1001.8410581585935 523.4458831404752 0.537 1.017 2.008 -30.97211818573416 0.23868826862860057 3.79289550119053 2.890969329397217 1.0
movable_object.barrier 0 0 0 1226.6412661310858 511.9018617079886 1340.9285899830213 584.1524741765318 0.54 1.036 1.997 -19.951284197010335 0.8694101912739283 7.378064541735873 1.8325591936665813 1.0
movable_object.barrier 0 0 0 1534.5355340511057 516.9463337615678 1621.5465206150732 573.9497337801346 0.54 1.031 2.018 -25.09897917898866 1.0527622813315167 15.106529873455175 1.8436963346554496 1.0
movable_object.barrier 0 0 0 1095.1612258741586 497.4177880337805 1167.8189820423156 558.3907645507412 0.525 1.024 2.024 -22.98271655639196 0.6356095292483065 5.6932081380829915 3.0451011793532032 1.0
human.pedestrian.adult 0 0 0 994.3395809484978 462.5195267259226 1058.65072477321 577.5836843638014 0.674 1.741 0.69 -19.670558159859148 0.4291437837200285 3.2626043751877085 -2.415951203140869 1.0
movable_object.barrier 0 0 0 1054.3493323560479 493.66188275109164 1124.0887320012343 551.8828249645211 0.553 1.078 2.007 -25.026886108888935 0.5940929350881843 5.3688222366414 3.002305331313565 1.0
movable_object.barrier 0 0 0 1015.361632309783 490.13039134961144 1082.7965003279746 542.3277173122431 0.536 1.055 2.028 -27.040760609372356 0.5063708377885205 4.947373153183592 2.9476503805249976 1.0
vehicle.truck 0 0 0 308.3319388729697 374.5548711071882 468.27908506107605 526.8914766269224 8.336 3.059 2.389 -29.697157123324907 -0.8467055098994162 -10.236634485051828 1.8660270099854603 1.0
movable_object.barrier 0 0 0 894.9249706967344 473.67440616800604 958.6499067343399 517.3264156681618 0.561 1.092 2.005 -32.85813632270089 0.09831055390799667 2.8496666401806032 2.774530808350832 1.0
human.pedestrian.adult 0 0 0 760.0705923740212 441.4251706764146 804.740594430355 545.3908616242171 0.753 1.885 0.699 -23.452438647451505 0.03239126842759918 -0.6210115197197466 -2.027634257344455 1.0
human.pedestrian.adult 0 0 0 844.8544686742474 459.28450675093234 880.9551100029715 545.1344359580179 0.679 1.572 0.554 -23.615100212929864 0.19457197449376556 0.873793361760094 -1.988296690288732 1.0
