movable_object.barrier 0 0 0 1355.6314046625407 496.2898742128662 1402.1369489795761 530.1487159932904 0.537 1.017 2.008 -39.658115955294996 0.6746233072229592 17.599901481846576 -3.1156810428502126 1.0
human.pedestrian.adult 0 0 0 1412.6275040515225 490.18136258105443 1462.7292757860664 576.4349629964669 0.674 1.741 0.69 -26.18135008743424 0.8569699115749041 12.83911872490997 -1.9995661061014127 1.0
human.pedestrian.adult 0 0 0 908.4632131334927 486.71471592628757 956.5302418480942 571.6336728931109 0.743 1.73 0.604 -26.466483788899257 0.7807527103200775 2.4265721722878966 -1.5981694101683432 1.0
movable_object.barrier 0 0 0 1457.2732809037523 505.5425394830153 1502.8026307365485 549.3804772187547 0.525 1.024 2.024 -31.35981151072734 0.8744328539548696 16.417806100625985 -2.936977330262719 1.0
movable_object.barrier 0 0 0 1524.3285171140076 511.9523493563196 1626.6512700963622 562.2788354784383 0.54 1.036 1.997 -28.045160032853605 1.002224153133686 16.80687031651257 2.0376748426992943 1.0
movable_object.barrier 0 0 0 1383.5967176398033 498.52946336346474 1430.3073314055612 535.3559711007462 0.54 1.047 2.019 -37.569781031370184 0.7444030790094804 17.504329367893735 -3.067060592770032 1.0
movable_object.barrier 0 0 0 1434.4814074950298 501.8951945123393 1483.5526516791 544.7410603491057 0.553 1.078 2.007 -33.40154593861319 0.8229710614351806 16.932231226272112 -2.9977199986017027 1.0
movable_object.barrier 0 0 0 1323.031812642747 492.1702308561949 1372.4481528878598 526.6421440865038 0.561 1.092 2.005 -41.74468975775555 0.5909447913987467 17.49989311782345 3.0847250744227512 1.0
vehicle.truck 0 0 0 900.0165219049512 435.2706208259476 1003.7671320612861 535.0665374177318 8.336 3.059 2.389 -43.89665440261288 -0.14694037171506275 4.530959713208314 2.089802579125089 1.0
movable_object.barrier 0 0 0 1490.820729714072 512.2902467655434 1533.1772245253046 562.7932604462906 0.539 1.014 2.002 -27.413047157243255 0.9798673673524165 15.042604042216862 -2.8467535872178216 1.0
human.pedestrian.adult 0 0 0 900.7736897673979 478.24834498665416 948.1343968802701 566.3554266224014 0.753 1.885 0.699 -27.78018275018504 0.6703763575282522 2.369186635249155 -1.582923237448009 1.0
human.pedestrian.adult 0 0 0 928.4624678579866 494.9645011971668 974.2493333891633 574.8041287487855 0.679 1.572 0.554 -25.5884484618443 0.8697510277930445 2.7275294183053087 -1.6028806448064978 1.0
