human.pedestrian.adult 0 0 0 609.2337488109015 479.8855839924736 631.9246010411331 540.1708017471833 0.535 1.713 0.582 -36.8629765927908 0.5330007885553308 -5.6936681403229645 -1.6028657453575592 1.0
human.pedestrian.adult 0 0 0 281.83902295261765 471.1883373469058 330.03841502708417 530.9845258765223 0.892 1.656 0.956 -36.34114852145259 0.2653395722784994 -14.643779197581743 2.6614569367121526 1.0
human.pedestrian.adult 0 0 0 713.8689521561788 485.2151999761657 749.5794948310057 557.4046594490868 0.52 1.759 0.658 -31.60747812762791 0.7337033779088397 -2.1094571597448817 2.656486981512397 1.0
human.pedestrian.adult 0 0 0 556.0179151336782 471.6031617984254 580.8397464867973 526.7561468078222 0.724 1.766 0.695 -41.641206792435185 0.2458754560519915 -8.145569484717026 2.1949890223702067 1.0
human.pedestrian.adult 0 0 0 517.5668135184163 469.4577928784024 542.6783435285506 522.1009124352889 0.67 1.722 0.68 -42.476818296324666 0.13736161264683694 -9.594290009993477 2.1684705486571465 1.0
human.pedestrian.adult 0 0 0 394.85654472634513 467.9423248287529 430.2884970709629 533.710504259677 0.665 1.754 0.632 -34.615514665151444 0.24757258343779082 -11.034490607278272 -1.71282566982378 1.0
vehicle.bicycle 0 0 0 -185.38924212448907 441.25600464210754 91.22843034526886 611.0788262327327 1.484 1.131 0.601 -8.933628752407058 0.23701524575715133 -6.042798158078516 -2.968248153712528 1.0
human.pedestrian.adult 0 0 0 591.814944440575 481.66279738001657 623.4695042180774 545.5800758664434 0.579 1.557 0.637 -31.635909094125985 0.5490333209471878 -5.213869930335478 2.347584658712787 1.0
human.pedestrian.adult 0 0 0 681.7586073927063 484.4963075159865 723.946809487099 554.7041011840038 0.716 1.668 0.676 -31.093219675661665 0.677186664066413 -2.7835833390598554 2.761124079465075 1.0
vehicle.car 0 0 0 774.082062808274 485.2883646293999 848.5897121306299 556.5890856512773 4.557 1.759 1.867 -36.73993771310593 0.7921197413806117 -0.20916635781141224 2.1646978235982006 1.0
human.pedestrian.adult 0 0 0 1009.9489569294572 491.32853157433146 1055.084853219349 573.479501276073 0.718 1.664 0.509 -26.558659739942534 0.8449668969847716 4.534478971607654 2.726346829730087 1.0
human.pedestrian.adult 0 0 0 367.05177184087523 459.76399039847126 401.04570663307845 533.1221592383741 0.573 1.917 0.617 -33.76119626254886 0.12580762554726 -11.522361862841224 -1.7181179749738167 1.0
human.pedestrian.adult 0 0 0 1027.9702554620246 500.7811240973223 1072.219920984453 575.8741374719781 0.692 1.543 0.554 -27.06872272117249 0.9886612316122307 4.9975045576984565 2.701126183438288 1.0
human.pedestrian.adult 0 0 0 1565.1740197874683 525.1438256533085 1601.4488061630063 592.2111217221851 0.529 1.733 0.551 -33.800835938042766 1.7868036005212016 20.468502146548094 -2.071205247191073 1.0
