human.pedestrian.adult 0 0 0 804.7115463199143 485.26052937147995 827.9134884372814 536.2339656851818 0.52 1.759 0.658 -44.691604323736364 0.6712101833647857 0.0027892774840382597 2.800023143264987 1.0
human.pedestrian.adult 0 0 0 787.8140020390325 484.7508997057711 816.7301673686355 533.8041419760972 0.716 1.668 0.676 -44.28382302551408 0.6126224470498027 -0.4887337534858572 2.75162040370345 1.0
human.pedestrian.adult 0 0 0 621.8870111267614 475.6225110565158 641.2698949637803 517.7367768294893 0.724 1.766 0.695 -54.21592150438356 0.21775234584227704 -7.908734926613203 2.294908210804576 1.0
human.pedestrian.adult 0 0 0 1477.6157283129296 476.4018789889555 1558.515459155764 587.807332789332 1.079 1.972 0.611 -23.361201973065903 0.7253469813882927 12.936877833142413 2.5225990390319204 1.0
human.pedestrian.adult 0 0 0 664.3534113204711 482.48338378184417 679.5072728738637 525.360029619269 0.535 1.713 0.582 -51.62130111832455 0.5017383501480945 -5.881776860543409 -1.6035885101864578 1.0
human.pedestrian.adult 0 0 0 1288.4104118368502 498.36586327405445 1324.8406003381285 556.5623493837262 0.812 1.67 0.505 -37.59983457002022 1.05735234768956 14.556365469925861 -1.7582858553923124 1.0
human.pedestrian.adult 0 0 0 991.716095826392 487.9056316435074 1021.0220346873492 541.7505096116155 0.718 1.664 0.509 -40.224316417227286 0.7323770383890975 6.037606870104746 2.7104742778428514 1.0
human.pedestrian.adult 0 0 0 1212.9746963426933 496.39774513012935 1252.4189642361898 553.8369046814577 0.924 1.679 0.608 -38.48880634088316 1.010059988356762 12.654626890794244 -1.7108166614141247 1.0
human.pedestrian.adult 0 0 0 995.544208279223 492.16303939023067 1024.3743317371498 541.511861414491 0.692 1.543 0.554 -40.813506677988386 0.8084084420295041 6.241979231946295 2.697377442315423 1.0
human.pedestrian.adult 0 0 0 1460.7227670165655 488.24437953887957 1523.2784358799254 582.8584258478152 0.836 1.738 0.559 -24.14184859601846 0.822044107009356 12.877048776911694 2.539277592189964 1.0
human.pedestrian.adult 0 0 0 1489.5127934311329 499.06630843999767 1539.4533705234062 575.4527225502602 0.838 1.737 0.575 -29.93807392745924 1.0673074388675354 16.50321311477728 2.6035129549730307 1.0
vehicle.car 0 0 0 782.3686999732811 481.81970589417375 835.6817899976375 531.0026302489317 4.557 1.759 1.867 -51.53560871623015 0.5640959746741516 -0.3418546283377648 2.16356079496889 1.0
human.pedestrian.adult 0 0 0 1306.124800043434 498.81216582944626 1342.7372144186058 560.2794383718503 0.801 1.777 0.578 -37.87749538703065 1.126634972472721 15.19743207223814 -1.7271649511044007 1.0
static_object.bicycle_rack 0 0 0 287.4759709184831 460.99204787116764 490.2675601665474 542.9267735639605 2.057 1.189 5.257 -22.722161056839674 0.11466894923843593 -7.7957230420116455 -2.706773792909088 1.0
human.pedestrian.adult 0 0 0 681.8529000779679 485.1832183692609 706.5894755929528 530.6465089988108 0.579 1.557 0.637 -44.30542768596264 0.5687611554843441 -4.270719795996928 2.4732962278926323 1.0
human.pedestrian.adult 0 0 0 587.9824783630575 472.2672038645168 605.3012119049287 512.5948922110788 0.67 1.722 0.68 -55.14999866202645 0.03666981731302765 -9.566156714038227 2.257330166813997 1.0
vehicle.bicycle 0 0 0 451.3234811182367 467.7542029487514 535.1310823037675 530.6776732592047 1.484 1.131 0.601 -23.6878431630358 0.14144065929160987 -6.029035931821077 -2.9701979466718074 1.0
human.pedestrian.adult 0 0 0 1211.5427587949753 496.4727373660175 1245.1718470412566 552.2000197760229 0.705 1.607 0.632 -37.75209158238196 0.9688588175638859 12.284105868271023 -1.7208245861828697 1.0
