human.pedestrian.adult 0 0 0 758.601157978069 488.98906141421196 776.8166790571479 521.2890148595246 0.579 1.557 0.637 -62.17609843131469 0.6660795053251283 -2.3843675333324286 2.538558570904504 1.0
human.pedestrian.adult 0 0 0 1027.4502132001767 494.0304799229144 1051.729479921501 530.4636213098632 0.924 1.679 0.608 -60.13559486289367 0.9778725559334245 10.604325213855624 -1.6652466404542476 1.0
vehicle.bicycle 0 0 0 625.5727948580283 478.68085950244557 671.0597826334598 512.7946875806355 1.484 1.131 0.601 -43.72168757824221 0.14450745436163132 -5.800885155363869 -2.9684207861703724 1.0
human.pedestrian.adult 0 0 0 880.1028334857472 487.2265534896568 897.1071383430863 523.4540544989061 0.52 1.759 0.658 -62.50727790735373 0.6770938034951623 3.5710670301471676 2.7300452001182265 1.0
vehicle.car 0 0 0 796.5266345982348 487.9983163616704 835.3924972746784 522.8467426567967 4.557 1.759 1.867 -71.56639152394125 0.7562213856177895 -0.051664578391817706 2.1603498191979273 1.0
human.pedestrian.adult 0 0 0 1385.4671771417077 488.3195831727228 1428.485130100057 564.2584904427683 0.897 1.821 0.641 -31.3911290111034 0.8483791169272882 14.640956153701204 2.851157658485981 1.0
human.pedestrian.adult 0 0 0 686.4531427426919 484.00698568824976 701.8659265852572 515.8623982059615 0.724 1.766 0.695 -71.64432945790101 0.4739911332948658 -6.909528003914717 2.3032110773419685 1.0
human.pedestrian.adult 0 0 0 1377.3133282799695 492.4879121350182 1397.1421346257705 542.1187000458824 0.606 1.833 0.505 -47.75705700497891 0.9663825668327549 21.528228842152757 2.8857484018666053 1.0
human.pedestrian.adult 0 0 0 991.4799070967065 492.4144017210905 1011.850947024469 529.370108158206 0.718 1.664 0.509 -58.28378296823185 0.886139997645889 8.531800462606732 2.626399199368003 1.0
human.pedestrian.adult 0 0 0 1321.8477633426105 502.7084402120041 1352.6261421587762 550.8335832885482 0.838 1.737 0.575 -47.130259422848404 1.3032114717627685 19.386479771920975 2.589644815244129 1.0
human.pedestrian.adult 0 0 0 1079.5641069802712 496.4067218406757 1101.7059312790718 534.9396423042874 0.801 1.777 0.578 -59.93053837948106 1.1367491850951366 12.98357973057222 -1.6884243212694479 1.0
human.pedestrian.adult 0 0 0 1278.862534207784 487.13715184828663 1322.0765369303206 550.3914484569341 1.079 1.972 0.611 -40.74462298678092 0.8636527218673774 15.575030649637153 2.614095399253741 1.0
human.pedestrian.adult 0 0 0 1074.1962362160848 496.39433875745846 1096.0443402367348 532.9639462662317 0.812 1.67 0.505 -59.38608864949585 1.0803935681427679 12.606666562910195 -1.6950758675552189 1.0
human.pedestrian.adult 0 0 0 862.7462559407818 488.7925088188984 883.5397593196213 523.5754267684571 0.716 1.668 0.676 -62.09429173412843 0.7132342424545626 2.78894920692829 2.7046346159812593 1.0
human.pedestrian.adult 0 0 0 1029.033084607943 495.04016460227564 1049.4849345810242 530.2288699702538 0.705 1.607 0.632 -59.35295233343344 0.9840965217351422 10.451345040860376 -1.6682643472713385 1.0
