vehicle.car 0 0 0 792.076311001093 502.882801747967 835.6455821377192 542.291859972755 4.557 1.759 1.867 -63.413838717705964 1.5220373888223224 -0.1587727424040126 2.1518030864429054 1.0
human.pedestrian.adult 0 0 0 1486.3173028560652 499.8761899551554 1543.972047568492 599.8348666255467 0.897 1.821 0.641 -23.929784738559427 1.0835426074611443 13.195433999240084 2.814064876996735 1.0
human.pedestrian.adult 0 0 0 664.6772465076714 498.893335002746 681.4252264101458 534.2139978026999 0.724 1.766 0.695 -64.53890656429361 1.2731612692278418 -7.3002414301228615 2.2910969132167667 1.0
human.pedestrian.adult 0 0 0 1440.8732012697046 505.06028868050345 1465.6566109924704 564.2038034607202 0.606 1.833 0.505 -40.0982634869856 1.357733700110728 20.165627124713986 2.9029845614872762 1.0
human.pedestrian.adult 0 0 0 1148.5360684820607 513.1654286630852 1174.3457443163538 558.5661895556548 0.801 1.777 0.578 -50.98501349520322 1.7775938730192502 13.89617629599055 -1.6801223759548645 1.0
human.pedestrian.adult 0 0 0 1084.6010514125433 511.25674666512367 1113.1198642702655 553.995611344319 0.924 1.679 0.608 -51.37736968513727 1.6596257767776517 11.464128774150193 -1.6731689356086532 1.0
human.pedestrian.adult 0 0 0 856.6741641704912 503.4939909130926 875.5413557100073 544.5188866056008 0.52 1.759 0.658 -55.32787178114355 1.4132791213627056 2.178354626842043 2.749352309200071 1.0
human.pedestrian.adult 0 0 0 1081.3073402534671 511.40169805805783 1105.265230221235 552.6509722962993 0.705 1.607 0.632 -50.73074913012668 1.6157822456918354 11.097318738001196 -1.6732628167138968 1.0
human.pedestrian.adult 0 0 0 1328.13027719281 500.31043667231097 1380.5252679458038 576.7865537873444 1.079 1.972 0.611 -33.76359935695914 1.2369023835287516 14.340633034357412 2.5704511144224673 1.0
human.pedestrian.adult 0 0 0 995.9239820738371 510.11103608702854 1018.7052174828381 549.0226417861352 0.692 1.543 0.554 -51.53530121236565 1.5422584642781747 7.774180732962617 2.6573620150336774 1.0
human.pedestrian.adult 0 0 0 634.8872141634434 496.9699242493057 651.6851557534937 530.8232167420229 0.67 1.722 0.68 -65.50509199419977 1.1558567658532022 -8.948654111621357 2.353947395270435 1.0
vehicle.bicycle 0 0 0 579.0609969560874 494.32232193355964 634.5216085814861 536.0464470210147 1.484 1.131 0.601 -35.57961700078326 0.6632044001525553 -5.888162963951259 -2.970743930423117 1.0
human.pedestrian.adult 0 0 0 733.2157490693123 506.0289252438452 753.5591881930692 542.6613814214383 0.579 1.557 0.637 -54.87011702273798 1.4175912981305903 -3.158128108657825 2.505046011930853 1.0
human.pedestrian.adult 0 0 0 988.3110671578611 507.9403170151608 1011.2797722814928 550.174153637375 0.718 1.664 0.509 -51.10584404488905 1.508380995733114 7.405715187181255 2.656668588101766 1.0
human.pedestrian.adult 0 0 0 1141.3222853435698 513.8234612395461 1166.9619179241529 556.9195870486242 0.812 1.67 0.505 -50.51567710317395 1.7421853929253526 13.4766294086771 -1.690574952370893 1.0
human.pedestrian.adult 0 0 0 1376.7092047761937 518.098726244087 1412.7060756800042 574.8516168855307 0.838 1.737 0.575 -40.08067833119607 1.7286967645065094 18.305287057105303 2.5912570521146634 1.0
human.pedestrian.adult 0 0 0 1336.477116514607 508.12162826545904 1377.946171108542 574.3866877235797 0.836 1.738 0.559 -34.262140489224485 1.3332317649838008 14.632933204915249 2.595693612893224 1.0
human.pedestrian.adult 0 0 0 839.7260372268881 504.70082431968046 863.0467776620463 544.1515748330588 0.716 1.668 0.676 -54.86477535615946 1.418780217532305 1.52190170460924 2.7119990761887394 1.0
