human.pedestrian.adult 0 0 0 941.2993308159107 464.0296530751092 963.1522894418091 500.78928986714993 0.814 2.0 0.801 -70.51404058297675 -0.5124506549147425 7.569286372655309 -1.780957465564141 1.0
human.pedestrian.adult 0 0 0 1455.162638100271 436.3690062226594 1713.243150873605 838.8825941221636 0.775 1.655 0.667 -5.6772080582285005 0.593202006522328 3.3938886251351144 2.945418706735878 1.0
human.pedestrian.adult 0 0 0 708.2450466370149 447.4603084534845 891.7319606715547 746.2655946385603 0.906 1.633 0.609 -7.337085799952611 0.5791765598272807 -0.11110426635185112 -2.960600672701415 1.0
human.pedestrian.adult 0 0 0 511.67666391896836 420.9239179008366 549.564240162427 488.67294752318406 0.669 1.943 0.923 -37.150756960256494 -1.0826060837321179 -8.375301226179461 -2.1103594669445833 1.0
human.pedestrian.adult 0 0 0 493.138939709386 427.84916140641144 522.2853251739672 486.45106063026145 0.679 1.661 0.603 -36.62701009050423 -1.0001646185562794 -8.920862974512675 -2.1593897997176237 1.0
human.pedestrian.adult 0 0 0 479.23268036078144 446.42863072431913 520.3951642083971 521.2866346468677 0.602 1.64 0.731 -28.525036725288594 -0.18045187944112306 -7.123908713918634 -2.1326370127394716 1.0
human.pedestrian.adult 0 0 0 440.47044250409857 441.8161521215394 482.0500746054916 517.8043574646308 0.772 1.65 0.682 -28.321873492861894 -0.2720194999109448 -7.933699471998383 -2.113095782103705 1.0
vehicle.car 0 0 0 1386.8591273640457 487.86115755998776 1509.7809832992875 559.5996710873379 4.003 1.514 1.998 -32.95352491340717 0.7777018554389241 16.338868525530884 -2.2513967335254605 1.0
human.pedestrian.adult 0 0 0 529.1080364484399 427.3680436601405 564.1032308394499 488.17772032166937 0.848 1.719 0.763 -36.69402660125329 -0.9861107779965448 -7.808407907171645 -2.139605929407562 1.0
human.pedestrian.adult 0 0 0 679.8850060904222 423.43839185066753 874.0275270709493 787.1791454254194 0.857 1.685 0.47 -6.125568334763472 0.5271177309464965 -0.19830122660535804 -3.078713484276844 1.0
human.pedestrian.adult 0 0 0 932.2275439422586 464.27921496176134 954.1490153436193 499.1511940786073 0.803 1.862 0.796 -69.2764381644421 -0.5408862016286776 6.942008385380302 -1.7873337354350012 1.0
human.pedestrian.adult 0 0 0 435.73141350581744 353.6325050234989 691.2206176988523 828.6756302359049 0.929 1.862 0.666 -5.325478967839966 0.38861674484482234 -1.0320178941757974 -3.0892339275130425 1.0
