human.pedestrian.adult 0 0 0 638.0400253700319 468.79119713806136 664.2021932236937 541.4356982083657 0.555 1.89 0.624 -33.404128583985795 0.35474299218902483 -4.3529777936804255 -1.5733341615952536 1.0
movable_object.pushable_pullable 0 0 0 453.364050290261 476.3766178371124 540.1663299750178 543.1957773363088 0.786 1.17 1.326 -23.04169176642587 0.32145494647094586 -5.811519911032699 -2.3765488745754535 1.0
movable_object.pushable_pullable 0 0 0 397.71137876851697 472.0557165926887 489.41897214173775 546.6151380851437 0.788 1.271 1.375 -22.415616808769244 0.30331481604912214 -6.595493815613467 -2.3765488745754544 1.0
vehicle.car 0 0 0 805.192932163499 479.65572868161735 892.6360741987594 547.4040180369366 4.776 1.537 1.999 -31.664481276967074 0.5038144415700787 0.753784580873741 -2.1044308740720457 1.0
movable_object.trafficcone 0 0 0 444.94531709528934 523.3008400198431 486.3933705562278 586.3508945614358 0.411 0.796 0.355 -16.506320173952602 0.8204474238493424 -4.567071978890832 -3.0878983210250137 1.0
vehicle.motorcycle 0 0 0 319.0677375292768 470.350842660491 392.53690845742824 544.1026805391026 1.989 1.191 0.636 -21.589827115382725 0.25312504089455323 -7.820611511496753 -2.048468505204645 1.0
movable_object.pushable_pullable 0 0 0 246.39908027159575 474.2392206916621 384.6419166254153 574.3738685369227 1.407 1.246 0.887 -16.524178774774004 0.4126890208337014 -6.515205741019804 -3.052904122052908 1.0
vehicle.truck 0 0 0 652.8897852564221 428.4289301417478 743.8223162153708 541.6010108159194 5.192 2.786 1.884 -34.07850040117322 -0.16708877724870128 -3.0800900309185404 -2.09967019044164 1.0
human.pedestrian.construction_worker 0 0 0 570.7087624545903 456.7822634753758 590.4724915018062 508.01716946909045 0.59 1.807 0.591 -45.17366777239816 -0.32329170047282374 -8.404297732659867 -1.5738348350229598 1.0
human.pedestrian.adult 0 0 0 630.2107869716118 465.9710788136237 668.8183459749885 531.8150457306165 0.624 1.626 0.831 -31.824882790103022 0.18271185955783883 -4.186190468294883 -2.0642348525900145 1.0
vehicle.truck 0 0 0 680.5286737680084 423.0534128904263 778.8334474005811 523.2412808568404 9.983 3.286 3.01 -47.088514921315195 -0.6214401710276796 -3.0253908840716366 -2.1092406024295416 1.0
