movable_object.trafficcone 0 0 0 1474.7324966351603 543.8128552917013 1496.0068756115813 581.9298954368229 0.232 0.762 0.305 -25.946925326203694 1.460242916686619 13.707834253890914 2.980506855625224 1.0
vehicle.car 0 0 0 972.0651092471691 480.76085911500405 1458.1483592234201 719.0635628840969 4.422 1.579 1.72 -10.756942634226805 0.728701468104944 3.0295620188123475 1.9225399718854357 1.0
human.pedestrian.adult 0 0 0 -89.41811400607351 441.2287342644542 50.89135343942183 653.8266425924912 0.743 1.777 0.688 -11.00124900979163 0.4738804415318385 -7.237653506308121 3.081023207624999 1.0
human.pedestrian.adult 0 0 0 565.1870589945047 476.7387746848483 598.4912151655817 540.5543247549823 0.772 1.77 0.658 -35.74893079302578 0.4802006740864987 -6.613278290236961 -3.139418573132624 1.0
human.pedestrian.adult 0 0 0 1086.4934527121375 493.3150656505786 1115.5973810566018 552.4701103836182 0.684 1.648 0.604 -35.878713661328725 0.8824237169096733 8.064369853485411 -3.1163766317441723 1.0
movable_object.barrier 0 0 0 1577.3203025501562 527.0190767667352 1707.6158353503847 589.0441763446432 0.392 1.036 2.057 -23.460524861491685 1.2089295780754832 15.26445088457299 -1.6376565884733205 1.0
human.pedestrian.adult 0 0 0 1019.2700480201461 488.9643576664239 1054.5183103830082 553.0376837663791 0.784 1.705 0.781 -34.38304123123654 0.7927723724388646 5.984637991370307 -1.5680199851541206 1.0
vehicle.car 0 0 0 -1063.51377488157 448.9313612231317 435.31916138333787 1308.5368789364259 3.567 1.554 1.583 -4.15918778937208 0.7176725285689883 -2.686013837537402 -2.06886149043945 1.0
movable_object.barrier 0 0 0 1481.7725572619884 522.5884365881127 1553.0250233552592 582.5975655158863 0.837 1.182 0.97 -26.104271946569707 1.2498479283956068 14.441274087797826 2.9843403646237663 1.0
vehicle.truck 0 0 0 1141.6200680224767 428.36799602705474 1468.5018922494223 571.4430932877597 7.037 3.225 2.278 -30.882913914599246 0.2012577819542058 11.775699919598306 -1.56798644020554 1.0
human.pedestrian.construction_worker 0 0 0 1533.4471836622624 490.8470617651771 1573.1208863525283 579.4614573714827 0.398 1.842 0.573 -26.624402762400575 0.9126455951447302 15.49246936978554 -2.2216929424153102 1.0
vehicle.car 0 0 0 197.69035233451822 464.8657121624184 497.61582017173333 560.4003584070925 4.94 1.578 1.757 -23.196325590001525 0.35977867281221576 -8.539827837644888 -1.576170925146812 1.0
vehicle.car 0 0 0 401.34078240631874 480.92284347958196 612.7997658009557 550.0620919165293 4.642 1.536 1.883 -30.709303383809893 0.5667449452583992 -7.417917131834654 -1.56798644020554 1.0
movable_object.trafficcone 0 0 0 1491.5971596599068 539.454037532307 1514.007968137406 582.8370160564755 0.254 0.841 0.283 -25.06341230301878 1.376258504948934 13.586107689625692 2.980506855625224 1.0
human.pedestrian.adult 0 0 0 532.3494375062195 478.1806419558839 561.705220994521 534.1502711185765 0.785 1.739 0.67 -40.00898652462354 0.4602971733566549 -8.50169217875254 3.0819775573354926 1.0
