human.pedestrian.adult 0 0 0 1086.4240958531796 493.40106203635554 1115.5135923806597 552.5478890457372 0.684 1.648 0.604 -35.880340235592016 0.8847934711819404 8.062569781255899 -3.116346249028693 1.0
human.pedestrian.adult 0 0 0 632.0800704808606 481.7572475364289 666.1128809346911 538.309310743166 0.849 1.582 0.748 -36.156697160397286 0.5245795262639201 -4.767665515261399 3.120620622548202 1.0
vehicle.truck 0 0 0 -54.760301547869005 413.93403960104143 396.6873775191023 584.0087990005092 4.92 2.0 1.832 -16.506759257912474 0.09252896199633191 -8.253087546868501 3.1375328404283174 1.0
human.pedestrian.adult 0 0 0 705.6875673389262 479.53514333148956 736.675997906201 543.8062362187476 0.772 1.77 0.658 -35.49546095181866 0.5607782445260583 -2.661120398426469 -3.1393895064554975 1.0
movable_object.trafficcone 0 0 0 1483.7052426907726 539.3469731215436 1506.0694814294616 582.7936251644643 0.254 0.841 0.283 -25.023600980555976 1.372579727251849 13.40812899583308 2.980526468354401 1.0
human.pedestrian.adult 0 0 0 667.8993948863525 480.4077799529735 701.0192329034763 539.4133506830192 0.785 1.739 0.67 -38.00101855029684 0.5478317297754176 -3.951891682761928 -3.0035356256833747 1.0
human.pedestrian.adult 0 0 0 201.38424048174758 430.92994039392715 376.1164091227642 691.4623270421565 0.902 1.807 0.709 -9.269434084900382 0.4804898399359538 -3.8467575890383614 -2.9429070989385195 1.0
human.pedestrian.adult 0 0 0 838.0109562899556 482.34281651968826 869.1011825575829 546.8317161478654 0.784 1.705 0.781 -34.16266434037263 0.6166225894172843 1.001138276443624 -1.567805583194013 1.0
vehicle.car 0 0 0 232.10953569199955 462.6187599789243 493.49168605416486 555.6546968870165 4.422 1.579 1.72 -23.603233265400064 0.2998887197451682 -8.436250293955805 -1.5886759112308875 1.0
vehicle.truck 0 0 0 283.1352821215934 407.24213279580783 602.7663206308719 550.5990675181499 7.037 3.225 2.278 -30.799559912834205 -0.29371938986092855 -8.940176077817346 -1.5677339065886606 1.0
vehicle.car 0 0 0 -1086.6741325807532 449.10565195165987 437.74218089162224 1321.9607552010837 3.567 1.554 1.583 -4.130075030892384 0.7189644944869108 -2.68252464279295 -2.0621471590869627 1.0
human.pedestrian.adult 0 0 0 633.0976155886625 482.56487728064116 669.7035259069269 541.5174946356697 0.884 1.615 0.731 -35.42207048153437 0.569412690569387 -4.606189108064526 -3.1393895064554975 1.0
vehicle.car 0 0 0 901.7979585552813 497.1090879283912 1095.5675483172952 559.8000896941816 4.421 1.394 1.864 -30.840301249852622 0.8768176198800569 4.371674441636616 -1.5678469667701789 1.0
movable_object.barrier 0 0 0 1577.2685716768658 526.990283704667 1707.5333045202967 588.9801090045938 0.392 1.036 2.057 -23.4635487701092 1.2082136948239894 15.265199513628161 -1.6375391186341037 1.0
movable_object.barrier 0 0 0 1481.7190525446717 522.5819696441873 1552.9468571333312 582.5682029618146 0.837 1.182 0.97 -26.107127387417407 1.2496206612382348 14.441506271429558 2.9843602025032725 1.0
human.pedestrian.construction_worker 0 0 0 1538.297540195834 491.0705905566587 1577.211193983859 580.8850766229463 0.398 1.842 0.573 -26.367760319880926 0.9183216986620625 15.434512551324815 -1.9934494342067985 1.0
human.pedestrian.adult 0 0 0 378.2823517824808 450.1952122369685 500.00516350935635 667.2442392942984 0.743 1.777 0.688 -10.821343702933738 0.55346236763974 -3.208511909338028 -3.053850265296277 1.0
human.pedestrian.adult 0 0 0 1392.535327189282 508.5717336498927 1426.0193822671154 564.8335622943191 0.639 1.728 0.669 -39.60495425811731 1.407475357034333 18.54333521272176 2.7991082885742884 1.0
