vehicle.car 0 0 0 -27.329763144145673 456.0529681367472 361.03148550984554 589.565496528755 4.375 1.63 1.627 -17.072021470476347 0.40085782616984045 -8.631933389155765 3.1325076554856874 1.0
vehicle.truck 0 0 0 -233.56439967944678 392.8863840056758 120.06624140009937 535.5873300312987 7.037 3.225 2.278 -30.934919434810137 -0.6440441149098324 -21.17170547496328 -1.571306388146068 1.0
human.pedestrian.adult 0 0 0 1082.8345748182026 488.67298023700755 1111.6712415128127 547.2909178479522 0.684 1.648 0.604 -36.19824963321654 0.7501787981201281 8.02782819753437 -3.117303799837125 1.0
human.pedestrian.adult 0 0 0 807.6776363740637 477.30618084012843 836.6051857293047 541.132493689502 0.772 1.77 0.658 -35.73951306591574 0.49503384993183375 0.16944033377792048 -3.1403061092365165 1.0
vehicle.car 0 0 0 380.64305874442243 478.17228167117315 581.6864581632972 540.2224854266487 4.421 1.394 1.864 -31.097649187528596 0.4210904309287047 -8.153901189030766 -1.5714289721039432 1.0
vehicle.car 0 0 0 -180.7592326367809 446.42561513979234 107.29335870296816 535.9049764676492 4.422 1.579 1.72 -24.399665650154134 -0.009425977169197047 -16.347675542490737 -1.571434231571267 1.0
human.pedestrian.adult 0 0 0 764.9109925919806 477.6041621875848 792.3155914222891 536.0887850662325 0.785 1.739 0.67 -38.30603213242571 0.4598042281898821 -1.135254555838711 3.1182031345401544 1.0
vehicle.truck 0 0 0 1249.2282998305845 442.19124872487737 1708.9105840732987 614.4229204685383 4.92 2.0 1.832 -16.323924864894828 0.44550012009233464 8.371695768594982 3.1366273872242942 1.0
movable_object.barrier 0 0 0 1565.435122841481 521.742966956329 1693.2512062536923 582.8001651225329 0.392 1.036 2.057 -23.7820436992982 1.118110454830703 15.228474661743006 -1.6411958171560617 1.0
vehicle.car 0 0 0 -885.9247273005117 446.6007132291208 461.9927852226865 1224.9050997192392 3.567 1.554 1.583 -4.418444694976306 0.6979615381311729 -2.6823614574229167 -2.051873258894684 1.0
human.pedestrian.adult 0 0 0 595.8611750867753 429.308072154614 754.7387157008355 705.529274765285 0.902 1.807 0.709 -8.750086812948448 0.4968044783608389 -0.9564355033003591 -3.0450581082590054 1.0
vehicle.motorcycle 0 0 0 986.1009949684637 485.7221188912064 1079.236263355553 552.1642631947667 2.16 1.59 0.664 -31.400521227669316 0.6733867218159366 5.354236769581663 -1.5716891512606912 1.0
human.pedestrian.adult 0 0 0 680.5138970427337 449.548189559093 794.4430243279536 674.3774290597926 0.743 1.777 0.688 -10.472909185757718 0.558015777899899 -0.6401883712084316 -2.997437921114871 1.0
