vehicle.car 0 0 0 708.6564667724882 465.9885272461891 1029.2849949860263 590.715346668939 4.375 1.63 1.627 -18.218527956801964 0.5026083878068909 0.7263298666641738 3.1311593391746992 1.0
human.pedestrian.adult 0 0 0 768.7643512745693 475.69699043027975 801.2038136295671 532.2026130661563 0.884 1.615 0.731 -36.938590138857776 0.3577719819772905 -0.9079269416468502 3.1415108416350073 1.0
movable_object.barrier 0 0 0 1442.5764974308063 511.1117364920922 1508.712055802061 567.4620519523023 0.837 1.182 0.97 -27.73002429008621 1.037610563582081 14.42778786111995 2.982674674180788 1.0
vehicle.motorcycle 0 0 0 729.7288962982925 469.999492684545 815.8005465392673 534.0928633038723 2.16 1.59 0.664 -32.5586677366899 0.266944465802975 -1.1086534055056079 -1.5752942221155033 1.0
human.pedestrian.adult 0 0 0 842.0280685658337 449.27979965848346 939.3541497293224 655.2529037110905 0.743 1.777 0.688 -11.39390770709353 0.5243880356131486 0.6793501453771827 -3.0052211085127807 1.0
human.pedestrian.adult 0 0 0 821.3956936087098 433.73964497289944 951.5577619331945 681.0770992433086 0.902 1.807 0.709 -9.724892041235341 0.481220951010225 0.5535713318737007 -3.0515293802123917 1.0
human.pedestrian.adult 0 0 0 807.256595418996 473.68265257475394 834.1025174798849 530.4679177862686 0.785 1.739 0.67 -39.451897466608294 0.32498717298165436 0.14084206655975912 -3.1334648361244 1.0
vehicle.car 0 0 0 -359.71429410554657 453.165817570947 521.9931348306462 982.0859584577952 3.567 1.554 1.583 -5.63254760184625 0.6689252966847569 -2.6799117851406002 -2.052037662684411 1.0
movable_object.barrier 0 0 0 1526.3113817948145 515.0353581653156 1644.9962372399966 572.6984746762143 0.392 1.036 2.057 -25.064770735510933 1.0148449688381338 15.190171109571567 -1.6452849250496921 1.0
vehicle.car 0 0 0 1080.9477234414298 490.4735858576215 1290.4190544101662 556.5563852774451 4.764 1.533 1.976 -32.31685591439443 0.7888135668084792 9.337661958488235 -1.5752242942612202 1.0
human.pedestrian.adult 0 0 0 1072.2688774564008 483.63418193347303 1100.0158261159909 540.2401205614643 0.684 1.648 0.604 -37.471573657135764 0.5983070125435291 7.981709803930281 -3.118716471749572 1.0
human.pedestrian.adult 0 0 0 661.959463624971 468.7711962328324 694.1474421522481 529.7705610795958 0.784 1.705 0.781 -36.09706897177592 0.21724666417068808 -3.934747676412654 -1.5751504509732692 1.0
human.pedestrian.adult 0 0 0 466.20197164624136 463.6554725968928 486.57270797088984 524.8392174527307 0.339 1.711 0.505 -35.75780939778817 0.07693949228706978 -9.594936263286463 1.9767911960833073 1.0
movable_object.trafficcone 0 0 0 1435.3896925416698 530.5459612599286 1455.2081350998349 566.3923521872731 0.232 0.762 0.305 -27.542378423365474 1.2370850199265537 13.679364204379523 2.9788555963207424 1.0
human.pedestrian.construction_worker 0 0 0 1593.275405546086 482.48610150770156 1633.2641275100177 567.5431286158338 0.454 1.794 0.57 -27.11435836304374 0.7087910065406146 17.059552699623918 3.117370136397626 1.0
human.pedestrian.adult 0 0 0 442.3292676297253 465.4051758358967 460.6224698306811 525.3391612137367 0.339 1.67 0.439 -35.6075696301295 0.107911232715108 -10.255265547438466 1.9767911960833073 1.0
