human.pedestrian.adult 0 0 0 1187.7933821013726 469.1174249758015 1214.7505041875309 527.1107491310938 0.745 1.794 0.579 -39.67264979388973 0.2016251427079165 12.05694975324478 2.0791940976744216 1.0
vehicle.construction 0 0 0 -55.6230699950279 358.416733172111 225.07242617363994 600.2169232441944 2.051 2.341 2.158 -13.544435921184911 -0.12153269490881893 -7.682925064853203 -2.2742342883182065 1.0
human.pedestrian.adult 0 0 0 1161.9493157984327 469.3109218244298 1188.594006924316 526.2163956797012 0.72 1.806 0.619 -40.68995610957873 0.19593954325734528 11.530983467236036 2.084748049182462 1.0
human.pedestrian.adult 0 0 0 1557.6388783729326 454.06352141452766 1633.8488730037777 582.5326506638863 0.637 1.794 0.681 -18.11468751229548 0.3719335176519512 11.145154643152384 -2.3840868365345305 1.0
movable_object.barrier 0 0 0 1349.6763322525553 495.2307461304841 1428.4792097889572 534.1337039279643 0.603 1.005 1.996 -34.79161306962839 0.6220583703519704 15.713690022597445 2.782242938993307 1.0
movable_object.barrier 0 0 0 85.22450910930974 520.3121298418887 300.90658145344133 665.8632195289773 0.7 1.032 2.226 -10.787457802255721 0.8012372013214578 -5.214735977615739 -1.580696721630055 1.0
human.pedestrian.adult 0 0 0 1400.8656205405093 459.29215783094605 1442.1599589865514 539.4904176307992 0.567 1.832 0.68 -29.335501666531798 0.17774387451258136 14.014814222020059 -2.0604877742870222 1.0
movable_object.barrier 0 0 0 1419.7547729790176 493.8517116038331 1513.9584946119367 535.7856592616739 0.622 1.039 2.122 -33.2941325706864 0.5985953407734623 17.090458936225218 2.47621700325994 1.0
movable_object.barrier 0 0 0 1505.3286868331265 492.1123030368584 1596.3282583704806 532.8279916170047 0.609 1.015 2.006 -32.6610539167614 0.5365939526110065 18.93502507648979 2.0671790216134305 1.0
vehicle.car 0 0 0 1522.9865409851825 475.6344289309926 1750.4958982510132 539.503705655187 4.33 1.457 1.791 -30.697905913224083 0.36931509285736003 19.80717454721536 3.1340930333393953 1.0
vehicle.car 0 0 0 277.410069960098 402.6904663751841 653.9123754775044 680.9128649723879 4.861 1.959 1.8 -11.449652782987439 0.3313017469593552 -2.8181508077903548 -2.073927226912522 1.0
movable_object.barrier 0 0 0 -135.63949011559643 533.7716946765703 170.16414170709695 723.9985023189579 0.7 1.025 2.157 -8.565928757096826 0.848553279322066 -5.274868250796376 -1.5806995431812778 1.0
human.pedestrian.adult 0 0 0 1237.8522796655818 469.81800986750665 1265.0793040959547 530.0627640774233 0.713 1.794 0.599 -38.21320126509292 0.24851636410732916 13.127606189805402 2.144800592742415 1.0
vehicle.construction 0 0 0 1524.09183008946 388.7847879065246 1665.2698896920112 530.7683006410349 6.571 3.937 2.566 -38.64755670594187 -0.9132344311372256 23.557384540314768 2.3269356867424253 1.0
human.pedestrian.adult 0 0 0 1179.99094871523 476.0091246013782 1203.5565290595305 527.6601881815205 0.6 1.658 0.576 -41.10217717196786 0.32987467563619793 12.184313533923198 2.109115980136327 1.0
movable_object.barrier 0 0 0 231.06504860579602 516.7390850307022 403.7456470663113 632.4660561417949 0.705 1.017 2.105 -12.97076628080629 0.8015119339088314 -5.041770628452457 -1.584324761872649 1.0
movable_object.barrier 0 0 0 -136.29275253565424 480.64227813249295 35.14738118414898 553.098376829603 0.601 1.041 2.01 -18.803651803186906 0.3704100150922167 -12.832556379478964 -2.276384314621825 1.0
human.pedestrian.adult 0 0 0 1364.8284382700276 469.12664190796824 1399.3721485523743 538.1017920140184 0.602 1.684 0.538 -31.30639581066252 0.2939449451096646 13.983676081040203 -2.1437237852615407 1.0
movable_object.barrier 0 0 0 235.19161091248128 489.88292246813484 390.80965012034727 544.4352971154585 0.569 0.854 2.324 -20.66260212260592 0.4118198725753401 -8.183268914325277 -2.331265067871162 1.0
human.pedestrian.construction_worker 0 0 0 1251.317326176927 474.73001454230695 1277.0375414040038 525.9694061285336 0.682 1.784 0.624 -44.58216572966026 0.30581121741968387 15.764516682950932 2.0748891104641585 1.0
