human.pedestrian.adult 0 0 0 1456.7847638233482 494.1579867048152 1501.1824891445838 580.6893844795932 0.602 1.684 0.538 -25.13029513518262 0.900691889528063 13.14530429757931 -2.0941120118054917 1.0
movable_object.barrier 0 0 0 -189.1737147219274 530.1229527687088 124.23471957297602 651.2056021893671 0.58 0.789 1.942 -9.249968836346806 0.707145064052416 -6.171966142854332 -2.0660207753523556 1.0
vehicle.car 0 0 0 39.069213810654844 466.39420594086766 252.60273600330302 530.8087357857637 4.173 1.421 1.771 -30.499127959968042 0.1655991710709602 -16.06961377170119 -1.5717766043599166 1.0
human.pedestrian.adult 0 0 0 1400.6882116326958 489.4433468283895 1447.2581827262882 576.6113534309901 0.6 1.658 0.576 -24.550771450613787 0.7949262857090857 11.775540837681035 2.0752154384513632 1.0
human.pedestrian.adult 0 0 0 1566.9855725996772 478.1264716728247 1632.4426846731146 593.5845341848277 0.713 1.794 0.599 -20.183591917445412 0.6935759765806341 12.476349684595943 2.1346312100897453 1.0
human.pedestrian.adult 0 0 0 1501.2223367688744 484.3057872039363 1557.7452400769448 584.175662642539 0.567 1.832 0.68 -23.624422411598996 0.7889703148337741 13.299873473403101 -2.216213645205996 1.0
human.pedestrian.adult 0 0 0 342.8916055190747 476.18413877033805 374.13230896859886 527.8470897577902 0.627 1.573 0.618 -39.16746362621193 0.3225355693961319 -14.155814214744499 -1.6258502056972493 1.0
human.pedestrian.adult 0 0 0 1390.094965753423 480.2151911052002 1443.4687565956233 578.5309974568294 0.72 1.806 0.619 -23.779431256951135 0.7000474135481031 11.268291091246402 2.077379875512266 1.0
human.pedestrian.adult 0 0 0 1410.5617253023481 490.2383785639587 1464.0398961704307 575.0771691440655 0.76 1.676 0.608 -25.55663176918106 0.8196135801699981 12.525779171161846 1.9893414821842477 1.0
human.pedestrian.construction_worker 0 0 0 1540.8739056232948 488.896638800893 1588.7758741194507 571.8251849654753 0.66 1.797 0.583 -27.860573315379646 0.8489196216231037 16.464513042297845 -1.5976786730378212 1.0
movable_object.debris 0 0 0 71.3114511585849 474.23339784127626 133.035578094967 533.0435108403252 0.617 1.2 1.216 -26.712256534057857 0.24947058144905795 -15.047205149796444 -1.572130876697872 1.0
human.pedestrian.adult 0 0 0 1365.3116428707845 477.6484820727492 1407.8291392863975 578.37480509129 0.77 1.955 0.618 -25.159995700698868 0.7131391490054164 11.32265489466865 2.239787656336784 1.0
movable_object.barrier 0 0 0 -58.28916081224512 538.9340339840505 148.83743169294522 746.3693288779236 0.587 0.999 2.137 -7.760856783852754 0.8379118126074352 -4.634303516466841 -1.5990232112111293 1.0
movable_object.barrier 0 0 0 1495.1017361451904 525.6729991953914 1585.542294207219 578.2407206289438 0.584 1.012 2.009 -27.028447428534708 1.270115791853494 15.418619025379392 3.0478261387515495 1.0
vehicle.car 0 0 0 879.0547808348929 473.30594143935093 949.6103878621946 541.2060380483508 4.604 1.961 1.902 -39.633890444037824 0.4657579186735834 3.1290450378580927 2.1617027031449023 1.0
movable_object.barrier 0 0 0 1597.043009365759 526.2882994693601 1732.7895525844035 587.5363737734028 0.603 1.005 1.996 -23.2239491325927 1.176095398519663 15.523780243567487 2.7722329110112245 1.0
human.pedestrian.adult 0 0 0 544.931043990903 474.1486050304934 572.0511388173476 534.1566363788935 0.623 1.686 0.61 -36.14700452109488 0.35769778498940674 -7.3543197162602345 -1.5718598870948437 1.0
human.pedestrian.adult 0 0 0 1437.0739884103862 484.17130013963543 1482.4440027292587 579.79929200858 0.664 1.786 0.495 -24.116440793345 0.7599614884770087 12.248028237630605 2.0908379619091253 1.0
human.pedestrian.adult 0 0 0 1464.2100301321952 479.3937770340677 1521.6532147452958 581.4505043069146 0.745 1.794 0.579 -22.76633790988265 0.6880641250428132 12.156207906562873 2.0581202588785796 1.0
movable_object.debris 0 0 0 111.95756978234029 474.55438997157404 167.21341653332522 530.6194720343079 0.608 1.213 1.169 -28.256680120367324 0.24153184114091328 -15.085398898675306 -1.572130876697872 1.0
