movable_object.trafficcone 0 0 0 947.665060219224 513.5173535365288 971.2252449242095 552.2837293855965 0.36 0.692 0.321 -23.33476643912175 0.7604167728195214 2.6367720411189928 3.0787234181644987 1.0
human.pedestrian.construction_worker 0 0 0 961.6421751583423 452.780231216645 1012.8332238334235 539.1827218802958 0.477 1.637 0.83 -24.46955923714414 0.08145379925044877 3.299795861263357 2.6557554837584103 1.0
movable_object.barrier 0 0 0 922.231570522015 491.0702924644253 958.1420161535261 543.0906887202372 0.594 1.059 2.235 -27.37146989156593 0.529685702299907 2.6623339291908437 3.141229039814852 1.0
movable_object.barrier 0 0 0 896.6337303425245 482.67936405827345 917.3658570008647 517.8129110074731 0.595 1.05 2.233 -39.66095213210456 0.26667542769051616 2.83540286034908 -3.118203430604929 1.0
human.pedestrian.construction_worker 0 0 0 1046.6832939373694 447.0784276372899 1101.9304614979408 550.4416570623384 0.591 1.74 0.649 -21.74568276396528 0.12155086561671602 4.429845499169551 -1.7124670051397626 1.0
movable_object.barrier 0 0 0 905.2627716512014 488.1229404872835 937.7137228654242 535.089158061902 0.607 1.031 2.228 -29.448434306289847 0.44922607191005837 2.4323446515113374 3.141229039814852 1.0
movable_object.barrier 0 0 0 902.2058699135641 483.5117653174546 926.6529790461746 521.8082157624764 0.586 1.026 2.213 -35.664673746678424 0.30438575949961855 2.753628799358659 -3.131744577510906 1.0
human.pedestrian.construction_worker 0 0 0 944.8534172716236 447.1611964120027 989.0996737679345 531.7309824338954 0.698 1.685 0.834 -25.97414456996545 -0.042445406049010315 3.094325758365515 2.1522824142828094 1.0
human.pedestrian.adult 0 0 0 1259.4440097021336 476.4199843395179 1322.5529078752277 576.0613606081711 0.735 1.706 0.666 -22.200317945850095 0.6029163000602713 8.319290340006818 2.7579742756042958 1.0
movable_object.barrier 0 0 0 899.6044338377955 484.46823799544893 924.4750866033919 522.7577657348256 0.603 1.084 2.235 -37.61636898549349 0.348423510051878 2.833668610162063 3.1403163973826143 1.0
movable_object.barrier 0 0 0 -353.4535451163983 538.5194875089791 78.3246624849235 752.5827010105432 0.637 1.012 2.172 -7.657545246586782 0.8361064592156268 -5.5980705652523 -1.5801738395726925 1.0
human.pedestrian.construction_worker 0 0 0 958.0066915909623 453.68835826946247 1006.0170788841885 544.5983719970914 0.505 1.652 0.68 -23.44875040531204 0.13813136728071365 3.0661594297378376 2.707547191391157 1.0
vehicle.car 0 0 0 648.0078437403096 455.64062138736256 746.1427357820783 495.6680523679945 4.201 1.634 1.84 -57.17391395985223 -0.705062996874448 -5.400636628026551 -1.584640539233206 1.0
human.pedestrian.adult 0 0 0 578.1038491384447 452.4821465113833 604.5080614033952 501.0789623239339 0.835 1.67 0.677 -44.48280800754475 -0.5124566045686163 -7.897655147171017 -2.074325086134376 1.0
human.pedestrian.construction_worker 0 0 0 1085.759238621339 451.1726739438856 1135.0320769719099 550.8978501036019 0.541 1.673 0.575 -21.70470395237954 0.16173920463126557 5.037547428085652 -2.294190435758055 1.0
human.pedestrian.adult 0 0 0 272.6189306215289 406.19763355543745 306.9712169876239 474.008717886566 0.569 1.734 0.591 -33.144684927274234 -1.3381088933959662 -13.77519649662917 2.105580591895854 1.0
movable_object.barrier 0 0 0 -244.48447769566567 500.6680507474381 79.63594353018662 660.8126110232482 0.481 1.033 2.216 -9.203818000398687 0.6211844131782498 -6.526239776628375 -2.013699296001098 1.0
