movable_object.barrier 0 0 0 1363.8591118924376 473.90398237901087 1449.4308185045543 512.5052701049816 0.622 1.039 2.122 -36.29452545237918 0.03570325678903927 16.907368239108354 2.475495288678353 1.0
movable_object.barrier 0 0 0 304.55642270130267 465.37672976451785 438.55132605991804 512.9468865419846 0.569 0.854 2.324 -23.575011840757593 -0.04238891933908269 -8.268074162084924 -2.3442992857341256 1.0
vehicle.car 0 0 0 1576.4324987249051 453.52250957980243 1816.721050746659 517.9674293197838 4.458 1.443 1.869 -30.607588849984843 -0.15885780717507963 21.184758105923787 3.133524667709038 1.0
movable_object.barrier 0 0 0 252.23105285859194 487.8652645721532 399.36273881299104 597.5457775027015 0.7 1.032 2.226 -13.725288204611086 0.5070762914500998 -5.252089866092526 -1.596668703640363 1.0
movable_object.barrier 0 0 0 130.67168961964106 496.38733608336366 318.3239534027319 629.7068823361519 0.7 1.025 2.157 -11.504329153757718 0.5938971323457697 -5.2967332980650115 -1.596753798628284 1.0
movable_object.barrier 0 0 0 342.90704170581336 486.15333537349784 471.6874031707386 577.4921164825827 0.705 1.017 2.105 -15.914821620272981 0.4678686209103994 -5.089313392758064 -1.5997073770734342 1.0
vehicle.construction 0 0 0 104.23941502786123 355.5636822446105 314.82421892158374 551.258541880255 2.051 2.341 2.158 -16.44183647819871 -0.47559481249855673 -7.772702684185179 -2.2877030599730244 1.0
movable_object.barrier 0 0 0 -9.384606964850544 454.9679684267321 133.02140353225482 517.5173188818106 0.601 1.041 2.01 -21.711076095614903 -0.08996464825190595 -12.901579971728207 -2.2898367136531377 1.0
human.pedestrian.adult 0 0 0 1151.321318323596 450.1384258226402 1175.6700571647298 503.2642956326475 0.745 1.794 0.579 -43.335834639223464 -0.5114256640794318 11.878150021610471 2.090559424064125 1.0
vehicle.car 0 0 0 1455.3758763597432 457.23890958909686 1658.5756673419169 515.8674101869443 4.33 1.457 1.791 -33.754541820241435 -0.15107100533144374 19.67012040379518 3.1273978951792403 1.0
human.pedestrian.adult 0 0 0 1322.0899206152928 450.45271584189254 1354.0377556533576 514.4871135252606 0.602 1.684 0.538 -33.74371974322879 -0.245730123313362 13.899439635113547 -2.154053500833955 1.0
human.pedestrian.adult 0 0 0 53.47367175890624 415.3740717031678 91.1402463020215 509.77978510178093 0.495 1.79 0.511 -24.37049809736753 -0.557272976694314 -14.316221814302533 2.5592697970624236 1.0
vehicle.construction 0 0 0 1470.0402772462696 382.06013366806195 1592.7509697016621 512.7034703997305 6.571 3.937 2.566 -41.70722869272694 -1.418530038433838 23.378219122492546 2.3278593682173367 1.0
movable_object.barrier 0 0 0 -53.46444928432693 507.10594589424113 211.60108330766212 677.4475339295255 0.702 1.018 2.147 -9.309455722604739 0.6695600233374439 -5.30672069739116 -1.596753798628284 1.0
human.pedestrian.adult 0 0 0 1125.0275200765252 450.4726525753689 1149.8550525785536 502.7845985946405 0.72 1.806 0.619 -44.288948993031454 -0.5248710869081674 11.228462212605372 2.071953871183018 1.0
human.pedestrian.adult 0 0 0 1195.894568077777 451.1853391513316 1220.8279209807702 506.0376846964186 0.713 1.794 0.599 -41.98875550682017 -0.43270693562031237 12.996187218144279 2.1359980397297775 1.0
human.pedestrian.adult 0 0 0 1447.1033435950173 437.59304587266706 1512.1538356668166 547.3733060884649 0.637 1.794 0.681 -21.121974888938414 0.008137117939247027 11.059838033301512 -2.3967182880760376 1.0
human.pedestrian.adult 0 0 0 1353.8623992965722 441.5962792916998 1392.5523744725597 516.280375787271 0.567 1.832 0.68 -31.524828804303127 -0.31697129717981065 13.858934125614132 -2.0901821864374197 1.0
movable_object.barrier 0 0 0 134.8022593325303 461.9520216424668 261.34792595464825 520.642299419471 0.584 1.001 1.972 -22.33979494787116 -0.005648739970046085 -10.873296107859964 -2.3552584624257964 1.0
human.pedestrian.construction_worker 0 0 0 1216.886040670501 455.4665617132712 1240.9764178324872 503.4907795333313 0.682 1.784 0.624 -47.61307494643688 -0.45733829545299776 15.511458006203029 2.0790485610265748 1.0
movable_object.barrier 0 0 0 1300.2963384497593 474.4762092017899 1371.2712380415674 510.3219652501171 0.603 1.005 1.996 -37.790167962056195 0.014536481734785667 15.481817310210644 2.778549739696053 1.0
vehicle.car 0 0 0 405.49971257197535 396.67794911330077 678.2756717183044 607.1626802597501 4.861 1.959 1.8 -14.387231679122047 0.03570942684572401 -2.863492554801784 -2.088910443664611 1.0
vehicle.car 0 0 0 612.7209155483755 442.36122485744573 747.3684214307522 493.19096606100544 3.871 1.494 1.809 -39.317198992618295 -0.7385324420711641 -4.190291814834744 2.5835833494830327 1.0
movable_object.barrier 0 0 0 -332.5757633056383 522.211232082296 50.90594318564422 752.6354071076291 0.698 1.031 1.976 -7.235159193607398 0.745110349451829 -5.316263129671955 -1.596753798628284 1.0
human.pedestrian.adult 0 0 0 20.716392689202525 413.2162498837728 62.67849868232767 506.73459984737383 0.522 1.773 0.534 -24.37750045630885 -0.6053330519320127 -14.904428577386302 -2.2203181691379665 1.0
