vehicle.car 0 0 0 1495.7490795681247 463.5872526020408 1704.7476409470635 522.1592513629353 4.458 1.443 1.869 -34.346335885810305 0.015669224695169126 21.18330132316353 3.127561121583745 1.0
movable_object.barrier 0 0 0 314.0125196383191 489.9929288798771 435.4729127093396 587.147382824577 0.7 1.025 2.157 -15.22457061882111 0.524918550816179 -5.256672735031213 -1.5932784438224639 1.0
human.pedestrian.adult 0 0 0 1094.557354440127 458.24247024689925 1117.4541940999695 505.98002700347496 0.72 1.806 0.619 -48.60889273549855 -0.36579818635529104 11.11784873901627 2.0484513576915777 1.0
movable_object.barrier 0 0 0 376.27704965757357 466.5114080136884 491.45257057001436 508.3602117449091 0.569 0.854 2.324 -27.292288230198178 -0.08489040966048007 -8.23409556086223 -2.3481275041355882 1.0
movable_object.barrier 0 0 0 220.5498464262779 496.6128267008131 374.89982278879813 611.9655507491651 0.702 1.018 2.147 -13.028921047348817 0.5976107902943062 -5.269969261381749 -1.5932784438224639 1.0
movable_object.barrier 0 0 0 1311.5822024668266 481.63463214456453 1388.2478549668986 517.0336251186301 0.622 1.039 2.122 -40.06961794880012 0.236154445534084 16.87366111836106 2.468669427147871 1.0
human.pedestrian.adult 0 0 0 1121.3975079860154 457.90478734792333 1143.1338662148323 506.22679873902723 0.745 1.794 0.579 -47.720386752729 -0.36092457649112963 11.903922760028133 2.0909557407722588 1.0
human.pedestrian.adult 0 0 0 1354.3887917215181 450.61574547274006 1408.9921206708002 543.6443820892894 0.637 1.794 0.681 -24.854188579155842 0.10358400462685732 11.09343965412946 -2.4007431209725443 1.0
human.pedestrian.adult 0 0 0 1309.5364227099515 451.79504919805504 1344.8540233452577 520.3121507026249 0.567 1.832 0.68 -34.42431671934005 -0.15284418313697465 13.883936198648783 -2.1076738835585145 1.0
vehicle.construction 0 0 0 1420.2317480331214 402.6070715328782 1524.2788183445148 521.7928259885157 6.571 3.937 2.566 -45.45748595481848 -1.04172006243745 23.399753677588233 2.3209485434173676 1.0
movable_object.barrier 0 0 0 100.87947203539902 503.75438491069906 293.91169181103874 644.5574685953974 0.698 1.031 1.976 -10.954251350898446 0.6607076588593032 -5.278596880290966 -1.5932784438224639 1.0
vehicle.car 0 0 0 504.4361358028848 414.29968518236194 705.7679686833314 575.9758773446893 4.861 1.959 1.8 -18.104435825597278 -0.007852766682540105 -2.831238317437006 -2.091568219227205 1.0
vehicle.construction 0 0 0 243.23002115617223 376.29893691163585 402.2355532621512 534.3861421110911 2.051 2.341 2.158 -20.15103561510191 -0.5553162465269426 -7.77382974702502 -2.2913047970815636 1.0
human.pedestrian.adult 0 0 0 1160.973812755812 459.4405839261734 1183.5543924536075 509.0681381191184 0.713 1.794 0.599 -46.47970892717508 -0.2716028868309534 13.06225007514042 2.1171676940378514 1.0
vehicle.car 0 0 0 705.9388888929215 450.6925850050062 812.9270741191004 494.98283103678295 3.871 1.494 1.809 -45.48488779443539 -0.6655863256379102 -1.9973932793285991 2.4730362594633455 1.0
movable_object.barrier 0 0 0 439.60788107508426 483.59289125490045 536.3730923733949 556.0056926900356 0.705 1.017 2.105 -19.641891279275868 0.4080191329847306 -5.053754749552074 -1.5957005698199858 1.0
movable_object.barrier 0 0 0 115.39417541813079 454.8786697030702 232.53128995382403 509.1525227670427 0.601 1.041 2.01 -25.40784360154526 -0.19020270031464415 -12.860367360376252 -2.2934472772268837 1.0
movable_object.barrier 0 0 0 382.9522697999546 484.33370885512363 485.6984022462645 568.3650110708608 0.7 1.032 2.226 -17.44516021305688 0.44327507505244546 -5.216845648311212 -1.5931204406167696 1.0
movable_object.barrier 0 0 0 -432.3265668400521 534.358541240688 9.558122928487483 790.0872217144846 0.686 1.028 2.053 -6.747191753650108 0.8071510745689703 -5.297932629459747 -1.593250763419232 1.0
vehicle.car 0 0 0 1393.8503711539518 467.82517201952857 1573.5184652207313 521.8658366696485 4.33 1.457 1.791 -37.49330768894958 0.08035337508731777 19.695675553376688 3.121423266302685 1.0
human.pedestrian.construction_worker 0 0 0 1290.52228624886 460.884164807129 1317.7952882099833 513.3900823874076 0.631 1.807 0.67 -44.28760987532049 -0.15677552578941564 17.062046747974428 -1.7794255293285115 1.0
movable_object.barrier 0 0 0 1258.0275172508743 481.7498608010348 1321.1873712036895 514.6516599594884 0.603 1.005 1.996 -41.52315357460544 0.21020612172451852 15.501489529598727 2.772036654230698 1.0
movable_object.barrier 0 0 0 237.33775915073906 461.77405187528075 342.8303701456855 512.4668159562617 0.584 1.001 1.972 -26.067760025671106 -0.08788978166254197 -10.815536956688502 -2.3591287837018324 1.0
movable_object.barrier 0 0 0 -95.53426708385287 514.9541908499872 189.88156645312426 696.010121094764 0.705 1.015 2.143 -8.875758733420101 0.7232753567152217 -5.270428510001135 -1.5933537747412538 1.0
human.pedestrian.adult 0 0 0 150.95744457511492 420.64818311273314 187.6431252784391 502.7252606570108 0.495 1.79 0.511 -28.040798722045523 -0.6597419392278022 -14.322376333177987 2.1878622849144653 1.0
human.pedestrian.adult 0 0 0 1281.0580008815 459.7143819447861 1309.8894460748 518.4137897660961 0.602 1.684 0.538 -36.868075411617 -0.07684356682260933 13.947255707816012 -2.15290917385816 1.0
