human.pedestrian.adult 0 0 0 1117.0071046548837 499.58584503309413 1146.649855024483 547.1952411704583 0.735 1.706 0.666 -46.520548209714825 1.1688864446926779 11.590540879535068 2.760602261448252 1.0
movable_object.trafficcone 0 0 0 458.68754195687336 521.4417707745256 490.87683611348217 563.6792781171823 0.4 0.761 0.405 -23.637743429061732 0.9487502962959589 -6.371953948486007 -1.574700454515245 1.0
movable_object.barrier 0 0 0 547.7382130670737 505.3728430899847 608.7933105044743 553.4085560051059 0.62 1.027 2.107 -28.82651699290737 0.8459222463165883 -5.393644541768228 -1.5674469972215759 1.0
movable_object.barrier 0 0 0 382.2670988834346 486.68230632734105 456.67056124836097 541.9098009164434 0.536 1.051 2.5 -25.84690075049748 0.45545140477843066 -8.062215801801479 -1.5631325420068158 1.0
movable_object.barrier 0 0 0 889.3863369943808 494.8910347291717 905.9571795038672 520.8490918001266 0.607 1.031 2.228 -52.60748894327984 0.6760589406863247 3.374238757694496 -3.1374637900414584 1.0
movable_object.barrier 0 0 0 897.3663364161487 496.27068362349627 914.6978692731138 524.028578682046 0.594 1.059 2.235 -50.52673848636154 0.7380919574910626 3.573686597642459 -3.1374637900414584 1.0
human.pedestrian.construction_worker 0 0 0 906.8854707980735 472.0316551288378 931.3199247337657 516.6072062874756 0.698 1.685 0.834 -49.12926070384429 0.11195807676373765 3.992209250286387 2.1511204237509727 1.0
movable_object.trafficcone 0 0 0 105.75623006157035 571.211360288723 167.11834687607384 672.9363223313161 0.284 0.778 0.323 -10.217130099227832 1.0466879491660512 -5.480756962833289 -1.563143357151871 1.0
vehicle.motorcycle 0 0 0 561.89622999319 490.5902696888471 624.5253078678844 554.6453358959791 2.051 1.329 0.59 -27.775409164106502 0.6723282868623509 -4.868592668641136 -2.0007839870527606 1.0
movable_object.barrier 0 0 0 464.0720532114704 504.38122292821936 539.6434233794643 560.7257210107481 0.678 1.03 1.972 -24.793150876435465 0.7847944233643396 -6.127728433266218 -1.5663522714304206 1.0
movable_object.barrier 0 0 0 580.8804663792872 502.4918310561668 641.1247092159344 546.5594220557448 0.637 1.012 2.172 -30.936585333857145 0.7961349392614578 -4.990736586302406 -1.5716423814104603 1.0
human.pedestrian.construction_worker 0 0 0 910.7859415169556 477.8323571935522 935.287529964715 523.600529163682 0.505 1.652 0.68 -46.60638071131976 0.3367387101193503 3.9282701371563284 2.649673293951258 1.0
movable_object.barrier 0 0 0 352.68596635459676 490.444209029282 474.6328106119987 550.5657413148407 0.504 1.062 2.164 -24.269201219739454 0.5566051470675402 -7.690659465471788 1.92114917072431 1.0
movable_object.barrier 0 0 0 542.069628696987 491.9802592640337 632.4149207605859 536.2163250545839 0.481 1.033 2.216 -32.4936636507174 0.57541635781058 -5.875312429837864 -2.004410414664796 1.0
movable_object.barrier 0 0 0 485.23147581260656 497.17249542628576 574.1903723318609 543.7250243724029 0.578 1.089 2.176 -31.181293088485027 0.7242097052326937 -7.032987275012016 -1.6717146236866576 1.0
human.pedestrian.adult 0 0 0 521.2460933083901 444.22443718333477 539.6273901547704 483.9444655367484 0.569 1.734 0.591 -56.554644626218895 -1.2205768101188563 -12.762411168588544 2.104046766553312 1.0
movable_object.barrier 0 0 0 507.52688281840256 502.86768722351684 579.1243874569165 555.0145569352802 0.648 1.033 2.232 -26.872206049620395 0.7772592248963011 -5.761981515799024 -1.5674469972215759 1.0
