vehicle.car 0 0 0 863.8918514189162 473.70128555973747 922.5303601768384 522.934359733986 4.604 1.961 1.902 -53.64135191300411 0.26516224357466733 3.2071280344988633 2.0518659097908394 1.0
human.pedestrian.adult 0 0 0 1214.3818143351448 479.812271306967 1246.4354563612576 546.7991798925473 0.72 1.806 0.619 -34.72511756048624 0.5901050175384508 11.35105430591556 2.0994107057704925 1.0
human.pedestrian.adult 0 0 0 1312.4295012800283 480.39785739334644 1346.031232573955 552.704799969842 0.713 1.794 0.599 -32.00068188279768 0.6242637708753263 12.956606366020885 2.1694497990170927 1.0
human.pedestrian.adult 0 0 0 1419.8564693060164 482.4939618573954 1460.6109581199464 560.4712229441135 0.602 1.684 0.538 -27.79005169156168 0.6497398328157227 13.687681165832213 -2.154338095212082 1.0
human.pedestrian.adult 0 0 0 1241.1282777927408 479.58401322162626 1268.1891339373333 549.0344424199736 0.77 1.955 0.618 -36.28230989909602 0.6448407028313872 12.554934709165979 2.2216702095861915 1.0
human.pedestrian.construction_worker 0 0 0 1294.0054658421172 487.68209866834854 1323.916213174742 545.1834571622817 0.682 1.784 0.624 -39.90045592615321 0.7779403953642983 15.519162230584982 2.064156984663806 1.0
movable_object.barrier 0 0 0 1422.3269471762262 511.1631033537472 1517.679284116441 557.201146145596 0.603 1.005 1.996 -30.111586882007053 0.99839582939052 15.51647184701371 2.772233441366134 1.0
human.pedestrian.construction_worker 0 0 0 1454.5610743693724 481.8442745295368 1490.3921150071735 552.852352294546 0.631 1.807 0.67 -32.825158242780596 0.6618308277872504 17.00909318870943 -1.7623008055816296 1.0
human.pedestrian.adult 0 0 0 1473.0091523214442 475.18175175321426 1523.3797935828657 565.8614100581638 0.567 1.832 0.68 -26.027043482616797 0.5892076239661874 14.009503953845693 -2.144991261800442 1.0
vehicle.car 0 0 0 -353.51383048683095 325.4210153554744 554.7275041791647 924.8843264193561 4.861 1.959 1.8 -6.657975173138279 0.4287109577400444 -2.9104527731345238 -2.0778346331459785 1.0
human.pedestrian.adult 0 0 0 585.7566885313881 469.60770677818533 607.8661810123732 519.9376959730638 0.623 1.686 0.61 -43.01961791907286 0.1089602626492022 -7.452127938753747 -1.5752634464604744 1.0
movable_object.barrier 0 0 0 1508.297879820064 511.26839921979405 1620.6116536785814 561.4786652970107 0.622 1.039 2.122 -28.5907518039489 0.9958258512849044 16.875330581599787 2.4656773148075537 1.0
movable_object.barrier 0 0 0 1363.1390462203572 511.15781879405023 1427.0678287707108 552.0888460936391 0.584 1.012 2.009 -33.92075799611581 1.0589526725063316 15.479630400362225 3.0473412476188315 1.0
human.pedestrian.adult 0 0 0 1246.7794300962235 480.26516459874216 1280.9143830463227 548.8649636765812 0.745 1.794 0.579 -33.67420107492727 0.6049435184397309 11.896360054346232 2.0546293027788085 1.0
human.pedestrian.adult 0 0 0 1230.91288032489 486.6339482090615 1259.896201358937 547.2526722513678 0.6 1.658 0.576 -35.16600778975723 0.6991112646073017 11.912796634597807 2.097657281891421 1.0
