movable_object.barrier 0 0 0 224.55167468900368 527.2462462823744 383.0316103757624 645.2349306108156 0.74 1.031 2.006 -12.99111435748079 0.9246805215816017 -5.195484236099408 -1.5798199238016881 1.0
movable_object.barrier 0 0 0 613.2141114931904 493.57884902228176 659.7072628466233 533.3064093080397 0.705 1.017 2.105 -34.43911601007108 0.5795139203692097 -4.871417687545421 -1.5828072057363691 1.0
human.pedestrian.adult 0 0 0 387.58176551799943 456.5513187728489 407.8925733598196 510.0364237985084 0.495 1.79 0.511 -42.809584837668595 -0.2780185399309182 -14.145876361007279 2.07406737474769 1.0
movable_object.barrier 0 0 0 78.79237240502064 538.7437244008293 263.3536841499747 682.904004018381 0.752 0.997 2.156 -10.78080207935915 0.9550998907925226 -5.410961137787776 -1.5866261825486276 1.0
human.pedestrian.adult 0 0 0 1075.2528314772158 476.58233905101054 1090.0130752937582 512.5533907722258 0.713 1.794 0.599 -63.838912244650146 0.15044319436993336 13.425036905553455 2.124347437623898 1.0
movable_object.barrier 0 0 0 510.7673007747501 506.54761146204777 573.1667841069443 566.5179797434179 0.705 1.015 2.143 -23.662197113152672 0.816086638452187 -5.09876200416971 -1.5798420919569587 1.0
vehicle.car 0 0 0 1236.9129306950426 481.9447790669339 1358.977554125044 519.5280858455138 4.33 1.457 1.791 -52.27062857697511 0.36790386416629384 19.838032605013886 3.127438917345019 1.0
human.pedestrian.adult 0 0 0 1172.4446807159968 476.501590150064 1192.036792167296 520.3153710951718 0.602 1.684 0.538 -49.1919488208975 0.2638912392608592 14.21337249676041 -2.1343329267805062 1.0
movable_object.barrier 0 0 0 387.3257584380722 517.6306070899176 486.3976349675241 603.7373249656032 0.703 1.036 2.089 -17.337473082422267 0.9116027635127208 -5.153558034644236 -1.5797173974330292 1.0
movable_object.barrier 0 0 0 317.57470135166733 522.1711038485205 441.9651330275639 619.8638486877013 0.75 1.01 2.089 -15.173736647843798 0.912489370435657 -5.178952041915727 -1.5797323253683029 1.0
movable_object.barrier 0 0 0 -92.74637041309421 546.1847003590781 184.19689300844013 733.8110155469141 0.749 1.013 2.136 -8.693596903635981 0.9423462546021569 -5.17009416371609 -1.5823937605874994 1.0
movable_object.barrier 0 0 0 596.0115581642766 495.2909353144916 638.9779695587544 538.7737405130862 0.7 1.032 2.226 -32.23436890980888 0.630588848944235 -5.0406736344323235 -1.579703582617376 1.0
movable_object.barrier 0 0 0 455.9247172035402 482.9782792241821 521.3899163554729 514.8357587060055 0.584 1.001 1.972 -40.892217994204394 0.24035678376746641 -10.575739051131832 -2.3479134354651343 1.0
movable_object.barrier 0 0 0 478.0919737994346 510.9542554380359 548.0193333596796 578.1266560685285 0.686 1.028 2.053 -21.53274143629089 0.8746299587378252 -5.127243575946727 -1.5797694372874638 1.0
movable_object.barrier 0 0 0 438.2848027956044 514.110907238768 520.5636992930221 588.9174311882829 0.693 1.02 2.101 -19.437933808866234 0.8901555926941231 -5.136129450924038 -1.5797694372874638 1.0
vehicle.construction 0 0 0 494.81144599738053 434.9388741714193 581.0662967381464 523.469492104228 2.051 2.341 2.158 -34.92638922770047 -0.33191591503695217 -7.699521728508664 -2.279663258664854 1.0
vehicle.car 0 0 0 1299.074573657638 480.52629877776235 1435.663178903174 520.2348587030629 4.458 1.443 1.869 -49.12426808201276 0.3295190878735019 21.326013869912213 3.1336188060040353 1.0
movable_object.barrier 0 0 0 537.1841400145787 485.0972459959453 610.7736361979383 511.7519016480369 0.569 0.854 2.324 -42.05671442816366 0.23146752766204784 -8.041607437260542 -2.3368429120836556 1.0
movable_object.barrier 0 0 0 558.1597436375077 500.3750207209715 608.433899112747 550.6868313059621 0.702 1.018 2.147 -27.81649197005708 0.7261146538243821 -5.095883831044884 -1.5797881178531865 1.0
movable_object.barrier 0 0 0 1180.9652662665146 492.11973380798196 1234.8150725838698 517.3760556940482 0.622 1.039 2.122 -54.84541554798728 0.5651821862106767 16.95260883759982 2.469648066238861 1.0
vehicle.car 0 0 0 660.0553507194356 457.98789480503075 755.8177069230654 540.6782019154459 4.861 1.959 1.8 -32.86290647691571 0.16713924429887425 -2.7214466100362076 -2.078690190658108 1.0
movable_object.barrier 0 0 0 578.3757400930157 497.91857434247595 623.6957345273635 544.550384434755 0.7 1.025 2.157 -30.012927833905366 0.6847625854846788 -5.081548474584479 -1.5797881178531865 1.0
movable_object.barrier 0 0 0 1140.0013863761556 492.36717954929514 1183.1541193344497 516.2054664909881 0.603 1.005 1.996 -56.06776863426342 0.5588235370176676 15.275419969269471 2.775528303806807 1.0
movable_object.barrier 0 0 0 536.99693293959 502.9231408194703 591.0879447050603 558.0024253513234 0.698 1.031 1.976 -25.74124875087571 0.7704563384576905 -5.105701990030042 -1.5797881178531865 1.0
