vehicle.motorcycle 0 0 0 426.6370400878319 442.182705142004 501.8984430842649 487.21543656875616 2.201 1.376 0.516 -39.60134844254393 -0.8344379146224079 -11.000638659365936 3.126449876700586 1.0
vehicle.car 0 0 0 162.60717434560337 432.39869483896683 308.643665797371 477.83028805072075 4.334 1.525 1.859 -44.99538001526363 -1.2780789153165355 -20.582366324824076 -1.5754011142950342 1.0
vehicle.construction 0 0 0 -93.050106890941 455.72033653634884 235.81661776841963 731.0053114896992 2.552 1.633 1.59 -8.996710327652334 0.595535687316754 -5.3517988356249315 -1.747807721828738 1.0
human.pedestrian.adult 0 0 0 715.662783822875 448.34135073359676 742.2326501065705 499.97890076373585 1.346 1.849 0.887 -46.276211443272096 -0.6273257420870436 -3.1972565420082115 -2.025597984172566 1.0
vehicle.car 0 0 0 114.27267159449418 434.9421675255544 278.6335815691943 477.86521837368707 4.796 1.366 1.668 -42.785874965707244 -1.1750427834830188 -20.898949633798757 -1.5762582889967724 1.0
vehicle.car 0 0 0 507.8153704901578 427.8941307771266 648.851670332129 487.71902818358006 4.573 2.0 1.939 -44.398743873992416 -1.1592569570879119 -8.28637215366511 -3.1255794303931674 1.0
vehicle.car 0 0 0 204.57146229157695 433.72487332373225 357.32736739078956 480.1649099050614 5.043 1.654 1.664 -47.53891280541899 -1.2841925522030897 -20.05180288012722 -1.5753954524907465 1.0
human.pedestrian.adult 0 0 0 690.301460704532 447.6904011634437 710.6807125928044 500.33190888260526 0.636 1.89 0.553 -45.901858579736974 -0.6316816346289295 -4.194337762252269 -1.5759117193513728 1.0
vehicle.car 0 0 0 262.48328607921536 430.95039400870655 391.2700950489711 474.5151040430967 4.628 1.703 1.735 -52.136593292945506 -1.5836506841661067 -20.110530742504473 -1.5756617185339126 1.0
vehicle.car 0 0 0 1386.3954701184437 463.2528272666552 1564.0266497389664 551.4070819092228 4.144 1.73 1.895 -27.24929173246578 0.3051081469776311 14.028189036003651 -2.134745560216256 1.0
vehicle.car 0 0 0 -74.95993646337209 450.5617047656889 66.68871353605368 492.92699031769496 4.072 1.458 1.668 -45.68560862220462 -0.7047014236772344 -29.55500611043022 -1.5754714867137016 1.0
