human.pedestrian.construction_worker 0 0 0 782.9489627095998 470.21194273583546 804.151128990807 503.29656412904274 1.14 1.907 0.617 -74.64141827776699 -0.2801043960772283 -1.3367117848102852 -1.5755563620445887 1.0
movable_object.trafficcone 0 0 0 345.83922157358745 537.9450664127723 397.4888117456046 619.3283341599796 0.369 0.795 0.413 -12.934577301707126 0.8850652884229069 -4.536657934603323 -2.2026936898755523 1.0
vehicle.truck 0 0 0 569.8272724637492 461.5519468252648 687.8031302379846 553.6986758996024 5.078 2.051 1.832 -31.524269879737584 0.36089819633591225 -4.550930772188888 -2.0797905220625994 1.0
movable_object.trafficcone 0 0 0 561.4709002318624 527.1088595238502 605.5361264165041 583.882515400486 0.411 0.727 0.499 -17.05571110570533 0.8572641424730503 -3.1311956384790824 -2.1209598724832013 1.0
vehicle.truck 0 0 0 496.4079176702059 454.2704408622207 649.9483483807774 572.3697457728731 4.721 2.0 1.938 -24.455176185285023 0.3708380082340174 -4.552171413082788 -2.107142106488179 1.0
vehicle.truck 0 0 0 405.19025441471433 443.73583824929045 599.9868860254563 604.2351554942571 4.677 2.056 1.853 -18.994421791406182 0.4167132735328266 -4.52279608725213 -2.135990072425346 1.0
movable_object.barrier 0 0 0 1476.5154541707377 524.2713527284153 1553.7045080125047 582.8236827192738 0.456 1.102 1.961 -26.40799729650946 1.2712020420151549 14.542834643848156 -1.5758491996075552 1.0
movable_object.barrier 0 0 0 1015.5074403710861 494.8070954274478 1031.2748944169489 512.8547020127822 0.396 0.999 2.0 -73.24040549102855 0.7057521383505208 11.972445741679527 -1.578413269010733 1.0
movable_object.barrier 0 0 0 1529.5960682299442 528.8087140820223 1616.951341909823 592.7858176248453 0.462 1.105 1.926 -24.410923564899527 1.3114698211227818 14.558614899839265 -1.5758491996075552 1.0
movable_object.barrier 0 0 0 1106.6030438429095 495.87823851981636 1135.8543240731228 523.7151650536438 0.447 1.154 2.147 -55.30257162333363 0.78737210866898 13.3052838096477 -1.582539873352193 1.0
movable_object.barrier 0 0 0 1277.1432937523641 508.03706347930387 1322.6795660949424 547.8400571065193 0.446 1.099 2.098 -37.663642380318876 1.067179576284187 14.364996006889225 -1.5763579449884872 1.0
movable_object.barrier 0 0 0 1385.3072826814516 511.992040320536 1448.545704523917 561.9875911532544 0.453 1.111 2.115 -30.668276148833503 1.080706013428793 14.519567423692235 -1.5758491996075552 1.0
movable_object.barrier 0 0 0 1204.733322334029 504.21130621743697 1238.4967806597886 538.9939820222455 0.46 1.148 1.995 -44.39072423734125 1.0413396891829805 14.195099011168425 -1.5760012900207956 1.0
movable_object.barrier 0 0 0 1590.4869039503228 530.4397056497127 1691.0660443825805 600.0814732652544 0.456 1.099 1.929 -22.43896127359553 1.2804793671401293 14.57083428759217 -1.5758491996075552 1.0
movable_object.trafficcone 0 0 0 534.7702689874941 532.9482987923147 564.8487922069145 597.3474388989323 0.312 0.737 0.309 -15.02361906778777 0.8703010535448243 -3.1589262782424687 -2.2026936898755523 1.0
movable_object.barrier 0 0 0 1183.4868880031233 500.4022902422456 1217.6410665598055 533.6706555953339 0.446 1.155 2.059 -46.55211997373771 0.9252151614609304 14.112700195957009 -1.5781802547789612 1.0
vehicle.truck 0 0 0 611.653024362686 439.0064573804383 708.2167168351774 537.8201986082101 6.225 2.776 2.277 -39.590078530792525 -0.10351350043534756 -4.767948238005898 -2.1261404117345766 1.0
movable_object.trafficcone 0 0 0 613.9246111098884 514.8724597966096 641.4095438389522 559.9345395911222 0.317 0.747 0.358 -21.670383092822252 0.782022404990255 -3.2259328131180647 -2.0090578113580744 1.0
movable_object.barrier 0 0 0 1348.434284142754 512.767407681196 1402.103040415019 558.5846063094895 0.441 1.095 1.987 -32.81160036367322 1.126530090079877 14.462170001446443 -1.5758491996075552 1.0
movable_object.barrier 0 0 0 1162.127876616216 498.415817803991 1193.2318332283608 529.9618073791501 0.46 1.152 2.095 -48.79242475147525 0.8610372997917344 13.911760640573098 -1.5769719943050857 1.0
movable_object.trafficcone 0 0 0 599.4001874892516 523.1031308706877 624.8297032032651 571.1975756585406 0.349 0.725 0.336 -19.791156497136463 0.8664752128435167 -3.1885948255856364 -2.147934365532784 1.0
movable_object.barrier 0 0 0 1307.8899343099913 510.68211704977 1357.5274972261595 553.1568767708626 0.451 1.097 2.115 -35.42883622492945 1.1129512940777246 14.427112008724231 -1.5758491996075552 1.0
