movable_object.barrier 0 0 0 581.1640675383633 462.4189713162167 631.3266683170625 488.19518393905923 2.326 1.221 0.638 -62.03926511567716 -0.7905355665096887 -10.283082469781188 -1.6591169640630383 1.0
vehicle.truck 0 0 0 1054.609087187186 449.11217638928804 1136.6546454252953 524.4001966399346 4.535 2.059 1.787 -37.526435137367415 -0.1777210169907749 8.201580193691054 -2.06463474236109 1.0
human.pedestrian.adult 0 0 0 875.4059533333203 461.4163054789626 902.7912659333788 510.2304799864183 0.958 1.757 0.777 -46.47438177516345 -0.21477836244016324 2.67166304057758 -1.5923004365964832 1.0
vehicle.truck 0 0 0 218.57451555040836 411.5991460349672 355.86410497917643 474.2248445520705 6.452 3.236 2.508 -69.12368672901279 -2.6346520400326012 -28.825177142082456 -1.5929671341265914 1.0
human.pedestrian.adult 0 0 0 797.1361349497982 458.15256172758257 817.0551565296346 500.0316935249219 0.913 1.76 0.7 -54.11315279926387 -0.53490780955569 -0.38882211352025725 -2.0467902419107027 1.0
movable_object.barrier 0 0 0 673.2578693698746 469.7027040888964 717.4862928744919 494.4772780899938 2.068 1.169 0.616 -62.35127828638733 -0.4674766621525984 -5.948757409795593 -1.5933547804820272 1.0
vehicle.bicycle 0 0 0 1333.9916946476983 468.4232899026033 1391.1497984187065 516.3827701863489 1.77 1.709 0.689 -46.34953060257424 0.028699423039103833 19.988444662827163 -3.0423373115263566 1.0
movable_object.barrier 0 0 0 1255.3182303132796 490.6810969161709 1318.3097817756386 538.181689471801 1.967 0.962 0.704 -28.048933672312124 0.4892489096188851 10.396775195706763 -2.0965983104106707 1.0
vehicle.car 0 0 0 1521.5737411496366 475.44333266280717 1676.0680468513424 523.0597403748872 4.819 1.736 1.939 -50.296678733232696 0.2861591607917981 31.007958768180217 3.0999064465759822 1.0
movable_object.barrier 0 0 0 1519.7944918405274 509.43325498077326 1666.047389914779 612.633257469619 1.88 1.112 0.723 -15.567175694556036 0.81582407567821 9.49049519171576 -2.075401285489833 1.0
human.pedestrian.adult 0 0 0 810.0747637850599 449.66877815553255 830.9227435767748 499.9653289193339 0.858 2.0 0.728 -51.15588277540651 -0.6770568439614847 0.17399993474298298 -2.0656411372892647 1.0
human.pedestrian.construction_worker 0 0 0 709.9130369856836 452.35760265674503 730.4111789378811 493.39749087200994 0.687 1.766 0.626 -55.09160801869894 -0.8124946223177545 -4.182089299593672 2.4313506930049646 1.0
movable_object.barrier 0 0 0 1394.8531277291547 503.04578504998415 1516.405812164182 594.3505988229864 2.06 1.1 0.759 -17.344510216654587 0.7454452896517123 8.7050565734687 -2.0646540896768215 1.0
vehicle.truck 0 0 0 388.6206122117366 406.6294687495732 590.886725325395 478.72398568673265 10.107 3.608 2.853 -68.16187705412317 -2.609945123209537 -17.489684575918925 -1.5925023641990865 1.0
human.pedestrian.adult 0 0 0 495.7851470125523 452.3166053721441 520.6291677337217 502.12878935503716 0.761 1.73 0.69 -44.6984351734137 -0.5076097454130991 -10.869349382756193 -2.0732476784414455 1.0
human.pedestrian.adult 0 0 0 -461.89993402324427 353.3562888590483 19.203898307061426 1220.273112776187 0.618 1.752 0.634 -2.910868256384559 0.5972079120079384 -2.3178689203646305 -3.0071143440870722 1.0
vehicle.construction 0 0 0 520.3737661238993 418.1150237162014 628.065294599367 487.30345661170526 3.992 2.916 3.016 -56.28545408491801 -1.7113507622543929 -10.702189851722615 -1.5929671341265914 1.0
movable_object.barrier 0 0 0 1230.868800659072 490.8485214903187 1287.23131511324 533.357928583096 1.99 0.921 0.726 -30.041070616290295 0.4716946455112943 10.48058596022544 -2.0833719589543467 1.0
vehicle.car 0 0 0 945.8819107390788 465.9372278822481 1004.6414628340449 513.7821860948312 4.115 1.526 1.847 -43.48770338368105 -0.09476228013167712 5.409833474615414 -2.06463474236109 1.0
human.pedestrian.adult 0 0 0 789.4749497061586 454.2432446099115 813.1440419530364 500.4494401150519 0.951 1.835 0.767 -51.20164618684174 -0.5764592208895785 -0.601116074900716 -2.0274353123517237 1.0
movable_object.trafficcone 0 0 0 1335.1995111147494 514.4014893403171 1376.1348765672346 563.8472757515318 0.474 0.784 0.485 -21.05917959060321 0.7869329677352384 8.965335682916177 3.1049725252651257 1.0
movable_object.barrier 0 0 0 1455.987693188273 505.4114514221804 1596.3865219986096 609.1922908472877 1.908 1.106 0.721 -15.362292268909199 0.758500600506095 8.556791383707349 -2.0743591543580573 1.0
vehicle.car 0 0 0 717.305949627031 452.67107567649083 803.0749948299366 538.5454247316759 4.727 1.957 1.907 -31.699590767375007 0.04454681127493976 -1.4812370461625524 -2.168959877527123 1.0
vehicle.car 0 0 0 444.1612297390659 447.44485064501447 545.3645505890339 478.76878800628975 4.663 1.482 1.745 -64.52160757031695 -1.4466217752794652 -16.353665705727668 -1.5929671341265914 1.0
vehicle.car 0 0 0 1121.8970681733574 462.6036514605366 1265.2226062976324 563.6080814941355 4.01 1.631 1.708 -22.93311630258151 0.3160657186812814 6.713759960612111 -2.064141470825744 1.0
movable_object.barrier 0 0 0 1116.5757815966867 477.45305848962437 1144.5797338423438 497.2034400616501 2.285 1.092 0.561 -73.78133892057106 -0.2515005478586307 18.300051823173682 -1.965965923001109 1.0
human.pedestrian.adult 0 0 0 832.8200784173646 456.52019757505445 854.687904844097 505.8794402326449 0.837 1.916 0.759 -49.97564739751938 -0.41168754163904764 1.0877830524295782 -2.060808950598516 1.0
movable_object.barrier 0 0 0 1530.867505024776 511.8126318090135 1708.9142430082295 636.0268500719376 1.964 1.131 0.694 -13.38782938239133 0.8227272485225422 8.424253662858865 -2.0841262002683134 1.0
movable_object.barrier 0 0 0 1343.575639449101 496.03784997918365 1450.1526844409761 579.0522086907771 1.977 1.144 0.764 -19.40042200325976 0.6727667038168376 8.851509804429966 -2.093954187543945 1.0
human.pedestrian.adult 0 0 0 1393.625611355125 470.56744920468793 1422.63850830445 517.2701153272109 0.716 1.73 0.687 -47.706731009433945 0.08494676844511823 22.29183982904477 -2.149825308549632 1.0
