human.pedestrian.adult 0 0 0 915.9857569313513 448.1483123745362 943.5947645130146 515.8933012167013 0.902 1.807 0.694 -34.456387795955486 -0.2617775161675519 3.0833984782278265 -2.076163340687727 1.0
human.pedestrian.adult 0 0 0 1028.1041264265016 454.4975149960081 1092.5583763228544 563.0377312890904 0.958 1.757 0.777 -21.10434503528056 0.2752195332869133 4.055745271292147 -1.5890760325816844 1.0
movable_object.barrier 0 0 0 654.1174021434485 471.3207989157163 728.0914606946553 512.6079763003788 2.068 1.169 0.616 -37.393211200865274 0.00690407696178974 -3.6914071639946253 -1.5911630586965178 1.0
vehicle.car 0 0 0 594.350446821681 435.1182878435526 768.6889597731094 510.1862737872223 4.956 2.17 2.135 -39.117467621475356 -0.5907302866285721 -4.113324174128453 -1.5904717020444235 1.0
movable_object.barrier 0 0 0 1350.789914060353 488.79433981415957 1402.626378180834 519.7262862203194 2.285 1.092 0.561 -47.69567327531571 0.4673595594662241 21.085205557544633 -1.990566508793445 1.0
movable_object.barrier 0 0 0 1397.569644922032 489.64012784003006 1466.5900137316899 521.8860872994136 2.143 1.109 0.699 -46.14953801672999 0.5118223809223617 22.423911581907987 -1.6014558639821335 1.0
human.pedestrian.adult 0 0 0 895.5308905926918 448.7989229314329 925.7750890669903 517.074360695351 0.913 1.76 0.7 -33.332267140396105 -0.22972235713693637 2.488877478999196 -2.0335351444456036 1.0
vehicle.truck 0 0 0 224.01679766514152 383.77094101686134 540.6235288889277 495.646138923266 10.107 3.608 2.853 -43.91759759006852 -1.7832788166220799 -14.948777569728762 -1.5895460995989819 1.0
vehicle.truck 0 0 0 -23.26179205652955 388.9943151117456 191.0816621634228 484.2406445495719 6.452 3.236 2.508 -45.4516850138948 -1.9487311882978928 -26.217851280054905 -1.5904717020444235 1.0
movable_object.barrier 0 0 0 585.5497855694324 479.20400591988226 678.1843233252008 526.1514186985735 2.025 1.046 0.693 -29.764801886650865 0.25349103570162845 -4.327426980185589 3.04624257957963 1.0
movable_object.barrier 0 0 0 770.5482012728727 472.409123025122 817.047169134401 512.854640006606 1.827 1.066 0.619 -34.84141133680913 0.019614857949205755 -0.6315179683127531 -1.8829033567505533 1.0
human.pedestrian.adult 0 0 0 935.1592311602988 446.071957065573 970.9499934843409 531.9704453882936 0.837 1.916 0.759 -28.86867520805155 -0.06280637521284788 3.1231164848075683 -2.04270191358465 1.0
vehicle.truck 0 0 0 1501.0132860825508 447.4367179949967 1636.7883010599644 546.3902459458643 4.535 2.059 1.787 -28.652707508732533 0.09084045007527583 17.087041957464884 -1.7616209585744524 1.0
human.pedestrian.adult 0 0 0 871.4895460334342 448.2761872465505 899.018172435171 514.1610938647727 0.78 1.812 0.72 -35.46108615751928 -0.29108901524824704 1.9354764258685389 -2.137640013973023 1.0
vehicle.bus.rigid 0 0 0 1190.4025435969224 440.54534043216364 1302.5473769404045 509.8391812213015 11.084 3.32 3.523 -67.29865476853163 -0.8786855052982594 22.606847190865338 -2.1725220201868405 1.0
vehicle.car 0 0 0 455.16994102147135 438.27818174299375 659.8230701960043 582.0469669084284 4.727 1.957 1.907 -19.767657905868433 0.20933007083895772 -4.175367660553885 2.403504207276181 1.0
vehicle.car 0 0 0 291.63857328248184 443.85807948076626 457.18474059052846 494.1012433445908 4.663 1.482 1.745 -40.21632027003156 -0.7180351523260842 -13.996202566981946 -1.5904717020444235 1.0
human.pedestrian.adult 0 0 0 851.6219606255158 445.83472672559225 880.2032553371367 514.0708774763742 0.936 1.856 0.749 -35.15367489280455 -0.3237608814505438 1.3770134785878883 -2.1152971099480746 1.0
human.pedestrian.adult 0 0 0 930.5799338851929 441.558866837635 961.9858298567852 518.0964633133044 1.002 1.914 0.685 -32.36457441439792 -0.30160181330698865 3.316187657729628 -2.100849800446632 1.0
human.pedestrian.adult 0 0 0 900.6140326951589 464.3083066882207 947.0122922540215 560.7969783843308 0.709 1.609 0.648 -21.59318124002087 0.34863123266294305 1.827521788934538 -1.5871629087769445 1.0
movable_object.barrier 0 0 0 1458.2166862937963 484.984990631327 1530.819235106524 523.1162802728231 2.404 1.341 0.721 -46.134917199634465 0.45559165734847223 24.705102792094845 -1.5998213855607322 1.0
human.pedestrian.adult 0 0 0 902.1364765851157 439.66197906945814 939.4316320299662 526.1077342846046 0.858 2.0 0.728 -29.915765599613056 -0.20820125198429484 2.4736766941352064 -1.9910270954722238 1.0
movable_object.barrier 0 0 0 269.3277790671036 471.33664217560386 358.90461910441684 517.7181544986203 1.991 1.079 0.59 -30.829061976570546 0.0662472380036287 -12.219449105169012 3.047257332092901 1.0
movable_object.barrier 0 0 0 345.87169397727007 471.45777751558205 435.7399408726773 517.277476265079 1.974 1.054 0.626 -30.52016461272496 0.06146451429627328 -10.248077870681927 3.047257332092901 1.0
human.pedestrian.construction_worker 0 0 0 695.2836938256443 442.6713924452478 739.2494243264126 532.8026272449797 0.837 1.746 0.775 -25.13494936341134 -0.07993784228806183 -1.957909772741293 -2.110798364927886 1.0
human.pedestrian.adult 0 0 0 874.101351333183 444.60273012129903 913.6175805411418 523.7327879540808 0.951 1.835 0.767 -30.06226993370612 -0.17943788672267647 1.8476390363934836 -1.9956385144699995 1.0
movable_object.barrier 0 0 0 1328.814241353596 487.02405689969487 1360.7764940547443 516.7250422609566 2.219 1.169 0.667 -52.470865922770784 0.4162266398802955 21.88368574153527 -2.177999519619653 1.0
vehicle.car 0 0 0 1469.679134389621 449.2537088252107 1798.964682728368 613.2238376278648 4.01 1.631 1.708 -14.888357199265752 0.37036339157098214 9.341499982660045 -2.031680569188742 1.0
vehicle.truck 0 0 0 1245.4017026885608 451.78089569187694 1329.58078854148 514.2935596050085 6.013 2.598 2.287 -56.45575277649273 -0.40208963151291277 20.901555789336165 -2.182057383226029 1.0
vehicle.construction 0 0 0 360.50725455103117 390.00514356036746 563.5447734301521 514.8130090466092 3.992 2.916 3.016 -31.706494831849508 -0.9656131821174877 -8.772421739762043 -1.5904717020444235 1.0
human.pedestrian.adult 0 0 0 193.47139552448579 436.08354163707423 260.3202504300639 547.3857930620297 0.761 1.73 0.69 -20.196652410274105 -0.002128081377682431 -9.389650944481861 -2.1005707862249503 1.0
movable_object.barrier 0 0 0 422.02396066987154 472.7870586793407 513.1481567850996 520.1317338668099 1.981 1.078 0.675 -30.22925406030802 0.10971006575423764 -8.316687589755563 3.047257332092901 1.0
movable_object.barrier 0 0 0 674.4656610533425 476.3658462780239 765.9577483523487 528.3600567064365 2.056 1.181 0.613 -29.742831585585705 0.2537107947737448 -2.258830050482514 -2.972532189551906 1.0
human.pedestrian.construction_worker 0 0 0 729.3486483654058 443.4857574405794 756.9787509544728 513.658427829531 0.718 1.76 0.595 -32.284737890948406 -0.3311632492496591 -1.867070318777883 -1.9980430232310589 1.0
