vehicle.truck 0 0 0 879.2553950828192 324.12927465981585 1491.7149195692218 578.962793147268 10.107 3.608 2.853 -22.447173605468677 -0.7077456229709842 5.943702025070842 -1.7027254259677758 1.0
movable_object.trafficcone 0 0 0 88.43832050815952 488.1357195271251 127.75838082055817 532.4567863018231 0.513 0.798 0.488 -23.627214463915326 0.35053528793228095 -13.212215992242076 -1.7044137570906672 1.0
movable_object.trafficcone 0 0 0 527.1514458628967 529.9761009752358 600.5134913793663 612.6405763821987 0.536 0.798 0.499 -13.03506550284356 0.8104906329123058 -2.598917990815351 -1.7153500945418507 1.0
vehicle.truck 0 0 0 603.6993560484918 381.0029726737179 865.1335723262102 531.1770279641454 6.452 3.236 2.508 -30.477648011625124 -0.8472316086745693 -2.1140175947631383 -1.7085691590736634 1.0
movable_object.barrier 0 0 0 1113.7811634881973 534.4418088068924 1498.5540148518535 764.8432204004067 1.981 1.078 0.675 -7.4983002462274815 0.851051450529955 2.8277787312434866 2.6137298447312247 1.0
movable_object.trafficcone 0 0 0 607.649856397373 493.5402281788413 639.195967081984 531.6402612048244 0.427 0.723 0.407 -24.827106544325662 0.4133433832027345 -3.780601170879997 -1.7026386709011243 1.0
movable_object.barrier 0 0 0 1454.8187588389083 546.406461445144 2027.144541617431 853.9060920962943 2.086 1.091 0.677 -6.027063016521679 0.8767547122745382 4.290358765382813 2.6443768257200677 1.0
movable_object.barrier 0 0 0 887.3863629744386 523.941241692381 1178.827970667639 708.8677206099269 1.974 1.054 0.626 -8.844107518352049 0.8070901977041991 1.457464462709923 2.6137298447312247 1.0
human.pedestrian.construction_worker 0 0 0 1438.5918170649752 433.56060560168976 1560.4131277687195 646.7791250825337 0.829 1.78 0.759 -11.185309923807743 0.40664157549373914 6.00928851441253 -1.6150865078623031 1.0
vehicle.car 0 0 0 951.6423179327154 457.8354554606512 1292.7538433661641 576.1469250821156 4.663 1.482 1.745 -18.905307148684127 0.31262834918616866 4.4282083895680495 -1.7085691590736634 1.0
vehicle.car 0 0 0 115.13384670481639 387.15739468934055 483.30066875791056 663.3353578154729 4.727 1.957 1.907 -11.431701718430512 0.19514107699464117 -4.86236745984809 2.5233389348316067 1.0
movable_object.trafficcone 0 0 0 155.32188419208956 495.19424472303467 176.21165234999253 521.0027583122597 0.466 0.838 0.468 -42.41542591923753 0.5557995990847878 -21.78681259340465 -1.70222261875218 1.0
movable_object.barrier 0 0 0 715.2270830034408 511.2366458355316 943.9290447944899 668.5534059259537 1.991 1.079 0.59 -10.321358035428172 0.7491217515428122 0.062180775050624276 2.6137298447312247 1.0
vehicle.construction 0 0 0 943.3688094732792 174.04384669864245 1698.8178586906067 742.1337351546226 3.992 2.916 3.016 -8.972560090941913 -0.2016761932103863 3.4727379690004243 -1.7085691590736634 1.0
movable_object.barrier 0 0 0 1407.2343536212688 499.12213843939503 1681.162059243238 632.6927988864122 2.326 1.221 0.638 -13.083855745487769 0.7407964013368561 7.462444154853932 -1.5834863919832554 1.0
movable_object.trafficcone 0 0 0 3.285606115948685 482.0254480649695 36.34372679281689 517.5522160740863 0.484 0.73 0.473 -27.002756788711284 0.17664007971690757 -16.9821066365541 -1.7044137570906672 1.0
vehicle.car 0 0 0 1566.8695826001988 461.1306369438086 2018.3466627125122 618.5957396734524 4.272 1.65 1.706 -15.976314335155232 0.5143864387790699 12.155204945253779 -1.7085691590736634 1.0
human.pedestrian.construction_worker 0 0 0 1506.8815769492746 433.0621610935491 1657.1792963123617 636.425824204419 0.851 1.76 0.703 -11.505468628990409 0.38001257238492936 6.937371646297347 -3.06849641636164 1.0
