human.pedestrian.adult 0 0 0 822.1015803929284 450.78199736670655 854.1768437867588 513.0452191225064 0.951 1.835 0.767 -38.240631239859184 -0.2945444535737282 0.6652276671791408 -2.0185322645519657 1.0
human.pedestrian.adult 0 0 0 875.727961603677 449.86756717351903 904.3386277863805 516.9195721965326 0.837 1.916 0.759 -37.0042844568753 -0.24230045959593113 2.1595637061271704 -2.0759007601401365 1.0
human.pedestrian.adult 0 0 0 371.301281214227 439.8086658389849 412.74358666257456 515.2310077965524 0.761 1.73 0.69 -29.74061516056701 -0.33155746740016295 -9.956963335085044 -2.0816484155691644 1.0
vehicle.truck 0 0 0 1153.0368431752613 454.4079941978686 1218.1035348638595 507.2940760957058 6.013 2.598 2.287 -66.7720287432024 -0.5899091826672173 19.39061527820131 -2.161935569458982 1.0
human.pedestrian.adult 0 0 0 860.3997162891271 449.47998210585473 884.3026564436788 504.3591786105748 0.902 1.807 0.694 -42.593623795825124 -0.49369956714561547 1.889987663440688 -2.0608872764815684 1.0
movable_object.barrier 0 0 0 614.9013969244429 470.25175976345696 684.9025422987137 506.1096534044177 2.025 1.046 0.693 -39.41804420298975 -0.11005204198757963 -5.172537510037097 3.0729074122829285 1.0
human.pedestrian.adult 0 0 0 848.9691784994696 444.7486380085504 877.3405005256569 512.7683724858939 0.858 2.0 0.728 -38.04150587269728 -0.3865896644044113 1.4125152740052551 -2.0565195026237424 1.0
vehicle.truck 0 0 0 299.39462396919447 387.5852744726711 560.6338894244583 482.09426645676405 10.107 3.608 2.853 -53.26749788533875 -2.3609903349695416 -16.150259427705535 -1.5922433352882077 1.0
human.pedestrian.adult 0 0 0 834.973694142327 452.499908521015 862.9997888172966 507.66808462427383 0.913 1.76 0.7 -41.30981346888021 -0.37621012207775745 1.0711786046685445 -2.0003127396855307 1.0
movable_object.barrier 0 0 0 1596.2883754589016 511.8770309581906 1738.4961142597604 590.6849667532517 1.842 0.885 0.677 -16.496498878998437 0.7496090635490349 11.033483369371746 -2.083928780562216 1.0
movable_object.barrier 0 0 0 1485.6486179983197 491.28502235963845 1546.3410325828343 520.2541268226882 2.001 1.077 0.626 -50.53054992849134 0.5646086090943184 27.90952064096939 -1.5922724359061364 1.0
movable_object.trafficcone 0 0 0 801.5633433732843 481.89149541193296 817.6673966012463 506.83519804275886 0.444 0.803 0.382 -41.79110060538072 0.09208121374713243 -0.2186240612577006 -1.5975627202447118 1.0
movable_object.barrier 0 0 0 1522.9489346239325 502.44443954889897 1648.2484127937455 574.4394287836332 1.923 0.919 0.696 -18.418609235172557 0.6550973412480314 11.140236884704782 -2.093762537782202 1.0
vehicle.car 0 0 0 998.5378251855844 466.905699606096 1035.6449702677792 497.9486164711188 4.712 1.749 2.084 -76.17098069190031 -0.5691848550145309 12.054480412462196 -2.0396560788294718 1.0
movable_object.barrier 0 0 0 752.2585620315109 465.9640201535671 789.2686091615965 497.7937022184143 1.827 1.066 0.619 -44.591431723520245 -0.34768105753444406 -1.6126028177444744 -1.8684238029170848 1.0
human.pedestrian.adult 0 0 0 817.1022526329277 446.87901969258047 839.0232752423457 498.22883783970485 0.936 1.856 0.749 -46.74637351074034 -0.7017592405364046 0.435868693899089 -2.096143675655556 1.0
vehicle.car 0 0 0 1324.537192732854 458.109954069955 1595.864632346467 611.8226370333473 4.01 1.631 1.708 -15.89354452574592 0.4378103753377306 7.855472572359935 -2.055028015716741 1.0
vehicle.construction 0 0 0 441.153117849959 399.1374734555561 593.6613972763633 495.4376874976138 3.992 2.916 3.016 -41.23213924082282 -1.4205684469998339 -9.65466646243281 -1.5928427848699371 1.0
movable_object.barrier 0 0 0 713.4678371467038 464.831428578586 763.1705812770498 499.51029737916605 1.877 1.203 0.621 -46.19012743633535 -0.346151628397674 -2.8506232855370213 -1.7012779560418458 1.0
movable_object.barrier 0 0 0 553.7745148007108 468.71199473964106 625.7608620484637 505.8718989678204 2.086 1.091 0.677 -39.587329516132804 -0.13776388583338955 -7.073300655845835 3.1054702649843957 1.0
human.pedestrian.adult 0 0 0 935.8276492558442 458.4078932808843 978.2481875575025 532.0865158800078 0.958 1.757 0.777 -31.057489749040474 0.08291775289324466 3.444829366266317 -1.5919630115761825 1.0
human.pedestrian.adult 0 0 0 805.1565624717035 463.9060288246185 836.0252480333071 530.3032313138141 0.709 1.609 0.648 -31.37695185884608 0.13103818374736925 0.1107894168156433 -1.5913351698178504 1.0
vehicle.truck 0 0 0 1227.4273139301492 445.66233252097766 1314.33371287323 536.4641378448536 4.535 2.059 1.787 -31.63579449733479 -0.04082430178075208 11.416280019817735 -1.9161893323121149 1.0
vehicle.car 0 0 0 623.7824014383797 444.9666382896818 766.2067954479704 557.7151115444013 4.727 1.957 1.907 -24.65427330714579 0.12157317274472518 -2.4755093872820284 -2.285727306480923 1.0
movable_object.barrier 0 0 0 1597.5488788627783 491.5352807036124 1664.7405401853234 522.420026329928 2.259 1.215 0.712 -53.989001385721565 0.6494238409426956 34.72151806422414 -1.764967199026354 1.0
vehicle.bus.rigid 0 0 0 1113.1500529071654 443.75715204354714 1202.5738688264946 503.77465948136006 11.084 3.32 3.523 -77.6629625990039 -1.1107695082717977 20.74589468473296 -2.152531100723472 1.0
movable_object.trafficcone 0 0 0 769.7819791932906 482.38357894611744 787.3667723620476 506.6225455557566 0.438 0.761 0.433 -40.8221296586541 0.09409618991981078 -1.2140055179217317 -1.605372684810944 1.0
movable_object.barrier 0 0 0 1310.9739810167048 483.8076146539078 1369.4004988059419 515.458543399336 2.404 1.341 0.721 -56.57056207027757 0.3623152196333523 23.40151934198378 -1.608491430194384 1.0
vehicle.car 0 0 0 362.8674241339426 439.04821278179793 496.43868903205583 480.87574911528736 4.663 1.482 1.745 -49.599118324792656 -1.2329006457187788 -15.109881105759822 -1.5928427848699371 1.0
movable_object.trafficcone 0 0 0 50.423797854064865 452.21183377484925 69.05873972302231 470.5324477852812 0.451 0.706 0.435 -49.873962168116606 -1.1856120016416833 -29.79205678397354 -1.5922354769492681 1.0
