human.pedestrian.adult 0 0 0 851.2773083593032 452.64982380302894 875.2549536829486 509.25886741943793 0.837 1.916 0.759 -43.627892859977806 -0.3683881226182486 1.622627285892564 -2.079258914312496 1.0
movable_object.barrier 0 0 0 618.3301865905269 460.7932134020079 671.4989230296293 490.7012010637631 2.175 1.245 0.644 -54.967261367546676 -0.6872930447442582 -7.433290972362469 -1.593588186533144 1.0
movable_object.barrier 0 0 0 1378.3777020389189 497.0165532437493 1468.0363205473002 555.3268360383407 1.99 0.921 0.726 -22.37913807381612 0.589347472620648 10.688983586368307 -2.0775112481655036 1.0
human.pedestrian.adult 0 0 0 826.2136029816024 448.76672364340817 850.0320045415042 506.4026566368159 0.858 2.0 0.728 -44.70224084912143 -0.4951939906035091 0.7749300108776426 -2.059845194781462 1.0
movable_object.barrier 0 0 0 561.694794702243 461.9310517697524 618.9017354467115 491.2329711953191 2.326 1.221 0.638 -54.59590008946092 -0.6400816794087505 -9.73567883893097 -1.656430089716097 1.0
vehicle.truck 0 0 0 1121.375440677602 444.638477856523 1204.6006773707481 527.734270038758 4.535 2.059 1.787 -34.223597977399805 -0.17733040721660406 9.290329726056886 -2.0114737413612094 1.0
vehicle.car 0 0 0 689.7572403895301 451.1951874992521 794.8567898920948 547.7593404482936 4.727 1.957 1.907 -28.389951038434265 0.11391135181467019 -1.750064407727171 -2.204224244932668 1.0
vehicle.car 0 0 0 408.4429300113829 445.11352475493896 523.3910222407228 480.566825533762 4.663 1.482 1.745 -57.14255079335575 -1.2932735066655947 -15.779483073778104 -1.5931427188639056 1.0
human.pedestrian.adult 0 0 0 446.5643828746541 447.9621215456772 477.4927918475721 507.75168246502193 0.761 1.73 0.69 -37.30804301083958 -0.4055818971005565 -10.431151686176177 -2.0788900860583137 1.0
human.pedestrian.adult 0 0 0 1519.5216101426804 469.08163501013985 1556.433687336669 524.946351345525 0.716 1.73 0.687 -39.92119013306478 0.1664448568839364 22.74518476784371 -2.143744926980845 1.0
human.pedestrian.adult 0 0 0 898.6801847727478 459.94292708734804 931.5371753426648 518.3799991577287 0.958 1.757 0.777 -38.895405911474285 -0.07925524924935537 3.030632777281496 -1.5923370941068153 1.0
vehicle.construction 0 0 0 486.8154271318928 411.22959057400027 612.7167995986762 491.2904712503843 3.992 2.916 3.016 -48.84770876263688 -1.5383233723474916 -10.215550000066237 -1.5931427188639056 1.0
human.pedestrian.construction_worker 0 0 0 586.5478788707783 445.303854952181 610.6873861432784 487.5793624373879 0.851 1.76 0.703 -53.558501278508814 -1.059636670156268 -9.201665433880375 -2.2278057096351835 1.0
human.pedestrian.adult 0 0 0 1481.7919541116696 474.0445244248626 1517.102262109418 530.8783892821069 0.669 1.642 0.621 -37.286352825159526 0.31554425867024294 20.10963914515807 3.117395877442899 1.0
movable_object.trafficcone 0 0 0 1598.2414956758312 535.5660151096436 1666.1180598638948 604.9981683201378 0.483 0.733 0.473 -14.331174488459276 0.8840517374833748 9.225486225577507 3.0245766870783664 1.0
vehicle.bicycle 0 0 0 1453.203910419643 466.63505859585257 1523.669310666604 524.286899549165 1.77 1.709 0.689 -38.59789575607208 0.11536430994126651 20.479115975961324 -3.0495150911499795 1.0
vehicle.truck 0 0 0 349.05616415238006 399.8672550536667 576.6226103605788 480.89290154079345 10.107 3.608 2.853 -60.795471432871466 -2.4357817207374874 -16.87681975054558 -1.5925901471840067 1.0
vehicle.truck 0 0 0 160.6134296443304 404.6056686702901 315.2762092535402 474.6962829988243 6.452 3.236 2.508 -61.87590862353913 -2.5138040513632802 -28.20053998697604 -1.5931427188639056 1.0
vehicle.car 0 0 0 965.7460620331083 464.04016879206523 1003.7870758765704 495.8765660594037 4.712 1.749 2.084 -73.67886635908464 -0.6954784515744805 9.765896265404537 -2.0525149827861444 1.0
vehicle.car 0 0 0 1213.5017578522484 461.15955546508116 1414.8072803738191 588.721450139996 4.01 1.631 1.708 -18.596446420423753 0.3970248006274022 7.144147927950043 -2.058351136378657 1.0
movable_object.barrier 0 0 0 529.6797609787499 468.4747998596438 587.2160396575656 498.65828538411114 1.981 1.078 0.675 -47.37728037259387 -0.3022330556189289 -9.64028129880918 3.077757742754226 1.0
movable_object.barrier 0 0 0 668.8436274740454 466.2791822850731 719.3136957859928 494.5150075537827 2.068 1.169 0.616 -54.71219389094976 -0.4841470918195775 -5.275129415807366 -1.593588186533144 1.0
movable_object.barrier 0 0 0 1424.1426506995842 497.6760549286902 1528.4147894014786 564.6267426490913 1.967 0.962 0.704 -20.388116708478915 0.6120935238713691 10.584014353144873 -2.0906910678254356 1.0
human.pedestrian.adult 0 0 0 802.3825473617196 452.5882781639654 829.4220672508848 505.4459593805011 0.951 1.835 0.767 -44.825371862143136 -0.446630873839454 -0.00882210383872263 -2.021788970609826 1.0
