vehicle.truck 0 0 0 645.1861882569286 464.8226231216698 742.6020772601714 503.1112839892673 4.943 1.937 2.133 -67.59487448129705 -0.39801486073937337 -6.552529821217518 1.5888488908707847 1.0
vehicle.bus.rigid 0 0 0 968.6128936595828 391.5071703381173 1134.3673470972246 540.278545487876 12.731 3.83 2.787 -39.33449442130856 -0.7034020683218148 6.88816731540644 2.0919376493971633 1.0
movable_object.trafficcone 0 0 0 111.16462931826182 580.2584084202379 272.61082346094565 743.349745790537 0.595 0.876 0.639 -7.5784686158467345 0.9981952772744219 -3.7196603847546137 2.0516014606935533 1.0
movable_object.trafficcone 0 0 0 364.62569377739607 556.993519813483 454.29483675820035 663.5106222768089 0.605 0.839 0.572 -10.770341920171875 0.9976863001653711 -3.448749790501157 2.127068727593036 1.0
vehicle.car 0 0 0 752.3341360237714 474.81588198981825 799.4320532517228 510.54432255315845 4.326 1.563 1.974 -58.648972164011575 0.03991107788443582 -1.8302793405815538 2.1006324955704248 1.0
movable_object.trafficcone 0 0 0 -82.64319545656005 597.4606853197306 96.37407906395259 801.3743708075688 0.538 0.895 0.505 -6.226668352583124 0.9983364952378012 -3.963293363429461 2.0328988829488344 1.0
vehicle.car 0 0 0 330.3118972981775 421.1298534508605 467.3660701725935 468.9112242695576 4.283 1.595 1.843 -45.47561928662387 -1.6528756603595216 -14.942827492128835 3.1340067011662693 1.0
vehicle.car 0 0 0 1298.1951958906293 506.6490633694822 1711.00001575568 733.14914492511 4.662 1.423 1.774 -10.515941921545627 0.8622314969116271 5.884645338655943 2.57882484331358 1.0
human.pedestrian.adult 0 0 0 118.33310590482829 435.0105839209698 218.2231452924179 567.2221864523967 1.014 1.697 0.901 -16.91979321545625 0.12151339338171994 -8.659130659914048 1.688546071789605 1.0
vehicle.motorcycle 0 0 0 32.243988962236784 396.2912173620433 78.36034119120296 445.1463236982314 0.72 1.222 0.755 -32.9285447896068 -1.833492768189258 -19.77953681011166 3.1273620511046314 1.0
