human.pedestrian.adult 0 0 0 1077.4125145618837 453.92696287100125 1125.3280197627876 527.1492685610078 0.845 1.917 0.877 -34.18682342900062 -0.03437544807139442 7.69581264559627 1.8040651429147871 1.0
human.pedestrian.construction_worker 0 0 0 1175.8727102193113 453.40775154648435 1205.2873337784745 516.0881865362273 0.745 1.725 0.757 -35.792025711515855 -0.1968007449957482 10.573920992258554 1.6277669608649514 1.0
human.pedestrian.adult 0 0 0 417.4333741880421 461.6928540127534 471.54862801466646 538.3330968672618 0.891 1.849 0.882 -31.581137887305754 0.20336296239570043 -9.263623556883774 1.6230964953265072 1.0
vehicle.bus.rigid 0 0 0 746.6114096377474 451.0676332512263 790.5417020229382 502.37662503647744 10.695 3.309 2.574 -89.66647668705103 -1.1539093316869644 -3.2830362580877903 2.0921157952902307 1.0
human.pedestrian.adult 0 0 0 395.91836554899015 459.2304727687116 447.2089203114316 541.4626859404675 0.824 1.931 0.836 -30.661224658216245 0.20343667564618664 -9.548259544616053 2.0271091979125586 1.0
human.pedestrian.construction_worker 0 0 0 195.69883581273314 517.9927918330516 277.0441078947737 617.9204988796038 0.895 1.429 0.773 -19.474404205400987 1.1587957028228943 -8.902158712185079 2.1303715682776776 1.0
human.pedestrian.construction_worker 0 0 0 1230.5500177219749 447.07968012626014 1269.989843643811 515.0993354309134 0.782 1.876 0.842 -35.844542073576555 -0.30461930734737364 12.277895812884847 3.11472115653251 1.0
human.pedestrian.adult 0 0 0 1134.051495880279 454.73247465408525 1176.8425001866578 524.4300419389969 0.797 1.821 0.89 -34.07189117127473 -0.0643040146379729 9.119105959371614 -3.093242541185246 1.0
human.pedestrian.adult 0 0 0 1087.2769310749725 459.3812006860979 1129.4414138912896 530.5561594234276 0.706 1.812 0.772 -33.151671847122 0.08025610299372932 7.643145672695073 1.6362722286975027 1.0
human.pedestrian.construction_worker 0 0 0 1205.4664625169623 447.992785237412 1244.2393782583567 517.3945649588135 0.745 1.87 0.786 -34.98058796609122 -0.25244784587939617 11.280571673616429 2.0894936083094047 1.0
human.pedestrian.construction_worker 0 0 0 150.24523256810284 469.5800513573275 224.77281283344678 594.4391384092195 0.687 1.917 0.687 -20.044670969258103 0.6299460831559135 -9.943369016503137 2.267993506497957 1.0
human.pedestrian.construction_worker 0 0 0 -2.535331009339383 511.5841815167708 87.46247675758457 613.2143393325434 0.831 1.461 0.772 -19.396347316217177 1.0709533863605363 -11.836650294979213 1.604273049589942 1.0
vehicle.bus.rigid 0 0 0 881.5973595711622 441.11467592776006 932.6237799023111 496.01837738491935 12.088 3.624 2.726 -91.86548459724123 -1.7555540331059487 6.46922383197211 2.0921157952902307 1.0
human.pedestrian.construction_worker 0 0 0 1218.047845200392 448.18910712092514 1249.2215310883792 512.8815355451369 0.708 1.835 0.77 -36.783957953441536 -0.32420072056937377 12.117710379983553 2.2838042478685177 1.0
human.pedestrian.adult 0 0 0 674.7666393078163 467.7326347017599 703.6812836913422 519.1872953211142 0.637 1.759 0.801 -44.464240264907986 0.06416547723437044 -4.457371047043604 1.6489732589169748 1.0
human.pedestrian.adult 0 0 0 442.6487812676297 470.5097806407345 494.96707661585407 556.967589232778 0.735 1.926 0.785 -29.05064416346457 0.5021012939240043 -7.966294021693855 2.771964272211708 1.0
human.pedestrian.adult 0 0 0 1142.5089142012039 447.9682554302781 1184.3774481411376 525.9976993503827 0.834 1.967 0.85 -32.73660552634253 -0.12164343526614839 8.978033505362976 2.785902966774807 1.0
human.pedestrian.construction_worker 0 0 0 38.998401368541934 549.2538273534004 146.9862569660274 656.7703065055433 0.994 1.396 0.799 -17.92848568616363 1.5628824042111247 -10.221560800117365 3.1070780382397416 1.0
human.pedestrian.construction_worker 0 0 0 189.46665200154922 525.506340751221 302.6746452920847 632.8734915381839 1.027 1.351 1.041 -17.568403328893076 1.1955779562851108 -7.8861096363127485 3.1070780382397416 1.0
human.pedestrian.adult 0 0 0 391.7255665344819 463.49647811588244 451.32118621948035 552.910796003258 0.91 2.0 0.836 -29.20260210283406 0.3769156311815007 -9.09551646855997 1.893941521000837 1.0
