vehicle.truck 0 0 0 644.3567917555031 442.90902160416306 791.1263919456767 590.2294960194222 5.74 2.255 2.023 -22.592485990307107 0.38719576642562104 -1.5924058402958596 2.072822085604286 1.0
vehicle.car 0 0 0 710.5184782692481 468.09715737145564 801.0800062305775 562.9776284871485 4.92 1.903 1.812 -28.35445077686504 0.48914573498052816 -1.3129563772832122 2.1016469318636233 1.0
vehicle.car 0 0 0 807.1870821101397 478.8805298389036 879.9930121306877 522.5157593485096 4.532 1.673 1.907 -51.94161578082421 0.364947000171325 1.0632582069400218 2.2165360356792165 1.0
human.pedestrian.adult 0 0 0 647.7374956666004 463.2632521079418 702.8437525828309 566.2815311840471 0.608 1.752 0.698 -21.993069059462922 0.3960726947796818 -2.4485597652184694 1.724368100321433 1.0
vehicle.bus.rigid 0 0 0 878.5640192755544 446.57195929929594 946.3430696362751 512.5857619217431 10.898 3.632 2.778 -76.16208143601895 -0.6693705247002282 5.640373532477938 2.0850253336285505 1.0
vehicle.car 0 0 0 1207.3044718261883 480.2096961880062 1383.3334217899314 531.6509311339167 4.698 1.485 2.212 -39.95082464859226 0.44170383216360565 15.032220137302993 1.5723250998678457 1.0
human.pedestrian.adult 0 0 0 620.1406897228401 461.40187288373744 699.6600531263821 590.3012729393154 1.046 1.884 0.82 -19.11556845712421 0.5072922703912943 -2.3476960475543245 1.5723664346995205 1.0
vehicle.truck 0 0 0 1397.9652627409437 422.8338139261966 1560.6028987288923 552.3592573681753 6.518 2.729 2.405 -30.014080755689335 -0.10543076139897697 15.836260897080711 2.506231975598971 1.0
vehicle.car 0 0 0 1039.5208674204491 479.4329205139421 1179.5964907686582 534.1594063104278 4.234 1.736 2.038 -43.20130372918107 0.5071267535842634 9.953527728029956 1.5720189807006797 1.0
vehicle.car 0 0 0 988.4480491332163 479.0740584766284 1245.5789357177266 576.5619485369108 4.421 1.587 1.97 -23.303657272303226 0.6168927837641827 5.4023491009361395 2.4464659066098946 1.0
vehicle.truck 0 0 0 725.295293715315 457.59772558629163 825.6608318974701 548.1902566528247 6.89 2.312 2.238 -36.36289313504689 0.29059426072707883 -1.0373020507252129 2.0518563405647576 1.0
vehicle.car 0 0 0 953.9158912759661 485.0571694665762 1050.059106911944 518.0332431965262 4.546 1.545 1.964 -63.78598114907143 0.49688097667185666 9.315609596047803 3.1160328344747485 1.0
