human.pedestrian.adult 0 0 0 678.4493343631115 459.6218902106426 698.3547469354174 501.14684429550385 0.59 1.716 0.63 -53.23008179372919 -0.4642440022280635 -5.372622170955928 2.0080886410762773 1.0
human.pedestrian.adult 0 0 0 891.2015044832416 465.41663953033753 909.7363235397142 500.57628427700456 0.738 1.599 0.602 -58.80538145659937 -0.3937258711531681 3.907796723813278 -3.0814933728574267 1.0
human.pedestrian.adult 0 0 0 696.7885201922956 457.2928115887751 717.7099802545922 501.6793403285638 0.583 1.825 0.663 -52.939953335963715 -0.4990986294019528 -4.555517139176552 1.9920236125401463 1.0
human.pedestrian.adult 0 0 0 -3.501696750718154 373.45249488010626 279.72874354808243 795.8231547033621 0.764 1.635 0.743 -5.354634686199014 0.3668500051304504 -2.82354370903877 2.1324286417530836 1.0
vehicle.bicycle 0 0 0 361.425590893675 504.87803824768196 502.7829103671319 608.4255226836412 1.215 0.962 1.205 -12.993518179761686 0.6483085487677925 -3.902707765144151 -2.9972064706890773 1.0
human.pedestrian.adult 0 0 0 710.5781259334987 455.6223430958898 728.9824381412194 500.5824878227159 0.59 1.852 0.568 -52.95066126724683 -0.5566610845805844 -4.032532527585147 2.0089129667850623 1.0
vehicle.car 0 0 0 1190.5652775438698 449.72731941087676 1398.3542432748131 575.387148966757 4.965 2.203 2.107 -25.409720400985446 0.37775147418702315 9.393221170852492 2.0594935992673857 1.0
human.pedestrian.adult 0 0 0 728.3628375086287 454.6387297726837 749.6003814030248 497.38314546091107 0.935 1.925 0.769 -58.29623158660237 -0.7103844624078759 -3.560757068351992 1.9536558429050217 1.0
human.pedestrian.adult 0 0 0 852.0463237623657 463.6009445963557 868.4085731409021 502.32165619599414 0.708 1.732 0.658 -57.715220993518216 -0.3868724068464473 2.005556940094687 2.116645779905535 1.0
human.pedestrian.adult 0 0 0 669.7461979699698 454.5136430060211 687.4249322381241 497.60740226767314 0.693 1.797 0.597 -53.738515797732624 -0.6513821095266609 -5.839944535464362 2.1015377057243407 1.0
