human.pedestrian.adult 0 0 0 802.1084489017428 387.9244881429744 909.7243323287934 671.5637049879373 0.643 1.744 0.72 -8.184737624597803 0.23413332564041475 0.2599930282963409 -3.1195381532698594 1.0
human.pedestrian.adult 0 0 0 733.4396967688148 471.5351990412083 783.5242888940782 545.3327266983605 1.063 1.748 0.826 -30.664769235238893 0.4019513785364399 -1.3924950611302338 1.5770493645270625 1.0
vehicle.car 0 0 0 1065.9732924395846 484.39007058250627 1343.2811486238518 586.6061101224585 4.175 1.605 1.953 -21.629850167025168 0.7097677698507958 6.51018755302456 -3.1010784370734523 1.0
vehicle.car 0 0 0 1065.6745616880573 474.39263167778574 1411.1800129104197 595.7888001756248 4.472 1.63 2.185 -18.824099226718914 0.5987437258283815 6.098202938481441 -3.0851994775197014 1.0
vehicle.car 0 0 0 105.58218246236711 482.75455143050857 495.63181223864757 612.1936639790528 4.31 1.5 1.795 -16.318813810062863 0.6675214007950816 -6.547432063862915 1.5765448213886657 1.0
vehicle.car 0 0 0 698.4485922033398 482.7985276728671 815.1211706690914 528.184134138495 4.365 1.682 2.09 -49.55553020410183 0.5315167011476545 -2.284215782239983 1.5739588884239373 1.0
vehicle.car 0 0 0 1418.8830202787026 487.334094955333 1644.768454452487 560.0057764965601 4.222 1.624 2.078 -30.41541294829056 0.7391897815780214 17.07696179882301 1.5749953591101011 1.0
vehicle.car 0 0 0 1432.3091559236843 482.7553764745477 1684.3399571078646 561.6026017985075 4.308 1.619 2.121 -28.074303846557726 0.6466340332351224 16.32590214258246 1.5751127232324906 1.0
vehicle.car 0 0 0 661.2705230289249 483.1926132621847 803.7127330210975 535.7446728799733 4.584 1.664 1.823 -42.43487189937736 0.5851409439710458 -2.7603594033649603 1.5737887798271935 1.0
vehicle.car 0 0 0 1045.822292634339 485.1043406743822 1295.300226321919 573.4895993410864 4.211 1.548 1.945 -23.998287432621765 0.6811394558934815 6.606869188160943 -3.1127049025860316 1.0
vehicle.car 0 0 0 640.0353007839255 485.73361745319625 790.7791966992195 536.8050420847799 4.561 1.516 2.003 -40.02061379431604 0.6055240583079101 -3.1299704567653532 1.5736794235808302 1.0
vehicle.car 0 0 0 396.3209984084083 480.36839332920994 721.7051113856456 589.3913113537816 4.717 1.592 2.099 -20.360356355056833 0.6520997547360708 -4.023793216912595 1.5745889239924207 1.0
vehicle.car 0 0 0 963.5564195251139 489.22842318543223 1109.2556981472567 535.9425808455894 4.706 1.487 1.9 -43.03286623769201 0.6953079883254754 7.4147769590472645 -3.093108457744046 1.0
human.pedestrian.adult 0 0 0 789.5313972903231 389.7419395665487 938.6540722291372 713.1944722283564 0.799 1.771 0.68 -7.317190680874289 0.32783800930887763 0.2760159086510772 -3.1220889903290034 1.0
vehicle.car 0 0 0 1022.582072266418 486.05921611112973 1220.8287630757509 559.7221417231143 4.174 1.545 2.029 -28.717689183470785 0.6772399219697667 6.824680821730169 -3.0517740077367117 1.0
vehicle.car 0 0 0 1006.3787079037637 486.56926368694644 1190.0628976052292 544.0209538810112 4.82 1.517 1.892 -35.83711870538884 0.6500216999308887 7.899006866668202 -3.10542921614997 1.0
