movable_object.trafficcone 0 0 0 988.7289885585049 520.7308982244575 1008.3762144177913 562.2247648746353 0.304 0.744 0.35 -23.47309442287662 0.9233327557850567 3.3772429032094715 1.5821283526604502 1.0
movable_object.debris 0 0 0 996.460873387791 512.0678042716506 1046.6437053279942 572.618861896402 1.159 0.94 0.664 -21.246723996376986 0.838902359241259 3.4322813638283147 2.096682207265201 1.0
vehicle.car 0 0 0 433.1041241722297 458.4012383689285 612.0698792914152 531.2806156066246 4.078 1.747 1.895 -32.70172217714959 0.08376310304203255 -7.5298624676602595 2.5805934689585985 1.0
vehicle.car 0 0 0 -1135.3515763443352 397.82728648691847 349.3130143513722 891.3807098598716 4.584 1.664 1.823 -5.448568893869201 0.5466957002556961 -4.652945449660087 1.5825356932219217 1.0
movable_object.trafficcone 0 0 0 1078.8109688202796 536.5768985637811 1114.8252942595761 596.4455670107915 0.358 0.735 0.36 -16.255978106036974 0.9586765711065633 3.5986291808455366 1.5825233403402086 1.0
vehicle.car 0 0 0 -452.68095613413504 448.36370772993985 492.1889724450391 752.1652028293322 4.546 1.539 1.871 -7.75240036539575 0.5855902258675727 -4.49757889379451 1.5831346295970956 1.0
vehicle.car 0 0 0 100.33517860060644 445.60140021361576 615.8525733158529 640.8081626919667 4.365 1.682 2.09 -12.644559292843358 0.4647575033299097 -4.356641028908394 1.58254895235652 1.0
vehicle.car 0 0 0 226.65908041762532 448.7171359124837 634.2051386884264 609.867447884538 4.25 1.696 1.926 -15.10957106455441 0.4135993484125974 -4.4444522383955025 1.5825457081964132 1.0
movable_object.trafficcone 0 0 0 1015.4139042186122 518.0999538779918 1036.8009823606924 560.0276711370185 0.283 0.695 0.326 -21.6674717496708 0.811116595645972 3.5888517296055795 1.5830792782458305 1.0
human.pedestrian.adult 0 0 0 1583.4749838637367 407.684843386975 1615.4797937111757 470.45991127249545 0.692 1.845 0.739 -37.97732631847544 -1.5666330353837408 23.487800863582 2.4518705635363087 1.0
human.pedestrian.adult 0 0 0 1024.7906109482203 509.72249422827497 1081.8145324213015 575.5838529080781 0.825 0.981 0.722 -20.055026313988044 0.7967035671559216 3.7593010814837986 1.9164996810154076 1.0
vehicle.car 0 0 0 355.23660837381397 464.00279167777785 680.0903797999566 572.9153461245064 4.63 1.511 1.934 -19.836310974368153 0.3935464530828958 -4.544275614229261 1.5829807061191925 1.0
human.pedestrian.adult 0 0 0 1062.20165247664 514.273820886191 1118.3768879868637 571.6809406623729 0.698 0.921 0.801 -21.56932936292675 0.8685018292040361 4.658898928047515 2.108019844699741 1.0
vehicle.car 0 0 0 1305.182107146619 482.11269129854134 2529.941338742368 841.7370683671198 4.706 1.487 1.9 -6.695138897592035 0.7567332589890293 5.3229175931918915 -3.13719684196756 1.0
vehicle.car 0 0 0 412.6881670992728 467.98587929167377 684.0517110735268 561.4968079456179 4.329 1.464 2.058 -22.31317282535773 0.37989257418523426 -4.6075918262406645 1.582495459271998 1.0
vehicle.car 0 0 0 -3812.167456604469 350.49445778724737 19.75823369292657 1343.5468292844757 4.561 1.516 2.003 -3.018171552606026 0.5875843947581536 -4.835027514241817 1.58298019603198 1.0
vehicle.car 0 0 0 1164.186556941534 475.04357493907804 1963.4407297328084 733.389512458015 4.516 1.527 1.892 -9.016249245987744 0.7054910348785095 5.010791040270152 3.1337171938364863 1.0
