vehicle.car 0 0 0 395.23631391059337 471.971803913196 639.9357475780355 561.056974390444 4.313 1.612 1.945 -25.120525204953314 0.469267252610416 -5.8461032208450305 -1.5751993229676744 1.0
vehicle.truck 0 0 0 851.3249513844526 472.91742093560333 901.3671387140424 530.2660524603389 5.383 2.019 1.751 -47.99977816498416 0.3519601840136864 2.2399408702155195 2.0878090105516796 1.0
vehicle.car 0 0 0 1029.1247083816759 485.3327256070237 1172.113419241793 538.2354559917278 4.255 1.702 2.09 -43.09629909317263 0.6841896201626562 9.660388403488923 -2.8912730165239404 1.0
vehicle.bus.rigid 0 0 0 645.7420845050186 350.134242332312 839.20630671702 560.4288672154848 11.571 3.86 2.996 -29.322133401972472 -0.6954839485992304 -1.2756451258591472 2.0697375690290674 1.0
vehicle.car 0 0 0 4.693745901755671 426.97549705253107 459.9528000617729 607.6466539910454 4.481 1.943 2.092 -15.235392268658519 0.28748607555897376 -6.831997452215548 -3.11850511211089 1.0
vehicle.car 0 0 0 -58.02390431654536 477.84189487253155 279.8314388670837 584.7893792513921 4.549 1.631 2.315 -21.69363163105932 0.6320894051295162 -11.969325442833401 3.0632775748628376 1.0
vehicle.car 0 0 0 1283.739000938601 474.95226103304844 1778.990834768394 642.177189834138 4.436 1.657 2.035 -13.934798999875289 0.6965619990590157 7.748071684726379 -3.0041068147835093 1.0
vehicle.car 0 0 0 -347.42591795243396 430.8615237064979 348.05256224482616 693.8888985460662 4.485 1.863 1.928 -10.39030930925146 0.5143882781342101 -6.459540062800557 -1.5746893618963247 1.0
vehicle.car 0 0 0 936.6468399985877 473.57863432057036 1015.5697316527425 544.7169539126211 5.235 1.979 2.027 -38.54487993488114 0.4922536122088405 4.7814337803766875 -2.1227323899183803 1.0
vehicle.car 0 0 0 -980.5223499294999 388.0107006837956 181.03334410406748 755.4009953894046 4.8 1.86 2.085 -7.666364062287412 0.4443836839182321 -6.786126419420946 -3.063884819665372 1.0
vehicle.car 0 0 0 548.2118675203601 479.08345004386524 701.1787387438756 543.0354049916666 3.803 1.639 1.896 -34.91252427504791 0.5184125854407103 -5.2342274593316604 3.0941319881197806 1.0
