human.pedestrian.adult 0 0 0 50.623628607048666 378.1134521731873 145.33289097302747 585.9708149511147 0.717 1.931 0.652 -12.223030798229443 -0.1068396525729277 -6.933302352335611 2.7236615606545334 1.0
vehicle.car 0 0 0 1070.1943808444673 420.4768203833349 1386.5648435125113 522.5610843587469 4.471 1.497 1.968 -20.442125079031648 -0.362335728392533 6.505564785876806 -3.1034327719598345 1.0
vehicle.car 0 0 0 1098.1885190651433 419.3786794087027 1434.1408566101404 535.8072635976092 4.114 1.52 1.838 -18.10102400206141 -0.23728808323202377 6.29625440904699 -3.13286321420284 1.0
vehicle.car 0 0 0 1365.740745243789 413.08713541681107 2264.8492156811267 704.9976392993827 4.175 1.605 1.953 -8.258709347307759 0.3300748311201511 6.114748044857935 -3.1141925442768503 1.0
vehicle.car 0 0 0 1137.3038241241466 413.92162518158995 1543.7210437241176 554.9452940226248 4.174 1.545 2.029 -15.576339623380942 -0.143527999234021 6.242080294418184 -3.0729550115714312 1.0
vehicle.car 0 0 0 1044.7364665403732 417.3996468607234 1345.9984342566256 510.0155861461646 4.82 1.517 1.892 -22.690413060078438 -0.5293253615209522 6.660592579216 -3.115444489706505 1.0
vehicle.car 0 0 0 -630.7846520272411 378.47518326135094 484.77187716420747 738.219493629414 4.717 1.592 2.099 -6.96636511609179 0.2430258837479198 -4.479083125630154 1.6238479996655437 1.0
vehicle.car 0 0 0 1252.5650451074214 404.44182430946165 1895.5507884655085 613.2083779398281 4.211 1.548 1.945 -10.748668417005678 0.0807445166504065 6.157129945655609 -3.127998002654614 1.0
vehicle.car 0 0 0 523.7887162339813 422.98401269294703 753.8287045755721 500.66986320634203 4.561 1.516 2.003 -26.739708666489154 -0.6547382008915809 -3.6605005175265464 1.623273094549213 1.0
vehicle.car 0 0 0 1000.0970806630495 423.20228304683343 1216.4162401396477 491.37699841465354 4.706 1.487 1.9 -29.92224113720459 -0.8350038239202231 6.800939793348289 -3.1034327719598345 1.0
vehicle.car 0 0 0 -141.48641964741708 408.07235009133626 339.2400143844257 563.0109570300139 4.393 1.488 2.108 -14.386710928894864 -0.1592622218030033 -8.017243848173454 1.7465565921546915 1.0
vehicle.car 0 0 0 1290.837883568248 422.5978070450226 1467.9764645881555 479.0935291488309 4.469 1.623 2.152 -38.99179892728154 -1.2754917425509418 17.24873290414424 1.6241814639961243 1.0
vehicle.car 0 0 0 632.3181277639695 414.683936324043 791.9488694227473 477.1504104206074 4.365 1.682 2.09 -36.406727664160854 -1.327564796742597 -2.9335321065430784 1.6232623124946617 1.0
movable_object.debris 0 0 0 953.7280212120168 439.61292628059016 975.5550896583192 467.4171661813334 1.159 0.94 0.664 -44.41758270524441 -1.3387567142437466 5.198673944199192 2.106457787179984 1.0
vehicle.car 0 0 0 1467.1076752248523 404.6910878714873 3068.7387644265095 874.6116160417687 4.472 1.63 2.185 -5.754012397582828 0.46903659524078023 5.783008963423399 -3.1035663944867267 1.0
vehicle.car 0 0 0 555.0736915274477 413.50070358540006 765.4740512220687 490.98595193916924 4.584 1.664 1.823 -29.177019165019694 -0.924072118354607 -3.5260915347295048 1.6232646553466168 1.0
vehicle.car 0 0 0 980.7098776024585 421.72261206706884 1170.9017107913853 485.6983430260218 4.516 1.527 1.892 -32.507637616922175 -0.9928313747437673 6.579486622531383 -3.115444489706505 1.0
human.pedestrian.adult 0 0 0 982.833767721122 440.22729104611693 1007.356225250196 466.90589463160296 0.698 0.921 0.801 -45.01947394963019 -1.3524573062925889 6.3532107446994 2.159570343784477 1.0
vehicle.car 0 0 0 1375.513546666447 415.0676821249052 1606.613168945532 491.10773369678793 4.463 1.772 2.395 -31.801306629050888 -0.9919336524457112 16.82327160317535 1.623432636917876 1.0
human.pedestrian.adult 0 0 0 542.1665426961193 405.3032437232458 645.0827179321972 585.8710393449261 1.063 1.748 0.826 -12.858336569661798 0.014550721496140118 -2.2413010784794296 2.1318919573664807 1.0
