movable_object.trafficcone 0 0 0 962.7681825265848 512.8414069944467 977.7501470126365 545.3149415765979 0.304 0.744 0.35 -29.810248279852832 0.8821128725167584 3.623739375168893 1.5796312921792843 1.0
vehicle.car 0 0 0 22.952053764570802 449.7352858863494 596.6358319177048 655.5397794579635 4.584 1.664 1.823 -11.801109200870195 0.5198639346508181 -4.509666697373836 1.5798608203120281 1.0
movable_object.trafficcone 0 0 0 1015.6488661914516 521.5259056180262 1040.2722083946928 564.156142540707 0.358 0.735 0.36 -22.59872299178953 0.9130874084490754 3.775823554977099 1.5798506939236923 1.0
vehicle.car 0 0 0 179.04657974110404 467.1144257055371 642.1171356615461 624.6113343175984 4.546 1.539 1.871 -14.118069652213258 0.5615698784492266 -4.340542833995027 1.580289620536937 1.0
human.pedestrian.adult 0 0 0 1020.5087033947543 509.3962823802403 1062.4304799035415 553.3746017483542 0.698 0.921 0.801 -27.88423202865964 0.8717630237410245 4.952429060825526 2.1108682912246124 1.0
movable_object.trafficcone 0 0 0 981.0226533416202 510.6534587658822 997.0490090925335 542.9855526164724 0.283 0.695 0.326 -27.936440008716254 0.7769877144688602 3.81015896685884 1.5803273784293568 1.0
human.pedestrian.adult 0 0 0 1481.7620321826741 420.5376363518417 1509.5350831332892 474.31383135532167 0.692 1.845 0.739 -44.226641791391955 -1.5350661001350863 23.72656250861518 2.455847587248753 1.0
human.pedestrian.adult 0 0 0 988.6880807087776 503.8681450230013 1029.7644120600803 553.5196122570736 0.825 0.981 0.722 -26.25718576240181 0.7613959730721531 4.005494764486544 1.962464602692858 1.0
vehicle.car 0 0 0 1440.1605376870828 473.32714549953795 2967.558974396581 901.6091260963809 4.82 1.517 1.892 -5.811312379995908 0.737943779102039 5.76372160571726 3.1389607404983835 1.0
vehicle.car 0 0 0 516.8529768987644 473.53962358362145 722.8330773267825 545.1878081000712 4.329 1.464 2.058 -28.70836763114324 0.3817191780433716 -4.368194445035694 1.5798279675635394 1.0
vehicle.car 0 0 0 367.5924893342104 460.9738099375308 691.2158835223568 586.5882611820828 4.365 1.682 2.09 -19.028519813443737 0.4503706153517987 -4.174753998554167 1.5798717262981254 1.0
vehicle.car 0 0 0 482.88065696952873 471.3283908878655 723.0215180679972 552.4769027970104 4.63 1.511 1.934 -26.24424646849259 0.3993422299718431 -4.327275942894108 1.5798690544732352 1.0
vehicle.car 0 0 0 1049.208093325732 480.30875502645273 1480.8811412268901 624.7887866045864 4.516 1.527 1.892 -15.311318944067722 0.6823626353411257 5.255754068319561 3.1389607404983835 1.0
movable_object.trafficcone 0 0 0 1312.5383204021969 570.2976208272705 1407.3032368366637 716.5586056730028 0.427 0.876 0.429 -8.172490235584956 0.967195179053838 3.4994943799521665 2.1387605478334057 1.0
vehicle.car 0 0 0 1557.370794556849 487.1976480501568 1905.4274820157134 591.7185110051987 4.469 1.623 2.152 -22.24447574649462 0.7940580669150527 15.911740080112507 1.579687277806773 1.0
vehicle.car 0 0 0 -245.68193828546904 453.732313343777 521.0872570161335 697.9988765610608 4.561 1.516 2.003 -9.368871228030844 0.554694502438522 -4.699748982255513 1.5802402258805106 1.0
vehicle.car 0 0 0 1098.337829012414 484.3577251014917 1643.691518800841 654.6521576736851 4.706 1.487 1.9 -12.957585030706968 0.7287158237009064 5.4511563380707155 -3.1319375744222704 1.0
