movable_object.debris 0 0 0 977.5129080938656 515.4870942625028 1019.7594606519789 567.9062745804646 1.159 0.94 0.664 -24.277859288809918 0.9499682347547911 3.48620391886229 2.0873845917708103 1.0
vehicle.car 0 0 0 341.7845086043362 465.4008946077479 670.6557628520331 595.6772728041385 4.25 1.696 1.926 -18.249845225345105 0.529478219706376 -4.3394390322258145 1.5761494771189684 1.0
vehicle.car 0 0 0 -44.49409982948293 471.5204077082928 581.9798178013917 677.5514598365703 4.546 1.539 1.871 -10.879020156766922 0.6534681327500479 -4.453146155491612 1.576619792422445 1.0
human.pedestrian.adult 0 0 0 1036.4702312667898 517.0563015004343 1084.3166440549935 566.7609719060922 0.698 0.921 0.801 -24.684008626407902 0.9752810257833121 4.751391248145588 2.108444259365914 1.0
vehicle.car 0 0 0 -947.4851153165844 449.23359737762115 371.27818151367256 840.6843555684559 4.561 1.516 2.003 -6.137222055534477 0.6285779073146469 -4.794583183106172 1.5765264389494549 1.0
movable_object.trafficcone 0 0 0 1039.805516926388 533.4590718367258 1068.877876749438 583.2780911995354 0.358 0.735 0.36 -19.38203978653762 1.0198347356258712 3.641584333414789 1.5761307701397431 1.0
vehicle.car 0 0 0 1169.8934495122494 488.64521948488124 1928.6899052593155 717.8192655422582 4.706 1.487 1.9 -9.78512961090734 0.770611682386224 5.354801176262281 -3.132277886841269 1.0
vehicle.car 0 0 0 257.30814655029064 464.0906022808092 656.5801915807808 615.8572539387776 4.365 1.682 2.09 -15.781163366047533 0.5605792911992645 -4.3084616061457774 1.5761521986154898 1.0
vehicle.car 0 0 0 1540.7350742679255 429.6930672810141 1682.4423470738639 473.5468437282619 5.102 1.81 2.148 -55.85042605502859 -1.7447244463342446 35.03713569824321 -2.7071986318308205 1.0
movable_object.trafficcone 0 0 0 996.5011289068632 519.7134017244102 1014.7160640538748 556.2408914955266 0.283 0.695 0.326 -24.747797177964586 0.9058473742604856 3.6988861466251217 1.576614749735957 1.0
vehicle.car 0 0 0 424.4974884085442 476.5382084334361 701.0928452638796 568.567590667456 4.63 1.511 1.934 -22.985189731006248 0.5365480096844752 -4.489380456707394 1.5763192597797904 1.0
vehicle.car 0 0 0 1090.700269588271 483.63746448304653 1652.7149956736932 667.4109027964529 4.516 1.527 1.892 -12.121752235628001 0.7346474518654549 5.097853158628301 3.1385973320309652 1.0
movable_object.trafficcone 0 0 0 1597.1349393354665 626.2274662717698 1782.7488685482137 875.3972634805076 0.427 0.876 0.429 -4.979953799134594 0.997126766263671 3.418448590928121 2.136400790978403 1.0
vehicle.car 0 0 0 -330.2365077960654 446.5097890107239 507.70928140568856 735.8146712490311 4.584 1.664 1.823 -8.569296259266201 0.6019439400462836 -4.611972396651362 1.576141088714638 1.0
human.pedestrian.adult 0 0 0 1002.1730948588571 512.0841482869736 1050.0387447994517 568.7109106840498 0.825 0.981 0.722 -23.10761548526925 0.8808379685426867 3.8340177290651862 1.9340771963272623 1.0
movable_object.trafficcone 0 0 0 971.839081799516 523.3197361691343 988.6850728756059 559.7709800560409 0.304 0.744 0.35 -26.598832556666206 1.048400371948783 3.443213172604606 1.5758984770823474 1.0
