human.pedestrian.adult 0 0 0 1255.3048134119547 467.04648012576536 1285.7090164187757 533.2801565242067 0.752 2.0 0.721 -38.980163738782466 0.26259359966854007 13.983294216070059 1.8551545083915757 1.0
movable_object.barrier 0 0 0 1013.0122654390412 488.3774441842822 1058.4437232348741 512.9034075041325 2.005 1.065 0.402 -58.20098615129162 0.41684172018126076 10.080307244005091 3.0883668573113567 1.0
human.pedestrian.construction_worker 0 0 0 554.1922462845777 473.2311923889091 586.0013266410373 508.70322215379383 0.928 1.161 0.766 -42.721382106459274 -0.020800470473432864 -8.299240871445656 1.5792690468476085 1.0
human.pedestrian.adult 0 0 0 371.5924000208988 452.8956359677004 402.07237008656693 502.1863641218809 0.805 1.675 0.548 -43.72329968727208 -0.480765245744073 -14.825574418451001 -2.610149342279156 1.0
human.pedestrian.adult 0 0 0 664.3271983907827 472.1891043845986 681.018867116748 505.3428307195431 0.618 1.683 0.572 -65.16680205655534 -0.14190689825199776 -7.389509319295423 1.7622571843673205 1.0
human.pedestrian.adult 0 0 0 1285.4882589038975 482.47059646278444 1312.0154738122637 540.8477034844759 0.615 1.759 0.638 -38.89706411289299 0.6135147403707656 14.820357418692867 1.8551545083915757 1.0
movable_object.barrier 0 0 0 658.3931500080799 479.16554664004894 705.0060049384975 519.6471630401996 2.232 1.114 0.584 -36.4671234510536 0.21968882162069375 -3.856328248889009 -2.2239293471268446 1.0
human.pedestrian.adult 0 0 0 468.48955684275495 449.1823869090289 506.3855633800816 509.1041069116329 0.984 1.862 0.634 -40.145637540688796 -0.38953835921549973 -10.424493162659552 1.6505141968024821 1.0
human.pedestrian.adult 0 0 0 1104.6247419179385 480.8624844732861 1123.2030497009528 515.9939600181687 1.253 1.673 0.363 -61.172881904172705 0.33705047386864256 14.380373056410717 -2.4760669093092975 1.0
vehicle.motorcycle 0 0 0 435.95899912931264 453.1651859620091 501.08452782681223 499.8555355413706 2.431 1.862 0.891 -52.77258750211003 -0.6221902420867558 -14.478451940590269 1.5784966638163027 1.0
movable_object.barrier 0 0 0 321.6133528662382 452.36719550444417 385.8372030598125 513.1004076212755 0.579 1.419 2.338 -30.73529445836257 -0.2287361572839856 -11.242615234705381 -2.6048640396126963 1.0
