movable_object.barrier 0 0 0 341.9118345931966 492.3700214319661 461.32268980240303 551.162838232565 1.999 0.984 0.449 -22.362103334694805 0.5272208794301144 -7.318517881265978 3.0449245205233266 1.0
movable_object.trafficcone 0 0 0 270.06548400962885 562.7471714748559 339.3100941629487 650.6486310396095 0.419 0.735 0.378 -11.236030106320596 1.0142496298119492 -4.53469954790515 3.0354700872759235 1.0
human.pedestrian.adult 0 0 0 67.86647289878199 440.1213246157087 148.08051682905784 569.5765124533888 0.984 1.862 0.634 -18.729993690640203 0.1996947581762598 -10.468333776435387 1.6346854014010628 1.0
vehicle.motorcycle 0 0 0 186.69887077128624 454.62157299504594 302.2951644794542 532.4027327135932 2.431 1.862 0.891 -31.525129420254178 0.05217521935106398 -14.211210430349812 1.5659116835972942 1.0
vehicle.car 0 0 0 39.44920688766836 458.420919850096 251.34500127954541 522.7019944889066 4.814 1.66 2.128 -35.56483740680385 -0.022052984592519947 -18.760210161845308 1.5656032979680043 1.0
human.pedestrian.adult 0 0 0 1273.2006828618917 498.6343177536659 1298.100166674647 553.0193847873838 1.253 1.673 0.363 -39.69750582743441 1.069752491779833 14.717336739427036 -2.483597359903662 1.0
movable_object.barrier 0 0 0 430.7189468982358 498.29348955113835 594.044426276702 578.0268143486196 2.725 1.337 0.512 -22.307366941873738 0.8143471287161179 -5.334539946844292 -3.1155683590459446 1.0
human.pedestrian.adult 0 0 0 1248.8525254292636 494.8272424463369 1273.2144903116712 549.779660538229 0.459 1.711 0.592 -39.93504390500741 0.9665825229958306 14.022896951364629 -2.1117212488276893 1.0
movable_object.trafficcone 0 0 0 976.0034649311001 511.7754166252542 989.7626692710405 538.1489779750452 0.36 0.761 0.351 -37.22967745430111 0.981560939186588 4.897128270620979 3.1195077627032894 1.0
movable_object.trafficcone 0 0 0 6.480879355295046 505.42627404311014 37.25353319877798 543.9964789707354 0.318 0.679 0.325 -22.704494099328446 0.5922268089403346 -14.240703070454519 2.9616012402137297 1.0
movable_object.barrier 0 0 0 1066.9040627681459 506.880406084923 1142.2690853893278 543.7317844430587 0.269 1.028 2.116 -36.955069352866865 0.9839875838009583 8.40886651571029 2.091260463212116 1.0
movable_object.barrier 0 0 0 425.4423781590233 507.68758474857935 563.8444860093551 610.3979910835307 2.232 1.114 0.584 -15.104659605242158 0.7586053093964013 -3.7806851040701965 -2.2287936102205936 1.0
human.pedestrian.adult 0 0 0 601.1580736883739 481.3413474197708 626.2680773154325 530.4399083273224 0.618 1.683 0.572 -43.892057482557526 0.49688994192112146 -7.020317570812505 1.705873489944774 1.0
movable_object.barrier 0 0 0 999.3555840473508 506.48441699501694 1071.1642486079836 539.2115701824255 0.245 0.912 2.039 -37.03699953351243 0.9145760635055614 6.4002960075254585 2.0853003050965473 1.0
human.pedestrian.adult 0 0 0 1174.0498798055391 492.98813283171455 1196.4773518166778 539.6057933598722 0.499 1.357 0.415 -37.31624685191625 0.7274931769430206 10.871202283519148 -3.079703685565951 1.0
movable_object.barrier 0 0 0 217.49662073403536 489.8188305538112 338.6953053838554 550.9070842121497 1.935 1.037 0.502 -22.54683594047637 0.5086587646119132 -9.570891587437853 3.1304199328925666 1.0
movable_object.trafficcone 0 0 0 368.8214617218129 543.0237891060734 421.4178622181913 625.0268617992392 0.348 0.788 0.341 -12.70106765020993 0.9201530718410826 -4.2225844525116285 2.765443115706532 1.0
movable_object.trafficcone 0 0 0 111.83603525883055 517.4194248260574 159.6738360845313 580.7873915517118 0.448 0.817 0.344 -16.830789062662653 0.7591467022296896 -9.042848138708996 2.849145293705554 1.0
human.pedestrian.construction_worker 0 0 0 382.01616557130905 508.5865412469467 473.26059224459203 569.3801803378611 0.983 0.884 0.993 -19.505839802922978 0.718642844664521 -5.986296327508178 1.7162311237576287 1.0
movable_object.trafficcone 0 0 0 420.7787449629075 547.7387578187135 462.2931017390056 620.1818539503081 0.309 0.74 0.312 -13.436070428367124 0.9759386559370968 -3.97345018207027 2.0386790297653388 1.0
movable_object.barrier 0 0 0 528.8138078864675 499.67931037040836 594.8530480507414 578.0423458641121 2.22 1.108 0.509 -19.20866954418119 0.6837264499347746 -3.8302388879444114 2.0958170803835934 1.0
movable_object.debris 0 0 0 300.43959259002423 479.4546297305641 355.54905461215276 520.4109512510562 1.092 1.188 1.108 -37.91983621258244 0.2519189173888451 -14.61062186639881 3.0142961025592836 1.0
movable_object.trafficcone 0 0 0 325.86992968091437 560.5762245014921 380.5844439805611 643.2173164549398 0.332 0.734 0.358 -11.842466283486008 1.0255385532009742 -4.3267074248963775 3.0354700872759235 1.0
movable_object.barrier 0 0 0 568.4960033782355 518.6651138621183 598.1514095385696 587.5975368573085 0.419 1.045 2.166 -21.116413056026737 0.9992687962508315 -3.8711866680145883 1.5735027732453855 1.0
movable_object.barrier 0 0 0 1136.8682133192713 509.0395087034991 1210.5788876056788 547.6069232784038 2.005 1.065 0.402 -36.73164120958887 1.062485153512343 10.35775645522466 3.0493086080880865 1.0
