movable_object.trafficcone 0 0 0 65.67826557994935 585.7524774344129 149.73387139267155 707.6952015207038 0.419 0.735 0.378 -8.213049919617708 0.9943173469714913 -4.586723363060721 -2.8503731616009578 1.0
human.pedestrian.adult 0 0 0 -87.33019063622125 425.90527691694916 16.48020612628547 581.3369430721882 0.984 1.862 0.634 -15.685618773702208 0.15224351527129995 -10.527583181549268 1.6382340392607873 1.0
human.pedestrian.adult 0 0 0 1280.5196120300661 495.44655515601363 1307.5196985296107 554.9758432026289 0.459 1.711 0.592 -36.911373386999784 0.9767068453740043 13.922135759849464 -2.11090019233394 1.0
movable_object.barrier 0 0 0 1086.6422849564306 506.48832930427193 1168.9810929925861 546.821900480957 0.269 1.028 2.116 -33.951650424499945 0.9398293925932013 8.347330916742653 2.0951415088509426 1.0
movable_object.trafficcone 0 0 0 -51.52070830531867 520.036363973627 8.29540864889639 597.7548766938105 0.448 0.817 0.344 -13.816263636656666 0.7274878924754858 -9.139534811319614 2.852350976354983 1.0
movable_object.trafficcone 0 0 0 296.89090016403605 567.5565438671459 353.6219391322332 662.2007703635348 0.309 0.74 0.312 -10.414956320936794 1.0081873187200185 -4.034969954631465 2.0425816900179044 1.0
vehicle.motorcycle 0 0 0 114.9414126489015 447.46062856505074 245.1456627356982 533.9258447170458 2.431 1.862 0.891 -28.486001752003013 -0.01605708314830756 -14.286115277646925 1.568709589786316 1.0
movable_object.barrier 0 0 0 521.26878953089 506.427025629403 560.9133116776998 586.6064900137969 0.419 1.045 2.166 -18.097608783381688 0.7533009852316184 -3.9150946098380444 1.5765498865402403 1.0
movable_object.debris 0 0 0 284.2089024507252 481.2187366068628 342.3614886624766 523.6858443224162 1.05 1.193 1.223 -36.87095302145134 0.31595936860290064 -14.632634086289892 3.0139099518389934 1.0
movable_object.barrier 0 0 0 257.91980405466245 490.3367872171563 396.4854231023918 558.7278473235502 1.999 0.984 0.449 -19.366242958998814 0.4964059608448681 -7.475030181572671 3.047891075937578 1.0
movable_object.barrier 0 0 0 364.6965352188158 493.41622025400113 555.3357157443397 586.2068574983782 2.725 1.337 0.512 -19.282598512437605 0.7271895667448818 -5.402962727601344 -3.1127641747561654 1.0
movable_object.barrier 0 0 0 462.3397161093188 501.79138588426395 549.1958226870273 597.8572437595044 2.22 1.108 0.509 -16.01626257495274 0.6952831574014663 -3.888828808643844 2.0996959728076217 1.0
movable_object.barrier 0 0 0 1012.2098958843671 505.7478671371592 1090.593362440216 541.5766025737311 0.245 0.912 2.039 -34.030602961650196 0.8619057108103709 6.313796949311758 2.089184103661484 1.0
movable_object.trafficcone 0 0 0 145.7371325127184 583.410635602839 225.11770757090346 696.5148329200632 0.332 0.734 0.358 -8.80787606740687 1.0233419530381538 -4.382766440773272 3.038448736999708 1.0
human.pedestrian.adult 0 0 0 1307.4136415544638 496.16831703521865 1333.717565272904 555.08574684644 1.253 1.673 0.363 -36.70541816351584 0.9823079146792306 14.620528252608677 -2.481847094559777 1.0
movable_object.barrier 0 0 0 312.31571922114574 504.2177891030669 500.0598915220365 635.3174415436926 2.232 1.114 0.584 -12.082281309444122 0.6868631608916653 -3.8373360296726458 -2.2276396943441705 1.0
human.pedestrian.adult 0 0 0 1056.7878676135101 485.7831357432539 1079.8028926060044 541.1866951672775 0.485 1.534 0.358 -35.40330470865703 0.6123802894444664 7.044772309947598 -2.8921967027119972 1.0
vehicle.car 0 0 0 -38.65644874798479 450.0292941784655 197.18118239641083 521.0123008874549 4.814 1.66 2.128 -32.50436711525162 -0.1478442644576681 -18.827210073650015 1.568257119292987 1.0
movable_object.barrier 0 0 0 1162.890813024578 508.98275997767104 1243.8641994922393 551.258463233649 2.005 1.065 0.402 -33.73309148820985 1.0226281806135713 10.3000980180812 3.0479024441860787 1.0
movable_object.barrier 0 0 0 985.9084614151478 499.5571933411399 1047.2672705555203 540.9466061015297 0.633 1.14 1.65 -36.52376998936055 0.8209640201268171 5.778705415177563 1.9388403688836462 1.0
movable_object.barrier 0 0 0 119.70046553531603 485.47650784877095 262.38015330335173 556.4786877119745 1.935 1.037 0.502 -19.505556174321907 0.44830683053180603 -9.616620082020376 -3.1391640984487204 1.0
human.pedestrian.construction_worker 0 0 0 297.2759610702231 509.5950201988422 405.3062324608008 582.3672265523103 0.983 0.884 0.993 -16.47963385270833 0.6926114102905989 -6.051220752931178 1.7171106171533195 1.0
human.pedestrian.adult 0 0 0 1181.3355723001541 489.66100302391106 1205.9250572710528 540.2906473374778 0.499 1.357 0.415 -34.40005500382559 0.6342043515654783 10.248604349875428 -3.076948964352983 1.0
human.pedestrian.adult 0 0 0 582.3087603417398 474.57466524602705 609.5916797779306 527.3390614322697 0.618 1.683 0.572 -40.88371903927133 0.3038500870150646 -7.112407277773456 1.690807049209976 1.0
movable_object.trafficcone 0 0 0 219.6433647922558 561.8483802968715 291.0316441021504 671.5255400196793 0.348 0.788 0.341 -9.65280607903248 0.9439519251242499 -4.273695367972614 2.7930475032612083 1.0
