vehicle.car 0 0 0 106.60068642343738 410.4672171847867 499.9819422391752 583.8517766061003 5.975 2.9 2.495 -22.414288978176902 0.46379425729500917 -9.179282844316921 -3.1223127767007677 1.0
human.pedestrian.adult 0 0 0 617.0552313048129 442.2123300957575 639.771267299476 489.31223796419914 0.626 1.805 0.643 -48.45270871786656 -0.15745255123508772 -7.664944090061696 2.48745928278659 1.0
vehicle.car 0 0 0 -376.48091385727616 466.1746211256167 164.49993913071435 650.6311510562886 4.622 1.881 1.884 -13.911628056466027 0.9197776239394796 -10.162295265274636 1.5612900361641326 1.0
vehicle.truck 0 0 0 559.4980908673544 468.4686209860586 629.0764058873955 516.3189629200567 5.109 1.994 2.029 -55.01123363445588 0.962531484143269 -10.129577669109564 2.083253549096902 1.0
vehicle.car 0 0 0 37.359663306609164 474.3984098627673 378.7822214070294 599.4317100285708 4.393 1.827 1.859 -19.50239759189186 0.9973833579681374 -9.51016080689909 -3.122089578993883 1.0
movable_object.debris 0 0 0 1042.4072589188434 398.7368251068146 1617.95919485202 691.137198707749 7.583 2.086 2.983 -12.80503775313152 0.570826559118198 4.26914420052115 2.0777129094084668 1.0
human.pedestrian.adult 0 0 0 927.7523158310331 470.6270786132081 940.4921815838165 503.216389440729 0.702 1.766 0.666 -68.36856562922871 0.9224980502824136 5.869978709290212 2.154169810003232 1.0
human.pedestrian.adult 0 0 0 914.0496955788319 473.7351860749723 927.126800606736 502.4621981198425 0.728 1.67 0.669 -73.32278970540071 1.05841238322857 5.499739466128127 2.0553021358604155 1.0
human.pedestrian.adult 0 0 0 897.9267959118305 471.3081631950319 914.924531581121 505.2127320337658 1.088 1.752 0.789 -65.41521378284064 0.9515014727182463 4.165116640698955 2.1041770597657603 1.0
vehicle.truck 0 0 0 609.9762791992434 411.42653931061665 716.6452690821726 521.1288040822722 12.004 4.174 2.936 -53.813405353561144 -0.08491104912596414 -6.757382901753002 2.0885585258610764 1.0
vehicle.car 0 0 0 -671.7305928995106 453.5900014372896 35.669182449046225 680.8172903620091 4.514 1.803 1.901 -11.039861087008093 0.7877002954279363 -9.827137015454596 -3.1320344689386745 1.0
human.pedestrian.adult 0 0 0 932.5585880779323 468.99640104115224 948.4047546883053 499.4854420879726 0.865 1.77 0.808 -73.31236213247091 0.8335110645352825 6.662280072977183 2.0607069493181864 1.0
vehicle.truck 0 0 0 443.56535533254106 461.0550640776192 560.2172725632842 535.2877042435624 6.067 2.143 2.201 -39.361329801787015 0.8465854103718649 -10.058637298457507 2.1044365015294204 1.0
vehicle.car 0 0 0 -133.8307379684917 469.511084865441 293.58613318329475 622.2468378619368 4.523 1.902 1.85 -16.657128187010574 0.9649982867087492 -9.747803860251082 3.0993572928988593 1.0
