human.pedestrian.adult 0 0 0 444.24441643102097 431.5510938722056 475.81158604120986 505.83612747941106 0.625 1.807 0.635 -31.43223989081791 -0.5694175974819884 -8.837718638917423 -3.0323877670944395 1.0
human.pedestrian.adult 0 0 0 305.86227021613024 423.8533121264984 340.178453611426 502.93217945980933 0.512 1.669 0.744 -27.33820962474258 -0.609710827047983 -10.642561744594332 -3.0093176165605007 1.0
human.pedestrian.adult 0 0 0 357.2822394312363 420.49503915857366 411.5567752303811 531.9786260891352 0.523 1.953 0.769 -22.752323671559083 -0.2793940719349076 -7.753133104588605 1.6214844720394597 1.0
human.pedestrian.adult 0 0 0 243.23459778508553 418.084637064175 280.60054351154804 505.48410123403096 0.457 1.815 0.676 -26.844127864517937 -0.6313509296905114 -11.745946500774641 1.6012022762116205 1.0
human.pedestrian.adult 0 0 0 272.48285000500897 421.12784314579403 313.1416118735512 506.5201801337202 0.58 1.745 0.683 -26.364332282187153 -0.5764658763834396 -10.899052865127697 2.4481959090704404 1.0
human.pedestrian.adult 0 0 0 254.27387132722683 416.7922420732461 300.34226823982135 503.787442508552 0.583 1.861 0.742 -27.549193495510696 -0.6780435517015717 -11.724307299249988 1.7529629243035085 1.0
human.pedestrian.adult 0 0 0 411.21440676080914 421.39235569414313 450.51808768724317 505.02063372304156 0.679 2.026 0.885 -31.44265054393148 -0.7052254071578348 -9.562210086163573 1.6019633356831795 1.0
human.pedestrian.adult 0 0 0 348.66322169029553 426.1063984305087 378.126229767969 506.99905175892576 0.756 1.858 0.552 -29.687663953363003 -0.5888176511087806 -10.611596717132631 1.9551664440907617 1.0
vehicle.motorcycle 0 0 0 579.2264844271092 469.0167339099868 706.0584574941087 616.6566090198204 2.401 1.687 1.128 -16.206973927844285 0.5867892763690281 -2.1647328737914395 2.1002414523015904 1.0
vehicle.motorcycle 0 0 0 568.0486346147694 487.8393331222812 679.3029810208159 626.4562701732542 2.072 1.343 0.819 -14.032616077118265 0.6711060233070654 -2.0900092284584395 2.1125807811719852 1.0
