human.pedestrian.adult 0 0 0 455.07186722507686 480.14741276488087 496.6459717656749 564.5992932839306 0.675 1.766 0.565 -26.59841124701489 1.1070474346590802 -7.442637090240297 1.5526658463825704 1.0
vehicle.truck 0 0 0 1158.0693161914235 401.0874388545171 1403.669026472898 498.46919380333907 7.754 3.312 3.1 -45.54227834693916 -0.6714014446139387 16.344278554378697 3.1055040828160276 1.0
vehicle.car 0 0 0 273.6012143905665 491.23936575854185 440.73817419137447 554.596257768487 5.348 2.06 2.088 -43.78540056835054 1.8089002212334928 -16.390279837594203 1.5875260755054201 1.0
vehicle.car 0 0 0 594.4264733558679 441.0999096236816 739.9735687179432 571.1179731233075 5.223 2.129 2.276 -23.414422539291113 0.6558434167306211 -2.8255807939307545 2.1025846143779585 1.0
vehicle.car 0 0 0 715.6496493985723 446.45931034048965 1035.8277523130423 717.8783148875617 4.977 1.697 2.021 -10.470956315999146 0.766157793775238 0.2383413435788084 2.0922681499697733 1.0
vehicle.car 0 0 0 1140.8022510331 434.4026347376809 1340.3659665501423 506.52884930261916 5.198 2.0 2.075 -37.01533935236249 0.039550940750896935 12.13682955427076 1.5494770475264499 1.0
vehicle.car 0 0 0 172.94750735668796 493.98768640603396 297.15295638040095 594.4383880431975 5.102 1.785 2.057 -25.28987370206712 1.4088655971713169 -11.919787220651394 1.8509019020967958 1.0
human.pedestrian.adult 0 0 0 487.50851131989856 473.74801118551477 526.872294172901 559.0700615328245 0.672 1.835 0.518 -27.317291227191586 1.0089784411488334 -6.961442694373699 1.5546454944359667 1.0
human.pedestrian.adult 0 0 0 516.9460236284938 478.6106107313263 559.5203691753112 556.1722477291887 0.741 1.617 0.631 -26.597702611047364 1.0011161792977952 -6.116907077389825 1.5485635447926516 1.0
vehicle.car 0 0 0 1416.8745739834205 346.0509118053972 2066.244606505447 736.9417849285147 5.606 2.128 2.392 -9.857541690302508 0.45777310793381804 6.407643279982892 1.908204340343742 1.0
