movable_object.barrier 0 0 0 328.15160093898726 473.96029772722096 374.12710710923875 511.7019921041169 2.453 1.198 0.528 -41.10288018892808 0.732398518387489 -15.576286310969436 2.099047750624143 1.0
vehicle.truck 0 0 0 5.517984508520664 431.04526279816116 322.7575375683939 582.4023754219576 6.067 2.143 2.201 -20.866197461619855 0.5369184436149651 -10.644952846820557 2.112044676205289 1.0
vehicle.truck 0 0 0 391.44421917610305 453.3048139740862 514.7469393191694 527.1569276734691 5.109 1.994 2.029 -36.58758738437753 0.5605526374204812 -10.782081696816245 2.0908829643419615 1.0
human.pedestrian.adult 0 0 0 946.8823740637654 460.1936402041665 965.0008194516587 507.42409469785207 0.702 1.766 0.666 -47.31020228056164 0.519158307714227 4.885266588634084 2.1501792329080827 1.0
movable_object.barrier 0 0 0 263.7837445694803 473.30178824503037 316.4343569100376 516.3628533639117 2.243 1.219 0.536 -36.68499633059884 0.7100825561638274 -15.685717623411621 2.0989564402821888 1.0
human.pedestrian.adult 0 0 0 935.8229112660152 463.2904654488865 954.363103911727 503.7896614026208 0.728 1.67 0.669 -52.141637003316966 0.561838837143258 4.929559840504458 2.0668418626169327 1.0
human.pedestrian.adult 0 0 0 447.4703116773315 423.54991069348966 486.75571566073177 500.2414971680217 0.626 1.805 0.643 -29.899368323713635 -0.18973882773540107 -8.576245911023031 2.8760670482040886 1.0
human.pedestrian.adult 0 0 0 897.750801605462 461.1490503210129 918.1661161029124 504.313238527731 1.088 1.752 0.789 -51.53401869833936 0.5209218962015049 3.3426484379995935 2.0789975041182487 1.0
vehicle.truck 0 0 0 448.50253533134077 361.4935120299367 647.6031937443317 540.432046298611 12.004 4.174 2.936 -35.34462185555164 -0.42068742463296493 -7.380307066601628 2.0961827825362125 1.0
human.pedestrian.adult 0 0 0 959.3252855507927 459.74472388081836 981.1991140796674 502.71391076818435 0.865 1.77 0.808 -52.17894797348039 0.4661828243717294 5.9801743362763835 2.092832519536641 1.0
