movable_object.debris 0 0 0 991.1366841043057 474.1085764261393 1083.3275591918027 527.6372952427126 6.973 2.0 2.311 -51.50171430033329 1.2333755928704613 8.533448520692927 2.123127774049461 1.0
movable_object.trafficcone 0 0 0 21.522029139059775 470.3525553515759 63.0495675724438 542.7617222945657 0.408 1.293 0.457 -22.767512921073532 0.6611181265522681 -14.251086332763865 2.8426604111367944 1.0
human.pedestrian.adult 0 0 0 604.370003463189 475.4336417363332 623.2314259267433 514.7824266097981 0.675 1.752 0.692 -56.61702519764293 1.1334471095284546 -9.613640163778868 2.0972110951327743 1.0
movable_object.trafficcone 0 0 0 157.42213475896733 474.95113977041404 187.81324122515738 536.5923562306094 0.424 1.324 0.383 -27.297182306417476 0.7769111234232837 -14.246699835795463 3.116942411673282 1.0
movable_object.trafficcone 0 0 0 340.4757794252311 473.87595567174 357.3099335930132 521.664458642461 0.327 1.39 0.327 -36.79824763282525 0.8147588636764482 -14.029952951414776 3.137622671983703 1.0
movable_object.barrier 0 0 0 -72.50304469847093 476.00962196384 25.343175535688182 520.0273123529701 3.17 1.163 0.475 -34.99427221391305 0.7719045404222081 -23.685389357654586 2.087032597757049 1.0
movable_object.trafficcone 0 0 0 982.8283892370255 492.5216523448525 994.7675504724486 525.2603717216614 0.416 1.305 0.394 -50.54521884731955 1.5668941594703292 6.543490778906139 2.1099033493117787 1.0
movable_object.trafficcone 0 0 0 447.83918471954485 476.8500373443945 461.7791879037409 512.8440178697592 0.377 1.357 0.402 -47.72789450460244 0.9460260340475792 -14.162324354016548 3.120726374707404 1.0
movable_object.debris 0 0 0 1029.2569126907274 483.61465691237515 1133.834318949006 535.1159004005519 4.553 1.606 2.542 -42.85098236715084 1.3229634386889553 8.78603125584277 1.870928786331178 1.0
human.pedestrian.adult 0 0 0 1098.775841670788 458.91799565613917 1176.3509218830297 604.3604584303548 1.088 1.752 0.789 -15.81830162900541 0.7579450706862427 3.9086799917536212 2.0307290639675513 1.0
