vehicle.truck 0 0 0 1111.5221661828539 419.74113860192267 1339.2125322827706 505.8166977945574 8.539 3.357 2.484 -51.66240390284684 -0.25869952417252357 16.309619308102683 3.098448024557257 1.0
vehicle.car 0 0 0 1368.459460015804 444.3095231469635 1885.042180260962 772.9572980270071 4.671 1.753 2.145 -9.252983323609103 0.7952245577267183 5.378868594500419 1.8941547091525095 1.0
vehicle.car 0 0 0 788.2248665309728 455.9651927650156 951.701771692599 610.7421717861852 4.595 1.858 1.963 -17.519526119731896 0.817706768742899 0.5713958956638616 2.063908901692396 1.0
vehicle.car 0 0 0 1441.7268412367405 441.65358093036355 1614.3094325849938 495.6411040401849 4.866 1.814 2.189 -44.47208145176513 -0.024881321104962453 24.824368752295726 3.141267508975048 1.0
vehicle.truck 0 0 0 1147.4952540074341 409.4012528672942 1403.6457806664814 504.72476953049636 8.131 3.239 3.046 -45.37138710336302 -0.4183140735350273 16.09113401284674 3.11632773732346 1.0
vehicle.car 0 0 0 1398.748615521973 444.1729890815663 1518.7190340424484 486.6357424255131 4.533 1.867 1.98 -58.248367927134716 -0.1932561045027823 29.3334841734033 3.0715603128493143 1.0
vehicle.car 0 0 0 427.62442231686515 500.5907631752184 497.4604201753597 545.6146952471465 4.756 1.496 1.871 -44.96299681175299 1.8611650543120333 -12.996195828089698 1.9925236645122428 1.0
vehicle.car 0 0 0 593.337847242882 470.3924219546684 735.3769512910476 585.8014194536346 4.799 1.876 2.148 -23.064618773680774 1.00726225669711 -2.849643738147787 2.09767697357628 1.0
vehicle.car 0 0 0 187.36265386944476 491.68552772294754 402.5075813855069 596.3737777798742 5.483 1.781 2.079 -24.400156945986353 1.3364416009016573 -10.116960694883835 2.061647305793697 1.0
vehicle.car 0 0 0 710.2952445446473 472.37576977304275 1045.139055382297 713.0130819014514 4.813 1.469 2.06 -10.1827794627946 0.811380767330989 0.33562805726182554 2.0705742248891212 1.0
vehicle.car 0 0 0 452.3923669272922 473.927284574328 658.5348830754499 617.34827578079 4.131 1.657 1.816 -16.729610053596556 0.9281414264171703 -3.4526540288333813 2.070844031594742 1.0
