human.pedestrian.adult 0 0 0 1520.5888152870234 421.28221221376015 1597.0126222768308 531.1163549548179 0.869 1.851 0.905 -21.697410217206347 0.11679097750066185 12.664241932215136 1.5631232913860522 1.0
vehicle.car 0 0 0 710.4100818921819 476.2197822526135 1045.3185467960616 716.9313816141693 4.813 1.469 2.06 -10.182169646326429 0.8351945441039718 0.3367031304001421 2.0704908275742024 1.0
vehicle.car 0 0 0 413.1707180556778 471.8561236829241 651.010405240353 631.7369282473619 4.131 1.657 1.816 -15.21211856932572 0.9014490245813009 -3.383673352677323 2.0614891013905563 1.0
human.pedestrian.adult 0 0 0 1522.5880723842408 427.53334500229715 1578.833804082142 525.1935379452284 0.756 1.78 0.6 -23.269614913503766 0.1256569263178758 13.44039126571466 1.5752782364446638 1.0
vehicle.truck 0 0 0 1111.6129349687765 419.5338988952174 1339.325009620289 505.6467089363522 8.539 3.357 2.484 -51.66101731213523 -0.2663904482493617 16.31334056827286 3.098280770311737 1.0
vehicle.car 0 0 0 787.9030450350277 455.57529491599905 952.3781774901066 611.2984216514348 4.595 1.858 1.963 -17.429438666938307 0.813940322854221 0.570583443718915 2.0638264554183756 1.0
vehicle.truck 0 0 0 1147.5861585347966 409.182303457985 1403.762144599228 504.54688677910656 8.131 3.239 3.046 -45.37000187116499 -0.4253753967278938 16.094357674807423 3.116159638863814 1.0
vehicle.car 0 0 0 1441.8797232642835 443.3330358459992 1614.4901769530063 497.3106967078678 4.866 1.814 2.189 -44.468678213093014 0.03370462768574609 24.828365185371137 3.1410982549177717 1.0
vehicle.car 0 0 0 593.8477802816265 468.21197749401193 739.7059369645054 583.5177161903673 4.799 1.876 2.148 -23.076215242077435 0.9711037524442233 -2.803914143605962 2.0873156540235716 1.0
vehicle.car 0 0 0 1398.8584528898957 443.9376416839589 1518.8425801494589 486.42150646618285 4.533 1.867 1.98 -58.24601079198299 -0.20368442555298355 29.3377096441661 3.071394353276368 1.0
vehicle.car 0 0 0 1264.6706414534085 435.06214153506147 1468.0821495199339 504.6139613127627 4.949 1.902 2.112 -36.31619654773749 0.01669843419856025 15.562370932975995 1.5498957012583547 1.0
vehicle.car 0 0 0 1365.727070822874 444.30790381232663 1863.2570966062394 772.4269959884721 4.671 1.753 2.145 -9.267728388720457 0.7943645764095004 5.316395400021307 1.8852941192875186 1.0
