vehicle.car 0 0 0 788.1194275800455 456.3336731113862 952.3152021908539 611.8002832016864 4.595 1.858 1.963 -17.46160734127205 0.8243490423580964 0.5728134310859812 2.0632211480683784 1.0
vehicle.car 0 0 0 3.9373016489660944 512.9748636445539 212.5577546168199 578.5321379802922 4.924 1.759 2.281 -35.93623697315782 2.152609782448785 -20.55492086227774 1.5619528461964869 1.0
vehicle.car 0 0 0 -131.99377495786217 511.03915228638255 158.94549165660536 626.787060813474 4.587 1.758 2.222 -22.210834655768963 1.6463575421567285 -14.145754466012292 2.0806845924802886 1.0
human.pedestrian.adult 0 0 0 893.9655836432913 462.3905971099126 940.6369502427141 550.1093399415421 0.807 1.788 0.961 -26.1280110706202 0.7540270716338217 1.8985250212787164 1.5640442809627242 1.0
vehicle.truck 0 0 0 1147.6501999368106 409.6077185157762 1403.8874916001616 505.0751486390784 8.131 3.239 3.046 -45.36963616262335 -0.4079234714671156 16.097498637501335 3.1157835143336694 1.0
vehicle.car 0 0 0 593.9693361894239 466.0270442640599 735.2710402688894 581.4478949731056 4.799 1.876 2.148 -23.072681910062904 0.9367032499750976 -2.846431473201823 2.09870857524852 1.0
vehicle.car 0 0 0 707.2329243358671 472.9398670678875 1042.1718608710294 713.7585996281086 4.813 1.469 2.06 -10.183472090338862 0.8165140793893392 0.31729066794870364 2.069886654500656 1.0
vehicle.car 0 0 0 1398.9526718049926 444.3050006250637 1518.9710428561152 486.84130434157225 4.533 1.867 1.98 -58.2444139769964 -0.18536176515602115 29.342032850429046 3.071006970890398 1.0
vehicle.car 0 0 0 1368.0111102626108 444.78826082661146 1865.7342718480081 771.7879161978556 4.671 1.753 2.145 -9.29094515311011 0.7978786192574938 5.34836405102977 1.8846629988354051 1.0
vehicle.car 0 0 0 300.4826055753537 468.0395122033286 611.5224576888658 671.409561893829 4.131 1.657 1.816 -12.415152423984516 0.867277148514436 -3.419386331636989 2.069457748852173 1.0
vehicle.truck 0 0 0 1111.6836169768967 419.98410262183535 1339.4498179453656 506.1915749368991 8.539 3.357 2.484 -51.660549463210714 -0.24575708256848966 16.317082122316776 3.097900129559677 1.0
human.pedestrian.adult 0 0 0 934.0121014901787 461.391571938461 984.9648676244467 556.9858400266926 0.869 1.851 0.905 -24.814710398111043 0.773996053690154 2.638887488819027 1.5646757169735093 1.0
vehicle.car 0 0 0 1441.9139311583683 441.0121170248596 1614.5611788278302 495.13792223246855 4.866 1.814 2.189 -44.4693096017038 -0.04513588631701153 24.830525103266957 3.140728475667972 1.0
