vehicle.car 0 0 0 594.5347429764184 470.2538087899223 740.3362736055308 585.6334661277906 4.799 1.876 2.148 -23.072600935688634 1.0051991574031622 -2.791380359047442 2.087076619885158 1.0
vehicle.car 0 0 0 1398.9617588305443 443.6530565629634 1518.9681222992504 486.18089060849053 4.533 1.867 1.98 -58.24365670109123 -0.21586000820693169 29.341823525113007 3.071085380633396 1.0
vehicle.car 0 0 0 1365.6953287992137 434.60476293791305 1863.0358750730636 762.5394603319875 4.671 1.753 2.145 -9.270380087382456 0.7422023324198765 5.317323441476563 1.885095797604615 1.0
vehicle.car 0 0 0 361.2282504865278 469.4036054173878 630.9886993050969 648.9834783477271 4.131 1.657 1.816 -13.781005412001784 0.8766940095366849 -3.416202774759765 2.067343465611109 1.0
human.pedestrian.adult 0 0 0 1345.9463372005278 433.9971299365691 1390.5687641160023 526.8879319156122 0.756 1.78 0.6 -24.441357430917357 0.2109888899765765 10.567257509683216 1.59603139523358 1.0
human.pedestrian.adult 0 0 0 1332.0873021348252 429.69143518073554 1394.2942643136441 533.6685188897488 0.869 1.851 0.905 -22.89021857895396 0.22089553868051415 9.790386786692043 1.565360939088654 1.0
vehicle.car 0 0 0 145.16287240025096 503.74363513783857 282.0442160376479 590.2664969328264 4.924 1.759 2.281 -28.75681047731697 1.6739903971873986 -13.923741930809507 1.9005599339069787 1.0
vehicle.car 0 0 0 270.31603563159223 509.7487304967205 392.96648675714636 549.3601000810322 4.549 1.556 2.367 -53.95900173813214 2.5304418805077766 -21.307977538508514 -2.751020942032925 1.0
vehicle.truck 0 0 0 1147.662689794411 408.9376501778048 1403.8818210274044 504.38825942556724 8.131 3.239 3.046 -45.368682858194994 -0.4324592024039123 16.097381017637954 3.115849900906043 1.0
vehicle.car 0 0 0 787.9648122288488 455.4913233020505 952.4950024232554 611.2715201735058 4.595 1.858 1.963 -17.429375763056456 0.8131917008884499 0.5718531724835813 2.063591254191275 1.0
vehicle.car 0 0 0 710.4094903583702 472.0762941661673 1045.3807221585164 712.880667247219 4.813 1.469 2.06 -10.182647554666234 0.8097434552331857 0.3371120739879017 2.0702545194389845 1.0
vehicle.car 0 0 0 708.4078986381186 481.24239278546526 863.9932811275633 542.7769607333889 4.949 1.902 2.112 -41.145104484174944 1.3636126116221914 -1.3770185645329176 1.675252477837783 1.0
vehicle.car 0 0 0 1441.9431058033047 441.08214393684347 1614.5772485897598 495.1632296814634 4.866 1.814 2.189 -44.46808391783902 -0.043449729977094315 24.830680633418407 3.140788155528706 1.0
human.pedestrian.adult 0 0 0 99.96068215140701 509.676259745504 122.31129144827528 545.7074486506478 0.815 1.73 0.672 -61.204865005964415 2.8126750989816474 -34.94877996777448 1.5690417400213006 1.0
human.pedestrian.adult 0 0 0 1314.0457928569942 435.15909425058055 1365.3607151970625 530.7008279473424 0.807 1.788 0.961 -24.05558779528327 0.2556340747726964 9.840174573769184 1.57647465154293 1.0
vehicle.truck 0 0 0 1111.6921206272036 419.3129268136569 1339.4421216539731 505.5043680080775 8.539 3.357 2.484 -51.6596855918265 -0.2737319584626152 16.316915223334256 3.0979713200132393 1.0
vehicle.car 0 0 0 1103.8024037877044 456.3489092581743 1287.6104247131575 518.5916652020148 4.846 1.665 2.211 -35.87196828673813 0.5170156523446028 10.453134402856085 1.5612359091118515 1.0
