vehicle.truck 0 0 0 1351.8459886622495 386.5006501012752 2008.7027312804635 538.6145545103417 6.019 1.91 2.076 -12.409231298194332 0.5338729903178486 14.582387427981127 -2.7786647587722504 1.0
vehicle.car 0 0 0 1272.2646908836414 419.7692469785174 1475.795375912701 474.79013928491185 4.844 1.696 1.988 -26.89945352929664 0.8755097813777855 23.167363723595425 1.6333767527795198 1.0
vehicle.car 0 0 0 975.7602087484955 406.26637711716023 1192.16470263487 542.7960534838741 5.182 1.66 2.059 -12.381001039478763 0.6603133653395754 6.474170985133977 2.508931461360447 1.0
vehicle.car 0 0 0 1276.8131130540303 422.7403442319602 1513.9861513197113 475.77385493541715 5.05 1.442 1.89 -24.241235451416525 0.8445226424328882 21.458417133543314 1.6333767527795198 1.0
vehicle.car 0 0 0 1031.7279518258458 416.50535669785626 1090.0355042998847 435.7216148005973 4.928 1.79 2.376 -76.72935559415355 0.6333119599922865 36.706778977663944 -2.78895701012598 1.0
vehicle.car 0 0 0 1250.5760987558638 406.75923731955174 1438.2031684495498 464.91386574140625 4.978 2.0 2.3 -29.628159178598416 0.5612525322039998 24.44338443691157 1.6333767527795198 1.0
vehicle.car 0 0 0 795.0710546818037 404.83368779016547 1015.3008945970423 482.49451742006465 5.734 2.0 2.161 -22.87256329611247 0.6190007697024935 6.422627948528337 1.6360822049848895 1.0
vehicle.car 0 0 0 628.8260609491525 389.06337451599495 904.1538946257343 501.55888078585957 5.063 1.959 2.124 -16.010723977569103 0.44505756222313764 1.7145553145230117 -2.8031425875504308 1.0
vehicle.car 0 0 0 1223.489511021912 406.8348307340263 1425.730794334561 463.4744227698678 6.318 2.213 2.471 -33.79135294188863 0.6104575175975505 27.002445311278084 -2.7868461361759618 1.0
vehicle.car 0 0 0 720.9761615682876 398.15286994283946 946.488952502638 491.86359983837883 4.652 1.901 2.013 -18.23878739132505 0.5139333984536364 3.4902282977793275 -2.766811333689313 1.0
vehicle.car 0 0 0 830.6438590825971 395.56160123691905 1027.630457457109 470.81501176343374 5.676 2.177 2.198 -25.370801749478797 0.3937277502750782 7.909344362925956 -2.804945458395311 1.0
vehicle.car 0 0 0 1005.3885828484708 405.4259760843692 1091.1828153105662 436.7108006465244 5.051 2.0 2.058 -53.13988946157636 0.10742265351981528 24.569743218577802 1.6367935602498331 1.0
vehicle.car 0 0 0 612.7342664350227 412.14032684189186 809.8990036003519 517.8546107489622 2.943 1.6 1.572 -13.517800188637931 0.6862575634050121 0.5344593260500152 1.6493821535960231 1.0
movable_object.debris 0 0 0 952.2593872535784 460.38073786358626 990.1844638269338 481.9082526172182 0.717 0.419 1.198 -19.114292359426685 1.2335048918827014 7.007066354425429 -2.812595149315894 1.0
vehicle.car 0 0 0 1324.26273563698 397.99343288983584 1600.0273558638964 487.62720501464787 4.405 1.961 1.89 -19.326061878698944 0.5076769367588001 18.63982941615183 1.6333767527795198 1.0
vehicle.car 0 0 0 938.7956503807939 419.2052137950716 1046.8282171381059 453.7397041226925 4.757 1.611 2.077 -39.70835133280999 0.8121852767917286 15.594174760795607 -2.780706159467554 1.0
vehicle.car 0 0 0 1474.8292776778032 393.7788417422559 2218.733999798053 570.208794755325 4.732 1.705 1.875 -9.608808540220474 0.5984661301085075 13.172551585439503 1.6280898145484812 1.0
vehicle.truck 0 0 0 1527.1980407955311 309.01291332908005 4108.312036415216 848.346451699712 6.022 1.953 2.156 -5.349233483262655 0.5677300659282354 10.346930126627004 -2.7665689588462126 1.0
human.pedestrian.adult 0 0 0 967.0326369389638 399.962649655435 1017.6645646258651 485.1347331806314 0.917 1.917 0.612 -18.419516077616276 0.5225296082896311 7.227903544122803 1.6131860673701732 1.0
vehicle.car 0 0 0 321.5204406009263 423.93554155587424 728.177524350605 592.1330817448732 4.072 1.433 1.885 -8.734394169605045 0.7857411667576215 -1.7092962020198408 -2.808831246225444 1.0
vehicle.car 0 0 0 1411.955806071978 392.98217801062276 1827.493652093199 513.092435013836 4.547 1.902 1.724 -14.451163013033366 0.5275372243024657 16.559423778178786 1.631619477587587 1.0
vehicle.car 0 0 0 766.24595555079 402.9282335054547 960.0664755618086 481.815124756893 4.513 1.844 1.921 -20.603779512669515 0.532292804557916 4.719348795609562 -2.7789074296716834 1.0
vehicle.car 0 0 0 950.944928885218 405.2541415469934 1053.2593547376375 441.0222653703768 4.785 1.799 2.092 -42.22881825619673 0.18681074291390898 17.07762418038875 -2.780706159467554 1.0
vehicle.car 0 0 0 12.46746615518175 409.2045350854067 617.9277895343399 687.9973128259502 4.565 1.532 1.864 -6.244521351097869 0.7029295801142114 -2.9205078221659004 1.6288772851891036 1.0
