vehicle.car 0 0 0 -38.49459347543342 435.34891372275774 127.22260517473624 480.2296423357095 4.407 1.492 1.931 -29.084119612301695 1.3741763835010894 -23.013191376562784 3.105122760986017 1.0
vehicle.car 0 0 0 1174.206641117992 406.01999677125366 1522.087906027593 518.7753731606007 4.516 1.761 1.957 -13.728565186312679 0.6659682550611994 11.338171806247205 1.583471328078863 1.0
vehicle.car 0 0 0 877.8446041228744 396.49705305337676 996.050501846823 445.43629639406447 4.277 1.98 2.08 -33.62828479066432 0.055934422224384384 10.799525919793098 1.5823325089478306 1.0
vehicle.car 0 0 0 642.806861918104 405.7379062576353 718.2326094800999 472.2520911158665 4.787 1.839 2.073 -24.584343676214406 0.5216615290036728 -0.06348767590744474 2.0746223232297787 1.0
vehicle.car 0 0 0 -207.96326913540176 421.3777246708319 215.76525387012003 545.7300970734934 4.811 1.727 2.029 -12.530454920405983 0.9210374976693153 -10.292291745702059 1.5824143936341253 1.0
vehicle.car 0 0 0 819.894690753144 418.3725141046592 911.8871656335355 447.3134856669947 4.331 1.444 1.984 -41.887193613573054 0.6943274428578309 9.755653606681099 3.119714414104572 1.0
vehicle.truck 0 0 0 869.0957879725479 407.66047684101875 1075.9715438872038 471.29539216966344 6.283 2.066 2.312 -27.49416454980502 0.6491404536938754 9.982758220315457 3.1074420957924556 1.0
vehicle.car 0 0 0 1085.915362590133 407.3327829148792 1361.2396628747902 498.23464252046887 4.454 1.736 1.863 -16.414960373080262 0.6345645083759839 11.058084846165082 1.5823325089478306 1.0
vehicle.car 0 0 0 231.65233769577628 416.6286125288771 430.72085581163486 474.6731691846673 4.935 1.573 2.167 -23.480359504790293 0.728259569416827 -10.064177162085047 1.5844330790819345 1.0
vehicle.car 0 0 0 839.2698473550705 403.2350271704019 956.3986353125315 445.4800787424337 5.205 2.0 1.975 -39.09633902893434 0.23462268853281554 10.644099568037785 3.126650774325439 1.0
vehicle.truck 0 0 0 857.6079576744064 400.3528234994134 1009.5693702478129 455.7413490042881 5.011 2.019 2.571 -30.63613762596208 0.3099189898310038 9.649869369259717 3.1389242020135057 1.0
vehicle.truck 0 0 0 956.0649178599185 404.23715453730523 1237.7537884533451 490.80089537083063 5.68 1.954 2.294 -19.429473291050016 0.6304565397417528 9.986606898662234 3.119714414104572 1.0
vehicle.car 0 0 0 -230.0880739993874 437.9849479076607 13.959342804221714 494.8480600770106 4.835 1.487 2.248 -23.595423322621773 1.3495104893016912 -23.073171650990304 3.1008155606534666 1.0
vehicle.car 0 0 0 925.4282033066295 409.8420774526297 1098.700405098913 466.2377844891405 4.559 1.667 2.055 -24.961417298468525 0.5486544238195794 10.317135131372908 1.5823325089478306 1.0
vehicle.car 0 0 0 80.79890424564013 429.9951608814656 357.5052194439064 510.7235992190477 4.92 1.599 2.188 -17.969823322705317 1.082834722540669 -10.117735044053429 1.5844330790819345 1.0
vehicle.truck 0 0 0 1383.4718214225327 371.72564852043683 2240.5165062154656 585.5554896342572 5.588 1.846 2.262 -8.121836602317378 0.5028095615118181 10.942855697130389 3.13198757475553 1.0
vehicle.car 0 0 0 129.0622157439938 409.0535943493304 266.8884585855416 462.4880500892735 4.884 2.335 2.229 -36.37315772056604 0.7139184874089487 -21.813373070769742 3.105122760986017 1.0
