vehicle.car 0 0 0 845.8438382880449 391.3465624049202 1082.6400119861964 470.5095950844545 5.051 1.835 2.224 -19.79320476869793 0.2629769745606675 6.918329413738751 1.5842812024935409 1.0
vehicle.car 0 0 0 1007.9625499490757 394.1258213802582 1396.8375987544307 522.7441413931939 4.326 1.662 1.845 -11.314702837005745 0.50314763237995 7.214013450191728 1.5844826135688281 1.0
vehicle.car 0 0 0 717.2406179217041 397.2448102456826 782.1073945097692 420.66795250388776 4.875 1.829 2.275 -64.20214406967327 -0.8255304150587269 5.6458264373129 1.5857533415896503 1.0
vehicle.car 0 0 0 1338.0604926682427 410.31305561544207 2307.9624066831598 678.4205556094181 4.499 1.522 1.903 -5.660875816410941 0.7096500023101877 7.6399744723591825 1.5857161294905753 1.0
vehicle.car 0 0 0 -4145.5833841641215 406.1854136790117 61.2845046309363 1465.2431585062873 4.445 1.533 1.827 -2.2443502594429483 0.7429801971854617 -4.7288855889680885 3.078654451715309 1.0
vehicle.car 0 0 0 268.6450799705413 397.67551353926495 534.4038167578848 480.71574482387507 4.545 1.507 1.899 -15.55915651572952 0.3580910913633236 -5.229394064194141 3.097190920867952 1.0
vehicle.car 0 0 0 966.7057989734454 406.2352684279181 1281.7985352862243 500.631870058476 4.486 1.525 1.802 -13.93761515656573 0.54829791188142 7.599534417403591 1.584031069653717 1.0
vehicle.car 0 0 0 892.5692845330552 386.175929426759 1179.7539489857263 485.34624311824837 5.07 1.918 2.048 -16.616934317590538 0.31549819157568326 7.279481103732811 3.092729639936344 1.0
vehicle.car 0 0 0 328.22964387520403 391.18844317238376 548.5582555826173 472.88497375968296 4.497 1.766 1.919 -18.418957832788657 0.2664885638616574 -5.424341246531094 3.1369593684099426 1.0
vehicle.car 0 0 0 850.5681676613368 398.95314503738666 1034.679678973513 466.7044069359155 4.512 1.828 2.159 -22.79721428838859 0.3585926090550483 7.411800239673343 1.5842812024935409 1.0
vehicle.car 0 0 0 476.9644899037942 380.9863832012828 629.8161092496405 441.6551932217819 5.803 2.313 2.19 -31.858127562202945 -0.31544429686090136 -4.900482363234672 1.5844188345558168 1.0
vehicle.car 0 0 0 1130.6818861717163 411.5603592314537 1681.3737519338072 571.3644383119055 4.164 1.485 1.891 -8.461891560930242 0.6736456700874487 7.404529177191339 1.5843890390607047 1.0
vehicle.car 0 0 0 625.9016981570791 394.31034712873554 700.2600003828644 421.88439267886304 4.789 1.788 2.238 -54.21987882514575 -0.7510155893166283 -1.043298402951365 2.610231423607128 1.0
vehicle.car 0 0 0 -852.9285873163692 395.7186863758598 241.31573143567684 731.7403791569551 4.147 1.589 1.783 -4.759185120954508 0.6797594454363892 -5.183597317292034 3.1031655895450765 1.0
vehicle.car 0 0 0 -192.26768499635313 391.4876823732682 360.98729850582305 584.4274154843948 3.993 1.615 1.733 -7.623722809229176 0.5700837690912122 -5.380526437718319 3.140289709617914 1.0
