vehicle.truck 0 0 0 809.8892875195133 407.6393518314304 943.2876452446653 450.2358158819154 6.283 2.066 2.312 -41.252979534841494 0.4734574808840817 10.125681637424282 3.125364378496937 1.0
vehicle.car 0 0 0 -264.0388216362896 422.7491893762384 197.08770253846498 565.765270545646 4.551 1.712 1.969 -10.94258234222597 0.9428601319437048 -9.48777102081691 1.5806087928169736 1.0
vehicle.car 0 0 0 294.0253549927832 418.21327867695925 459.6010196819469 473.7013050905104 4.811 1.727 2.029 -26.957683098714753 0.8640785709148828 -10.091653646121257 1.5806773153620375 1.0
vehicle.car 0 0 0 139.21733169873403 426.4585976631206 268.70387581477524 460.55328362703233 4.835 1.487 2.248 -38.33310096311978 1.139030103646959 -22.715830176288407 3.118732810327524 1.0
vehicle.truck 0 0 0 849.1811501671046 406.74678115763476 1001.6018183985628 456.4385288448639 5.68 1.954 2.294 -33.57550238732116 0.489495964763641 10.260797944154408 3.137645485134863 1.0
vehicle.car 0 0 0 847.0197091868806 409.00018782261117 953.1538019183857 445.30263979717125 4.559 1.667 2.055 -38.85002340090159 0.363402885003414 10.698812341790672 1.5806369547336185 1.0
vehicle.car 0 0 0 983.3493823665372 414.17914725527106 1213.8221411595878 478.8714294271954 4.612 1.466 1.937 -19.59836238971755 0.6375448961361487 10.141031499363258 3.084141458348827 1.0
vehicle.truck 0 0 0 1093.1269605536145 386.1226067957948 1531.4058489477038 516.9871313103816 5.743 2.044 2.375 -13.993903329576181 0.513050482506521 10.76101842194754 3.1168145438610084 1.0
vehicle.car 0 0 0 92.69215031565724 422.62954441334 230.3632833678358 471.0618586188509 4.706 1.989 1.995 -35.21229162751635 1.1845474343577203 -22.734994294217383 1.5807665603643217 1.0
vehicle.truck 0 0 0 1037.8069387809062 386.8820333233818 1390.3627449071403 491.1291661652142 5.926 2.0 1.971 -16.690400963416106 0.39196358455341074 10.931360647595705 3.087345598213063 1.0
vehicle.car 0 0 0 366.60696506009447 425.1374969384115 503.0724869499341 468.7618122336871 4.92 1.599 2.188 -32.32770154890888 1.0864708327988268 -9.777264513942434 1.582038783652103 1.0
vehicle.car 0 0 0 -577.7180594798392 444.7654105876469 46.342471017083525 614.8570314715832 4.125 1.422 1.921 -8.188246907626377 1.0347607614448038 -9.3213240682881 1.5806087928169736 1.0
vehicle.car 0 0 0 -45.39018530134543 417.63015350529713 306.77656821164675 524.1578048463767 4.505 1.599 2.121 -13.706050923004668 0.805175895192315 -9.14246759772487 1.5816102491405797 1.0
vehicle.car 0 0 0 299.0009152086365 412.6446858161555 390.5213838879357 451.01676687612684 4.884 2.335 2.229 -50.94093869448806 0.7744393920590017 -21.26384004115766 3.1230433050597286 1.0
vehicle.car 0 0 0 416.22507153332776 418.2809211327541 529.9444017470746 454.11332787801217 4.935 1.573 2.167 -37.987549998606355 0.7777161675802563 -9.70794580677899 1.582038783652103 1.0
vehicle.car 0 0 0 934.8395257262035 406.27517415323274 1087.864506461241 460.3420602378933 4.516 1.761 1.957 -27.82959350799249 0.4593824602454192 11.510601659661084 1.5813370365588781 1.0
vehicle.car 0 0 0 1279.7394785210126 402.61456351348926 1772.691839165602 543.3603797864816 4.675 1.695 2.026 -10.955363436649746 0.656213647040576 11.332402379909631 1.5805308536114753 1.0
vehicle.car 0 0 0 219.60643267553726 426.05257055386636 318.7011760949402 455.54905429448786 4.407 1.492 1.931 -43.74006430985055 1.1619816017399405 -22.396013672889936 3.1230433050597286 1.0
vehicle.car 0 0 0 634.2357562706062 398.5092212065753 738.0541475579707 491.03281271541545 4.787 1.839 2.073 -18.4713043052878 0.4904383459367522 0.07077903295456045 2.0883426079059726 1.0
vehicle.car 0 0 0 1419.9634970018747 385.84832402308734 2126.087900890129 586.5295809365178 4.795 1.825 2.036 -8.507282696999855 0.6151778313557523 11.224408148643922 1.5805081819074243 1.0
vehicle.car 0 0 0 -100.21088569283239 414.2603657648428 133.60127008868156 486.2088120778427 5.98 2.298 2.459 -27.548254393131927 1.0143005422624736 -22.677711961000284 1.5805233514128743 1.0
