vehicle.car 0 0 0 -368.9222260812494 419.6262112525203 147.87727849502323 564.3023113262672 4.579 1.525 1.842 -10.16384241896591 0.8334401128230164 -9.716220544796485 3.1226095148871504 1.0
vehicle.truck 0 0 0 878.2500542810077 388.7224267672684 1070.157624446475 451.9919947253526 5.926 2.0 1.971 -27.82836282333365 0.027050557980474843 10.161126983722177 3.0963286496884184 1.0
vehicle.car 0 0 0 265.81490665489514 413.70427261582597 441.2617193084776 472.97636613163763 4.505 1.599 2.121 -24.369075328957422 0.6884011362462688 -9.795104435157489 1.5874670967897124 1.0
vehicle.car 0 0 0 1358.8252635299705 337.93893769996964 1973.4086957466852 562.0245027647617 4.453 2.136 2.221 -9.112112318893931 0.27763315767796787 10.894789314626134 1.5861909037463207 1.0
vehicle.car 0 0 0 997.0854712373955 386.5756542323107 1237.092453305463 469.4993770466086 4.795 1.825 2.036 -19.65436639782529 0.18669055364759313 10.65104892399575 1.5859782007657444 1.0
vehicle.car 0 0 0 1026.5769028457653 400.47351811559093 1302.3386433243197 480.619327171237 4.78 1.513 1.928 -17.162642919352077 0.41453618380385027 10.290432125104248 3.13034982687996 1.0
vehicle.car 0 0 0 54.94146326739807 421.47134246634016 316.57709694613595 505.68557374611925 4.054 1.466 1.844 -16.0076140625932 0.839519662095387 -9.735115417553214 -3.1360806983767677 1.0
vehicle.truck 0 0 0 897.0027008204106 386.81088424056645 1111.1688337198095 459.2181771070677 5.743 2.044 2.375 -25.12836456070446 0.0957703573803026 10.077532899189784 3.1257193108685897 1.0
vehicle.car 0 0 0 1234.788617767984 397.81396260548485 1648.4024514112998 523.947366627262 4.516 1.609 1.921 -11.907682439314424 0.5461723048540845 11.175341320940953 1.5865535441104157 1.0
vehicle.car 0 0 0 147.40562916617102 426.68777963009103 366.8535876057475 496.40131924390766 4.125 1.422 1.921 -18.858032952156666 0.956609780137597 -9.83048867521763 1.5859301861260793 1.0
vehicle.car 0 0 0 967.1683350990959 399.0028190425226 1172.0073544869906 467.31890468105706 4.675 1.695 2.026 -22.106552169617295 0.3494967590026173 10.703680474600851 1.586042531213475 1.0
vehicle.car 0 0 0 342.9886237253234 407.43241784231566 417.4927449116632 439.77520940827026 4.884 2.335 2.229 -61.55913695005917 0.3119775618259687 -22.9841299833663 3.114257168611786 1.0
vehicle.car 0 0 0 604.5017712858549 383.63363769133935 728.3421759819765 494.3382233228398 4.787 1.839 2.073 -16.005889938286128 0.30058406809028093 -0.34261365003085714 2.084389185978228 1.0
vehicle.car 0 0 0 1081.713805181791 401.05896384181113 1407.379633570096 497.1161481861738 4.525 1.521 2.048 -14.56816001795417 0.4872937735963334 10.134131749283359 1.5859782007657444 1.0
vehicle.car 0 0 0 858.8063639508542 405.70145912695483 993.4086841427495 447.41674603662585 4.612 1.466 1.937 -30.879982260757828 0.2614935075143988 9.470751497086033 3.0931329060404558 1.0
vehicle.car 0 0 0 198.33582977022346 416.51278103514477 402.91154810023 487.7056212115472 4.551 1.712 1.969 -21.595618503771526 0.8443696945168023 -10.10625399350366 1.5859301861260793 1.0
vehicle.car 0 0 0 -104.93028491278649 428.1880741503104 240.4209210316067 532.8060890678088 4.034 1.411 1.876 -12.789511082029478 0.9188000952068633 -9.583590438057254 1.5859301861260793 1.0
vehicle.car 0 0 0 97.41006665538424 409.85061010422095 257.6980144733135 462.9079523935852 5.98 2.298 2.459 -37.97994580442526 0.772340879143733 -23.72934775941462 1.5859190296051686 1.0
