human.pedestrian.adult 0 0 0 437.0604394945165 315.7866699481911 483.3378171405607 404.70083208998676 0.869 1.904 0.579 -17.452634968645192 -1.2720236811184944 -4.775230326947179 3.1019490862189567 1.0
vehicle.car 0 0 0 1204.3330040527364 410.6363528908272 1435.4861191901591 508.91224696287196 2.943 1.6 1.572 -14.716539363029444 0.648304815232475 11.640659454086059 1.955895024324552 1.0
vehicle.car 0 0 0 1357.1186866962169 388.2701383777469 1728.012906443493 499.71310288944454 4.652 1.901 2.013 -16.122200471969997 0.3858501403291691 16.988682957253484 -2.2755787917101866 1.0
vehicle.car 0 0 0 827.4584625117203 408.49007692586366 1151.0514029352064 541.1388854602798 4.565 1.532 1.864 -11.724959903807298 0.6136257821726206 4.1866726212675465 1.9137184132490752 1.0
vehicle.car 0 0 0 1493.7182337184015 394.84618664728333 1954.7576325469604 504.9922708025046 5.734 2.0 2.161 -17.543432144423164 0.5121132735513005 22.28415150634405 1.9290708340849907 1.0
vehicle.car 0 0 0 1235.7478325023753 380.25771490944555 1620.0630548204904 501.32180965779264 5.063 1.959 2.124 -15.648586531104902 0.30891295704959465 14.190463611875803 -2.3082207804910286 1.0
vehicle.car 0 0 0 966.6992102597516 416.3348184680538 1275.511689268063 528.6039595054389 4.072 1.433 1.885 -12.76430389733038 0.6947231592863043 6.76022955255035 -2.313355455052174 1.0
vehicle.car 0 0 0 1429.9107982036712 393.0420847945437 1781.980164074462 493.2482672844481 4.513 1.844 1.921 -17.11936695816101 0.4044017508627394 19.468159683613976 -2.2864171904210373 1.0
vehicle.car 0 0 0 1575.2322253467437 379.216330881686 2035.2415421366895 493.2916799454159 5.676 2.177 2.198 -18.26664066542686 0.2803365962735855 25.107216331497344 -2.3098473978085767 1.0
vehicle.car 0 0 0 1148.9748628895177 400.7641568376025 1774.7231687537799 605.0791343760304 5.182 1.66 2.059 -8.075617343233256 0.6604457871932723 7.759037071140004 2.9763348541116503 1.0
