vehicle.car 0 0 0 835.4292849542038 393.2672790591145 1055.7742787035763 467.0770938779774 5.051 1.835 2.224 -21.080034517236466 0.26387173959922955 6.896315451621299 1.5829270631520131 1.0
vehicle.car 0 0 0 944.0311234550344 407.0859661402659 1227.8959191565743 492.70188686894414 4.486 1.525 1.802 -15.224442933693037 0.5406795870141101 7.604026284055436 1.582706563695357 1.0
vehicle.car 0 0 0 876.8813081424364 388.6361341774067 1140.640495888007 480.1619537044801 5.07 1.918 2.048 -17.90315526705784 0.31173622683960567 7.252728443312005 3.0947301526671582 1.0
vehicle.car 0 0 0 304.62170417230584 398.9157505361395 546.159657674963 474.87204612942554 4.545 1.507 1.899 -16.907485997576888 0.3445479751963073 -5.209069143512317 3.0991944947207175 1.0
vehicle.car 0 0 0 638.1515652896879 395.3310273299494 707.0733660690877 422.1611755014855 4.789 1.788 2.238 -55.746502858872155 -0.7279223837190744 -0.39893582131855343 2.5356502677404826 1.0
vehicle.car 0 0 0 -438.34693567216857 401.8116322602575 325.3943559032997 646.7675584899375 4.147 1.589 1.783 -6.160133032904699 0.6762986823742949 -5.1978566041545164 3.105173246188434 1.0
vehicle.car 0 0 0 1227.5366220854671 413.7344229070697 1967.2734413545215 623.3238330536179 4.499 1.522 1.903 -6.947839126427304 0.7241164782098555 7.632049925849051 1.5842937600220184 1.0
vehicle.car 0 0 0 840.7392332777104 401.1134617696584 1012.5019767046533 464.48351485158736 4.512 1.828 2.159 -24.226553858282546 0.3830918707901981 7.405799108613843 1.5829270631520131 1.0
vehicle.car 0 0 0 486.6269629453008 383.2670852745505 633.0326852934801 441.18547976895 5.803 2.313 2.19 -33.212046034645574 -0.29209997174535474 -4.852498828876924 1.5829318246511352 1.0
vehicle.car 0 0 0 353.0689803471533 390.66287252006265 557.1462948137046 466.39543282378304 4.497 1.766 1.919 -19.724939814989124 0.20642393500508227 -5.413181211430787 3.137649016010542 1.0
vehicle.car 0 0 0 1073.1105612330798 411.69335966726373 1528.7775000329157 547.5134354944693 4.164 1.485 1.891 -9.786642970828757 0.6585987822188707 7.381478250426336 1.5832761951024183 1.0
vehicle.car 0 0 0 -1566.4454415053624 410.73704783150015 232.19680573723454 908.4188696828721 4.445 1.533 1.827 -3.549589884384219 0.7367473901633096 -4.741808993219796 3.080645236206382 1.0
vehicle.car 0 0 0 -50.808572516313106 396.3231565319623 403.651109941484 557.5193410905712 3.993 1.615 1.733 -8.930242567142143 0.5718130491615756 -5.3785384260950355 3.1382553854557953 1.0
vehicle.car 0 0 0 976.9659304662456 394.77923518214476 1319.3430003105145 509.1901499202514 4.326 1.662 1.845 -12.585918964748005 0.47080393066533477 7.214720930956638 1.583044620826798 1.0
vehicle.car 0 0 0 717.8825369349372 397.84499076978716 781.4087277927247 420.7190113188641 4.875 1.829 2.275 -65.49541654838391 -0.814476113379341 5.758697354369146 1.5843297439391533 1.0
