vehicle.car 0 0 0 373.2393995351654 397.4117616635521 479.5412419411138 438.7033332915798 4.547 1.902 1.724 -37.9543993733094 -0.07621288036312995 -11.939966048965509 1.5914494426127117 1.0
vehicle.car 0 0 0 1528.3432941605147 363.80810621696077 1952.6905567653223 470.99199953005194 4.574 1.78 2.119 -15.579786831880437 -0.07339630441701678 20.116370963984494 2.091748213219388 1.0
vehicle.car 0 0 0 807.4178954447244 392.737112522777 875.6380530324982 419.2469985862548 4.605 1.931 2.123 -59.51968335849396 -0.9916826220237344 12.078078330010332 1.5896093876913842 1.0
vehicle.truck 0 0 0 210.89859482080652 393.4783229295986 418.98765330283675 454.1452586727484 6.022 1.953 2.156 -27.02133840239144 0.12431769968380624 -12.165798492728287 3.1122498153227163 1.0
vehicle.car 0 0 0 945.1344810547304 391.50728426999984 1070.833285806768 427.85481165678874 4.423 1.456 1.928 -33.17634969513682 -0.4056329024594461 13.605600253662361 1.5896093876913842 1.0
vehicle.car 0 0 0 176.78858694276047 392.4031639666033 505.10047879024984 490.7960913673676 5.182 1.66 2.059 -14.685843667030012 0.3606806470721162 -6.048222895240623 1.5907877686786502 1.0
vehicle.car 0 0 0 1217.5162317126285 379.89240317372685 1419.0424753833731 447.75817845779926 3.814 1.595 1.853 -19.985717859785886 -0.1532012089712906 15.930511439997863 1.5957617915488829 1.0
movable_object.debris 0 0 0 176.5255523454036 444.12797726732276 206.13327645166635 454.80920586128946 0.717 0.419 1.198 -36.712946195664806 1.3859216697803092 -22.420904869748362 3.065816997741867 1.0
vehicle.truck 0 0 0 316.632875225079 396.62134996747943 470.12437079029655 441.69445073438504 6.019 1.91 2.076 -35.20499805460421 -0.027469992072559124 -12.479934121673669 3.1000244587587007 1.0
vehicle.car 0 0 0 448.78520584884325 400.25707140851074 539.61453968084 430.65760299019536 6.318 2.213 2.471 -59.85611705124427 -0.3048666706564739 -13.775449963422476 3.0917646693629157 1.0
vehicle.car 0 0 0 132.54920160050597 394.36263681993825 266.56646984735676 436.8692480407068 5.676 2.177 2.198 -42.34586512284576 -0.21453060884981012 -25.320947432131444 3.0735181167134833 1.0
vehicle.truck 0 0 0 1229.1414296874927 371.1877163906923 1537.9579664661962 455.786160612034 5.041 1.751 1.95 -17.59373971920567 -0.13591258211067822 15.335006882191788 1.589209606434805 1.0
vehicle.car 0 0 0 1058.6551873424023 392.28952567382856 1237.690902997308 439.93520626588935 4.561 1.421 1.942 -25.041041670225265 -0.11828402685368505 14.634725592722992 1.5913535362092652 1.0
vehicle.car 0 0 0 58.48340364331785 399.0867527603044 187.9991228754757 440.6918526261486 4.513 1.844 1.921 -36.618865107749336 0.007989016384725378 -25.408758840678484 3.0997793552687556 1.0
vehicle.truck 0 0 0 980.8838837172838 372.5835629835287 1147.8490663325872 432.21429250827134 5.452 2.196 2.09 -30.654856981167132 -0.6487534687196252 14.712480501773555 1.5906229922205117 1.0
vehicle.truck 0 0 0 1091.6930721768026 373.7171800020711 1300.000012855229 444.0922126518486 4.621 1.86 2.14 -22.458545534076865 -0.3024139802712694 14.442198017986 1.593261030320817 1.0
vehicle.car 0 0 0 190.4615840078523 401.16676428945874 374.66311620272296 459.42834585558256 4.567 1.667 1.946 -24.092624072352677 0.29645775143190745 -11.83286279982594 3.0878007150569866 1.0
vehicle.car 0 0 0 873.5572245991804 399.13043568052103 957.5200657814128 425.4481297825189 4.069 1.408 1.772 -43.90795663183414 -0.3925277542590612 12.969943261789094 3.112354347705727 1.0
vehicle.truck 0 0 0 795.545664117429 392.6715832836492 860.2659508765968 418.7257252894637 4.649 2.0 2.034 -62.61298067470713 -1.0656074432698133 11.643254418164501 1.5896093876913842 1.0
vehicle.car 0 0 0 1028.4013496019722 399.9271637132755 1189.7684958002676 439.70157312892053 4.601 1.316 1.952 -27.716538912813945 -0.002934645463389396 14.85406784837269 1.5906229922205117 1.0
