vehicle.car 0 0 0 860.4445638080902 382.9677656625144 1135.6711035961134 489.59725920006116 5.063 1.959 2.124 -17.192713153147746 0.2734127115954545 6.693095861699219 -2.6023431612032066 1.0
vehicle.car 0 0 0 844.3833027529009 409.9499408775707 1028.7149423234914 504.6077470459744 2.943 1.6 1.572 -15.210512890233504 0.6291695802837336 4.838785432433326 1.7539945156140488 1.0
vehicle.car 0 0 0 1305.4882155084904 396.8804966252199 1425.503643121479 433.63225830605865 5.051 2.0 2.058 -45.96110915460244 -0.2570722838866804 39.44869775165142 1.735606021548846 1.0
vehicle.car 0 0 0 624.3645203953428 414.93489787923914 937.6456825469606 543.1027968743106 4.072 1.433 1.885 -11.281297903291167 0.6774352857222412 1.2931309077979811 -2.6078570955734666 1.0
movable_object.debris 0 0 0 1196.0297364570108 459.097634937347 1243.3839788028758 481.592939940776 0.717 0.419 1.198 -18.63932846563841 1.1837966835411904 12.632748642905328 -2.6115065894427927 1.0
vehicle.car 0 0 0 1210.8077494875129 412.3232094821384 1352.0316894085574 451.714980143057 4.757 1.611 2.077 -35.77662509844782 0.5125536340669581 26.91284132074304 -2.5806173376176655 1.0
vehicle.car 0 0 0 993.0542817154574 395.5321609854188 1205.995531416575 475.07819121360825 4.513 1.844 1.921 -20.795296610993066 0.336347403584775 10.823418083245793 -2.578877077435344 1.0
vehicle.car 0 0 0 1094.2307814060948 402.3916528873576 1415.5519907318808 566.2207776879025 5.182 1.66 2.059 -10.48735977200456 0.6264440939306066 7.724314013731595 2.676634609829689 1.0
vehicle.car 0 0 0 1029.6868082463593 395.8154418410943 1283.7742234928885 477.3062156207159 5.734 2.0 2.161 -22.386497668929206 0.38063352067409845 13.190418702818322 1.7345453500213912 1.0
vehicle.car 0 0 0 948.8633416099601 391.0539301884173 1188.829761889282 483.43679834984124 4.652 1.901 2.013 -18.813930228100926 0.3331845943182131 9.030377299163337 -2.5671800424016613 1.0
vehicle.car 0 0 0 1350.3366473817723 409.72884837766077 1434.5210567187496 432.8969368836834 4.928 1.79 2.376 -64.93489797466451 0.130558749246234 57.993028124944594 -2.5886028546720716 1.0
human.pedestrian.adult 0 0 0 -66.6152222773209 264.76421959428814 24.82600938004446 405.7551137356117 0.869 1.904 0.579 -11.282474934467237 -1.1442368834972225 -9.866081256261463 2.759550015398732 1.0
vehicle.car 0 0 0 1227.9631036153523 396.91690165471334 1363.4680369420996 437.6060101972548 4.785 1.799 2.092 -37.741563743144276 -0.12630198439991008 29.075096768494912 -2.5806173376176655 1.0
vehicle.car 0 0 0 1072.8265820421095 387.06084686385515 1308.081250040781 467.77910484225487 5.676 2.177 2.198 -24.29460815597845 0.17675811685248233 15.387542092373314 -2.604090421395674 1.0
vehicle.car 0 0 0 451.3023948358808 403.3636089684782 839.3890537671551 577.3695267482157 4.565 1.532 1.864 -9.271744744182454 0.5904356231235137 -0.6143252933832796 1.7236498816864785 1.0
