vehicle.car 0 0 0 336.59521317625394 413.9030192969627 740.2333922434162 641.082536942143 5.182 1.66 2.059 -8.710085971175689 0.7940422375834266 -0.9987600336887571 2.306839668523909 1.0
human.pedestrian.adult 0 0 0 367.1060261444032 375.06249261662555 403.5126417706306 437.3714886426784 0.869 1.904 0.579 -24.91114518832279 -0.4030609684339501 -9.16291535782591 1.77165473148934 1.0
vehicle.car 0 0 0 806.259830896478 428.53401231841576 965.5129826455801 497.60592794973553 4.072 1.433 1.885 -19.91145238928399 0.9969279140152997 5.001441777048099 -2.2980324657193796 1.0
vehicle.car 0 0 0 1295.6304518301756 383.39334570124373 1555.7687141391777 461.059248162627 5.676 2.177 2.198 -25.41014684197509 0.05443775289738928 23.39449635240718 -2.294528048762502 1.0
vehicle.car 0 0 0 1114.6148081911747 392.543528584667 1316.2689653899172 466.1660584040923 4.652 1.901 2.013 -23.1653429499892 0.23759633742217962 15.323279441715316 -2.260300247843479 1.0
movable_object.debris 0 0 0 1336.438308146225 465.0314064767115 1395.9906667050188 484.033673570001 0.717 0.419 1.198 -21.490934491005245 1.482252970276365 18.499283563056547 -2.301429845155665 1.0
vehicle.truck 0 0 0 1339.926288580983 345.55460140342103 2332.156759398828 610.5361067028066 6.022 1.953 2.156 -9.068847636890107 0.4026702574572514 11.526280167459587 -2.2600836680799112 1.0
vehicle.car 0 0 0 710.2195801729116 428.21216818372744 871.1754798544083 507.392965518639 4.565 1.532 1.864 -18.938425121461112 1.0303308547917867 2.4659607221750304 1.9198801159654515 1.0
vehicle.car 0 0 0 1019.5342354657861 388.929152955295 1226.8409526838352 466.5735770865629 5.063 1.959 2.124 -22.872201791504622 0.18758840424197887 12.463959685580825 -2.292903152350412 1.0
vehicle.car 0 0 0 1242.5044116146598 383.84991181993774 1991.7305162578675 617.1652300242523 4.567 1.667 1.946 -8.168438444872857 0.55588785323748 8.720044493950525 -2.2817742782793218 1.0
vehicle.car 0 0 0 984.6928275815486 409.61552689557635 1109.3857983413345 473.3476610396114 2.943 1.6 1.572 -21.81497908490861 0.5504779058168117 9.964585892346769 1.9626720298583162 1.0
vehicle.car 0 0 0 1175.9955696482998 394.73700379585665 1372.7550833015257 462.6221878786393 4.513 1.844 1.921 -24.171998472714215 0.2344134115301857 17.80071834662286 -2.271124689794144 1.0
