static_object.bicycle_rack 0 0 0 1503.8427132455934 286.6657377864607 3817.4983946275406 702.2370984259272 2.544 1.769 7.329 -7.150748324835065 0.324879123344002 12.397829011169838 1.5745488632293778 1.0
human.pedestrian.adult 0 0 0 532.2741612534863 410.73877907826807 554.3474293981848 446.62280988433827 0.839 1.778 0.734 -40.2809083974314 0.47189526458506903 -6.849661885525473 1.7587094663051426 1.0
human.pedestrian.adult 0 0 0 1036.122644697532 416.8391622817399 1070.1692868983114 478.4758312875954 0.541 1.518 0.52 -20.119918568308353 0.7052600226561478 9.427976057360677 1.5908060458202895 1.0
vehicle.car 0 0 0 787.0341369325547 406.6922302122752 873.7367622831091 464.76849758673654 4.741 1.671 1.994 -25.900605438366178 0.4782256000446763 4.782494738779543 2.069015881432793 1.0
vehicle.car 0 0 0 560.8419515085347 419.1024195464455 610.4219145365533 437.9073932776987 4.551 1.712 1.969 -78.0159276401041 0.8938981115492384 -9.098243072023624 1.5743837647767123 1.0
vehicle.car 0 0 0 986.8987990622005 403.7064561670332 1192.7982429253466 475.64893601478235 4.574 1.758 1.915 -21.602844550679794 0.5224719091580494 11.008402593574983 1.5740072312047602 1.0
vehicle.car 0 0 0 655.9520205456066 399.6796472326476 744.326751358467 478.5824080255696 4.787 1.839 2.073 -21.45315249580248 0.4674750506698424 0.4575056348201186 2.097009659943801 1.0
vehicle.car 0 0 0 948.9511431906583 396.4910427255672 1140.6435538555384 468.5589500322383 4.872 2.0 2.034 -24.326844012420086 0.3844460104574043 11.028447137155696 1.5740231587945086 1.0
vehicle.car 0 0 0 1151.286829871309 411.74792176498573 1461.0487319953897 501.2509733520918 4.228 1.47 1.948 -14.896478302729404 0.6465813759548005 11.518285510133135 -3.1286244715711113 1.0
vehicle.car 0 0 0 540.28011108651 418.5472233115903 598.3815644144156 438.3356296290117 4.579 1.525 1.842 -66.57834737136903 0.7551573085782607 -9.114323676270006 -3.1364118478462215 1.0
vehicle.car 0 0 0 354.6742829126933 425.3182039268677 450.75013192931397 475.17486298450484 4.346 1.42 1.808 -26.250724241055707 0.9504877716785416 -8.954112348316064 2.1117603519716077 1.0
vehicle.truck 0 0 0 -492.4773989729135 359.34460120636777 92.74018371620187 526.4432642933424 10.772 3.565 2.899 -19.648272980671564 0.5133994592376726 -21.022175994211548 1.5740337114447387 1.0
human.pedestrian.adult 0 0 0 489.7163117523557 406.75460864654247 517.8434501565575 451.51684122886627 0.957 1.862 0.747 -33.85823193081596 0.41252743276097703 -7.427478003101608 2.294896155384496 1.0
vehicle.car 0 0 0 1036.239516782622 403.16329466119544 1270.8719321257222 487.7298340771269 4.205 1.754 1.968 -18.39275238021649 0.5682233330223514 10.792694308285384 1.5740231587945086 1.0
vehicle.truck 0 0 0 758.0270935216175 406.2172583172046 817.7982783864715 427.9515244010058 5.743 2.044 2.375 -80.77137316256726 -0.21889587264414734 10.973178788957842 3.101346353775291 1.0
