movable_object.trafficcone 0 0 0 251.25456726920936 439.4684342502773 337.09769811555657 593.8668852493607 0.436 1.3 0.488 -7.042605165256203 0.8389344135293493 -3.3884481103519253 2.2671121222484754 1.0
human.pedestrian.adult 0 0 0 461.49554228504434 409.9015695019831 474.08661669336175 437.32474825442245 0.465 1.634 0.575 -48.23222441412059 0.26423428691554196 -12.764655227202429 -2.429483440852678 1.0
movable_object.trafficcone 0 0 0 213.65073655288433 439.21855440522677 290.03592853159245 559.0804323656749 0.489 1.262 0.521 -8.771446861581374 0.8618626567560563 -4.687058785154318 2.2671121222484754 1.0
vehicle.construction 0 0 0 -553.8454789371887 311.6310490711042 133.03235803209307 560.2240132423243 5.996 2.78 3.928 -12.321002848225637 0.2339999570988046 -12.428706525012947 2.088702178675156 1.0
human.pedestrian.adult 0 0 0 571.1657791191827 410.7059742284579 579.464255219739 430.8980683058001 0.589 1.739 0.571 -69.74324775184091 0.13935805346671803 -9.059733515429075 1.5554862043641613 1.0
human.pedestrian.adult 0 0 0 450.52270711639005 409.0331218761799 465.6539051078325 436.04075830809734 0.514 1.621 0.748 -48.744213978537815 0.20241360575472722 -13.48991303605968 1.588486215324175 1.0
movable_object.trafficcone 0 0 0 177.91241305302862 429.99503919669274 223.25239326064806 505.83522792903057 0.477 1.283 0.481 -13.910248022518864 0.8368519795058699 -8.331672083485179 -1.5548220114214573 1.0
vehicle.car 0 0 0 740.1196175127866 405.746800822458 841.3879667002682 443.98597942708426 4.544 1.636 1.707 -38.00204098681399 0.27522775873719507 5.263935516037561 -1.5552616993517674 1.0
movable_object.trafficcone 0 0 0 301.7855111973563 422.7876690512352 330.0916377725524 471.47096894379894 0.516 1.297 0.505 -21.785356255893117 0.7559661943064083 -9.905864512126803 -1.5548220114214573 1.0
movable_object.trafficcone 0 0 0 132.8239680033302 429.06427277331636 182.61965924618065 515.0195691118446 0.439 1.3 0.48 -12.44890195416278 0.8108117321365044 -8.123588989465418 -1.5548220114214573 1.0
vehicle.car 0 0 0 615.2002106272026 407.8708709821643 683.5877212107029 467.97974090344644 4.508 1.698 1.949 -25.61911586607452 0.5833137248943305 -0.9243005405153719 2.088416472703834 1.0
human.pedestrian.adult 0 0 0 473.6255533701709 408.6032979202252 484.22950484706365 436.73256812602824 0.427 1.705 0.719 -49.09284303314058 0.21440185406363577 -12.304709229033506 -3.121728448762875 1.0
vehicle.car 0 0 0 728.0329814518137 410.5449113997155 812.7831461240919 439.80558525823335 4.386 1.422 1.854 -43.50682536224997 0.3310661046505742 4.9305977607804925 -1.5553607614218947 1.0
movable_object.trafficcone 0 0 0 348.9080578685462 425.2268910077776 378.5230592962722 475.8763943294887 0.546 1.279 0.49 -20.67550867286664 0.8049157902458595 -8.163251738299191 -1.5548220114214573 1.0
vehicle.car 0 0 0 767.9616988414286 400.18658484396025 928.7494719102492 464.8113092991238 4.415 1.749 1.882 -24.263860477382973 0.40072044179389305 5.0560079401894145 -1.5548220114214573 1.0
movable_object.trafficcone 0 0 0 302.6893675241327 427.3952804091445 334.63217088416445 486.98593776167286 0.471 1.293 0.471 -17.758994572879594 0.8364396978950461 -8.013472741700335 -1.5548220114214573 1.0
vehicle.car 0 0 0 751.6987353183235 407.80096324190595 855.5387985818505 447.8182443480297 4.253 1.584 1.692 -35.11513066373851 0.3808612228045357 5.426691031431641 -1.5550196847778484 1.0
vehicle.truck 0 0 0 749.6565584709847 394.6521039320012 975.9479911366807 472.89172522053883 5.546 1.825 2.211 -21.508627157899095 0.39007929137325004 4.787362967926149 -1.5553889114502528 1.0
