vehicle.truck 0 0 0 765.252505762866 392.2453145053449 835.3857312335754 438.0034571463778 5.471 1.913 1.96 -37.06377650686529 -0.19800855096300585 5.517631956291299 2.0694552152169523 1.0
human.pedestrian.construction_worker 0 0 0 571.1233382037507 396.5925929672278 591.6205699634866 457.39272193465416 0.542 1.858 0.69 -24.932394672558907 0.23575176881627363 -3.0452793929666293 3.1170044161370516 1.0
movable_object.barrier 0 0 0 934.8557280505916 410.58437833677203 978.1008075273278 442.8560319476342 2.216 1.025 0.631 -26.89378459226747 0.2317601699929745 9.319941294510176 2.107564304843706 1.0
movable_object.trafficcone 0 0 0 594.2676947813181 422.756635037773 605.29476924549 440.52332837140693 0.425 0.791 0.438 -36.54590127251451 0.5651369917734768 -3.6262921533155192 1.580943822848818 1.0
human.pedestrian.construction_worker 0 0 0 544.0924757634995 399.4893973542134 588.7127891265824 453.7862292862354 0.789 1.755 1.19 -26.472005878629226 0.24233624874340898 -3.734612388526306 2.480446169201498 1.0
movable_object.trafficcone 0 0 0 472.82305406562216 422.8831863680538 505.7670050011626 501.4396934256204 0.455 1.277 0.463 -13.406549200894341 0.7083944308761961 -3.181253939508058 -1.5824829630708166 1.0
movable_object.barrier 0 0 0 891.9110322292865 410.44970196707686 923.508504514894 437.8808937958241 2.249 1.043 0.614 -31.962999249810764 0.1795456873363147 9.136740848139919 2.1218476335371212 1.0
movable_object.trafficcone 0 0 0 911.6841366872073 405.9653272614726 932.6073820290043 439.47765964363543 0.603 1.257 0.468 -30.581560941934516 0.13012301009137256 9.313657779229006 3.093778052112901 1.0
movable_object.trafficcone 0 0 0 1291.6759373950397 391.2100049663394 1334.24886029786 470.40322843550166 0.382 1.258 0.354 -12.965510169384771 0.18346205902375654 10.294535001317156 -1.5811995049332408 1.0
movable_object.trafficcone 0 0 0 931.2202641659103 403.69638831736773 948.027067770641 440.2364929935453 0.428 1.277 0.454 -28.368810928168415 0.09387324677584463 9.261004847337905 -3.0966539529208497 1.0
movable_object.trafficcone 0 0 0 550.7040240471355 418.57486889584965 570.2852858746337 465.6783678368732 0.481 1.248 0.475 -21.673832021307597 0.6136077081949671 -3.2150066357564864 -1.5824829630708166 1.0
vehicle.construction 0 0 0 315.2146747608774 322.5935169916541 584.571768563115 460.3224098389335 9.981 4.208 7.368 -30.585954829340828 -0.9360304972436355 -7.932025025245627 -2.086001017779889 1.0
movable_object.trafficcone 0 0 0 1589.682812444785 381.5336115171546 1672.1924076384782 507.94648391584326 0.38 1.324 0.41 -8.610666713229602 0.2684086030995031 10.258499504505156 1.5866329709919738 1.0
human.pedestrian.adult 0 0 0 1005.2354652332697 370.20231518852705 1034.1188834574948 432.9732029639399 0.427 1.837 0.783 -23.887752325499346 -0.5228826035774469 10.189685104747477 3.088804352104453 1.0
movable_object.barrier 0 0 0 922.9837949647203 408.2948852608923 945.7079823047147 438.3813851003073 0.595 1.064 0.605 -28.968417884724655 0.1443337108077879 9.263502690144893 2.1128541777728786 1.0
movable_object.trafficcone 0 0 0 128.00337299113912 452.2249987498586 275.49750649735734 708.2490403713082 0.465 1.249 0.454 -4.266438545188665 0.8148314321800614 -2.5398715526200104 1.6257663708987211 1.0
movable_object.trafficcone 0 0 0 1275.6244431927685 391.94104764677326 1309.0989009226164 466.93141073691174 0.266 1.24 0.339 -13.445122300372633 0.16806904067588818 10.329352508342518 -1.5811995049332408 1.0
vehicle.truck 0 0 0 -3662.863852433644 -535.2370107557616 111.56194689253694 1340.49651481391 5.311 3.037 2.394 -4.014995617237707 -0.06500116737172801 -5.876474623221779 2.081356955459743 1.0
movable_object.trafficcone 0 0 0 580.6896866632771 414.73343068037053 595.4667214199594 450.70940235218615 0.449 1.239 0.443 -28.009379567473413 0.4677790784165853 -3.188904892335505 2.0991937932741482 1.0
vehicle.trailer 0 0 0 -185.66980166706995 113.76134012740397 464.66296029504355 584.3771963396343 14.832 4.013 2.67 -14.311243696661405 -0.681633389739974 -6.609677998349299 2.0669108595105463 1.0
vehicle.car 0 0 0 623.5817205070565 398.9119072071289 727.1837948306578 489.98312435071114 4.508 1.698 1.949 -17.630762173002957 0.4656202870298093 -0.13462030853930904 2.0991237090705113 1.0
