vehicle.car 0 0 0 975.3070539142619 393.1774398374494 1451.1662458910534 557.6724790399177 4.253 1.584 1.692 -9.10615212908454 0.5887757456124296 5.8454973184439805 -1.559147008102575 1.0
human.pedestrian.adult 0 0 0 259.75193189638827 396.8841434422363 293.3452534034099 457.1687034602913 0.427 1.705 0.719 -23.038043952918777 0.22449733749401163 -11.6127174370907 2.0966458346686405 1.0
human.pedestrian.adult 0 0 0 505.016771118667 408.44077533022 518.4075972646423 439.6446994074626 0.589 1.739 0.571 -45.1599571579771 0.27273828782464515 -9.463765376535141 1.559475263623364 1.0
vehicle.car 0 0 0 720.450169963911 411.08153482366316 774.1664975849894 429.5940385648104 4.282 1.444 1.732 -68.01468555643388 0.10048375239244711 5.7978909296396886 -1.5601855053176479 1.0
vehicle.car 0 0 0 873.7106418176667 392.1004995569727 1162.8892877773849 501.9663482168636 4.529 1.777 1.695 -14.645308334881571 0.4907373219229133 6.066935786782924 -1.5593809090002448 1.0
vehicle.car 0 0 0 749.6979214629167 401.43794033749805 905.1239240026891 454.5800989709416 5.363 1.8 2.224 -30.31582738641371 0.3287803940643185 5.547880289657032 -1.5596690746140274 1.0
human.pedestrian.adult 0 0 0 215.00700874022974 404.58910842037307 241.81376520953756 465.564722192537 0.465 1.634 0.575 -21.781054400237387 0.4274771831249917 -12.29767834598868 -2.4392766415474183 1.0
vehicle.car 0 0 0 908.1058669495933 387.98236358269435 1279.460776960272 516.3527614306848 4.544 1.636 1.707 -11.791008942069963 0.4610901049779121 5.924524345102908 -1.559308775995186 1.0
vehicle.car 0 0 0 1381.9670759719122 337.11462094442896 2988.554198923226 834.2470982170663 4.197 1.692 1.864 -3.848116866955817 0.6108153709781239 6.3316973154843295 -3.1280551762802595 1.0
vehicle.car 0 0 0 825.4374509033032 409.13685779980625 1055.4750992843092 483.5185423774502 4.386 1.422 1.854 -17.456814650713135 0.5720130594405155 5.580961002940835 -1.5593809090002448 1.0
human.pedestrian.adult 0 0 0 199.78722843307196 400.715598214673 238.0212460957834 459.84349050464346 0.514 1.621 0.748 -22.403087534062923 0.3083629938149221 -12.908685375677 1.5904174835575402 1.0
vehicle.car 0 0 0 638.7843734509487 404.11197194023913 692.119650262057 450.9272267251069 4.508 1.698 1.949 -32.09410013690239 0.33655580002916774 -0.582135254200157 2.083648719793766 1.0
vehicle.car 0 0 0 703.2105203497574 407.7636516011061 751.9712175972262 426.050222901484 4.839 1.716 2.116 -81.98712344453367 -0.22526299611114864 5.01368781881374 1.5644265046495365 1.0
