vehicle.car 0 0 0 228.84838551228103 421.2719988666555 409.62134842115927 479.443577065742 4.125 1.422 1.921 -22.201207502443744 0.8296756372976796 -9.893884032729185 1.5885189521672034 1.0
vehicle.car 0 0 0 64.02267675206443 421.5022563612931 322.69560324521035 502.1805971039704 4.034 1.411 1.876 -16.126847962731418 0.8122897959073633 -9.653884210181902 1.5885189521672034 1.0
vehicle.car 0 0 0 315.7823607295976 410.57876107278497 466.51236591101593 462.0556165949545 4.505 1.599 2.121 -27.706599602210417 0.551550102146514 -9.87019828757126 1.5901691465837704 1.0
vehicle.truck 0 0 0 855.4403124022914 389.33683871620605 1024.1595915769753 445.3273883556111 5.926 2.0 1.971 -31.185881027661118 -0.08587783980930785 10.075154363643607 3.098306946448364 1.0
vehicle.car 0 0 0 262.7587193576817 412.8964871839078 435.8958655771428 473.78651600909006 4.551 1.712 1.969 -24.932132507186772 0.7143341320048061 -10.186438225361517 1.5885189521672034 1.0
vehicle.car 0 0 0 144.20100904821018 403.452892172348 288.76933774543016 451.6463759766566 5.98 2.298 2.459 -41.39909659645908 0.3949183439378038 -23.870689620192675 1.588523835565642 1.0
vehicle.car 0 0 0 949.9246906625328 387.6159855825273 1149.3783245144505 457.5729375907886 4.795 1.825 2.036 -23.01246164863868 0.07161509413268358 10.573609607752973 1.5885989570719286 1.0
vehicle.car 0 0 0 1185.276687032405 357.7630584513198 1590.139891153015 514.8730836830132 4.453 2.136 2.221 -12.471186628428377 0.21408732425060595 10.829686963121556 1.5888345768383632 1.0
vehicle.car 0 0 0 -92.61096799936713 414.1007944099272 266.0387168401822 519.0596996192407 4.579 1.525 1.842 -13.500818730878272 0.7334728934971679 -9.783388531914683 3.120715608144903 1.0
vehicle.car 0 0 0 607.1453583489465 383.5336717181376 728.2867690654139 491.80171217928455 4.787 1.839 2.073 -16.28771913978725 0.27838725622087546 -0.3270438801178864 2.084386123380588 1.0
vehicle.car 0 0 0 969.2684547750924 400.47254496563244 1192.7049226130662 466.497664003289 4.78 1.513 1.928 -20.521347775578047 0.3292756696724571 10.215952370644526 3.1284456453408493 1.0
vehicle.car 0 0 0 928.0801402457514 398.8120548051209 1101.9233238568993 457.4741947209154 4.675 1.695 2.026 -25.465541774853442 0.25218468306643166 10.623684730546637 1.5886721806940294 1.0
vehicle.car 0 0 0 360.86653441795045 407.09311463136345 430.5850911797881 437.54236610959833 4.884 2.335 2.229 -65.18669499378244 0.2270368127797856 -23.08090782807927 3.112374383290512 1.0
vehicle.truck 0 0 0 871.9570358018478 387.2114459793848 1057.51410888396 450.4445859255356 5.743 2.044 2.375 -28.485141891053857 -0.034741693295434806 10.062031463138522 3.127659251680501 1.0
vehicle.car 0 0 0 1006.6449227268138 400.16980899538993 1259.6549201693588 476.7474403999733 4.525 1.521 2.048 -17.920384735956564 0.3858006959693766 10.051060927796138 1.5885989570719286 1.0
vehicle.car 0 0 0 840.8262655508385 404.2661894059768 960.4621501260876 441.56177460019273 4.612 1.466 1.937 -34.27478629200599 0.13771552680386945 9.438585220258542 3.095115348760933 1.0
vehicle.car 0 0 0 1115.1471276441769 399.23788977925454 1419.5300691156847 495.09710068905093 4.516 1.609 1.921 -15.26775671157406 0.4758870790446786 11.106619551390736 1.5892197314149143 1.0
vehicle.car 0 0 0 165.00693984778542 416.61244135484776 373.2064584800693 484.9882790765059 4.054 1.466 1.844 -19.344561306064058 0.7244771037676809 -9.808938301507913 -3.1380070180175146 1.0
