human.pedestrian.adult 0 0 0 486.6878052073202 396.21869944944183 494.76359680595954 418.6264862276747 0.427 1.705 0.719 -61.719739064904076 -0.9095717810124059 -14.558217322054894 3.133743036120155 1.0
human.pedestrian.construction_worker 0 0 0 -432.20823128253403 250.76964149507157 24.465344731295843 1024.6687567238582 0.542 1.858 0.69 -2.306915436434652 0.5176602525461116 -2.441495891950178 3.032105048111167 1.0
vehicle.construction 0 0 0 121.04560173058971 355.7552364838791 350.648102585662 463.2288844507398 5.996 2.78 3.928 -24.585517840343673 -0.2539722979432062 -13.202830527373754 2.0730717429941095 1.0
movable_object.trafficcone 0 0 0 230.28532234039417 436.234587555877 333.9270472018602 631.9634142304449 0.449 1.239 0.443 -5.375931489280986 0.7448960549758302 -2.6585450971228015 2.09296339207987 1.0
movable_object.trafficcone 0 0 0 505.2281639033993 410.2589756466817 532.4952137589141 463.53882658850716 0.436 1.3 0.488 -19.890643532509646 0.4361486123241471 -3.9884749143722127 2.2482312725305222 1.0
vehicle.truck 0 0 0 696.4984365395485 386.0579746185882 832.2538831982271 434.03647036745764 5.546 1.825 2.211 -34.56235283219269 -0.3822998297239407 3.6080955205868026 -1.566690995106999 1.0
movable_object.trafficcone 0 0 0 1387.1241369941138 399.09212679489633 1434.3263478829394 463.8554869588725 0.333 0.906 0.339 -11.469688920322886 0.17371749083788418 10.510363567587811 1.5667721395131213 1.0
movable_object.trafficcone 0 0 0 483.49089033636295 442.2582207989171 515.6298420603003 489.81577374764686 0.425 0.791 0.438 -13.909780121642862 0.8090819140562845 -3.1231919473521095 1.5677477541271214 1.0
human.pedestrian.adult 0 0 0 476.0893573653518 400.2345538096794 486.4151320986172 422.1567129746203 0.465 1.634 0.575 -60.392351623658406 -0.6090152833167632 -14.963923339407563 -2.4595882674934213 1.0
movable_object.trafficcone 0 0 0 383.50592192758546 409.6438696031551 403.79579862630845 452.1906873097364 0.439 1.3 0.48 -24.898956215196527 0.36161431433940266 -8.899070368170126 -1.5668132580344993 1.0
movable_object.trafficcone 0 0 0 466.96075800530684 410.5856256584078 494.8524037238938 458.73450814247377 0.489 1.262 0.521 -21.405083529550275 0.40954689327159965 -5.309830598473531 2.2482312725305222 1.0
movable_object.trafficcone 0 0 0 433.20322725037033 406.8709953147105 449.9279657550691 441.7063158727808 0.471 1.293 0.471 -30.21221193567766 0.19042799324658416 -8.985574080496855 -1.5668132580344993 1.0
human.pedestrian.construction_worker 0 0 0 -140.84683850505746 322.26484586699866 168.14819164252495 762.2027994925255 0.789 1.755 1.19 -3.840224250861467 0.5019573279335838 -3.2014291112264393 2.477527240677057 1.0
vehicle.construction 0 0 0 -2335.4958456533823 -372.39106835536853 450.990797550905 821.1531188244871 9.981 4.208 7.368 -7.95862440919001 -0.730559126165408 -7.420899377297169 -2.0767576129151184 1.0
movable_object.barrier 0 0 0 1389.263191796627 405.1079383347334 1644.3410267170432 507.69492140153943 2.249 1.043 0.614 -9.39761500482826 0.3895093303060695 9.684350510339224 2.115836510179749 1.0
vehicle.car 0 0 0 587.2708198791082 383.4770039823822 759.3379940156716 535.5686619316575 4.508 1.698 1.949 -11.536641454917802 0.47657242144370937 -0.21142696613922163 2.072791987890156 1.0
vehicle.truck 0 0 0 899.6201449022815 350.97171784102017 1167.7880946622706 486.4014880028457 5.471 1.913 1.96 -14.381331547184123 0.003608221357278757 5.946619813838987 2.062931356900095 1.0
