vehicle.car 0 0 0 795.5080294104054 399.71796193192654 935.7578723274373 457.26200945208655 4.529 1.777 1.695 -28.30595046467291 0.33214362176484014 6.534675965893075 -1.5576472189221242 1.0
vehicle.car 0 0 0 816.66607874276 399.17198903475065 985.2924872890694 464.16856565103535 4.253 1.584 1.692 -22.629783422811325 0.35260754836133923 6.197274216354049 -1.5569685409577723 1.0
vehicle.car 0 0 0 778.2157207574755 409.1396924100135 901.1911075977343 452.09090956820773 4.386 1.422 1.854 -30.996210497092797 0.44272303179285954 6.1614104410405295 -1.5576472189221242 1.0
human.pedestrian.adult 0 0 0 404.39423638553956 413.11009671277554 425.75307436680623 449.1914636071973 0.514 1.621 0.748 -36.65402450755484 0.542551477415697 -12.117942115996684 1.5969469453780682 1.0
vehicle.car 0 0 0 867.6105673856703 390.9439401827226 1139.6304415665716 499.77268856640967 4.256 1.711 1.751 -14.816291074748628 0.4693703153657827 5.871408012209837 -1.5564310833927948 1.0
vehicle.car 0 0 0 886.5617483278303 376.15662435251494 1252.7630064173607 518.8928405963253 4.415 1.749 1.882 -11.822108221284227 0.39994372465177314 5.563049473292085 -1.5564310833927948 1.0
movable_object.trafficcone 0 0 0 -81.12938388604212 459.01793444025446 15.422408781556904 587.4300443694103 0.546 1.279 0.49 -8.45736618238883 1.0815083948973387 -7.529196346732983 -1.5564310833927948 1.0
human.pedestrian.adult 0 0 0 569.9280510854545 412.7809222679791 580.2868064915069 436.91601291166836 0.589 1.739 0.571 -58.61718828610765 0.4130626371614784 -7.629175305755322 1.5578701748312325 1.0
human.pedestrian.adult 0 0 0 431.4352072001542 411.2722263646314 447.037321078659 448.6998859664023 0.427 1.705 0.719 -37.09426224288378 0.4991323898131408 -11.140488526702383 -3.093529456568487 1.0
vehicle.truck 0 0 0 879.4257606418147 351.227458341227 1514.6339396496205 561.2464473609598 5.546 1.825 2.211 -8.95622614558427 0.3926022332248964 5.31960126384256 -1.5576980910515212 1.0
vehicle.car 0 0 0 655.3575045913018 405.53171161946125 709.9743357054595 453.68693397482616 4.508 1.698 1.949 -31.825105675990397 0.4175421982918774 0.13686019160083832 2.1122262469011313 1.0
vehicle.car 0 0 0 801.2535213179625 398.0904302680395 958.9117003309469 457.84032905736865 4.544 1.636 1.707 -25.426639062254278 0.2826286066801893 6.31172280672818 -1.5574635399078565 1.0
human.pedestrian.adult 0 0 0 415.37275385492137 414.10369303273717 432.3768295951817 450.935901027844 0.465 1.634 0.575 -36.08935536185918 0.6009305622890648 -11.537171388128678 -2.4036499671776017 1.0
