vehicle.construction 0 0 0 512.814162967712 405.71152212385107 553.9399837330532 434.2147975818038 2.899 2.108 1.42 -62.965748990630956 0.06911948231326182 -11.471976511578106 -3.1030248801703895 1.0
vehicle.truck 0 0 0 400.5402388311863 406.31871703512246 472.1888070834121 449.01112698902233 5.9 2.019 2.073 -42.17797901858045 0.4775926786461182 -12.690146958187775 2.088884243290474 1.0
movable_object.trafficcone 0 0 0 465.4161386782933 421.56576611961293 480.65781902862506 457.45154230897685 0.314 1.27 0.376 -28.663324547480574 0.7263653741123728 -7.396825819925913 -1.7927653978641978 1.0
vehicle.trailer 0 0 0 568.5458268275162 389.5042127945769 606.8412304612411 427.19154841346784 14.847 4.321 3.527 -105.4512361056583 -1.2669444241841452 -11.8869353488248 2.091860720018742 1.0
vehicle.car 0 0 0 713.1639373376222 401.74539362814534 777.5248730142537 450.7930641932386 4.799 1.975 1.932 -35.6891702990135 0.3492461867110168 2.87334582392515 2.0445363150685507 1.0
vehicle.truck 0 0 0 707.6075936029044 396.78664070448315 818.1087988128171 438.0961029238953 6.312 2.213 2.285 -48.49765812203754 -0.08576011524512417 5.02618004994067 3.1316530677365897 1.0
vehicle.truck 0 0 0 415.31280795977403 400.4160934298108 511.63530807012535 454.83340424602767 6.629 2.1 2.201 -35.370338415758766 0.40213312884946295 -9.355537493924164 2.12585726791691 1.0
vehicle.car 0 0 0 1486.7241254547948 375.794002922555 1733.8384274809991 437.73469981886916 4.604 1.454 1.908 -21.919060193018055 -0.31038021351524303 25.438855228343257 -3.1395607356986392 1.0
vehicle.car 0 0 0 601.1315994410662 396.26332545968586 700.3718836098265 485.8140557268287 4.276 1.817 2.032 -19.039821909290733 0.5058930957603082 -0.6417685331790579 2.092990997994594 1.0
vehicle.car 0 0 0 742.870887000429 398.4558254884324 845.1661733301722 437.16347557644707 5.093 1.821 2.155 -42.7211700688252 -0.05286421989809287 6.085965231552676 1.5501652572548972 1.0
movable_object.trafficcone 0 0 0 469.74288449915144 421.609862312981 485.15633175797973 456.53706911477207 0.323 1.261 0.392 -29.25951474743572 0.7255832354044243 -7.388911672057207 -1.7927653978641978 1.0
