vehicle.car 0 0 0 692.6437490033785 396.0220581469956 741.6609692790828 415.7051934862861 5.242 1.908 1.956 -87.68697636042563 -1.456584048522961 4.193746581903116 1.5746209841563648 1.0
vehicle.car 0 0 0 716.6319984496253 397.74555791651187 780.2872089316352 419.8812117936999 5.053 1.629 2.052 -67.47557134165768 -0.8699300303777305 5.836639831725859 3.1312970390251627 1.0
vehicle.truck 0 0 0 399.55194506760375 385.2714274199899 469.5291485808626 439.22107884509023 6.341 2.603 2.149 -42.98880143554584 -0.3462094129398061 -13.025395776341666 2.077326419530346 1.0
movable_object.trafficcone 0 0 0 776.325086022217 446.38077715755935 792.5199189972199 468.6356694217474 0.308 0.511 0.304 -19.32489592868422 0.9240551659380811 2.5509952389730253 2.0610724287723032 1.0
vehicle.construction 0 0 0 932.6261206646255 364.656119700001 1118.1821524480201 476.28140728895914 2.718 2.001 1.984 -16.049215247672315 0.005306988278338004 6.906737984142056 -1.5917629561449989 1.0
human.pedestrian.construction_worker 0 0 0 1254.0890635265719 348.3642077871449 1364.6341747153963 535.363386983601 0.616 1.794 0.539 -8.027321191723157 0.22107696660544418 6.32010942058658 1.574840398926387 1.0
vehicle.construction 0 0 0 -222.9158555618965 362.39291734835746 90.414608562514 535.8297849852595 2.899 2.108 1.42 -10.975258649017297 0.3839924677551686 -10.110250931133258 -3.1069988946148976 1.0
vehicle.trailer 0 0 0 461.34301571637684 352.7385121925456 557.2058063142691 430.25307172356383 14.847 4.321 3.527 -53.40268703694596 -1.6015298062987453 -10.907761862992098 2.101707752659541 1.0
movable_object.trafficcone 0 0 0 784.3564945273422 460.49106858403866 809.929261236213 492.68237644100344 0.315 0.545 0.33 -14.459689445284118 1.0347829619560474 2.138675909969508 1.9475414471325534 1.0
vehicle.truck 0 0 0 748.7757713246857 370.9679430421593 922.057912404372 448.1180772478649 8.307 2.188 2.681 -27.765788381900396 -0.2682818382073789 5.03443802304971 1.9936350289078328 1.0
vehicle.trailer 0 0 0 592.1700473499095 373.0518381700562 619.7117672578157 417.89718745769176 19.549 5.364 3.062 -108.51521615563195 -2.9611332952093896 -9.76429105229442 2.080517037047704 1.0
movable_object.debris 0 0 0 1072.951344839744 468.4395856258838 1115.6642950662133 491.79006974037026 0.416 0.304 0.46 -12.187502414962198 0.9262822625026313 6.335231604518943 1.574840398926387 1.0
vehicle.truck 0 0 0 1010.5016147308029 280.2638266787936 1839.9245715901586 580.690910604422 6.829 2.012 3.126 -9.107913422197948 0.08025530837758532 6.71725258370484 2.1388655558156167 1.0
vehicle.car 0 0 0 611.8411446830004 395.61035362483364 681.1647111756478 458.15164710256624 4.276 1.817 2.032 -26.430599413709103 0.2304528314418357 -1.0305097218619763 2.1088967855605034 1.0
