movable_object.trafficcone 0 0 0 511.57914154078094 414.92828599839646 522.5025647930635 442.3894328323522 0.314 1.27 0.376 -37.21779901482117 0.44072656537013477 -7.552587481278083 -1.8041509226364418 1.0
vehicle.car 0 0 0 705.4759462776311 404.3276175100338 755.0046298498085 442.3889070963224 4.799 1.975 1.932 -44.207463990121596 0.2689401589953653 2.7661432528599708 2.027912830574097 1.0
vehicle.car 0 0 0 594.2410183814831 391.4338855036168 717.6619596018186 502.20210200790615 4.276 1.817 2.032 -15.416498905638456 0.5042066437323153 -0.42920683519464653 2.075949477506102 1.0
vehicle.truck 0 0 0 469.648589587751 395.0663769228162 540.0104594576486 436.9199670907731 6.629 2.1 2.201 -43.887522828315774 -0.09228451127222248 -9.434477075245175 2.1085593305789043 1.0
vehicle.car 0 0 0 729.813760402472 403.7467812393531 813.4571878006539 433.8319505391749 5.093 1.821 2.155 -51.243223327182754 -0.009534905067207444 5.8897026311417635 1.5484383650545581 1.0
vehicle.car 0 0 0 1568.066684560356 388.18986090433265 1878.562694984572 466.51135476202836 4.854 1.748 2.145 -19.460110326138327 0.20580451287973212 25.26783840055781 3.1238080762108975 1.0
vehicle.construction 0 0 0 532.5443350387129 402.1318872038716 567.8206486060366 426.51375490925886 2.899 2.108 1.42 -71.48133872745836 -0.4302649082062 -11.523126010683994 -3.1228150439530706 1.0
vehicle.car 0 0 0 1393.0886453294704 395.8287047810522 1621.5475995762422 457.9555375256402 4.945 1.795 2.146 -24.869727655237394 0.24808607155909995 25.66711101733521 3.1238080762108975 1.0
vehicle.truck 0 0 0 449.3428470010102 400.76981473985467 503.34622876189883 435.1793984590589 5.9 2.019 2.073 -50.691904605324304 -0.018420278984332072 -12.771957817946339 2.071876235928986 1.0
vehicle.car 0 0 0 1267.9347326667735 403.2037000109997 1429.6999491789984 443.9657349977486 4.604 1.454 1.908 -30.453694761962122 0.1794962435652772 25.46802363322778 3.1238080762108975 1.0
vehicle.truck 0 0 0 699.7704021863492 402.8126893993252 792.4403157824885 435.49015528775004 6.312 2.213 2.285 -57.00611231758932 0.012511537272220208 4.7346188945099 3.1118293232480445 1.0
vehicle.car 0 0 0 1234.3078963371702 383.00385506426124 2095.364254172545 615.4387825293737 4.846 1.668 2.106 -7.839217404547389 0.6387694228214484 8.539597037770266 1.6164421542791967 1.0
