vehicle.car 0 0 0 754.8310881823272 423.4148473642004 844.7133979991278 453.46128125127285 5.163 1.827 2.234 -49.91283672816739 1.1857891190432392 7.504857243242268 1.5632896357299852 1.0
vehicle.truck 0 0 0 -30.951342223080125 249.06177322946738 316.8611367833128 485.9810907847262 5.113 4.206 2.485 -15.795238537409036 -0.8995428287799861 -10.247499371059778 -1.5672852772788364 1.0
vehicle.bicycle 0 0 0 487.78187317379934 429.90920549426767 504.9168697871038 455.6264718064781 1.529 0.95 0.444 -30.43054262017734 0.8844530521139511 -6.955881668187607 -2.1480171937733923 1.0
vehicle.car 0 0 0 271.9485883442807 420.5914812511648 420.97297902569386 464.2397076658125 5.041 1.478 2.2 -29.781793155332803 0.8124696042494093 -12.230155505892503 2.3286507242131256 1.0
vehicle.trailer 0 0 0 -291.41209114825756 301.13173000729233 487.7972148041636 469.55091815732965 17.968 4.056 3.178 -21.94450974590228 -0.773343137450073 -14.625436013166986 1.564922164700337 1.0
vehicle.car 0 0 0 1308.0469061315937 422.99783739922583 1833.4787100006988 575.0110749049759 4.602 1.532 2.016 -9.445356294658295 0.8221664808743058 10.35633264039496 -1.568511328285532 1.0
vehicle.car 0 0 0 848.2739016854898 425.71480161139834 1000.4258460167855 475.50667929926885 4.663 1.662 2.051 -27.963990624950217 1.0646755235898948 8.526638156298866 1.5648315745603822 1.0
vehicle.car 0 0 0 554.3986451174093 406.7423346388435 616.1461307179187 458.5817964077264 4.854 1.775 2.103 -29.89201846126342 0.48652808433795136 -3.5967369183612274 1.9992140212261003 1.0
vehicle.car 0 0 0 1475.7519938570244 420.131197955824 2272.4798033383167 636.0427844074037 4.94 1.538 2.043 -7.090141624766764 0.7940123838319013 10.303274129792692 3.02798923717992 1.0
vehicle.trailer 0 0 0 -380.54721937934767 275.28421667900625 459.29501704120565 485.75398145811346 15.913 4.211 2.925 -18.568888283206537 -0.7355939451869639 -13.49746627107685 -1.5661511097313543 1.0
vehicle.car 0 0 0 806.7608720047846 416.4922998253187 926.2451823229129 460.66845422132405 5.255 2.088 2.241 -39.1119267749132 0.9326699081174957 9.124199963840832 1.5632896357299852 1.0
vehicle.car 0 0 0 869.4851339061414 411.4577691512506 1086.675167522775 476.7770846392501 6.002 1.908 2.324 -24.963965276806103 0.748475872290959 9.265068715668018 -1.5677702456799665 1.0
vehicle.car 0 0 0 986.6335127706245 312.37381835283867 1483.8189318116024 507.4472196134571 9.158 3.619 2.769 -16.824815755211123 -0.14630027650212152 11.495247566942828 3.038977404308996 1.0
vehicle.trailer 0 0 0 -1499.7189508589372 177.19834224995876 47.7819311381462 508.75938984533724 17.276 4.567 3.124 -13.934029272014646 -1.0079294819818123 -21.644485437727493 -1.5675322132725125 1.0
