vehicle.car 0 0 0 259.9982142648618 416.0231286994886 354.7082035799643 451.9983248097743 4.531 1.893 1.942 -46.357467101218276 0.835773795222896 -21.528446671526385 1.5817595651546466 1.0
vehicle.truck 0 0 0 457.6358700334747 400.69246520806666 561.8982777426218 444.2511274854091 5.131 2.141 2.374 -43.35833854347962 0.15701061024065488 -9.111094883287965 -3.139536729872752 1.0
vehicle.car 0 0 0 -7.368262865024983 404.62395364105555 357.9450279686128 530.7382693943908 4.594 1.744 2.021 -13.04194065950575 0.7125320812476125 -7.971518981540793 1.5816326661994875 1.0
vehicle.car 0 0 0 221.11701157873085 411.73560781012696 444.6638842415794 490.41230741992916 4.303 1.6 1.981 -18.615889098022933 0.692296893593004 -7.928445301257037 1.5815996658507716 1.0
human.pedestrian.adult 0 0 0 877.660529810382 399.31640009425524 898.1661996475929 437.9516968250398 0.829 1.752 0.691 -37.030878004425766 -0.03240753534722829 9.687412102449976 2.0775278123609837 1.0
vehicle.truck 0 0 0 417.84190701689647 398.9877567750707 545.9063905615253 449.84513936982313 5.065 2.012 2.029 -35.055481190696646 0.2095419377396327 -8.574786913024072 -3.1250403028278653 1.0
vehicle.car 0 0 0 270.4410912005119 409.18938432480655 473.8403433127412 480.27584320366503 4.497 1.635 2.172 -21.06851560716572 0.6246334083229992 -7.9516586467953845 1.5815408274954361 1.0
vehicle.car 0 0 0 445.4851700802683 411.47850567199356 545.9750466931542 448.0353206326437 4.431 1.537 2.046 -37.84481772366332 0.4717296548814848 -8.607303168001119 1.5842547231330926 1.0
vehicle.car 0 0 0 641.6955038072184 400.75538625752944 700.3505897003919 456.07699096875166 4.317 1.83 1.949 -29.436609440281636 0.2916562474299427 -0.34305431942428644 2.099607071137812 1.0
vehicle.car 0 0 0 1281.6653952533316 415.5426368871062 2231.8428228979997 694.8842529230343 4.749 1.516 1.76 -6.94986522646824 0.7648976214314134 7.994773411133884 2.1021654895075823 1.0
vehicle.car 0 0 0 387.5975998447648 408.85609687981633 514.6548780722568 460.8186599110374 4.134 1.742 1.935 -29.712577205815236 0.5507823463003744 -8.4030953526492 -3.1314599102940885 1.0
vehicle.car 0 0 0 501.05812980645084 405.55806526922186 578.4233097098887 436.77925681632144 4.888 1.937 2.075 -54.45618739738361 0.11726585352423935 -9.44850586446125 -3.1373149816364894 1.0
vehicle.car 0 0 0 134.73828500677217 390.97047046140835 418.58230430292457 505.7517703609533 4.606 2.015 2.101 -16.135862847312335 0.5316072145623003 -7.920531841857934 3.1197130299446387 1.0
vehicle.car 0 0 0 321.57345146704785 403.29616451398783 481.0924882778407 468.49514084062776 4.203 1.764 2.01 -24.351860183203776 0.4706057973334011 -8.347681234604824 3.083485530453256 1.0
