vehicle.car 0 0 0 635.2031246683041 402.3813891817307 709.2512527703898 469.2684627353382 4.276 1.817 2.032 -24.92223748843041 0.48968532887698163 -0.1801302668501281 2.1206049088087404 1.0
vehicle.car 0 0 0 757.6131839203872 402.0072784143359 846.375208458835 432.76911675976845 5.053 1.629 2.052 -49.279269700785854 -0.10436904755259158 7.540994470137537 -3.132583951240828 1.0
vehicle.trailer 0 0 0 596.0565100718794 375.4558265870165 631.6151078058476 429.64683971121605 19.549 5.364 3.062 -90.69741016615951 -1.5977135465267573 -7.187501467939016 2.090762132441153 1.0
vehicle.truck 0 0 0 212.29211306058338 380.44716852846807 372.1735748079886 478.0104490081246 6.341 2.603 2.149 -25.25797117704858 0.3050668562634377 -11.918629613440265 2.0875215711069437 1.0
vehicle.truck 0 0 0 591.7503286773765 390.8840152575494 628.9048109848337 429.9093225713448 5.513 3.546 3.051 -78.07489961403454 -0.8126541302206376 -6.654361641664523 2.1111500836547252 1.0
vehicle.truck 0 0 0 953.7373236913577 330.57880457170086 1290.5623684157945 499.5315059548878 6.997 2.417 2.203 -15.374143369080612 -0.03317627223683628 7.8085594526294155 2.0875215711069437 1.0
vehicle.car 0 0 0 721.2167369329587 402.0571503743755 783.4778238109412 427.13585162534287 5.242 1.908 1.956 -69.52932292750928 -0.39214905419851087 6.368979119282823 1.5667827279148732 1.0
vehicle.construction 0 0 0 614.1048111437603 392.3274073717908 649.1023782397195 419.6651573131182 3.768 3.248 4.297 -103.34620858397942 -1.6861531392972515 -6.140194911201878 2.080655429715847 1.0
vehicle.truck 0 0 0 891.4376061721035 267.2053601762789 1775.312571704184 601.2255142443018 8.307 2.188 2.681 -9.597891294823146 0.11687675956190355 5.759113414724346 2.0024179084065548 1.0
movable_object.trafficcone 0 0 0 544.3348162067034 426.2376647499809 553.242027855257 441.14883209211666 0.431 0.789 0.416 -43.4555330850737 0.785101021845126 -7.088791851830939 2.0617172586500043 1.0
vehicle.trailer 0 0 0 357.7088214831061 330.11766021606036 535.4357026669836 456.8291545915213 14.847 4.321 3.527 -35.6268480298219 -0.8511753721410595 -9.549411868851267 2.1122780505127654 1.0
