vehicle.trailer 0 0 0 786.8618753562138 386.76043535956353 854.008136090114 428.98592660964596 14.714 3.742 2.939 -78.32278858233404 -0.9271833545586039 13.575619298846714 -2.1333871073869197 1.0
vehicle.car 0 0 0 474.1461794901341 397.1747758371523 499.49632231979564 415.1140025178773 3.395 1.534 1.812 -72.84248687739344 -1.1759391904203074 -17.51188273584474 -2.1517379597782 1.0
movable_object.barrier 0 0 0 651.7939280842638 415.12353517129503 729.9281265603231 438.1282406292164 2.979 0.867 0.647 -30.906208605881073 0.2835650624692063 0.44847823129847847 1.5909877528889664 1.0
human.pedestrian.adult 0 0 0 169.95191477394405 357.2799559124201 247.4002840119801 444.6363542760929 1.219 1.547 0.718 -14.76369657451641 -0.3174667036389457 -8.669805550936703 2.0727134132842586 1.0
human.pedestrian.adult 0 0 0 867.7911422457721 411.61117662428387 879.8460119772925 436.21173280703835 1.069 1.774 0.764 -58.18290867896284 0.34277633877005154 14.204574666984778 2.284543756450999 1.0
movable_object.barrier 0 0 0 580.438447230673 416.65196746118835 654.4466621911382 438.77740143549465 2.973 0.864 0.61 -31.9755145502326 0.33592207229058 -2.4772301514520625 1.5909877528889664 1.0
human.pedestrian.adult 0 0 0 849.9277527877666 408.99337019868864 864.9076963981091 437.9545418016572 0.943 1.89 0.622 -52.64813174387567 0.28218401759649836 11.770575314182585 2.502223377205116 1.0
vehicle.car 0 0 0 614.3104486129313 397.8901316708983 639.3686011419862 418.9371280335837 4.384 1.818 1.899 -73.44750505018153 -0.9666160974032468 -4.832306644613483 -2.1834606198324256 1.0
human.pedestrian.adult 0 0 0 857.5030015605836 413.11056028215256 868.7102226368338 435.90894851489094 0.696 1.647 0.716 -58.107378838218 0.3844945318925531 13.4047860477111 2.298157489519129 1.0
vehicle.trailer 0 0 0 709.9855573322142 381.84620640865836 766.2796213711948 428.7268220518785 14.65 4.103 3.106 -77.42378686907449 -1.1419711189992343 5.483878624813531 -2.1419359444970194 1.0
vehicle.truck 0 0 0 178.17889985678963 248.19640058164572 461.1392956850041 459.8618528077196 10.768 3.95 2.578 -20.31433613042024 -1.1576508653516737 -8.18234160884236 -2.1049862392269034 1.0
vehicle.truck 0 0 0 106.79100820190531 273.6440733496054 400.5472267330345 446.92274213082146 10.477 3.998 2.437 -23.71338607864033 -1.3034570730978547 -11.688978744231301 -2.0460182023299645 1.0
vehicle.car 0 0 0 871.3586123027369 399.4009078179745 1022.7191904628484 530.3766618327343 4.618 1.745 1.961 -13.127046404309644 0.6350504860473019 4.256141347597056 2.250655606753729 1.0
