vehicle.car 0 0 0 477.93285103705426 400.060851453536 562.9958426991119 471.76268783373075 4.618 1.745 1.961 -22.027389873392814 0.4122909050239408 -4.480625955576441 1.9535576560002692 1.0
vehicle.car 0 0 0 1005.7742026285001 423.5997483650251 1129.4130917840282 468.19163157686353 4.236 1.416 1.925 -28.240591842714963 0.8921052137100239 13.77056878662026 2.7680851222969434 1.0
movable_object.barrier 0 0 0 1317.3594351279153 442.1488325107516 1405.5605398622688 468.569416377565 2.989 1.008 0.648 -34.38733953606647 1.5306614161861107 29.33012632437045 1.9339517788263656 1.0
vehicle.car 0 0 0 1072.2947966992585 424.4557245645489 1218.28922325951 474.87316477013854 4.275 1.47 1.773 -25.79424838377561 0.9326835142133532 15.06385803595066 2.891989881091124 1.0
vehicle.car 0 0 0 622.8369263906845 414.45526147258124 669.3627851481524 441.63568700025473 4.084 1.62 1.658 -50.209121498408706 0.5392037119844748 -2.1167859112827285 -2.3142679322144284 1.0
vehicle.trailer 0 0 0 1493.844557349572 395.7194199208573 1761.4053919100695 449.69895915266176 12.603 3.764 4.68 -62.440677298411906 0.2528173917358678 73.36158649821598 1.9072669494820262 1.0
vehicle.car 0 0 0 1046.8518598714556 415.7741962166178 1132.8543300363478 444.9037809793763 4.321 1.643 2.048 -47.94567591699762 0.6437394352131239 24.590854968857933 -2.3030449978313836 1.0
vehicle.car 0 0 0 347.85707240866236 399.28302767734687 400.1560967222422 445.382367829466 4.665 2.0 2.126 -37.28702898045718 0.13799233409651357 -14.184007562837595 1.9141047784894916 1.0
movable_object.barrier 0 0 0 1398.2178489912346 441.80679597498664 1504.2375486374783 470.52334820421726 2.996 1.004 0.616 -31.456782064763463 1.42801422597547 30.351606359286635 1.8901855950127793 1.0
movable_object.barrier 0 0 0 1496.3677463610163 441.917943607233 1623.5438392606418 473.8110148843724 3.001 1.012 0.65 -28.65643756034531 1.3565418078992277 31.532028889582207 1.8732558543089084 1.0
vehicle.truck 0 0 0 1367.5157082075245 377.9720632382004 1628.0256613281058 470.1299881351318 6.835 3.308 2.75 -32.31456044182056 0.17278128711737945 32.67958499429576 1.9413813753725613 1.0
movable_object.barrier 0 0 0 1572.6562737203922 441.0887065201896 1677.1146228053888 467.01121803223646 2.996 1.049 0.638 -36.072105558750984 1.5483185668577695 42.6653023889689 1.9080513961979015 1.0
movable_object.barrier 0 0 0 1252.4767248688422 435.5184470183141 1327.2007708191886 459.3839395487662 2.975 1.014 0.642 -37.2928884177928 1.295116708671764 28.478383765459466 1.9510727922050526 1.0
vehicle.car 0 0 0 583.9290824243673 403.49006143993773 639.2170702114424 437.1550251688822 4.887 2.192 2.263 -54.808004290401875 0.07649235939407739 -4.692001876923788 -2.3446472828185634 1.0
vehicle.car 0 0 0 1139.0367072753847 423.96266509471195 1299.2329886047191 478.2417636588799 4.181 1.429 1.926 -23.531921276963295 0.8820189632577827 15.917335138782484 2.8694385805785334 1.0
