vehicle.car 0 0 0 444.36718578053046 352.90046375900835 792.5313015936609 640.192877133179 4.762 1.751 2.043 -7.3857349306032445 0.4352821438660706 -0.0907502670498292 -2.2123613072248993 1.0
vehicle.trailer 0 0 0 -372.76372786986326 330.5786890822376 148.18995078585735 465.4985575587764 18.966 4.37 3.428 -35.42055255909724 -0.8256428920357254 -32.04814391219742 -2.13465470736546 1.0
vehicle.car 0 0 0 1542.0548979385312 388.2626732453069 1754.949767067692 453.14280543982915 4.812 2.0 2.088 -27.179081855020833 0.0073012238944180075 32.6688834742145 1.9782272366430913 1.0
vehicle.trailer 0 0 0 171.0121072087906 308.3472196733428 476.6249609934191 454.12871417623046 18.107 4.365 2.982 -33.06685911817202 -1.2708270027482031 -13.01287482311662 -2.1598592709204656 1.0
vehicle.trailer 0 0 0 99.77488175629308 323.7414586086708 420.7109944291827 445.40509912605694 17.51 3.825 2.931 -33.961339837319606 -1.219155209949442 -16.09081151332033 -2.1598592709204656 1.0
vehicle.truck 0 0 0 194.05642810683457 322.16953700395794 469.3171724701782 468.58998463542696 6.284 3.55 2.902 -21.483199715918207 -0.6088078014383682 -9.223689761698735 1.5983351573941542 1.0
vehicle.trailer 0 0 0 -65.28929580595837 339.4942126280126 308.3038559610154 455.24037303151266 17.612 3.784 2.856 -34.99037456276717 -0.8446568502895926 -22.406733260178378 -2.1483971334678484 1.0
vehicle.car 0 0 0 742.7744701443593 396.389369861845 807.1849586393428 422.9416121315305 4.618 2.0 2.104 -61.85909065377574 -0.7478312849862998 7.448014543658037 2.912869542928573 1.0
vehicle.trailer 0 0 0 12.915749769895065 323.09219963698814 361.8730624948487 449.60667985662707 17.656 4.063 2.967 -34.56255172500614 -1.1862507538559384 -19.385520387086515 -2.1495945874044704 1.0
vehicle.trailer 0 0 0 -159.6158495046543 336.2527404893843 260.44112977287375 460.34296572340827 18.176 4.04 3.116 -35.163829690131855 -0.8153150634892055 -25.329149961872066 -2.1421558461809544 1.0
vehicle.truck 0 0 0 901.6224044522046 389.8115660313688 994.7983918802921 419.69321453728355 5.925 1.974 2.194 -54.690916440776924 -0.9871971381156281 18.379515512896184 2.921984861205968 1.0
vehicle.trailer 0 0 0 -279.3702252295625 330.9540211780564 205.12338102075302 465.2105581260631 18.858 4.308 3.319 -35.1364924996483 -0.8171897911478251 -28.696669993499697 -2.1421558461809544 1.0
