human.pedestrian.adult 0 0 0 455.54719955832917 383.08632626493494 496.13767410599894 461.1711330559562 0.709 1.869 0.796 -19.612402531871048 0.06728180947395662 -4.982925762477831 2.106057364697671 1.0
vehicle.car 0 0 0 1285.2796517416832 358.48946849343054 2264.915877788715 660.4076259854171 4.578 1.699 2.113 -6.908545310974813 0.5035020093787381 8.113296198388506 2.1099624309815708 1.0
vehicle.car 0 0 0 268.77399357497137 392.93480683348827 467.38122982050044 475.2266277049747 4.589 2.066 2.279 -22.072861588645598 0.3783665817693551 -8.443894051032686 3.123557339906368 1.0
vehicle.car 0 0 0 861.9809841058634 399.27138243065053 964.0779184331063 459.2394616461695 4.392 1.728 1.81 -25.666687870816986 0.2819399388477183 7.388189341752675 2.110295998727185 1.0
vehicle.car 0 0 0 944.0623340862037 405.5479605218896 1107.7068035015907 482.54502627369476 4.609 1.542 1.772 -18.638736061426673 0.49419468945173967 7.86537618747806 2.089864245578478 1.0
vehicle.car 0 0 0 487.03060512413583 405.1829855461561 570.8396061349546 435.4660631419666 4.497 1.635 2.172 -46.47741413216683 0.054087386274655036 -8.677293181018026 1.5767926192505657 1.0
vehicle.car 0 0 0 106.11991098740785 391.86296747184144 388.67184336652195 497.60451899366996 4.664 1.96 2.136 -16.590441517105397 0.48381081300531525 -8.763471386386257 3.123557339906368 1.0
vehicle.car 0 0 0 -4.12429054059023 394.23333279557284 350.2874799392044 515.3773437783359 4.675 1.819 2.097 -13.68672480281737 0.5503011929478407 -8.418948132396855 1.5768471975140521 1.0
vehicle.car 0 0 0 632.1996155650561 398.05123568719915 706.6948150380248 468.18140496442834 4.317 1.83 1.949 -23.41438509904666 0.3568735011784517 -0.2954242733058895 2.0977439864460727 1.0
vehicle.car 0 0 0 220.8760614663046 399.03152347021563 431.7971410094202 480.94125927929684 4.251 1.811 1.958 -19.472365526003777 0.47104259248960806 -8.461849140059785 1.5768471975140521 1.0
vehicle.car 0 0 0 825.2721517380559 406.5649535591876 900.455572240998 447.71635007007575 4.749 1.516 1.76 -32.44482473025254 0.28449150662999856 7.364143463453844 2.110295998727185 1.0
vehicle.car 0 0 0 -144.67179508816258 416.07604729646783 279.40628898600215 545.1240880717777 4.275 1.528 1.963 -11.042886676419716 0.7622345531738224 -8.175575553355205 1.5768471975140521 1.0
vehicle.car 0 0 0 445.99792850421045 405.0738753446637 550.240333527174 444.1897941071513 4.594 1.744 2.021 -38.45139136284091 0.24466585645954042 -8.639885254524069 1.5770491834576799 1.0
vehicle.car 0 0 0 -1090.970971706722 399.3438790450487 8.069475154674251 699.0423376134995 4.526 1.632 1.944 -5.63458909455386 0.7362894852198891 -7.8745421342234065 1.5768471975140521 1.0
vehicle.car 0 0 0 32.04384066851894 389.039752302863 229.9146067935197 475.61437707828316 5.606 2.988 2.449 -29.77846411572216 0.4586073277640292 -20.2873685884053 3.140833247583865 1.0
