vehicle.car 0 0 0 33.785037614722626 397.38265468821913 83.14620086925362 422.42527411578646 3.395 1.534 1.812 -51.03068419198577 -0.5675984505529525 -39.61683056706491 -2.371108846832369 1.0
human.pedestrian.adult 0 0 0 590.8246982992534 404.2912493690331 604.2065170784161 432.6642185731056 1.069 1.774 0.764 -50.515830305912495 -0.04518495631621611 -5.1532948863336445 2.0700235746133178 1.0
movable_object.barrier 0 0 0 52.49222751145869 409.58883945346736 207.90207160138743 450.5450579069775 2.973 0.864 0.61 -17.354564927717217 0.23224968977517035 -11.905462281626821 1.5653134993681235 1.0
vehicle.trailer 0 0 0 493.7879246999158 376.4777033270318 571.3615607242044 427.1298163334668 14.714 3.742 2.939 -66.33947948382631 -1.2580142758534243 -12.468379898551634 -2.3512791076002095 1.0
movable_object.barrier 0 0 0 192.3427761020793 414.59936239279097 345.0710619964798 455.95808167735606 2.979 0.867 0.647 -17.27107974295396 0.3416314522773805 -8.849477521527966 1.5653134993681235 1.0
human.pedestrian.adult 0 0 0 572.8425586569558 398.80067525074764 585.7537421745295 433.1644112697878 0.943 1.89 0.622 -44.4218311158286 -0.1771398277193661 -5.545698738468042 2.0700235746133178 1.0
vehicle.car 0 0 0 630.5242740835944 399.4084672592426 748.5409937007396 504.5492941304572 4.618 1.745 1.961 -15.593713802967606 0.5591063753313896 0.09014624914708452 2.067209454238503 1.0
vehicle.trailer 0 0 0 397.0925432768578 372.53566586510544 464.00631468927014 431.52532741251736 14.65 4.103 3.106 -62.8046388485007 -1.1634906034887114 -19.802074189849467 -2.3605250266916844 1.0
vehicle.car 0 0 0 257.58075570404895 393.56868719863024 290.65995713940146 421.0664497041296 4.384 1.818 1.899 -55.54003922109653 -0.7892957816283837 -28.205645067090366 -2.4052394808944175 1.0
human.pedestrian.adult 0 0 0 579.8879581388568 410.13973633547437 592.6551003875231 436.48338299955435 0.696 1.647 0.716 -50.32382933029859 0.2563126324655245 -5.844471296031046 2.090351768527169 1.0
