vehicle.car 0 0 0 782.6168341544649 398.60160940143834 867.6516638920955 457.7514107444489 4.53 1.726 1.887 -25.767885139626113 0.22883532403470236 4.598042908056791 2.100865010702405 1.0
movable_object.barrier 0 0 0 340.54665390126894 454.5918352633627 519.1896741680855 610.2993184336817 3.005 0.883 0.593 -6.958897145381875 0.8412521246306548 -2.0035654788988975 2.111247319710859 1.0
movable_object.barrier 0 0 0 459.38981562910413 445.84089231550564 559.7997948268883 541.6163944602725 2.987 0.885 0.579 -10.101169178214374 0.8537521476819017 -2.0500759196992475 2.117753018118732 1.0
vehicle.truck 0 0 0 1145.626011357593 272.5525923542466 1665.7031694954658 520.3146986378566 5.538 3.206 2.773 -11.987510581272502 -0.3391898921737406 10.547182289953119 -3.0771357495648717 1.0
movable_object.barrier 0 0 0 573.4183368533648 431.59697445924104 607.5825598417196 476.70631573999185 2.948 0.928 0.43 -19.545895229952905 0.8135073595906174 -2.135960520421881 2.122194248674697 1.0
vehicle.truck 0 0 0 1069.457237381389 356.84611010969604 1345.44439336108 420.8447187318322 13.944 3.398 2.818 -45.175424961211775 -1.6955264291907999 29.700557979584833 -3.1268194057751426 1.0
movable_object.barrier 0 0 0 551.3446835534124 437.14432092213985 594.8168104431529 490.58866104855207 2.987 0.882 0.467 -16.39067985250995 0.8666015250433318 -2.1345707208492506 2.112139417432614 1.0
vehicle.car 0 0 0 863.2758712298007 392.94977217307155 975.0761784570493 455.90676171466987 4.665 1.832 2.081 -25.793581415591415 0.11667507380904651 7.60159826457522 2.1156714072314626 1.0
vehicle.trailer 0 0 0 1431.5588994344323 194.596204076232 2547.7897282240087 496.63502158147185 13.057 4.072 2.94 -12.465163663075437 -1.0647438779303646 19.54706428624609 -3.12821960061029 1.0
vehicle.car 0 0 0 1033.0257735440057 399.6907767265557 1158.7215338502074 449.1322582402986 4.197 1.418 1.678 -25.232490865955622 0.11780356523906338 13.016446196107331 2.1162139958469313 1.0
movable_object.barrier 0 0 0 574.5917455153111 431.93244480323796 608.6298388203153 470.1870399790483 2.961 0.917 0.657 -22.608777569755805 0.8649889462585478 -2.5050166391327036 1.9928684487321418 1.0
vehicle.car 0 0 0 621.1988752945591 401.52307872711765 717.7114092592277 468.8584774997399 4.97 1.705 2.122 -23.000429765549722 0.3700139287884226 -0.4138401067446091 2.026751786127294 1.0
movable_object.barrier 0 0 0 517.0708379903263 440.3129092520044 581.011459703735 510.12615038910445 2.995 0.901 0.545 -13.262440803660057 0.8649872198127433 -2.099487287884801 2.112139417432614 1.0
movable_object.barrier 0 0 0 -124.81654510330202 481.62044450556255 428.11302069106114 896.2014980501544 2.984 0.933 0.618 -3.820290295141372 0.9061343872170675 -2.006779763397526 2.1171697359622055 1.0
vehicle.car 0 0 0 949.0300136729663 406.07325540733405 1060.3139320135713 456.4667886988634 4.491 1.467 1.712 -25.710804554140264 0.3195260342467925 10.33578488568547 2.103866856699285 1.0
