vehicle.trailer 0 0 0 -104.7132690195995 341.2351264308301 272.9033882997087 454.3540093631003 18.858 4.308 3.319 -39.94783716027332 -0.961852112801833 -27.586378686891255 -2.1574006752745314 1.0
vehicle.truck 0 0 0 907.3068247082592 389.1045170816951 994.2108587454993 417.0101728715306 5.925 1.974 2.194 -58.57749218358555 -1.1828517887487648 19.94030974030297 2.8799481304759045 1.0
vehicle.trailer 0 0 0 215.23021203100095 336.40330727494023 467.6692636586444 437.9996476329432 17.51 3.825 2.931 -38.93207845535057 -1.3409718303250235 -15.116990590711309 -2.1752330177289947 1.0
vehicle.truck 0 0 0 -1805.8734258878626 -460.7967380642345 350.22328995950284 1235.018803529759 4.754 3.221 2.352 -3.973883522639469 -0.07006561942052932 -3.652581776923222 2.147409102504673 1.0
vehicle.trailer 0 0 0 66.31854262234225 344.3171488205099 363.10079502577435 442.5713140613124 17.612 3.784 2.856 -39.655969125819176 -1.1289609353066998 -21.464402478843464 -2.1636880211160667 1.0
vehicle.car 0 0 0 488.03731889310626 368.78027363845445 754.5246101666803 571.0082864370274 4.762 1.751 2.043 -9.423504548174307 0.39998810883580804 -0.32028749661097894 -2.202752524574759 1.0
vehicle.car 0 0 0 759.2072587840954 396.92637733260426 820.2368706561094 421.92948218657875 4.618 2.0 2.104 -65.63429859032352 -0.8167301797219435 9.111130994653537 2.895139903637265 1.0
vehicle.trailer 0 0 0 -184.7908019282974 340.72675027719856 224.48682716932572 454.4629086435326 18.966 4.37 3.428 -40.28066677843588 -0.977710882064023 -30.883852105239363 -2.160104583306179 1.0
vehicle.trailer 0 0 0 275.4889106336696 323.5170925340112 517.9619975183396 445.49712526423843 18.107 4.365 2.982 -37.744054884093984 -1.381560760318818 -12.00862550068382 -2.1752330177289947 1.0
vehicle.car 0 0 0 1479.1055423575922 391.95688224705583 1653.2069447732272 449.6111917129085 4.812 2.0 2.088 -30.27385395416928 0.013478409046905893 33.3663402048953 1.9652879394094853 1.0
vehicle.truck 0 0 0 295.23874711374145 336.5353252202656 519.7100557331779 456.9758794428059 6.284 3.55 2.902 -25.732475775821268 -0.7009015910856394 -8.665503692995166 1.6018239973129713 1.0
vehicle.car 0 0 0 1403.1566885924076 388.0498275156478 1555.1660185771682 427.33477019786767 5.596 2.178 2.705 -46.38957406891137 -0.678115291314149 46.30249961705921 2.9277471704992806 1.0
vehicle.trailer 0 0 0 -10.123244050411307 345.707023857551 320.44575234781945 450.55211114966073 18.176 4.04 3.116 -39.95716925166616 -0.9534063515238357 -24.377077893698686 -2.1574006752745314 1.0
vehicle.trailer 0 0 0 135.44793602846426 334.86701587801764 412.3380698001228 441.7679512467843 17.656 4.063 2.967 -39.28440781203281 -1.3111832626585875 -18.440484785930508 -2.164894235283567 1.0
