movable_object.barrier 0 0 0 845.0581925426702 423.5716179552589 901.7864661576757 435.50399532804545 0.545 0.941 4.714 -68.19945137178624 0.8776629631381772 16.60465826125464 2.1181154657439443 1.0
vehicle.car 0 0 0 802.0955425874465 413.2737183676429 874.6107930271158 442.17171825484473 4.634 1.918 1.78 -55.668998697520806 0.5792305709304958 11.079343348484645 3.0932192794205102 1.0
vehicle.emergency.police 0 0 0 875.6941597441527 408.51726574861755 1026.6745984985937 458.9138843130237 4.898 1.741 1.957 -29.607908768186373 0.5181749196864491 10.01716732606821 1.5766678080619023 1.0
vehicle.emergency.police 0 0 0 983.2989837357572 401.16757707250605 1244.1330797831279 501.6994927613193 4.941 2.144 2.051 -18.564660245728803 0.7081261661946332 9.958170756779648 1.5760735222973619 1.0
human.pedestrian.adult 0 0 0 1071.742147034175 376.44025525604775 1094.6024416696303 420.96181279980436 0.73 1.95 0.704 -35.42759727776717 -0.9057770481200853 17.934102493469524 -2.9892730607649707 1.0
vehicle.car 0 0 0 651.2337138039276 392.95511129445805 703.1402485834403 447.84295955501847 4.963 2.138 1.96 -33.98326901546201 0.034052795407593206 -0.1568172657888044 2.0618794935811326 1.0
vehicle.car 0 0 0 1096.963415630778 425.9933116512539 1396.6409630851306 519.0318380252356 4.316 1.535 1.679 -14.74096299482782 0.9353301520413297 10.329492291661989 1.5754714624291495 1.0
vehicle.emergency.police 0 0 0 914.3335880256826 419.50452909369176 1093.4507366223274 476.85658627026413 4.953 1.716 2.087 -25.9581546851076 0.908746311369832 10.464835865333265 1.5766678080619023 1.0
vehicle.car 0 0 0 940.0319287369938 420.48725036372826 1132.9211972331605 490.9388431347088 4.5 1.803 1.896 -22.256166319184363 0.9756112691496975 9.854268738810472 1.5754884911973015 1.0
movable_object.barrier 0 0 0 766.5137466835808 414.72285060174227 803.398959691622 425.5750339611517 0.495 0.883 3.185 -68.8754721272092 0.07309705541826994 9.129926919034212 1.839478433688134 1.0
vehicle.truck 0 0 0 1149.8532792229835 338.1051553275139 1775.1163412352487 572.0123395486462 6.39 2.768 2.064 -10.799068034142165 0.4354132039679391 10.196871916343573 3.129451500999659 1.0
vehicle.truck 0 0 0 1346.047641720761 377.07725462113444 2206.532494896005 623.2598179756199 5.655 2.0 2.088 -7.716324590570414 0.6902991684686114 10.10835634587015 1.5762165366534333 1.0
