vehicle.car 0 0 0 864.616952446706 381.4198276385179 1178.5814561143106 517.9784453105466 4.963 2.138 1.96 -14.126327502314425 0.5117283701174543 6.00737690082362 2.943378827368587 1.0
vehicle.construction 0 0 0 1102.1631775711753 400.1016966336007 1202.0696822776151 456.6110290585013 4.448 3.002 3.147 -44.92679424862525 0.5410316607173317 26.622062019121632 1.6292147011066493 1.0
movable_object.barrier 0 0 0 796.4697424087021 427.3847091780491 830.3920724659301 445.1728094998473 0.651 1.03 2.843 -47.527131555952856 1.0162793716288956 8.023280136928488 -2.651597355008585 1.0
vehicle.car 0 0 0 1288.8471587236327 432.5352365071042 1764.068057798401 581.9746775528283 4.395 1.608 1.774 -9.801871084237987 0.9742543779758348 10.235106360026553 3.0385012071287676 1.0
vehicle.car 0 0 0 1516.9436953173474 425.47876590823716 2190.994609476566 641.6540035155175 4.236 1.615 1.786 -7.211519265125108 0.8818742174509543 10.384596691352789 1.5545282579274131 1.0
movable_object.barrier 0 0 0 1110.973915546419 445.1121771053047 1257.8130320733342 488.26944235635915 0.527 0.887 3.035 -17.089917434994877 1.002609802022361 10.816933962625257 2.168018468232387 1.0
movable_object.barrier 0 0 0 770.190149703987 426.874152588603 802.5195284852774 444.1272774620496 0.599 0.948 2.641 -45.100103525203046 0.9216658256499037 6.083483184958198 -2.686510502825058 1.0
movable_object.trafficcone 0 0 0 714.9787655492046 414.38449255925286 750.0520104967821 465.41440145453527 0.751 1.465 0.716 -23.419502128909503 0.6040894068938496 1.5671039589318931 1.6180885478137803 1.0
movable_object.barrier 0 0 0 857.0602092432541 428.31227475389517 885.2999463437149 444.2631943130169 0.47 1.023 2.498 -52.213475394618435 1.1162643130608112 12.583534344457538 2.555066337307869 1.0
movable_object.barrier 0 0 0 733.5837941651297 424.05892089672756 760.3914233922654 444.1856802702417 0.555 0.96 2.918 -39.53826723256964 0.743421423546857 3.3887603815766885 -2.8859902184606385 1.0
movable_object.barrier 0 0 0 750.6072038808717 424.6875860507955 777.6601881925593 442.27373690786465 0.461 0.899 3.241 -42.38101132588455 0.7640529860102061 4.543599486627443 -2.84506851218336 1.0
movable_object.barrier 0 0 0 1245.387366726391 438.4876234218313 1454.5802985258629 482.61191265739956 0.545 0.941 4.714 -17.704799283357207 0.899007501196765 14.892297980209289 2.168018468232387 1.0
movable_object.trafficcone 0 0 0 910.8726575313032 435.3557596639541 941.7509471034952 486.4818925789093 0.627 1.264 0.414 -20.083531057598403 1.0384154745676957 6.2221500251178625 1.6112781973080823 1.0
movable_object.barrier 0 0 0 825.5661521289686 425.7163944211418 860.9864128890007 443.88771527966543 0.61 1.109 2.996 -49.98934843330054 0.9785169715237937 10.306996198535515 -2.583633245252196 1.0
movable_object.barrier 0 0 0 879.1600660964687 427.9870290075551 908.4167309873031 445.47967477861505 0.549 1.161 2.682 -54.09072952809962 1.1860550864958517 14.568745961961048 2.555066337307869 1.0
movable_object.barrier 0 0 0 959.2130747422759 439.62571102731016 1121.8906504917663 482.26868674594516 0.495 0.883 3.185 -17.417933848821157 0.8875996782862989 7.817484195801682 1.8704239051375113 1.0
movable_object.barrier 0 0 0 721.8832729275202 425.0840700880267 743.3485703373672 443.96266638724734 0.41 0.842 2.432 -36.82315110532294 0.7096391766176906 2.4878940344655556 -2.9188989100993528 1.0
movable_object.barrier 0 0 0 695.222697684363 426.9919790817642 744.4445127013792 461.1235127224875 6.25 0.993 0.71 -26.374426447814844 0.7950567801837269 1.25391434882186 2.138322104840073 1.0
