vehicle.car 0 0 0 859.4004190479111 413.00737340580196 935.5730528109457 441.1427052816572 4.903 1.958 2.105 -58.05669635078334 0.5891813091064996 15.846237795632993 3.1038275934674076 1.0
vehicle.truck 0 0 0 -105.99229236404375 312.48218456544134 359.1903765870604 498.4637386792936 7.52 3.493 2.828 -16.427599973963016 -0.19492093808298552 -10.940952809493389 1.5203831888914152 1.0
vehicle.trailer 0 0 0 544.3423967922882 394.494842395703 572.2456119686315 430.6387028550967 11.002 3.741 2.762 -96.98131756909429 -0.6870537713654647 -14.568573087066799 2.124159664313445 1.0
vehicle.truck 0 0 0 844.6679782917789 382.4965367069144 962.2355314735265 444.03541176791515 7.251 4.036 2.484 -54.32890709660917 -0.36108686863662687 15.175030922282431 -3.129321994709967 1.0
movable_object.barrier 0 0 0 351.7759972247247 423.60776944892274 416.2282470138191 457.6162793647353 0.657 1.161 1.972 -27.67508490588392 0.7473416877780307 -10.212528585486714 2.1018515824155592 1.0
movable_object.barrier 0 0 0 200.21921289561556 431.5780365723592 328.0488764812343 494.2415288637275 0.613 1.14 2.018 -14.91557959252814 0.8119929768169033 -7.721019932226175 2.0259575111001142 1.0
vehicle.truck 0 0 0 794.0412173727946 390.8387423947233 909.1474444617958 433.95618972978855 9.822 3.756 2.635 -72.44370517837999 -0.5856954110566489 15.575050246000867 3.1189575079735548 1.0
movable_object.barrier 0 0 0 411.13344844847074 422.0934507979415 473.82667475926286 455.8524999939961 0.645 1.156 1.979 -27.765593478270844 0.692260798186902 -8.212975561952211 2.0912678457829283 1.0
movable_object.barrier 0 0 0 292.026016284375 424.16409768163714 357.6532951284268 458.23149544267073 0.653 1.161 1.948 -27.614205613042927 0.7659015605279158 -12.236786287170633 2.1018515824155592 1.0
vehicle.truck 0 0 0 420.50888905222405 394.79308630157595 473.5856061413104 432.34057108483967 3.736 3.035 2.988 -68.20266465088211 -0.44983384376226 -19.766506226212666 1.5210813053490657 1.0
movable_object.barrier 0 0 0 -30.163270781898863 437.56861058909703 107.17894970378775 499.9866579937903 0.551 1.102 1.92 -14.488597135796278 0.8925538373470514 -11.592851272741099 2.00637726827423 1.0
vehicle.car 0 0 0 1043.665288884968 419.1877640184163 1171.1190936223716 456.9291947477554 4.351 1.497 1.76 -32.87721235024087 0.7978680450317808 17.591436727753972 1.5230655833787718 1.0
vehicle.truck 0 0 0 782.5820515954808 399.0005594091508 855.8033050209516 432.0490393722212 7.015 3.294 3.263 -83.96501628654059 -0.35644197491534435 14.676458452698068 3.1104545621581394 1.0
vehicle.trailer 0 0 0 342.6542055255659 379.8657557461866 492.98581206978895 426.292225036516 13.911 4.406 3.04 -79.78449018199747 -1.5654722549398759 -25.924230830505255 1.520967322735343 1.0
vehicle.car 0 0 0 1294.5879331342896 435.13234762215546 1612.3719253912764 510.1831715135164 4.882 1.544 1.919 -17.581580905173308 1.1592359695080479 16.828339800870957 1.5217157694021424 1.0
vehicle.car 0 0 0 1414.3581058770676 434.2778312206934 1962.6509212081428 570.9583005921432 4.537 1.623 1.966 -10.588838982474767 1.0474939331762978 13.010278627991196 1.5208331711280998 1.0
vehicle.trailer 0 0 0 270.6572956690372 384.4757655079947 414.90278093280466 437.4884924113506 10.876 4.301 2.729 -67.4678124932408 -0.6471951272097306 -28.26264222031053 1.521120657786061 1.0
vehicle.car 0 0 0 390.29443192030203 320.5120270263993 940.3606844167839 777.7089168418935 4.854 1.72 2.074 -5.475825591920973 0.6020611694114222 -0.111497079624819 2.049367904758352 1.0
vehicle.truck 0 0 0 1040.579186441126 409.2063844441906 1280.1220972543601 479.33193497545295 5.843 1.984 2.293 -23.93397537322997 0.770245967247472 14.286116108835929 3.0917811759411142 1.0
vehicle.car 0 0 0 970.2166028769869 412.0816923526159 1096.7773901653466 450.72462221945153 4.914 1.776 2.796 -38.93427228817816 0.6275353074798484 17.172489634730404 1.520640927697169 1.0
vehicle.car 0 0 0 1214.8118154346296 433.4266777748889 1455.8633213509434 492.5922832479925 4.824 1.472 1.897 -20.9570027829742 1.1400162629423645 17.104127309184154 1.5210324794912138 1.0
vehicle.truck 0 0 0 400.448035359301 388.2782428539792 457.0273610541912 435.54910659099687 3.767 3.652 2.523 -64.17190694576338 -0.5527678591431041 -20.071881259743353 1.5208098181988694 1.0
vehicle.trailer 0 0 0 360.41294559469105 384.07496339157274 500.71038553649504 426.2874674867921 14.332 4.381 2.996 -87.5728160580052 -1.4922828237891559 -27.071077095823362 1.5218754767951275 1.0
vehicle.car 0 0 0 954.4479809912754 423.79935890265307 1063.8973316541676 457.83048794612176 4.208 1.511 1.91 -36.65566985732475 1.0108317485958493 15.093056586917442 -3.1280805590293514 1.0
movable_object.barrier 0 0 0 90.4170757361071 434.04975266803757 219.80523482046573 496.3080449329817 0.552 1.123 1.945 -14.776600113981106 0.8455356988450313 -9.668297927362335 2.0164688220662583 1.0
vehicle.trailer 0 0 0 394.7117775738339 386.870051608172 515.0586424485555 421.74768921435174 14.095 4.108 3.014 -99.62898701986666 -1.8239718472400874 -27.820640388744554 1.521486965681369 1.0
vehicle.trailer 0 0 0 234.80846834476284 370.0747558968648 407.62238068701515 431.33361313383966 12.118 4.613 3.252 -63.70733632260379 -1.4056517517095592 -28.324152535089127 1.5216929099612715 1.0
