vehicle.car 0 0 0 1526.2602082121184 409.6778246264529 1822.0670712552273 496.81537696071024 4.891 2.021 1.832 -19.900750580191154 0.7935658911273021 24.62499974959571 1.5834680546143431 1.0
vehicle.car 0 0 0 645.4388551170539 382.8741087999997 740.4378779820561 456.66738203190886 4.963 2.138 1.96 -25.774644631072785 -0.019869792275305276 0.5777902219189438 2.2444533331588996 1.0
vehicle.car 0 0 0 1306.7507591550627 403.1451720191077 1503.4365947418944 469.0051801239694 5.183 2.186 1.925 -27.923999927202892 0.5602942262188259 25.29395807866104 3.112134557260588 1.0
movable_object.barrier 0 0 0 994.6055350742159 416.74879538238565 1100.1811642967184 437.8630895027146 0.545 0.941 4.714 -37.56825330872917 0.3759713366707558 17.322630536443967 2.1099512234694533 1.0
movable_object.barrier 0 0 0 817.0484051568374 407.00413899376355 841.5394074722802 418.72339079825224 0.599 0.948 2.641 -65.88186711249922 -0.5244930237078105 12.416533787841034 -2.6059259046151277 1.0
vehicle.construction 0 0 0 1057.5355582990878 386.6568892370083 1132.7229472630336 426.2831713834358 4.448 3.002 3.147 -62.8310278172322 -0.9851628256447156 32.73430782753459 1.6308028057595134 1.0
vehicle.car 0 0 0 1152.586322929485 411.73985979907127 1444.9757086017455 500.6453324739007 4.121 1.52 1.737 -14.762239639511602 0.6419317481209786 11.323755093579646 1.584291483042831 1.0
vehicle.car 0 0 0 1375.172953048281 409.214407200202 1618.9780795560382 477.78867644433944 5.476 2.0 1.864 -24.888639099999665 0.7116453552259145 25.34611634194339 1.5836680629972104 1.0
vehicle.car 0 0 0 1458.431069083279 424.5616651378701 1716.3201024989864 489.50971212239705 5.051 1.654 1.722 -22.24737579972197 1.0150494425928276 25.165019300623307 -3.122488541756087 1.0
movable_object.barrier 0 0 0 859.1968565714287 414.5207930510286 928.6551195709086 434.20122623089003 0.495 0.883 3.185 -38.24749027404268 0.2326135637650023 10.273481673361436 1.8357270504671703 1.0
movable_object.barrier 0 0 0 786.2964021210436 414.17026454018094 806.6905330381555 427.20514090108816 0.555 0.96 2.918 -60.75999282776645 0.09814312917434498 8.958591765117754 -2.799822667335903 1.0
vehicle.car 0 0 0 973.7434799833782 402.5400432195444 1147.9354573356948 466.7219272802259 4.634 1.918 1.78 -25.16777650261316 0.46058029052681015 11.951780761417192 3.108760107555761 1.0
vehicle.car 0 0 0 936.4804864215995 411.97316480386746 1078.8642236955673 460.6690325720685 4.236 1.615 1.786 -27.979828473442105 0.5740886345166335 11.448653969045855 1.5838138077170658 1.0
vehicle.car 0 0 0 910.5867598182033 410.8561627845244 1044.0893511737831 455.49572268710403 4.395 1.608 1.774 -30.369235166670133 0.5057635976108589 11.27755065613598 3.1320358963832735 1.0
vehicle.car 0 0 0 1230.314057458855 404.63351583313283 1405.4161479168547 460.4269742333507 5.3 2.051 2.043 -30.82421439294044 0.49087213245733796 24.58470309938728 1.5854274513197124 1.0
vehicle.car 0 0 0 1026.0845872366315 401.94029827869116 1255.1208506272778 479.7945325988301 4.692 1.816 1.737 -19.842752530935407 0.5068359496699942 11.359697899771218 3.1148914591489447 1.0
