vehicle.truck 0 0 0 401.17732870491704 385.7683208574873 456.3523555232944 431.68423029006243 3.767 3.652 2.523 -65.02587751597589 -0.8193648691937299 -20.33963892775201 1.5512869578744573 1.0
vehicle.truck 0 0 0 1026.3784912682788 404.99286332326517 1254.85494648281 472.58259401548685 5.843 1.984 2.293 -24.78866122427743 0.5990243151718013 14.200581196282435 3.090364020657999 1.0
vehicle.truck 0 0 0 -64.21629660161663 315.8526693026569 370.7167714647543 491.72151368768164 7.52 3.493 2.828 -17.279824230217677 -0.28037896560455833 -10.99336053315707 1.5504763128041228 1.0
vehicle.car 0 0 0 1196.954136020374 430.2400515084257 1427.1545997496055 487.4638513215257 4.824 1.472 1.897 -21.63329177251714 1.0405792494996722 17.038853181640558 1.551196482847521 1.0
movable_object.barrier 0 0 0 123.35702006497118 433.6059174100497 243.22025655467021 492.32195697963823 0.552 1.123 1.945 -15.645566590358454 0.8439922426582485 -9.689717425327508 2.032907755085022 1.0
vehicle.car 0 0 0 947.817246203284 417.9463678233506 1054.5200280556323 451.1705393357811 4.208 1.511 1.91 -37.3107366735442 0.7171913839882348 14.993393902235544 -3.130411876560273 1.0
vehicle.trailer 0 0 0 241.47847757185465 370.67888229126294 411.3264847670431 429.9670625870266 12.118 4.613 3.252 -64.43557050083203 -1.4526028214690472 -28.241649198795255 1.5518688284966817 1.0
vehicle.trailer 0 0 0 361.86733527675125 380.2115292336439 501.0580063944286 421.4127304741984 14.332 4.381 2.996 -88.01760520131208 -1.9829175927522935 -27.12229910668198 1.5516602446300762 1.0
movable_object.barrier 0 0 0 357.20680593534723 420.6814767535725 419.5938433736423 453.79288366502306 0.657 1.161 1.972 -28.38261950705764 0.6381624355718147 -10.318766777698645 2.1201105438491483 1.0
vehicle.truck 0 0 0 413.1696100332565 393.4357215207517 465.77776659800185 429.6938910369936 3.736 3.035 2.988 -68.85304630808565 -0.6273977674259074 -20.610697350492813 1.5512466179260302 1.0
vehicle.car 0 0 0 445.5271611701529 338.73046447829165 872.9840845346365 694.787627044595 4.854 1.72 2.074 -6.316808062233481 0.517603761753225 -0.1519483526634344 2.067888310738618 1.0
movable_object.barrier 0 0 0 7.315561496899644 436.250295119258 134.72237650942566 495.20916861006816 0.551 1.102 1.92 -15.344813849549125 0.8788551875251382 -11.657237784554082 2.013216376070295 1.0
movable_object.barrier 0 0 0 226.76987827197556 428.7078687207637 345.6788996165186 487.8115272607827 0.613 1.14 2.018 -15.783217185969805 0.7598118055489289 -7.738521133937128 2.042197194846751 1.0
vehicle.truck 0 0 0 840.746491078768 378.56454758211925 955.9659493305613 438.47515286751803 7.251 4.036 2.484 -55.074537018741026 -0.6980437796595709 15.040006428035936 -3.131635411803817 1.0
vehicle.car 0 0 0 962.1952116693391 412.4530258822775 1085.1720731275734 449.44316199810913 4.914 1.776 2.796 -39.78046386849149 0.5913449841796224 17.06822142909007 1.5505051325477899 1.0
vehicle.truck 0 0 0 780.0799027002089 397.37243228942685 852.5657966074881 429.3787210427042 7.015 3.294 3.263 -84.52622568725074 -0.587085061005157 14.474350405413563 3.1087675570251525 1.0
vehicle.truck 0 0 0 783.3021005681908 389.41145769433433 896.8920242870572 431.4687809868423 9.822 3.756 2.635 -72.98556412898967 -0.7687916963436143 14.646732238414936 3.117147712247082 1.0
movable_object.barrier 0 0 0 415.2134818432575 421.3698159735612 475.9236282606891 454.16499666897886 0.645 1.156 1.979 -28.508503659936945 0.6597431686104419 -8.323876943142357 2.109719152436508 1.0
movable_object.barrier 0 0 0 300.2193613074939 421.8905492035687 363.5404920190331 455.0420345299404 0.653 1.161 1.948 -28.31352233396136 0.6797422659033496 -12.299873210573764 2.0993836896893363 1.0
vehicle.trailer 0 0 0 394.5562204603249 388.67039685568807 513.9756243261567 422.49891429855444 14.095 4.108 3.014 -100.21913466008222 -1.6743702304972 -28.068657068560668 1.5516602446300762 1.0
vehicle.car 0 0 0 1033.4760033536218 415.9086307086336 1157.3462315723634 452.76474513767164 4.351 1.497 1.76 -33.52623060848238 0.6340423829166267 17.440134404849427 1.5532469097285198 1.0
vehicle.car 0 0 0 1265.2050212876536 434.5379171727979 1559.6277651463988 505.4264089534788 4.882 1.544 1.919 -18.526054195691668 1.1295484649386296 16.813748495178732 1.5516731725921318 1.0
vehicle.trailer 0 0 0 343.90805877884526 376.1759979733521 492.4920846710909 421.46066702336043 13.911 4.406 3.04 -80.51373598997691 -2.008940372091899 -26.13127505342656 1.5511294168584397 1.0
vehicle.car 0 0 0 858.3431608267045 405.65016703321504 933.0572895986633 432.78583178252404 4.903 1.958 2.105 -58.97419559134262 0.016914420611205405 15.967861906545341 3.1022363238447426 1.0
movable_object.barrier 0 0 0 -106.65833905943187 442.5308845047993 24.32953159678505 501.6780888828889 0.499 1.088 1.935 -15.093103808872668 0.9877145372291687 -13.59273712513894 2.0471723044762236 1.0
vehicle.car 0 0 0 1361.584652657074 436.4401322385892 1846.6073648169531 561.2785513570276 4.537 1.623 1.966 -11.480582794422357 1.0612126235787214 12.976754626707727 1.5508616403585744 1.0
vehicle.trailer 0 0 0 548.2279813999053 384.0229616469153 575.3562249146604 418.6517157912745 11.002 3.741 2.762 -97.20828072445832 -2.0604913097363076 -14.180436228924592 2.1420163549918714 1.0
vehicle.trailer 0 0 0 274.46655960337455 380.78818234367725 416.04865703851357 432.32603643657495 10.876 4.301 2.729 -68.410862594923 -1.0366069392978394 -28.45504833814421 1.5512869578744573 1.0
