vehicle.car 0 0 0 884.4686716787411 388.4294039190547 1127.2968785741339 531.7188216236872 4.906 1.851 2.054 -12.825895403615661 0.5482045123202393 4.872500581649708 2.0618771601687476 1.0
vehicle.truck 0 0 0 823.0295788526283 385.6117780236897 940.6090614722219 447.57587939094856 5.538 3.206 2.773 -43.15035415434575 -0.13830594362231208 10.877914045280509 -3.0927974496350883 1.0
movable_object.barrier 0 0 0 95.34103330601597 483.4327633220488 446.4255977021738 774.6687400322405 2.877 0.96 0.546 -4.666816038579635 0.9644153808825899 -2.071407858698041 2.1023003829778837 1.0
vehicle.car 0 0 0 1120.912703444285 381.9980573429491 1323.95488498048 462.31436713505803 6.182 2.871 2.171 -30.066295675861518 0.10866234934600572 20.340540604216166 -3.132070901763811 1.0
movable_object.barrier 0 0 0 594.2817735266647 438.97429436604995 620.9517837061061 472.4786643362811 2.935 0.958 0.575 -25.701142590082796 1.1438639679660398 -2.2744933808682455 2.098160950269232 1.0
movable_object.barrier 0 0 0 569.3537405099132 441.4254361974543 606.8765851373337 486.5324461378853 2.963 0.956 0.583 -19.61893702852 1.0576001907756498 -2.1994995968775757 2.0942889134656504 1.0
vehicle.car 0 0 0 1007.3149911807819 391.8410170407384 1301.8138036561554 524.2372509032502 5.029 1.834 2.017 -13.66431642730681 0.556491118310076 7.677277670687974 2.0938993545969256 1.0
vehicle.car 0 0 0 1261.055016625452 402.6216690694839 1535.0506029481198 493.0630005277818 4.655 1.766 1.924 -18.04991638258011 0.5763204042125951 15.864409392587088 2.0980638003292107 1.0
vehicle.car 0 0 0 1458.1707122447806 400.1205518018607 1899.972022046285 527.6419715459919 4.266 1.7 1.773 -12.849848408233314 0.6125970794687163 15.505806457569294 2.07824596832171 1.0
vehicle.car 0 0 0 1152.2085177349536 416.5678035035168 1497.3914601217011 524.8273898270147 4.749 1.488 1.902 -13.467760876796623 0.728243564457514 10.38697894809958 2.0980638003292107 1.0
vehicle.car 0 0 0 623.2758536379044 407.7913811352842 725.833113235137 490.47976128308807 4.97 1.705 2.122 -19.096150878518607 0.6368109377089677 -0.0911741841696173 2.095631027311912 1.0
vehicle.trailer 0 0 0 914.495703563245 367.8263962035424 1179.258172878307 446.96654785567887 13.057 4.072 2.94 -43.47971520336734 -0.618456979674044 19.804840071744845 -3.1401929462705063 1.0
movable_object.barrier 0 0 0 605.7406679892242 435.3993963257621 630.2794873919661 464.6601613531067 3.007 0.953 0.582 -28.786415955441367 1.0827585272192815 -2.1770901667488785 2.108348570106907 1.0
movable_object.barrier 0 0 0 583.6929313781654 439.66603824904854 613.6815652201569 477.30801782862164 2.954 0.936 0.565 -22.641377855966933 1.078220919695342 -2.250834089380401 2.091603214583391 1.0
movable_object.barrier 0 0 0 368.18036179830386 461.08578475660727 522.1157131186321 605.6798409117821 2.992 0.972 0.559 -7.6506510672274315 0.9586193416932923 -2.098089832835381 2.1023003829778837 1.0
vehicle.car 0 0 0 1306.1864191498707 407.7457877749158 1699.0843337279723 527.5536088807147 4.518 1.642 1.893 -13.28412961774204 0.6826836599683946 13.14804465825593 2.103675519646507 1.0
vehicle.car 0 0 0 840.1499829896454 415.8426285083068 984.0432115152188 493.48891487663747 4.46 1.534 1.933 -18.15313861051256 0.7196710964643132 5.100634369357876 2.0917015560653205 1.0
movable_object.barrier 0 0 0 467.5635115110425 450.2224311320455 561.2702660852168 543.4410897422446 2.976 0.975 0.603 -10.710020594822137 0.9542563863728117 -2.1216919142064827 2.1023003829778837 1.0
movable_object.barrier 0 0 0 520.6895189779431 450.9509631839586 581.8252381677408 519.4132010548659 2.886 0.949 0.585 -13.695611901277372 1.0693922138760281 -2.136998515535593 2.094363066165446 1.0
movable_object.barrier 0 0 0 549.996307686635 443.71104896173154 595.1936778842052 498.0178000359527 2.994 0.956 0.577 -16.6996734644189 1.0288682314245527 -2.1841464921933724 2.087889822074782 1.0
