vehicle.car 0 0 0 749.6467337852833 381.921433998492 943.3755470225362 483.2530044376959 4.963 2.138 1.96 -19.20970795406646 0.30985312134972864 4.137885305975067 2.6376439374057856 1.0
movable_object.barrier 0 0 0 960.369850702109 426.00748680267054 988.6955080534856 441.6814352914824 0.549 1.161 2.682 -60.112167319481735 1.093540203053324 22.267279902003942 2.4657926638786876 1.0
vehicle.construction 0 0 0 1164.1907276330637 395.3399609776891 1261.6992011393252 446.2468575364868 4.448 3.002 3.147 -49.42756211205249 0.11974449606330606 33.035522074356194 1.605786608920103 1.0
movable_object.barrier 0 0 0 1074.2852865998063 429.33279096458585 1184.8268609946886 459.13952343348245 0.527 0.887 3.035 -24.038807871008036 0.7476766244752019 13.552281652651018 2.091840088461627 1.0
movable_object.barrier 0 0 0 838.8586073720934 418.7076249344014 863.7126593455343 433.5157886256438 0.461 0.899 3.241 -49.95492272226218 0.4351521216244195 10.802408846188149 -2.75038673023899 1.0
movable_object.barrier 0 0 0 881.523979174788 417.75041640142916 911.8720744969893 433.1883693391559 0.651 1.03 2.843 -54.478939449893495 0.4302334670902297 14.873631077281646 -2.5839787719245884 1.0
movable_object.barrier 0 0 0 823.1653683052275 415.4553808507584 847.263672580704 432.1550198317418 0.555 0.96 2.918 -47.296159784979025 0.27933932668876804 9.273947850197832 -2.7907549605342528 1.0
vehicle.car 0 0 0 1110.340548873407 427.30831569957047 1377.4578786560705 507.5941723682209 4.395 1.608 1.774 -16.89721124199432 0.9770205448222238 11.811760766634656 3.13676644796786 1.0
vehicle.car 0 0 0 1182.7122518369724 403.3409627103238 1493.705253701064 498.6106627573857 4.236 1.615 1.786 -14.511611705322922 0.5498109601294606 11.826314851282195 1.5589672326855126 1.0
movable_object.barrier 0 0 0 966.1573929811666 429.32998932002835 1079.2776035079614 459.03743180699945 0.495 0.883 3.185 -24.77619335851667 0.7551619060742641 10.62803463617465 1.8135538272497618 1.0
vehicle.car 0 0 0 1319.4117824145626 407.35433227761956 1769.7060872249126 550.821628598345 4.634 1.918 1.78 -11.600268726133375 0.8113124415394509 12.33479595490795 3.131824678169515 1.0
movable_object.trafficcone 0 0 0 939.3914235248317 412.8028963772577 962.313264556954 449.7132314014045 0.627 1.264 0.414 -27.64053699211763 0.41495045075815584 9.413203901330748 1.5922888742588368 1.0
movable_object.barrier 0 0 0 939.7418547245917 423.8789540768179 966.6889888545044 438.0359285826799 0.47 1.023 2.498 -58.5795930432883 0.8573862123367266 20.134426325075044 2.4657926638786876 1.0
movable_object.barrier 0 0 0 1180.9547464489442 431.6129132296534 1349.9022895017044 463.23264406055887 0.545 0.941 4.714 -24.095651908443436 0.845133599026707 17.676667654654242 2.091840088461627 1.0
movable_object.barrier 0 0 0 909.4305585709916 420.5242599186132 942.7134559780731 436.46768006903574 0.61 1.109 2.996 -56.662052383923246 0.6574441370497578 17.55355089487484 -2.493696084613277 1.0
movable_object.barrier 0 0 0 857.6975876226828 421.06220045001066 887.1020077368071 435.8183207631977 0.599 0.948 2.641 -52.42832302950757 0.6047692682101895 12.717108285709077 -2.5944372380390863 1.0
