movable_object.barrier 0 0 0 860.3763433715969 427.1165451025528 894.4551487057996 444.12148476380935 0.61 1.109 2.996 -53.27968904595552 1.1001604547465749 13.260894671722882 -2.5463721030169877 1.0
movable_object.barrier 0 0 0 912.3062542476082 432.76680466115533 940.8536670552775 449.3018009919947 0.549 1.161 2.682 -57.11679774214085 1.558532508095068 17.728203583625838 2.5179850602880087 1.0
movable_object.barrier 0 0 0 831.9079207362407 426.53395651756927 863.1797210101964 443.10949406443825 0.651 1.03 2.843 -50.890073436551006 1.0008624815094875 10.762786757360201 -2.6380830827937363 1.0
movable_object.trafficcone 0 0 0 751.8311137587943 411.7820170893055 781.9154930831453 455.3875246972146 0.751 1.465 0.716 -27.307641394408986 0.49349657267551356 3.003831362958985 1.6044035817598843 1.0
movable_object.barrier 0 0 0 772.1968833888777 420.801779770765 797.3657609259664 439.1337453324233 0.555 0.96 2.918 -43.29021196039271 0.5967745200420919 5.75657177370203 -2.847460036381271 1.0
movable_object.barrier 0 0 0 788.3378901874765 422.37293158276657 814.0103796934266 438.56475705410645 0.461 0.899 3.241 -46.06104447081748 0.6622917328245584 7.072054838588132 -2.8066493633341327 1.0
vehicle.car 0 0 0 1167.1821793780912 437.3320245033227 1512.5784573161554 543.4518375004839 4.395 1.608 1.774 -13.187537278898722 1.1124440847941832 10.765200620016243 3.077308470954918 1.0
vehicle.car 0 0 0 787.463349272354 387.8819574544058 1033.8991524448081 503.6745340864363 4.963 2.138 1.96 -16.745009301001723 0.5424778217446733 4.89713379431114 2.80244001431638 1.0
vehicle.car 0 0 0 1287.7060175873132 418.35032555465443 1717.327898528886 553.328834680467 4.236 1.615 1.786 -10.703276753372778 0.8312992493627961 10.867651695286728 1.5511230697448202 1.0
movable_object.barrier 0 0 0 735.9269443247065 422.1457240922442 776.8369110958768 451.4291748338486 6.25 0.993 0.71 -30.271260979218614 0.6697098801310213 2.8552688279493506 2.1056348164813388 1.0
movable_object.barrier 0 0 0 952.5555777373917 436.3049969312531 1086.0073465855514 471.8494091140751 0.495 0.883 3.185 -20.943235119595187 0.8943849591833388 8.882182770511514 1.8437136890167327 1.0
vehicle.car 0 0 0 1536.8294183036073 408.1776643823029 2243.9645411854694 633.3701869403304 4.634 1.918 1.78 -7.877778161241429 0.8978729350251263 11.6310622337529 3.0848215985415255 1.0
movable_object.barrier 0 0 0 1198.163222260369 440.2765561467499 1384.5069841152208 477.30215733530616 0.545 0.941 4.714 -20.814608095889806 1.0287899720490752 15.959992698821873 2.134872754929188 1.0
movable_object.trafficcone 0 0 0 916.6085659105686 428.504837864301 942.9055875799027 471.68520067160847 0.627 1.264 0.414 -23.69966784296318 0.9115052224459039 7.444699366039497 1.598253532543091 1.0
movable_object.barrier 0 0 0 891.1181572497655 431.71311070173226 918.4786625866315 446.719962788955 0.47 1.023 2.498 -55.39189674788138 1.3876676436140047 15.680560607399535 2.5179850602880087 1.0
movable_object.barrier 0 0 0 1551.726798642824 456.2353769659196 1673.2892201558675 490.732523544234 0.468 0.908 2.993 -21.64251469214685 1.465889612608238 25.304394208394317 2.1328948285010654 1.0
vehicle.construction 0 0 0 1124.3627541044434 404.5755710487736 1222.1299340558417 458.0219317604291 4.448 3.002 3.147 -47.2960534409238 0.7384323053841828 29.269035747193115 1.6145288112202536 1.0
movable_object.barrier 0 0 0 764.347199344519 427.88143270542673 784.1843845684413 444.92421835676504 0.41 0.842 2.432 -40.6475290762545 0.8770715567355167 4.864646471278252 -2.8802918639403554 1.0
movable_object.barrier 0 0 0 1079.3467561788602 442.9832978724668 1205.4804649828225 478.4733519714408 0.527 0.887 3.035 -20.437345676355733 1.0584505597851286 11.855123965677922 2.134872754929188 1.0
movable_object.barrier 0 0 0 807.3392980223924 427.4179930843942 837.9324228959051 443.3585382784011 0.599 0.948 2.641 -48.676870243777124 0.9907907997804856 8.775272936345717 -2.6486944236524774 1.0
