movable_object.barrier 0 0 0 461.81142535012395 440.8633797040452 550.6523801289358 528.454114717386 2.987 0.91 0.598 -11.031505764890296 0.8224505079815766 -2.304371196071587 2.1036510150223844 1.0
vehicle.truck 0 0 0 921.4455103909386 339.56338487663197 1162.142905047383 462.2890049931425 5.538 3.206 2.773 -22.530942715896394 -0.5260460649544808 10.0781507119493 -3.0712887115098733 1.0
movable_object.barrier 0 0 0 510.66590123476834 430.7287253654138 573.7870167042071 496.26807917320355 2.984 0.933 0.618 -14.061466858245353 0.7185908612467781 -2.350414073197977 2.1036510150223844 1.0
vehicle.car 0 0 0 626.5380154887107 398.75660068396036 704.096471462973 461.36428318267167 4.97 1.705 2.122 -24.453732509157856 0.25368126229907667 -0.4840028897581772 2.083870800067701 1.0
movable_object.barrier 0 0 0 566.41908631926 429.88097658240946 597.6546891678216 466.2192353536887 2.995 0.901 0.545 -23.393836816988617 0.8103265571163576 -2.8128689523471313 2.108625027493477 1.0
movable_object.barrier 0 0 0 133.48738282155557 450.5352387598557 451.706188801951 715.6129793355874 2.935 0.958 0.575 -4.863432705534397 0.7548375779904051 -2.059015890145107 2.0937271800563924 1.0
movable_object.barrier 0 0 0 593.7665142032675 421.9134569767319 613.0682687006765 450.0789311976208 2.948 0.928 0.43 -29.595282492584314 0.5951979461537942 -2.7850622376623257 2.108625027493477 1.0
movable_object.barrier 0 0 0 366.4105892538084 446.21992274744053 514.1350905320631 584.2018897481526 3.007 0.953 0.582 -7.924981788607187 0.8234202209205058 -2.230385762131986 2.1036510150223844 1.0
movable_object.barrier 0 0 0 584.632772598245 425.47599366819594 606.7282424221775 456.1367533655092 2.987 0.882 0.467 -26.501090569780924 0.6872368075080124 -2.7459957192829387 2.0986717721777746 1.0
vehicle.car 0 0 0 738.9913417207832 399.25225651823365 796.099373680019 439.91452715331474 4.53 1.726 1.887 -36.45109511980153 -0.025261725177064265 3.9648470963021363 2.12821913395294 1.0
vehicle.car 0 0 0 798.6851722289721 395.63586108230527 867.2179192935565 438.9663975482795 4.665 1.832 2.081 -36.38425902819744 -0.12386388032857198 6.9198976122592315 2.1185112467889198 1.0
vehicle.trailer 0 0 0 1084.6308997647416 300.6111159792988 1605.9379921546788 453.23082106300086 13.057 4.072 2.94 -23.189726737499974 -1.2032005080255417 18.9682114807578 -3.113935799617943 1.0
movable_object.barrier 0 0 0 539.1035703892716 431.147482295478 584.9071644598391 481.33384684156545 3.005 0.883 0.593 -17.158833229311234 0.7481537178708786 -2.4719484341765847 2.097788787024988 1.0
movable_object.barrier 0 0 0 558.0716505387203 427.81917158645814 595.3389527447436 469.2117351476848 2.987 0.885 0.579 -20.260374936456124 0.7043862327301075 -2.561856420951527 2.1042284084026956 1.0
