vehicle.trailer 0 0 0 370.3196450364681 390.9355542026219 517.1775024863169 439.8963199153853 14.332 4.381 2.996 -83.48863892435489 -0.36719500270860805 -24.45674539336471 1.5176630157801432 1.0
vehicle.trailer 0 0 0 405.1936407977016 399.888655607956 530.5731020721169 440.19247243374593 14.095 4.108 3.014 -95.60621105401447 0.12319655765392556 -25.15895818164431 1.5176630157801432 1.0
vehicle.truck 0 0 0 402.6024454209852 392.6860205004897 463.71144285019625 444.95930552204044 3.767 3.652 2.523 -60.087386929369366 0.0043672788039840205 -18.46259361532776 1.5177166284218995 1.0
vehicle.car 0 0 0 1561.4972452172108 424.61774598093285 2097.4043218802817 546.594861044895 4.882 1.544 1.919 -12.33052203291729 1.0076454015898142 17.35998107257502 1.5228144368506893 1.0
vehicle.truck 0 0 0 816.505269378603 389.019043503674 943.4542016260709 440.3050221651036 9.822 3.756 2.635 -67.14310034630432 -0.3475367890024279 16.796500044395682 -3.114766068921446 1.0
vehicle.trailer 0 0 0 427.1371899221093 397.2830878563238 545.347505112504 436.5216063242211 14.392 4.325 3.274 -103.30173108600513 -0.273539158496646 -24.81524724384782 1.5176610811699964 1.0
vehicle.car 0 0 0 1136.7034246049896 420.19765981437644 1297.3437807935684 470.2938764342448 4.351 1.497 1.76 -27.53169798131116 0.911261923932088 18.483437351745454 1.5179517371286408 1.0
vehicle.car 0 0 0 954.2763558451237 416.5780302053081 1050.5202689964256 449.29345671435624 4.648 1.609 1.899 -45.69112141547693 0.802798099202318 18.451939139111403 1.5184656767872484 1.0
vehicle.trailer 0 0 0 235.6810234905072 377.0817765477965 418.8076403620267 447.6590494570845 12.118 4.613 3.252 -59.771936280286646 -0.460829910455658 -26.14032586274923 1.5176631490915753 1.0
vehicle.trailer 0 0 0 347.5607351502013 386.96463685887625 505.5468731895287 441.1753324618209 13.911 4.406 3.04 -75.80256685361786 -0.44937881878644403 -23.823290624805065 1.5177693456653483 1.0
vehicle.car 0 0 0 584.5383998109892 388.2225455556401 796.5775608216857 567.191667783561 4.854 1.72 2.074 -10.4999061498997 0.7150599502631738 0.08750805211502381 2.0818808256030614 1.0
vehicle.truck 0 0 0 811.450739612965 401.0132357690229 891.6508886955856 439.0219587726466 7.015 3.294 3.263 -78.7365753494741 0.11125353716898201 16.938460558230556 -3.123280140043499 1.0
vehicle.truck 0 0 0 1159.25542826826 403.2446916910839 1488.3495419262827 504.13728112414003 5.843 1.984 2.293 -18.773849373351954 0.8124598815837556 14.946258968274638 3.141204510971642 1.0
vehicle.trailer 0 0 0 559.3639945444309 394.61526328663905 590.3067881533613 433.62606367273816 11.002 3.741 2.762 -92.51272582960345 -0.46516493371006007 -11.968753864734245 2.081162276200013 1.0
movable_object.barrier 0 0 0 241.53212986923927 439.1894959139916 321.240140534464 482.82605875943085 0.653 1.161 1.948 -23.075696847138662 1.206151967869829 -11.478971359074837 2.0697092166379694 1.0
movable_object.barrier 0 0 0 -153.9694669830666 464.57177022427294 44.12868320822495 562.7178509584762 0.552 1.123 1.945 -10.176838242142894 1.1814719322942189 -9.31352577348058 2.054957150824359 1.0
movable_object.barrier 0 0 0 310.42537643662433 436.597741445338 388.72596307770795 480.1355862125083 0.657 1.161 1.972 -23.141918443762382 1.1343416958784691 -9.535787120517796 2.059272957937143 1.0
vehicle.truck 0 0 0 -396.65425321625463 280.3190754748529 275.6017150838778 569.3453288884596 7.52 3.493 2.828 -11.94988891064319 0.15331215410836313 -10.520768829973838 1.5192169057637432 1.0
vehicle.car 0 0 0 1415.9920507213847 427.32976164371985 1777.4595359385216 518.9748535359862 4.824 1.472 1.897 -15.575888632377819 1.0336928227560789 17.69997102383317 1.517744070233082 1.0
vehicle.truck 0 0 0 883.5433140662664 376.43138631923097 1018.7631927751718 449.52474116052224 7.251 4.036 2.484 -49.10699837518564 -0.32682066938155485 16.617386868448705 -3.0798230537516673 1.0
movable_object.barrier 0 0 0 15.289828017362519 457.9351354592486 207.91678240605407 556.2452261072632 0.613 1.14 2.018 -10.325025681894733 1.1150940598506704 -7.300965100917067 2.064685789533888 1.0
vehicle.truck 0 0 0 426.6252948897245 403.5539872825404 484.30121670158775 445.1953549771018 3.736 3.035 2.988 -63.733644898453875 0.4449486799226928 -17.798261731495533 1.517727992079129 1.0
movable_object.barrier 0 0 0 382.89854348547584 436.51530532831333 459.2347836166265 479.8405199829245 0.645 1.156 1.979 -23.164242364270443 1.130239623851115 -7.471592164710896 2.048895693161896 1.0
vehicle.trailer 0 0 0 266.4087965308747 384.46821783909945 419.35046994947874 446.0603724404465 10.876 4.301 2.729 -63.42100648941307 -0.27419130684700466 -26.575603521845377 1.5177166284218995 1.0
