human.pedestrian.adult 0 0 0 1099.5140931252697 470.49627028839706 1136.680964653343 538.6380945434476 0.733 1.604 0.685 -19.685000449604942 0.5540797061325814 7.016873936825037 1.9462995452372347 1.0
movable_object.barrier 0 0 0 1054.4265664104498 506.1488416131727 1102.5792514719592 529.8400008448341 0.371 1.045 2.113 -38.38640050702241 1.715934368224651 11.817235968650976 2.0228504655259236 1.0
vehicle.car 0 0 0 387.0317826056386 491.94272154194914 542.8574590834946 577.4633592988383 4.661 1.763 1.855 -19.67097093081676 1.2028815377919957 -8.628801387552558 2.0879294469404543 1.0
vehicle.truck 0 0 0 -175.54043595393708 365.05393044453024 458.24502898647916 685.3494401560016 7.696 3.146 2.836 -12.049484260531418 0.544289575010566 -8.754342461402745 2.0548328544414494 1.0
movable_object.barrier 0 0 0 1100.6124897132315 500.2320605073098 1149.098343077755 522.6371861796918 0.34 0.982 2.106 -38.272384082948086 1.4016148527348657 13.974991630727532 2.0261045573946266 1.0
vehicle.motorcycle 0 0 0 -77.37365359012868 485.98894568276256 269.3286794030932 743.5860105336242 1.894 1.674 1.007 -6.344336820698625 0.9101365508289703 -5.549046581136248 2.0685366700023007 1.0
movable_object.barrier 0 0 0 1008.9100380666222 505.48368461072806 1052.9185073638885 526.9958787554289 0.364 0.998 2.106 -39.4043179444815 1.6852451168995581 9.805866469933735 1.704878100042377 1.0
movable_object.barrier 0 0 0 1146.6759606327255 499.7425161044403 1195.549748774346 522.4632988015208 0.351 0.996 2.114 -38.285803893936716 1.3860484026389153 16.169620208483845 2.0521072823639397 1.0
vehicle.car 0 0 0 886.2400463224855 485.22636528471287 1001.2169109614574 524.4831570897894 5.093 1.61 2.137 -37.82605946178194 1.084412028838523 5.383814371407754 2.9526506038783236 1.0
movable_object.barrier 0 0 0 983.2439916815861 507.1043863991368 1014.1644556664384 527.4478642848743 0.345 0.998 2.112 -41.19694620370267 1.8067904364189944 8.610901759348298 1.5773188690387805 1.0
