human.pedestrian.adult 0 0 0 988.3848202302272 495.61758774036804 998.0497161046609 520.65565741084 0.596 1.876 0.649 -60.995926978642615 1.98361631675747 12.359408872956367 -2.024711812060172 1.0
movable_object.barrier 0 0 0 974.7251589658845 525.0293204653226 994.5405728929926 554.7798991382803 0.48 1.041 2.185 -31.203449714692024 2.220779141090326 5.9790210107855986 3.095306872250813 1.0
movable_object.barrier 0 0 0 990.2957281473731 524.4467071660741 1014.3999166881891 558.7763978448174 0.472 1.037 2.194 -27.067733564771675 1.9775542848969723 5.774268485483432 3.095306872250813 1.0
movable_object.trafficcone 0 0 0 1344.674682117218 552.0843389810302 1367.9802608804832 596.768377667347 0.354 0.796 0.431 -15.355725893522187 1.7501480892348864 10.003374387534874 2.721249761824171 1.0
movable_object.barrier 0 0 0 968.0591798911671 522.047675710492 987.2590999108126 549.2554247376441 0.483 1.029 2.14 -33.348060390587406 2.201764132130223 6.104254705412404 3.1119440018870046 1.0
human.pedestrian.adult 0 0 0 1528.7908061035075 493.2916037991121 1629.776238294205 615.2645402621325 0.854 1.78 0.847 -12.396110647522127 1.0725054260488198 11.4758940025741 -2.8289818903337833 1.0
movable_object.barrier 0 0 0 1516.6435575999662 543.1317058675209 1679.635191350573 646.5956422816633 0.467 1.103 2.264 -10.733051044795396 1.42518565553701 10.080818945988838 2.978906997635783 1.0
movable_object.barrier 0 0 0 999.604596425798 527.0281589835155 1025.470647231033 565.6324183241097 0.443 1.068 2.142 -24.93323533097087 1.9627894857800774 5.630768343989171 3.095306872250813 1.0
movable_object.barrier 0 0 0 1150.193832892436 533.5690631071388 1288.3478108219983 604.0037379308056 0.618 1.186 2.472 -15.952563287837952 1.6623761573399944 7.6148092926049715 -1.6322534820295402 1.0
movable_object.barrier 0 0 0 1071.3975597196452 534.293989969651 1145.5328032403656 607.7874458708739 0.498 1.105 2.273 -14.342208098369037 1.5298471012375312 4.89666613724336 -3.13282788408649 1.0
movable_object.barrier 0 0 0 1130.3918546609 538.2377886218445 1283.9691300808342 613.517539940551 0.73 1.118 2.096 -12.967395169439689 1.486093595365701 6.012168733014979 -2.1316222220898142 1.0
vehicle.car 0 0 0 1569.2632787719915 499.7676608012712 1924.9622569664484 599.0043988018629 5.261 2.0 2.433 -19.025756975717158 1.4308103937782988 20.988660377985166 -2.099647194324943 1.0
movable_object.barrier 0 0 0 944.0783686217825 512.7672778402055 958.5432014157948 532.9025458310559 0.503 1.034 2.209 -43.94053685312625 2.2153895248238604 6.619491291104102 3.1244356832842026 1.0
vehicle.truck 0 0 0 893.3612065139655 484.8119654081138 926.5051051672096 515.057915433189 6.366 2.998 2.731 -83.48891448689906 1.8797945439736912 8.261683285155081 -2.074866822446685 1.0
movable_object.trafficcone 0 0 0 1508.8421869415354 562.6773001040558 1563.5485238511876 616.9956780054067 0.445 0.744 0.447 -12.05078260589998 1.599174380913531 10.523553015505287 -2.87519373754869 1.0
movable_object.barrier 0 0 0 982.0375815291767 525.1915887706147 1004.6201640672158 556.6153427453794 0.487 1.029 2.061 -29.14333707724541 2.1088800209954734 5.895543421246236 3.1077969838184547 1.0
movable_object.trafficcone 0 0 0 938.1853537087466 513.1922843628294 948.3176008228486 528.5409526904882 0.516 0.905 0.514 -48.406678445199546 2.3357168149727277 6.819637794440965 -3.115151679550091 1.0
movable_object.barrier 0 0 0 1302.258266972673 533.7649044778224 1347.5096259133707 594.9806752809782 0.563 1.12 2.2 -16.960040841693665 1.691090134304453 10.407531170272664 2.6764250127059626 1.0
movable_object.barrier 0 0 0 1045.127265680283 530.2140754302711 1095.060664695458 594.2180100560633 0.443 1.143 2.129 -16.510965636655847 1.5983092213852126 4.881216922745826 3.119239039173448 1.0
vehicle.construction 0 0 0 1084.623914503619 454.7397751782399 1350.732198495395 583.3699012019609 5.375 2.73 2.049 -19.12438588075694 0.8346586652878509 8.930336636448455 -1.5814186661044847 1.0
movable_object.barrier 0 0 0 1339.5934025741194 527.2766576105396 1380.5054960360148 590.3575784790941 0.519 1.144 2.288 -16.620097301796076 1.5401930635359826 10.920965161858142 2.677591914784945 1.0
movable_object.barrier 0 0 0 1277.8614249173588 514.5019325170392 1399.199058726783 564.8181824634075 0.545 1.113 2.448 -19.66372007125563 1.3705956560700363 12.314034491291645 -2.682562781130059 1.0
movable_object.barrier 0 0 0 1062.2182488684723 534.1741342232207 1156.0103701937217 593.3603539517851 0.452 1.112 2.3 -17.629960746369548 1.7441294473533748 6.042197717649592 -1.5941603430025184 1.0
movable_object.barrier 0 0 0 961.7856688664651 519.8736206525654 979.861979547892 545.2369392881915 0.503 1.027 2.129 -35.431077345154684 2.206195268007563 6.18788921993636 3.1119440018870046 1.0
movable_object.barrier 0 0 0 1248.995589784039 535.5431958092029 1365.119316497514 614.0805411577583 0.703 1.139 2.295 -13.461464180055616 1.5022918979236222 7.971612130447873 -1.7802134087821315 1.0
movable_object.barrier 0 0 0 1013.4497924532336 529.0475680623119 1046.8149486724226 576.9360007497768 0.449 1.085 2.182 -20.73575520448139 1.7917548606521962 5.125237192888755 3.09425777463491 1.0
human.pedestrian.adult 0 0 0 977.6008651874107 498.75933561208063 986.8626502810646 523.2428927840197 0.618 1.835 0.637 -61.04120803596544 2.1999554891150517 11.539928556932034 -2.014840983672019 1.0
movable_object.barrier 0 0 0 1028.6737427633334 532.2037936568312 1065.9185303443344 585.346689060211 0.451 1.068 2.126 -18.614267862100434 1.7353078510948254 4.9912402107249765 3.08176954899419 1.0
vehicle.car 0 0 0 1516.3697192770094 503.4760840625312 1702.9257574383173 554.9968250827151 4.496 1.747 2.096 -28.737555909177832 1.6490430631965907 27.583547031903514 -1.5463924751285667 1.0
movable_object.barrier 0 0 0 1011.0373498759828 528.7808576269944 1030.5033068910777 569.974357058915 0.419 1.033 2.148 -22.859173159421793 1.8814019530661894 5.397686431204023 3.013360999619019 1.0
human.pedestrian.adult 0 0 0 731.1254123142309 493.4439706918723 739.6638126940745 516.6773633204335 0.744 2.0 0.655 -70.08235520004844 2.01452917243413 -8.12357031886512 -2.0891485941457804 1.0
