human.pedestrian.adult 0 0 0 716.2889125204526 478.0544132242078 725.425049517601 502.8263153779222 0.744 2.0 0.655 -65.72337669913084 0.7016070115349748 -8.798833773645281 -2.1019712964526516 1.0
movable_object.barrier 0 0 0 1242.2197155834933 538.2491879417901 1475.1157527773948 647.9797191225455 0.73 1.118 2.096 -9.105803448959785 1.2224074829265983 5.893106572358449 -2.13674052731096 1.0
movable_object.barrier 0 0 0 946.2670120430248 498.59082904776034 962.7016598981345 520.7319096600849 0.503 1.034 2.209 -40.091692269885236 1.366310814813552 6.194776604561673 3.130456636002176 1.0
movable_object.barrier 0 0 0 1020.2925640230318 516.1223590187399 1054.1282209729588 562.5431539598255 0.443 1.068 2.142 -21.074141671379866 1.4677407129983644 5.393919433120304 3.1015915296686742 1.0
movable_object.barrier 0 0 0 1142.3776938257781 528.4393493574796 1265.8474639632198 634.5959031398526 0.498 1.105 2.273 -10.470276722356862 1.215403776370173 4.7640938911718616 -3.127042559276042 1.0
human.pedestrian.adult 0 0 0 1035.149869741176 480.22855987001554 1053.04625445893 516.337058664885 0.707 1.739 0.681 -39.33800751749232 0.797179829208349 10.441727418408579 -2.087685416737618 1.0
movable_object.barrier 0 0 0 968.7467140366502 506.7764645939383 990.0967932745484 535.4285362336557 0.503 1.027 2.129 -31.57968128147117 1.5155784864238062 5.847423620793819 3.118078175972702 1.0
movable_object.barrier 0 0 0 1413.1716866678364 532.5602451468781 1560.4162401792 648.5638318122661 0.703 1.139 2.295 -9.619408147207537 1.2263813573025537 7.847583336676818 -1.7913315979740885 1.0
movable_object.barrier 0 0 0 1006.9426354966414 512.4243377386168 1037.620551180098 552.9778134799902 0.472 1.037 2.194 -23.20992000716381 1.4327001879842867 5.516296154776453 3.1015915296686742 1.0
movable_object.barrier 0 0 0 1043.862049393713 519.581014125438 1090.5945633864494 579.8775773827857 0.449 1.085 2.182 -16.869424269101494 1.3753568390682778 4.929731123471338 3.100551909660247 1.0
movable_object.barrier 0 0 0 1236.1441559827501 526.0010377062923 1434.4083773926307 622.5612305234597 0.618 1.186 2.472 -12.110634414471168 1.3128094101839063 7.4691485642649456 -1.6516135739504474 1.0
movable_object.barrier 0 0 0 985.6536770168738 512.9213942901721 1009.8932810648729 547.2257488573433 0.48 1.041 2.185 -27.351196307606507 1.6088766347193533 5.680437749161613 3.1015915296686742 1.0
movable_object.barrier 0 0 0 940.4325150299018 497.8682227442979 956.8841210171963 519.273470092307 0.423 1.057 2.23 -42.26923509282615 1.3845793241136795 6.227571662508343 -3.107138780775374 1.0
movable_object.barrier 0 0 0 1113.9270578276137 525.1940715593447 1244.0796617359815 603.3325834496699 0.452 1.112 2.3 -13.7726983134478 1.3488972084768693 5.877305523468262 -1.6136227093334057 1.0
movable_object.barrier 0 0 0 995.579356818393 513.3501938813888 1023.5049412280881 549.9750867208836 0.487 1.029 2.061 -25.288638196520562 1.5353268071158817 5.617204361986771 3.1139687004500143 1.0
movable_object.barrier 0 0 0 1371.257639468843 500.61300733763414 1532.8995052576038 563.9138187704683 0.545 1.113 2.448 -15.8605376717913 0.9449195726158315 12.127255113943047 -2.6811040787602245 1.0
movable_object.barrier 0 0 0 1096.518027093671 524.0813908518793 1173.794745904221 610.9617134954656 0.443 1.143 2.129 -12.639441152989752 1.281663377701756 4.727292558206639 3.125307117944242 1.0
movable_object.barrier 0 0 0 1438.0097641601697 502.6168008428921 1485.5288005976338 580.3400547897896 0.563 1.12 2.2 -13.147369152355708 0.9194781826091012 10.248752965736136 2.6864365023706984 1.0
vehicle.construction 0 0 0 1139.8254896008018 425.15974441099513 1489.4468415264237 590.5055416413614 5.375 2.73 2.049 -15.278215297341958 0.44236207104696323 8.749273081748042 -1.5978292088902615 1.0
movable_object.barrier 0 0 0 1036.8881296876887 518.6430824832834 1064.5724763223238 569.2570453417311 0.419 1.033 2.148 -18.996726369388767 1.4251895091394533 5.181269349407346 3.020382312999187 1.0
movable_object.barrier 0 0 0 1068.0451915205003 522.7926447495121 1123.0659224469796 591.7264341814382 0.451 1.068 2.126 -14.746212254988146 1.3294670073218149 4.816647674343549 3.088176402151932 1.0
movable_object.barrier 0 0 0 1484.8421003239514 520.6845732282513 1538.5699929694097 605.839827558852 0.519 1.144 2.288 -12.806968434045382 1.233100087655676 10.765591094794722 2.687593055158514 1.0
movable_object.barrier 0 0 0 976.8307248690647 508.6964407003371 999.836131332279 539.6649667294932 0.483 1.029 2.14 -29.496369199461334 1.524903452522307 5.784393358548374 3.118078175972702 1.0
