human.pedestrian.adult 0 0 0 1047.1501382000126 465.8529804287675 1075.920377603186 521.3301676395844 0.733 1.604 0.685 -24.21407379618807 0.353965427926122 6.943655246864965 1.9474169479472208 1.0
movable_object.barrier 0 0 0 966.7245569226125 497.16897608077636 994.5200634551557 515.734274172698 0.345 0.998 2.112 -45.155422602215715 1.3868090048702544 8.432859507484581 1.5840530644655626 1.0
vehicle.car 0 0 0 866.0324217217474 477.8414305611088 972.0408670042575 514.4964835457814 5.093 1.61 2.137 -41.824580439202386 0.7480583837735794 4.663647238436638 2.913226410644042 1.0
movable_object.barrier 0 0 0 1071.9672225505071 490.15442822126374 1115.711695746023 510.971855330982 0.34 0.982 2.106 -42.22507053812551 0.9798847077759394 13.801572891240076 2.026465338387732 1.0
vehicle.motorcycle 0 0 0 392.2794570810468 490.72745660017466 518.516626231723 613.6801251277225 1.894 1.674 1.007 -12.295893332640537 1.0060931610677046 -5.6068512312808645 2.0660947395400333 1.0
movable_object.barrier 0 0 0 91.51666457649496 557.7802924487506 218.9737703120099 634.3232377308404 0.35 0.999 2.111 -13.437306442145518 1.8470357450103747 -11.109039494504955 3.1165643263662908 1.0
vehicle.construction 0 0 0 1051.1472350721197 464.2957321812738 1131.326888370097 517.2845744135761 2.612 2.901 3.869 -48.41753589417842 0.5506529235543722 15.606512194789582 -2.138884856857403 1.0
movable_object.barrier 0 0 0 990.1120421783079 495.9981684383399 1029.793411217762 516.055939398887 0.364 0.998 2.106 -43.36808019190993 1.306240917570288 9.672159669523936 1.7089836303731865 1.0
movable_object.barrier 0 0 0 199.06193437747243 547.663766073524 296.5325552149474 614.2629475820858 0.35 1.051 2.11 -15.591110749602827 1.8670364997215612 -11.13915551996331 3.1165643263662908 1.0
vehicle.car 0 0 0 -1224.6454544973558 537.2738908171639 108.33351690531771 932.7241973320562 5.078 1.556 1.954 -6.449368446535293 1.386288129852664 -8.95039658641862 2.0740571468170312 1.0
vehicle.truck 0 0 0 138.41151341540953 409.4911337990304 528.0852412951116 629.4918035197296 7.696 3.146 2.836 -15.915478283054536 0.6374686097705917 -8.835933101862098 2.0549395397896832 1.0
movable_object.barrier 0 0 0 1030.1519059417176 496.0798457795054 1073.644877870717 518.0386542107607 0.371 1.045 2.113 -42.35625632682025 1.3214404904031865 11.648629107441238 2.0232405946962375 1.0
movable_object.barrier 0 0 0 -64.72056278523603 568.6433779098415 110.53120355946382 664.6470810322696 0.327 1.008 2.108 -11.234213027408236 1.8090748366383262 -11.080660358221579 3.1165643263662908 1.0
vehicle.car 0 0 0 464.10546450530387 489.9059768213827 583.0152436956366 560.703552091815 4.661 1.763 1.855 -23.52894090884772 1.1917665450076762 -8.713905872763464 2.0877539146662816 1.0
