movable_object.barrier 0 0 0 1242.0065522603938 508.26706105315765 1282.068666164854 557.885936761386 0.519 1.144 2.288 -20.60541320296972 1.2735176406982993 11.039288334374401 2.6781278318907127 1.0
movable_object.barrier 0 0 0 957.7399745792317 505.5518025069083 973.8692743115885 529.592141494888 0.483 1.029 2.14 -37.37899514979237 1.6372526242214676 6.2982734076956906 3.1085200481923216 1.0
human.pedestrian.adult 0 0 0 1364.485925870172 481.1151707978421 1434.8348274062887 572.1842287362792 0.854 1.78 0.847 -16.386956826734302 0.8811202614137247 11.542523963607653 -2.8312887773897923 1.0
movable_object.barrier 0 0 0 988.9611770407977 510.43738682452954 1013.7953310540101 549.7249795983915 0.449 1.085 2.182 -24.766791231309032 1.4514418680941354 5.252036493080448 3.0909886539467735 1.0
movable_object.barrier 0 0 0 998.9967612896561 511.34570488923833 1025.690344600717 553.8487666609145 0.451 1.068 2.126 -22.645647769579618 1.3937083531644932 5.10677722137614 3.078609961342858 1.0
movable_object.barrier 0 0 0 1154.9805162444477 513.3790075847334 1248.2470350806598 571.8689622841894 0.703 1.139 2.295 -17.47351211074248 1.2805859436582732 8.059605534545133 -1.7965377339143274 1.0
movable_object.barrier 0 0 0 980.9734180608918 509.27600004527574 1001.1959787710008 542.0015736202239 0.443 1.068 2.142 -28.96389462063885 1.547871140278461 5.779936611229545 3.092028557951177 1.0
movable_object.barrier 0 0 0 1065.1382422372096 515.0217746708581 1177.2190477750646 571.4392532340871 0.73 1.118 2.096 -16.98967676973171 1.274007336057207 6.097555054890964 -2.1443402778841305 1.0
movable_object.barrier 0 0 0 1510.7477716428655 517.3832746830591 1726.8953709400407 609.9777438173968 0.689 1.181 2.155 -11.09621852695005 1.096903253834481 10.766140074428316 -2.1502863610992176 1.0
movable_object.barrier 0 0 0 968.2614887374452 508.0643057821094 986.7511933857073 535.3420819061554 0.487 1.029 2.061 -33.17445718167361 1.6191154599383273 6.067151106909444 3.104409305379913 1.0
movable_object.barrier 0 0 0 1213.1060516682903 511.5652231213382 1255.706704800687 559.5686560075017 0.563 1.12 2.2 -20.962168665975522 1.3623656974258282 10.514192569364457 2.6769721971272027 1.0
movable_object.barrier 0 0 0 974.368494783752 507.4945356838622 993.6330900993048 536.991658151518 0.472 1.037 2.194 -31.097454196124993 1.5346992384378622 5.934801193539026 3.092028557951177 1.0
movable_object.barrier 0 0 0 1524.361627060281 524.5806999447246 1683.576159215864 593.8085464120837 0.586 1.052 2.346 -14.754481297292394 1.360761204500821 14.011381434481063 -3.114049683199294 1.0
movable_object.trafficcone 0 0 0 934.100694528493 497.9434909632861 943.346331406141 512.0903585971319 0.516 0.905 0.514 -52.43358800508759 1.5035384363798394 7.093916843704651 -3.119064668716053 1.0
movable_object.trafficcone 0 0 0 1241.8734332027614 527.5013532958689 1260.9009344468345 562.4445333470771 0.354 0.796 0.431 -19.36094950931341 1.5058995796493693 10.101426004594398 2.721367293853943 1.0
movable_object.debris 0 0 0 1484.0273720667835 532.6435762997862 1540.3258164952208 602.914750070512 0.283 0.927 0.559 -11.385330695682933 1.1965549113321692 9.604302865070457 -2.661755690779783 1.0
movable_object.barrier 0 0 0 1092.4155944317242 513.9247371847738 1195.67879698912 568.5467101622177 0.618 1.186 2.472 -19.96642863437438 1.4263083990871008 7.712628341942337 -1.6471334231437398 1.0
movable_object.barrier 0 0 0 1209.0266329868477 498.12127408143095 1303.7014691484715 539.2926715011075 0.545 1.113 2.448 -23.649138733218358 1.0500172522597204 12.435013046801979 -2.6902190671280986 1.0
movable_object.barrier 0 0 0 1399.985843738592 519.541379584079 1509.3295285008926 606.8016740494882 0.447 1.159 2.114 -12.63326949045052 1.2122239495723535 9.690866401014247 3.0053062923356277 1.0
movable_object.barrier 0 0 0 1025.589079941907 513.933570780327 1075.5004992961005 569.3690461889056 0.498 1.105 2.273 -18.370790725070577 1.3202177478935964 4.989366063695545 -3.136587057886021 1.0
movable_object.barrier 0 0 0 1009.0876967667045 509.8090050791017 1043.9986171684216 559.8307135485704 0.443 1.143 2.129 -20.540728221904725 1.31311328807157 4.985520744027538 3.115751315943573 1.0
movable_object.barrier 0 0 0 1024.922436437069 513.354663278343 1096.4708328805657 560.1492655469696 0.452 1.112 2.3 -21.655942049403006 1.4381159050312007 6.152452389287809 -1.6100189288211562 1.0
movable_object.barrier 0 0 0 1348.012227282729 517.9131969557818 1432.3362368122532 588.8851824251925 0.467 1.103 2.264 -14.73355203370671 1.2531781342283745 10.152957293861412 2.976657268682624 1.0
vehicle.construction 0 0 0 1044.8389793768863 449.2101533329574 1256.1118336202726 553.5735406511343 5.375 2.73 2.049 -23.118404021166942 0.5234660124902182 9.048483044377543 -1.5995515545472312 1.0
human.pedestrian.adult 0 0 0 1009.270112264248 481.9405130049086 1023.3647879357874 511.3914873361028 0.707 1.739 0.681 -48.1646204650207 0.8818543104732706 11.13285073638629 -2.0845053581909587 1.0
human.pedestrian.adult 0 0 0 741.2560135256576 479.5447616000784 749.1489371982984 501.37693771514375 0.744 2.0 0.655 -74.53334402649233 0.7982186130290231 -7.736533376742814 -2.0987761748487292 1.0
