movable_object.trafficcone 0 0 0 473.67603226122577 601.9724738227409 539.0989066653066 703.9380156492584 0.326 0.698 0.351 -6.2071536041817685 1.302218841828249 -2.4695464965947833 -2.0866760520667 1.0
vehicle.car 0 0 0 708.6105726100835 491.205174420769 779.2722688484647 526.9641295772933 4.662 1.526 2.127 -39.961726987653485 1.3023690290393912 -4.120633919255852 -1.9590119526321397 1.0
vehicle.bus.rigid 0 0 0 489.6098536167715 428.2960697087227 739.6626359079792 558.0469204507607 12.306 3.424 3.214 -28.18095554060107 0.3238931167023152 -6.589852824353709 -1.9590119526321397 1.0
movable_object.trafficcone 0 0 0 566.3343368421193 569.5871952425333 606.2236215981902 644.973632437205 0.374 0.713 0.283 -8.389807109199454 1.2921279068619733 -2.5140757012335353 -2.0866760520667 1.0
movable_object.trafficcone 0 0 0 623.98435640644 543.9350733195281 652.109515905419 597.418991149402 0.334 0.74 0.315 -11.92890420868485 1.3046946533162833 -2.815161730961615 -2.0866760520667 1.0
movable_object.trafficcone 0 0 0 409.7110012284086 606.2776427022313 495.7733374732193 741.0181374314692 0.37 0.778 0.368 -5.296387072118751 1.2396482590414448 -2.4540143929571876 -2.0866760520667 1.0
movable_object.trafficcone 0 0 0 321.4389585568946 635.0801150071761 427.31046564071926 814.030566036761 0.362 0.822 0.331 -4.2779886812175265 1.262508513982844 -2.392515399843027 -2.0866760520667 1.0
vehicle.car 0 0 0 285.63152663651897 497.2783479280718 531.6607506277064 592.9645515630846 4.696 1.54 2.075 -16.643047964893977 1.1742482872815694 -8.320903042663648 -1.983680064321205 1.0
movable_object.trafficcone 0 0 0 636.2678356309852 539.7325094464042 662.7769139187857 584.5823306384773 0.262 0.704 0.384 -13.48739505487331 1.335285745919416 -2.99251016597063 -2.1483121778383305 1.0
movable_object.trafficcone 0 0 0 603.9755455307276 553.1011728172118 644.8345366585755 615.0237319861758 0.372 0.743 0.38 -10.462865621008412 1.3159997931326621 -2.6440008322224897 -2.012889125950373 1.0
movable_object.trafficcone 0 0 0 634.520959544445 533.47995343231 655.5017443484851 576.396357823815 0.336 0.739 0.34 -14.77390289101794 1.3302767003469578 -3.3620118533834007 -2.1968376593096544 1.0
human.pedestrian.adult 0 0 0 803.8507758614104 488.7828251685798 813.4542019964471 514.1732195485012 0.638 2.108 0.676 -68.43726886506465 1.6611993123795634 -1.7376505757227294 -1.5701671340708963 1.0
movable_object.trafficcone 0 0 0 133.34357722014153 705.6576052039813 278.08686756614753 943.6034173534823 0.247 0.757 0.317 -2.9914809085163943 1.2480169302217319 -2.293557101659422 -2.08885826337725 1.0
movable_object.trafficcone 0 0 0 581.8932374710174 558.4002897963082 628.0458493620014 629.2688875621615 0.302 0.761 0.404 -9.30625016032163 1.2826056558350398 -2.575120445357928 -2.0257819885432706 1.0
movable_object.trafficcone 0 0 0 525.1086345248201 573.4627953390179 580.6895738657417 667.6501376731281 0.412 0.766 0.341 -7.302784060570348 1.2399196945456417 -2.486449729468285 -2.0866760520667 1.0
