movable_object.barrier 0 0 0 236.03249236125396 518.7181772746447 379.78871343566203 616.0296787602184 2.29 1.296 0.641 -12.984937619479494 1.3061368587565443 -8.265932602872635 -2.1636931973233926 1.0
movable_object.barrier 0 0 0 -132.36308100660818 541.212068238028 138.2593570245144 675.8427648311323 2.071 1.059 0.591 -8.432879941164282 1.2358942825299146 -8.440385673282632 -2.1488526460580886 1.0
movable_object.barrier 0 0 0 601.0874582671662 506.7240291297324 700.2274547476675 635.6950917743616 2.176 1.353 0.604 -10.130357366185526 1.0339192489751332 -2.169804721140827 -2.147531476585205 1.0
movable_object.barrier 0 0 0 379.18206029270266 514.3262314643265 468.76970649507996 577.5398916872819 1.977 1.085 0.638 -16.21159456472358 1.247603227872371 -8.065334069068783 -2.1636931973233926 1.0
movable_object.barrier 0 0 0 652.4269180575665 518.7047820094982 722.5567605810205 607.4007620775899 1.726 1.102 0.569 -11.826073653547319 1.1414723424499078 -2.034795073854888 -2.157957486255773 1.0
movable_object.barrier 0 0 0 688.7241449944516 510.7080240792326 748.389922260292 587.0314612532978 2.015 1.127 0.578 -13.950523253233804 1.1100024792905439 -1.8714593885195219 -2.157957486255773 1.0
movable_object.barrier 0 0 0 151.35171193557804 568.9909385141584 532.4317547814825 897.8698367231593 1.787 1.086 0.741 -4.090261162717705 1.0938438928114833 -2.2576619343577713 -2.147531476585205 1.0
human.pedestrian.construction_worker 0 0 0 266.18998254447445 463.24873162120275 338.7441538647858 596.760263054957 0.597 1.838 0.544 -11.55439626793209 0.6727641253580684 -7.5095831981001115 -2.194578111262537 1.0
vehicle.bus.rigid 0 0 0 795.0328117282294 460.158065949385 896.6465060131438 506.0997548867935 12.306 3.424 3.214 -68.04308108343822 0.01121564069093206 1.69169032336524 -1.817224713295821 1.0
human.pedestrian.construction_worker 0 0 0 171.21284536280808 472.61546376650955 252.65932858823507 606.2580035999536 0.667 1.685 0.436 -10.578280427893587 0.7399613177371205 -8.059630836184615 -1.5708987641424965 1.0
human.pedestrian.construction_worker 0 0 0 217.71422438649694 473.12385564807136 299.42553877013165 598.947039034129 0.614 1.663 0.601 -11.125963408183345 0.728333924170061 -7.8333165484790594 -1.5771272003767614 1.0
movable_object.trafficcone 0 0 0 111.19174862740309 700.1661975898709 249.75232451201285 967.3880506685507 0.21 0.826 0.28 -2.8280570954097177 1.2117625905579372 -2.2579324766015825 -2.086936707008115 1.0
movable_object.barrier 0 0 0 442.3625262317101 548.2306097115846 614.1937716688999 727.6166967630094 1.577 1.052 0.623 -6.210851139593756 1.1125800840910212 -2.2278944166726737 -2.147531476585205 1.0
vehicle.construction 0 0 0 501.48272855384425 338.19252508929316 712.563184630212 601.3083540887664 7.932 3.618 2.768 -15.315010585227707 -0.1497962830724323 -4.471015388912091 2.2750097754915064 1.0
movable_object.barrier 0 0 0 651.2216565825254 505.85005287780507 750.2804848059551 556.6169585496368 2.25 1.113 0.621 -19.687910302200105 1.1987777139576667 -3.117138644212932 3.003195006997176 1.0
movable_object.barrier 0 0 0 85.55957098285633 523.7041053938171 268.3432928590965 633.7225362065662 2.049 1.164 0.573 -10.514662418427719 1.1911979145824934 -8.362200303479275 -2.15873110255946 1.0
movable_object.barrier 0 0 0 547.2246285366451 532.9138016785441 669.9291960083357 669.4821599085437 1.993 1.052 0.562 -8.088005076773255 1.1103718274357215 -2.130790247173428 -2.1433863181443833 1.0
movable_object.barrier 0 0 0 713.7402012012274 511.5551273386868 766.0214312920245 573.6676669097216 2.259 1.048 0.607 -16.167762779065676 1.1728408458239021 -1.749220995287005 -2.157957486255773 1.0
