vehicle.bicycle 0 0 0 895.815851930557 503.75921582077996 916.2973757378344 528.1381226453151 1.604 1.07 0.683 -37.68701538842235 1.602556557570821 3.5681108460092306 2.071343018145713 1.0
movable_object.barrier 0 0 0 924.5168064119781 500.7742474186932 943.770846176868 529.5130395695841 2.086 1.363 0.65 -40.58760995103379 1.6911100557743488 5.249675433322059 2.0372728540593146 1.0
vehicle.car 0 0 0 548.6487968686489 495.14281519398344 619.7375430600921 539.8093956616889 4.474 1.942 1.778 -38.37769077017033 1.7466849323585165 -11.527852472991922 2.0034418447712605 1.0
movable_object.barrier 0 0 0 948.6506606636707 499.42755221232113 972.1457479716229 531.3854992178877 2.263 1.245 0.535 -33.556228374549946 1.4158242648559796 5.422660574887066 2.0453891339332344 1.0
movable_object.trafficcone 0 0 0 389.43963948806334 540.1738096309329 411.19755949138823 565.3134635048322 0.486 0.803 0.451 -26.586190663382183 2.330294016071594 -14.090097517679233 1.6026127760323075 1.0
movable_object.barrier 0 0 0 1344.6947801328613 497.6412557938617 1630.912605362104 665.868763539417 2.224 1.251 0.713 -7.2522534973773825 0.8323268773438106 5.696378422019413 2.091760650049551 1.0
movable_object.barrier 0 0 0 1256.4232870592068 492.0149575079271 1432.3608680728248 627.4420631583675 2.021 1.353 0.673 -9.234766150182482 0.8591203315166275 5.763458167703915 2.0878639186938646 1.0
human.pedestrian.construction_worker 0 0 0 874.9607494876951 509.893776740198 894.7795008161469 533.6972207364976 0.756 1.009 0.685 -35.53498356406294 1.761427624330029 2.439418677571937 1.501062997396744 1.0
movable_object.barrier 0 0 0 1145.4347347650366 508.800013528559 1251.2782847430449 587.8331849853333 2.077 1.096 0.662 -12.480494660625316 1.0114695827169025 5.622464755952102 2.0253687852927893 1.0
movable_object.barrier 0 0 0 905.1390366835105 502.1351237732905 939.1287362971007 527.1769741270078 2.216 1.216 0.597 -42.31823155949555 1.731791333811953 4.840263804343707 2.3401465993433446 1.0
movable_object.barrier 0 0 0 1052.0472386970714 495.8021363675094 1109.9806538487394 556.8561764168818 2.254 1.301 0.59 -18.6075973659557 1.0393961847123847 5.7479141211734825 2.032305778602667 1.0
movable_object.barrier 0 0 0 870.1596919247152 499.8204324349085 882.3750984985269 517.4944007562998 2.449 1.378 0.544 -68.13563120254499 2.2755112336760446 3.9521329910281104 2.115631489029555 1.0
human.pedestrian.construction_worker 0 0 0 878.7404078457054 509.3347027949153 899.03732933209 532.5820645808537 0.8 0.954 0.744 -34.569721284724565 1.6787534540425915 2.543858677829977 1.5015959292846839 1.0
human.pedestrian.adult 0 0 0 919.6698229054263 494.3873857515628 975.3741549992528 603.3308175070607 0.672 1.615 0.708 -12.514918358233906 1.029451669328045 1.8160069992439125 2.0770174893617703 1.0
movable_object.barrier 0 0 0 997.3425433793125 493.2249226985166 1031.8170903370635 532.7448880209095 2.211 1.161 0.536 -25.50190868184837 1.009388075372147 5.817109445637942 2.036990742110085 1.0
movable_object.barrier 0 0 0 1014.3686485930859 496.78881981574676 1054.7810971044244 540.9724604963319 2.226 1.161 0.58 -22.689035182751603 1.0653720806043565 5.728845810787207 2.0206109138118595 1.0
movable_object.barrier 0 0 0 971.3410638052342 494.70017994693575 1001.5007821248648 528.407735484749 2.182 1.126 0.535 -29.169254225437342 1.0948843333428906 5.645706254911435 2.062850636783665 1.0
movable_object.barrier 0 0 0 1518.6457376549604 514.8139972843517 2028.8413996954337 753.1694718336445 2.198 1.189 0.66 -5.228755572755356 0.8486326501799516 5.741091628372524 2.091760650049551 1.0
movable_object.barrier 0 0 0 1186.2178044259763 495.0321611508887 1318.6029919525963 593.1742270930322 2.131 1.207 0.696 -11.201313039110591 0.8525053717875857 5.766710237068562 2.088378773105287 1.0
movable_object.barrier 0 0 0 957.1928815819479 498.00423616492753 982.9549185397202 530.0318177861053 2.131 1.161 0.536 -31.36606860313042 1.2697269406139284 5.442173327247324 2.052287053233572 1.0
movable_object.barrier 0 0 0 1106.4951613072417 491.6888655457072 1195.3756406908617 570.3729473453459 2.147 1.288 0.711 -14.543908502805584 0.8926304067698558 5.720498251038802 2.0270511308447183 1.0
movable_object.barrier 0 0 0 1079.715637409909 499.45962847871715 1144.9167259224048 567.685101427916 1.641 1.305 0.683 -16.551180481172462 1.0624669083523575 5.755552032483627 2.0428613896134626 1.0
movable_object.barrier 0 0 0 1029.5373497596297 494.54423149755587 1078.5129398231443 545.8003114815521 2.137 1.223 0.609 -20.656242467544516 1.0027445786927665 5.704833876139758 2.035956707645295 1.0
