movable_object.trafficcone 0 0 0 475.06923833663996 592.5237343024647 544.8280316976499 695.5241015297207 0.302 0.761 0.404 -6.53161362548521 1.3007803797486441 -2.571415654584217 -2.015351091470042 1.0
movable_object.trafficcone 0 0 0 582.9517711865107 557.7753581653451 617.8540047365494 615.0774845777189 0.262 0.704 0.384 -10.681768401788547 1.3756753912304953 -3.0171050867908105 -2.144697694535928 1.0
movable_object.trafficcone 0 0 0 560.9775167126428 565.3674523789064 599.8851834622881 636.3459957104825 0.334 0.74 0.315 -9.12841743750444 1.3355137820009846 -2.8024103572293164 -2.0828932362219144 1.0
movable_object.trafficcone 0 0 0 588.504760858743 548.4838720708261 615.6301723029925 602.0494639905596 0.336 0.739 0.34 -11.97227164853751 1.3763455411643284 -3.3573725125453295 -2.193353854512222 1.0
movable_object.trafficcone 0 0 0 164.12154906609408 695.8293818054275 308.64279343382924 894.8581154596376 0.326 0.698 0.351 -3.4256299783064423 1.3061120175305907 -2.494877055845831 -2.0828932362219144 1.0
movable_object.trafficcone 0 0 0 518.0533139312292 580.8506557395323 576.8840851299357 666.7333497445998 0.372 0.743 0.38 -7.69635548930076 1.3415724121979697 -2.673760174534969 -2.0089014027695296 1.0
movable_object.trafficcone 0 0 0 323.79185192366185 629.5257636320683 430.2028771016049 790.7897267393209 0.412 0.766 0.341 -4.500373735460403 1.2485509948205138 -2.501325708637658 -2.0828932362219144 1.0
movable_object.trafficcone 0 0 0 -104.31860491250791 750.7117294343745 143.2106667777775 1074.1276549667712 0.37 0.778 0.368 -2.4943972521529783 1.2883031241788738 -2.46750091553262 -2.0828932362219144 1.0
vehicle.bus.rigid 0 0 0 439.3466156179044 423.8466534742922 731.1886698392434 573.1331772504665 12.306 3.424 3.214 -25.30392539641357 0.4408318739383553 -6.599326942387361 -1.9548724939712079 1.0
vehicle.car 0 0 0 693.8577014376718 495.7727032762328 772.3663852685307 535.2348624134643 4.662 1.526 2.127 -36.56535817990679 1.472956029546896 -4.2421743401412435 -1.9548724939712079 1.0
movable_object.trafficcone 0 0 0 422.7467704279791 614.4057114429355 491.360284723186 732.1028818066652 0.374 0.713 0.283 -5.586436561423375 1.3075985021914218 -2.561275103421174 -2.0828932362219144 1.0
vehicle.car 0 0 0 154.42346107954455 503.63132493368676 479.05556483045035 623.5775492711465 4.696 1.54 2.075 -13.834447764620942 1.2375358872484519 -8.328150116971841 -1.9796102790641106 1.0
