movable_object.barrier 0 0 0 889.8540924281963 498.1564114313377 906.2205490365454 518.2243741581295 1.841 1.133 0.515 -49.08713826751189 1.6123786665204176 4.165341063875407 2.138825448472981 1.0
movable_object.barrier 0 0 0 924.8688996790205 498.03070354198616 941.2936959573392 521.4026838192303 1.99 1.069 0.451 -39.80573524030603 1.3879822408268796 5.098618134582706 2.0583980803790602 1.0
movable_object.barrier 0 0 0 975.3226148441765 501.9058545587668 1007.6398558299268 536.4562057017073 2.018 1.108 0.647 -27.43373711166265 1.288684647715297 5.480052654322782 2.0383703518013316 1.0
movable_object.barrier 0 0 0 954.4683724843701 495.8163551030855 982.8144193871558 528.5368433697712 1.954 1.192 0.655 -31.449565921699783 1.2000332915165912 5.400926770314075 2.0596219678303367 1.0
movable_object.barrier 0 0 0 1068.6059593055566 492.0045247014125 1133.0521050117302 555.2189230774925 2.209 1.223 0.576 -16.98917890598295 0.8942966491753073 5.656648222711792 2.0314344572031082 1.0
movable_object.barrier 0 0 0 1151.4540002804654 494.17301468691204 1259.1240812343588 583.7527989594224 2.263 1.245 0.535 -12.541742812075391 0.8809661557953947 5.750735886911728 2.0418587905767263 1.0
movable_object.trafficcone 0 0 0 474.2696815435278 533.9308886422308 490.6567406153084 556.1075464973595 0.426 0.809 0.373 -30.230285429782217 2.3601863984979863 -12.952623290924425 1.8546929726834662 1.0
movable_object.barrier 0 0 0 912.5436545656886 497.7131977523349 931.8098884213072 523.8725401893605 2.423 1.263 0.643 -42.070347735621915 1.5271791093742775 4.817889657499314 2.047879957225099 1.0
movable_object.barrier 0 0 0 1284.2431608296029 498.6197724224547 1483.569701201406 618.6809567016792 2.182 1.126 0.535 -8.815279123575266 0.8055689195188085 5.904994225590429 2.059252609051172 1.0
human.pedestrian.construction_worker 0 0 0 969.918316045804 528.6998656070865 1029.268875537496 589.9565889438416 0.8 0.954 0.744 -13.323992795567673 1.265427773120901 2.7899850989982036 1.503964795402199 1.0
human.pedestrian.construction_worker 0 0 0 436.2152987279857 504.7660117921955 451.2659420304964 544.1413606313573 0.579 2.044 0.684 -42.642305558554106 2.2495879900436053 -20.3132270239758 2.6851906935657333 1.0
movable_object.barrier 0 0 0 897.2902544229139 494.51385940962655 916.4006287479743 520.1869961437276 2.449 1.378 0.544 -46.89032531623798 1.4997449963970513 4.483547778873151 2.1118402836172407 1.0
movable_object.barrier 0 0 0 934.8790720112033 498.2648217099661 959.6658395580139 525.4510901726128 2.388 1.103 0.567 -35.59520176492394 1.342167948470846 5.174268007705077 2.0743052647335256 1.0
human.pedestrian.construction_worker 0 0 0 1124.7158886668676 477.2995640159053 1162.4074697078063 554.0528531693665 0.608 2.0 0.666 -21.569543064203103 0.9095756477331682 8.377361498728648 2.538648484600312 1.0
vehicle.bicycle 0 0 0 983.4430118184406 513.0153833581892 1041.671040915992 570.7077089716223 1.604 1.07 0.683 -16.128005182395306 1.1916979305005313 3.624515772385492 2.0677127778631137 1.0
movable_object.barrier 0 0 0 1443.1117108157785 496.8501353372353 1755.0088713837358 678.140792524732 1.904 1.214 0.555 -6.477771282274249 0.7820375737172782 5.972554329358948 2.0487297346989513 1.0
human.pedestrian.construction_worker 0 0 0 947.7057898695241 526.9678894643284 1002.0121977191934 587.8717385446807 0.756 1.009 0.685 -14.105909881670078 1.3083239068891301 2.5267635342114825 1.503078987525365 1.0
movable_object.barrier 0 0 0 963.7187318584829 497.0162785938071 994.7062428867754 530.9225967992834 2.023 1.159 0.675 -29.51068787139594 1.194121230890194 5.449997674004845 2.0495064139894366 1.0
vehicle.car 0 0 0 271.9708985760496 511.9793468274372 481.41611749311517 583.4564712594038 5.657 1.632 2.143 -22.024217752768273 1.7508278439932012 -11.957961824736651 1.985295363729807 1.0
vehicle.car 0 0 0 -369.67653940458507 496.0378569412065 171.69673729735644 687.5663130285903 4.474 1.942 1.778 -10.67469057316063 1.2945021885952794 -11.496220884842012 2.000082607937026 1.0
movable_object.trafficcone 0 0 0 570.1979213606883 524.9236250244527 583.4596514774028 541.8153662905793 0.47 0.782 0.48 -38.42841111063728 2.4506422647256874 -11.983847229510333 3.113081270889481 1.0
movable_object.barrier 0 0 0 1038.2753042772977 493.9123530264788 1093.0157623675193 555.1208166614649 2.086 1.363 0.65 -19.33071587665942 1.034776938278285 5.610921826304576 2.0337746571150497 1.0
human.pedestrian.construction_worker 0 0 0 1107.9352500485165 468.28085906061125 1140.0906652896156 540.9556651990471 0.543 1.862 0.618 -21.23187457318247 0.6080519727509286 7.7269628028526816 1.9326111364051606 1.0
human.pedestrian.construction_worker 0 0 0 494.12049580767064 502.0737557584041 512.160445037801 537.4414003446595 0.746 2.0 0.902 -46.727224413127914 2.1964409730434014 -18.82425310004987 2.2246307572289563 1.0
movable_object.barrier 0 0 0 992.6884745961233 497.3846266715832 1069.852630773733 547.0222086445036 2.216 1.216 0.597 -21.07483080175903 1.0776904699161223 5.2194648595160364 2.33568509808077 1.0
vehicle.car 0 0 0 505.5257350826972 501.7164800732239 609.6998567156907 555.4946307327842 4.603 1.598 1.961 -27.242167276108272 1.5978411367418437 -8.99901220717308 2.0401172154353935 1.0
vehicle.construction 0 0 0 613.0237654316662 477.19445448103403 668.2150338662177 525.1778728846241 9.197 3.451 3.008 -66.59246479477562 1.7258254812597436 -15.364356911108825 2.084571463483604 1.0
movable_object.trafficcone 0 0 0 530.3680354059694 527.1142294468402 545.7297284988371 546.7878190903758 0.459 0.813 0.495 -34.30850645492817 2.338614843425814 -12.342736466940927 3.0979330975911132 1.0
movable_object.barrier 0 0 0 1100.520709871982 501.52680575665886 1179.7008599102774 569.7032372604386 2.128 1.145 0.499 -14.850029086568249 0.9886702200552435 5.651885952517009 2.0628859579299537 1.0
movable_object.barrier 0 0 0 1210.1008010965468 501.1692632821749 1350.4059153280439 601.9805275138676 2.131 1.161 0.536 -10.539976228049174 0.8874234177523876 5.779508214665044 2.0487297346989513 1.0
movable_object.barrier 0 0 0 944.8069036456725 498.1056149014601 970.9527459179004 526.6802753186189 2.038 1.098 0.618 -33.39727109228576 1.2804796450500655 5.293172639646875 2.06870926287003 1.0
