movable_object.trafficcone 0 0 0 549.7097617431349 528.4049480135079 566.0767881497027 546.9128122540815 0.515 0.748 0.463 -33.707497321435625 2.3274301456659745 -11.299870178481077 3.105500963155473 1.0
human.pedestrian.construction_worker 0 0 0 350.6493304186117 504.305397644657 369.0185656933962 553.1760720934373 0.579 2.044 0.684 -34.37931346255428 1.9959955379278083 -19.941882396322807 2.6921890993318502 1.0
movable_object.barrier 0 0 0 1201.9159277850904 500.570736257184 1340.716704823163 615.8507065756687 2.086 1.363 0.65 -10.785137702246917 0.9893868886750691 5.7984642062187435 2.026596578747335 1.0
movable_object.barrier 0 0 0 1288.498865745125 498.25586284699483 1494.1676066915002 634.288423682567 2.209 1.223 0.576 -8.514253071154402 0.8469710865422782 5.768203149224376 2.0242618578250866 1.0
movable_object.trafficcone 0 0 0 345.05271246338407 547.2691599128406 369.49262820005407 578.1051137795895 0.426 0.809 0.373 -21.94530575623812 2.1909719046527663 -12.796220315333487 1.8480774655383385 1.0
movable_object.barrier 0 0 0 939.9826212161964 501.16736185054907 966.0320363245313 533.6489795542112 2.423 1.263 0.643 -33.53241771273852 1.499741900788218 5.1093873702293395 2.0406696872555514 1.0
movable_object.barrier 0 0 0 1007.2212365704578 497.3208353353136 1051.0493492497578 542.1169103185208 1.954 1.192 0.655 -22.88003572863181 1.094407189392191 5.625185621889623 2.0523859574199417 1.0
movable_object.barrier 0 0 0 974.8599525999867 497.0600255268457 1011.0421096064323 532.7047589106146 2.388 1.103 0.567 -27.068184608958777 1.1323468577062317 5.449642072351152 2.0670383630537366 1.0
human.pedestrian.construction_worker 0 0 0 1325.4512239267008 466.10732706966746 1391.102851694483 596.3060336950039 0.608 2.0 0.666 -12.895603100908446 0.7848681113894729 8.428420835288872 2.530908301723799 1.0
human.pedestrian.construction_worker 0 0 0 1202.6082363062533 587.2896481560211 1418.7466424673726 773.6517549060092 0.8 0.954 0.744 -4.856273200325009 1.1477268266424936 2.8332065138931433 1.5025727429252855 1.0
movable_object.barrier 0 0 0 920.263175430439 498.61105076999877 944.9243695006478 529.7052779065631 2.449 1.378 0.544 -38.35491351220946 1.5565238580546914 4.880900886133128 2.104500563861757 1.0
vehicle.bicycle 0 0 0 1138.4541707486278 526.5120501248862 1306.2261916164493 657.2910835698996 1.604 1.07 0.683 -7.608195763899884 0.979189402928069 3.6107978853059524 2.0604595709779687 1.0
movable_object.barrier 0 0 0 1024.298402201353 499.69463406053876 1074.5218033594615 547.7114051606575 2.023 1.159 0.675 -20.91128059412949 1.1004696522896833 5.657550215420343 2.0422925221586192 1.0
movable_object.barrier 0 0 0 1071.1241070769304 498.8771640650851 1137.6333432907602 560.9471459273284 2.03 1.186 0.642 -16.75805543951608 1.0053990237536832 5.654831635591891 2.0311816292982403 1.0
movable_object.trafficcone 0 0 0 643.5337192253774 522.2153693666561 650.7406802840239 532.6765403020167 0.378 0.702 0.421 -55.80152318816613 3.1500647524930785 -12.55507904711325 2.0323458507898247 1.0
vehicle.car 0 0 0 -433.600100219292 507.1588866483136 258.534808583383 727.2642258109817 4.603 1.598 1.961 -8.454370130219155 1.1827211710530343 -8.569295618487498 2.0398849604558666 1.0
movable_object.barrier 0 0 0 933.585386961668 499.24577952216083 956.8124707174775 528.4354667096293 2.425 1.202 0.62 -35.88904966861876 1.442977029188309 5.12577559394588 2.0406696872555514 1.0
human.pedestrian.construction_worker 0 0 0 1292.7656541545923 452.1239179326811 1359.3622840571588 575.541831594512 0.543 1.862 0.618 -12.621093947503303 0.5058300853903852 7.733073077153918 1.9257107687120492 1.0
human.pedestrian.construction_worker 0 0 0 431.78218508770965 503.63206355527956 455.3195147858021 546.6466577541279 0.746 2.0 0.902 -38.44677164698642 2.063950979071268 -18.31537633241931 2.217117973519576 1.0
human.pedestrian.construction_worker 0 0 0 1129.4723631683087 572.8574961538077 1294.1494943519654 736.3168569069894 0.756 1.009 0.685 -5.677485587692926 1.1727566873692763 2.6476136236587497 1.5012218337101881 1.0
vehicle.construction 0 0 0 583.6893359391098 479.0979494928596 651.5634120418028 533.5309727042583 9.197 3.451 3.008 -58.20130976827633 1.9111170693825477 -15.027125367156215 2.077283788493289 1.0
movable_object.barrier 0 0 0 1103.6053782017252 501.1026556752182 1253.2163718568418 587.4257892743947 2.216 1.216 0.597 -12.594844273577909 0.9712646085407515 5.351555145397315 2.3280558243558156 1.0
vehicle.car 0 0 0 -222.31168114663907 524.5961906290975 278.61817069730864 660.6111960916392 5.657 1.632 2.143 -12.937244009750275 1.5776468538137414 -11.938479122737881 1.9985332278672843 1.0
movable_object.barrier 0 0 0 1046.3703515470813 500.01177582851346 1102.0839447521353 551.3058174427267 2.018 1.108 0.647 -18.82439277204774 1.034940570031854 5.663394650815915 2.0311816292982403 1.0
movable_object.barrier 0 0 0 1097.7316856846817 499.99764912301714 1156.1028237853616 571.5530743526064 2.106 1.195 0.585 -14.780282243224374 0.983888767265417 5.396749298157167 1.9329731444808562 1.0
movable_object.barrier 0 0 0 909.8262637574546 498.737038110749 930.3777897917311 522.9971374589202 1.841 1.133 0.515 -40.56479560207517 1.4705698307061823 4.544261533007087 2.131438440060247 1.0
movable_object.barrier 0 0 0 1408.0413948688456 518.0615803541145 1731.9085663814376 692.3559256351651 2.128 1.145 0.499 -6.497125721734194 0.8990598691468115 5.72882022211393 2.055642957922677 1.0
movable_object.trafficcone 0 0 0 504.612903508939 533.1519413722369 522.553009302719 554.8337106313924 0.47 0.782 0.48 -30.04732320527239 2.307928689611547 -11.71765257708176 3.105500963155473 1.0
human.pedestrian.construction_worker 0 0 0 281.1687709677826 511.1524693841821 307.0866407132034 537.6918174041298 0.609 1.153 0.763 -36.17474644938351 1.9076393855341236 -23.916887752311485 1.5842759667599537 1.0
movable_object.barrier 0 0 0 964.6179157024659 502.1809329612565 987.9022582511692 535.1428358833497 2.029 1.13 0.439 -29.280240980192218 1.3543959448648617 5.305261279384358 2.032837651010336 1.0
movable_object.barrier 0 0 0 990.7110426691286 501.05689614619666 1029.7909874827392 539.0194842194634 2.038 1.098 0.618 -24.845110906165125 1.1972884135327835 5.532990175354196 2.061453967852806 1.0
movable_object.barrier 0 0 0 957.1275407311464 500.00345876130035 979.9409985913612 529.4881170617394 1.99 1.069 0.451 -31.338743458610743 1.2940231603150685 5.380817041773968 2.051164709207298 1.0
movable_object.trafficcone 0 0 0 441.3030372588929 538.9646542636394 463.1868677615828 565.150547914804 0.459 0.813 0.495 -25.920293253930513 2.246817628847955 -12.071339188335159 3.0903413051155626 1.0
