movable_object.barrier 0 0 0 -15.889222568171682 587.1901634330201 530.1216649083179 1060.0868650944424 2.259 1.048 0.607 -3.4131949452547445 1.1134486820204381 -2.0384761450706246 -2.1320916443902194 1.0
vehicle.car 0 0 0 489.7308519204531 498.51902702915197 632.9129166563143 559.9713539056719 4.696 1.54 2.075 -24.30813703173421 1.344133301778871 -7.858763492691973 -1.9706902816562009 1.0
movable_object.trafficcone 0 0 0 685.2940326727366 545.114905976158 710.827607541102 589.7136515213928 0.326 0.698 0.351 -13.476035105439548 1.4214040854948302 -2.18165568286942 -2.0735409874502846 1.0
movable_object.trafficcone 0 0 0 627.1694786586883 567.509652535468 664.0977620064865 636.8409075276596 0.251 0.722 0.331 -8.993831298807141 1.3323895013408567 -2.037577788594143 -2.075721388661975 1.0
vehicle.car 0 0 0 766.3310860039065 494.5532718116646 818.4399970139337 521.6930050329224 4.662 1.526 2.127 -51.45009570312869 1.6404076780506927 -2.276149859789377 -1.9460774859387042 1.0
vehicle.bus.rigid 0 0 0 625.700209670766 450.42821083121726 787.0112565244708 539.6834853065975 12.306 3.424 3.214 -38.137497440380606 0.5726902130361443 -5.22735925757514 -1.9460774859387042 1.0
movable_object.trafficcone 0 0 0 658.4127267409116 549.5657181360859 688.2348131383508 610.8443104840148 0.362 0.822 0.331 -11.558131263126523 1.3986691241106268 -2.2233806534737517 -2.0735409874502846 1.0
movable_object.trafficcone 0 0 0 597.1223448365757 578.2164629396686 642.8596080160358 660.8245951647935 0.275 0.749 0.365 -7.942142739001756 1.343958898084149 -2.049381272538681 -2.1056102778378003 1.0
movable_object.trafficcone 0 0 0 710.7487665458875 530.7894107842445 733.095659917091 566.4027348675518 0.372 0.743 0.38 -17.776656142493646 1.4641257547086406 -2.354882570585793 -1.9998450820320874 1.0
movable_object.trafficcone 0 0 0 691.7745725028583 538.1679384946278 715.4459606339146 583.2806869293651 0.412 0.766 0.341 -14.61397824183639 1.4197480772746323 -2.265439189383942 -2.0735409874502846 1.0
movable_object.trafficcone 0 0 0 645.0221527537216 557.358306734449 676.0578379231052 620.6562633002742 0.247 0.757 0.317 -10.229807080351915 1.3503883547793891 -2.1300380974294373 -2.075721388661975 1.0
movable_object.trafficcone 0 0 0 562.8679051328588 591.8718668573861 613.8411759588611 689.7952036669112 0.289 0.757 0.319 -6.81328122362985 1.3300025081646536 -2.0235182044193287 -2.0715447437661805 1.0
movable_object.barrier 0 0 0 268.0441925440011 552.3763172846523 562.3334852361738 699.8432726886235 2.25 1.113 0.621 -6.9264965392421685 1.2191027208185383 -3.5140354064258106 3.0269168059415446 1.0
movable_object.trafficcone 0 0 0 670.8826352036006 545.8097567236795 700.2416557871439 599.0902260720092 0.37 0.778 0.368 -12.604399973076383 1.4059386644880871 -2.234286631779589 -2.0735409874502846 1.0
movable_object.trafficcone 0 0 0 715.0410348457632 527.1446426798916 731.0924482062989 559.6779128511037 0.334 0.74 0.315 -19.243303744356627 1.462124401077199 -2.5226854505753082 -2.0735409874502846 1.0
movable_object.trafficcone 0 0 0 503.8105114875184 612.075605145266 575.1962178337706 735.9853284815531 0.31 0.735 0.341 -5.362187713419379 1.26140355161947 -1.912974964978955 -2.096708117963347 1.0
movable_object.trafficcone 0 0 0 700.3290291137295 536.310909677227 718.8534141152561 575.1611178174841 0.374 0.713 0.283 -15.699972214400372 1.430219072529783 -2.318838157663493 -2.0735409874502846 1.0
