vehicle.car 0 0 0 1078.7162458747666 473.4144840843908 1197.6952373238985 515.0956237813513 4.744 1.677 1.875 -37.71578464946017 0.5956022415048685 14.326176574706576 3.0916220576203948 1.0
movable_object.barrier 0 0 0 1469.250007513794 466.3694637380835 1524.2265130718274 489.41398378236863 0.436 1.081 2.416 -42.37351382667789 -0.20032305081433355 34.944749654353345 2.03875366288624 1.0
vehicle.truck 0 0 0 769.6440169709412 374.8370868468663 988.1787214989934 636.0754659662073 6.327 2.921 2.285 -12.452654646628481 0.369917113550559 1.1434000203136006 2.234980277305941 1.0
human.pedestrian.adult 0 0 0 990.1926973241091 487.87203149010577 1017.6898448530735 531.6595470525131 0.535 1.566 0.764 -29.718749912914525 1.0269452241413868 6.4164209113618895 2.447971346796172 1.0
vehicle.construction 0 0 0 644.8214396287958 423.1933407291452 793.5030694661075 562.8118425864269 2.883 3.154 3.861 -20.970561049601343 0.3224264938442213 -2.692550598663921 3.0408604104828143 1.0
vehicle.car 0 0 0 1049.4593290060056 478.3815519395533 1152.6605492938731 512.8653911164585 4.515 1.489 1.811 -40.70234031139898 0.708361529341961 13.610500935084858 3.0916220576203948 1.0
human.pedestrian.adult 0 0 0 992.5638918166792 479.9263622315271 1017.1204447014967 527.2493343715668 0.548 1.835 0.661 -32.03052580877262 0.8642934237282565 6.950087098366001 2.3900590595863536 1.0
movable_object.barrier 0 0 0 512.5517977301415 511.82415936866806 561.7257600773112 547.8271472644283 0.599 1.021 2.099 -25.043190247249484 1.4637676100829846 -9.008423529213353 1.5435002028366576 1.0
vehicle.car 0 0 0 1189.019883822867 469.47324280998185 1299.9379990999307 505.50942504783865 4.428 1.555 2.016 -40.504059439934814 0.3081604098355715 20.713397088060493 3.104148783634704 1.0
movable_object.barrier 0 0 0 430.0965736377864 515.8815384470744 529.6982775970181 562.955676000579 0.594 1.001 2.088 -19.26477217949032 1.3635387704298887 -8.299697338151784 2.042196796922733 1.0
movable_object.trafficcone 0 0 0 1042.7907453853404 494.9771950027023 1052.7712771470472 509.80626720070717 0.381 0.767 0.395 -42.97404017523321 1.0956519553110136 11.605518178398794 3.1131814372370403 1.0
movable_object.trafficcone 0 0 0 715.4504547433784 545.4392613307571 742.4893343964629 591.3662054106279 0.344 0.705 0.342 -13.163229644862065 1.404347998969966 -1.6282934900109567 3.048259212956544 1.0
human.pedestrian.adult 0 0 0 1331.7785337571188 453.504470988627 1382.674360857866 530.1910962286792 0.724 1.735 0.65 -18.81190369722462 0.2382334530374037 12.270986682570955 2.4686118168886644 1.0
movable_object.trafficcone 0 0 0 745.7047222860748 536.6868533817764 767.9101537999013 574.8384968755943 0.346 0.706 0.346 -15.763858026242294 1.4372597770189155 -1.4085940661949101 3.048259212956544 1.0
movable_object.barrier 0 0 0 550.9066639996898 510.72748722062806 617.8935844313227 544.0926462649227 0.584 0.998 2.084 -26.967192706975943 1.5090108458578915 -8.136443263047541 1.7003813691892065 1.0
human.pedestrian.adult 0 0 0 968.9177956716758 480.73219346396615 989.2568703239185 529.5975148115976 0.678 1.862 0.709 -31.671706932740957 0.9138932527455038 5.868769443296639 2.9667952731840597 1.0
movable_object.barrier 0 0 0 787.5614651166526 502.2026792715859 805.9722044835382 520.4792298389982 0.46 1.28 1.246 -59.373400873316214 2.1671829194326415 -2.3793107475158055 2.001548615505449 1.0
movable_object.barrier 0 0 0 763.8711981190786 514.8664288352072 791.234916296619 558.5434637530191 0.599 1.043 1.926 -21.132701386037322 1.4077661330477849 -1.333121535095823 3.1295567419101715 1.0
human.pedestrian.adult 0 0 0 975.9391485887858 484.2476830892709 1003.5315360508905 532.3871776087547 0.63 1.707 0.696 -29.50918777889491 0.9674042383198309 5.849263452632265 2.205216532952848 1.0
movable_object.barrier 0 0 0 611.0820746557026 508.3589817803107 682.1323381339724 544.2460332242842 0.579 1.118 2.303 -28.16668807200983 1.537963391914958 -6.347988729283968 1.8717782677235135 1.0
movable_object.trafficcone 0 0 0 610.8355664991494 587.1267385011321 673.0867080167321 680.7008472095264 0.415 0.734 0.392 -7.0591490434633215 1.3155313605282797 -1.6266759722429587 3.0865742827649836 1.0
movable_object.barrier 0 0 0 1369.735571939507 469.2850018406125 1436.2900768908773 491.5748880655819 0.365 1.037 3.249 -43.42060684796125 -0.0700946123651377 30.78012845205924 2.0507451906922327 1.0
movable_object.barrier 0 0 0 756.6213329899659 514.2829247640024 790.482691206004 562.7919109970595 0.576 1.046 1.975 -19.224930303871705 1.318585063547366 -1.3023443536878747 3.0919727827029124 1.0
movable_object.barrier 0 0 0 746.3197421947972 515.4730562672564 784.1662534976933 571.0110090518065 0.586 1.057 2.136 -17.213307596876422 1.2702407545906205 -1.336298918807831 3.107982259217513 1.0
