movable_object.barrier 0 0 0 793.4268401155956 493.3778789986121 845.6298340199675 530.4451108925014 0.436 1.081 2.416 -26.254127866763415 0.9562559338194164 -0.2849062200350291 2.7224109967432453 1.0
movable_object.barrier 0 0 0 967.3657502218466 484.2487901596288 994.7697533364773 508.227849185965 0.42 1.061 2.408 -38.658551450198644 0.6769524660308913 7.26968153414419 2.7224109967432453 1.0
movable_object.barrier 0 0 0 866.3110802400616 490.26276760085 906.885372204819 521.948746246501 0.42 1.083 2.408 -30.398516591444263 0.895576745130299 2.17839362667411 2.7224109967432453 1.0
human.pedestrian.adult 0 0 0 1467.0960665016437 432.9691308390589 1507.371961388415 491.6465950370323 0.822 1.766 0.74 -25.339617555676664 -0.5991367155207379 20.59109851260705 -2.4196665262545185 1.0
movable_object.barrier 0 0 0 746.1038535607044 498.6886346516611 806.1125417765121 535.9175676800223 0.439 0.978 2.416 -24.177897132073905 1.0400197467065275 -1.5529987087683106 2.720841305758741 1.0
movable_object.barrier 0 0 0 832.4993206375357 491.9394943133337 878.7918509230657 525.8882234500924 0.441 1.073 2.425 -28.323705322479203 0.9301456985410357 0.9511894115429674 2.7224109967432453 1.0
movable_object.barrier 0 0 0 896.0477193130674 487.5116788629275 932.1590708190357 517.2198802916699 0.394 1.094 2.433 -32.481135015134875 0.808887797493586 3.427948558504682 2.7224109967432453 1.0
vehicle.car 0 0 0 -903.8090037103584 461.7833097695571 342.02198887301 884.9947640987797 4.744 1.677 1.875 -5.728841561551173 0.7772770590230447 -6.442708397065802 -2.461096122485694 1.0
movable_object.barrier 0 0 0 985.4842306110424 485.33358788060224 1011.0787982218004 508.30698421258467 0.436 1.07 2.416 -40.74763760946977 0.7441753307525194 8.527441489620788 2.7224109967432453 1.0
movable_object.barrier 0 0 0 921.5045376875589 486.97007929364133 954.7676563399934 514.2983065409737 0.428 1.072 2.425 -34.5727958839657 0.789729685522815 4.672228983709431 2.7224109967432453 1.0
vehicle.car 0 0 0 270.4840673003103 478.9138903210973 612.5021875292831 603.9184280123892 4.428 1.555 2.016 -12.736393615819416 0.8066853325530888 -5.807886878709792 -2.449445050567661 1.0
movable_object.trafficcone 0 0 0 711.3228692000032 511.86226178648104 729.6116229840102 540.0568378385507 0.323 0.734 0.323 -21.845178938902293 1.1915646185161206 -2.9352179327244348 2.730409743365482 1.0
movable_object.trafficcone 0 0 0 670.8868508073863 508.35838205591364 690.1162317574659 536.8700244990795 0.346 0.739 0.323 -21.74747287475776 1.0964141521423918 -3.9961877314360845 2.730409743365482 1.0
vehicle.car 0 0 0 -1198.1620442828855 493.86460499552794 47.783510288643384 822.1322835243334 4.515 1.489 1.811 -6.363032131296126 0.9378359593219239 -9.525781565315523 -2.461096122485694 1.0
vehicle.truck 0 0 0 1140.6751278023119 426.3424040726305 1226.7262142016418 524.7802464619666 6.327 2.921 2.285 -27.926393586553107 -0.1867159868006501 12.288501454541096 -2.3896766312042885 1.0
movable_object.barrier 0 0 0 945.0223692457563 485.9979684456133 975.7672510327823 511.71760412259346 0.453 1.071 2.416 -36.598903583045086 0.7576950167533849 5.950005322404305 2.7224109967432453 1.0
movable_object.barrier 0 0 0 677.5507112860878 498.75292415567486 759.037955116615 541.1172290074184 0.365 1.037 3.249 -23.257825182965064 1.0618842176398942 -3.122088430031437 2.7368796301009617 1.0
