human.pedestrian.adult 0 0 0 176.8898277919147 491.5362199348152 240.10586423520056 553.9488327041892 0.75 1.406 0.901 -18.827232661825544 0.936940590226168 -14.425405001096847 2.146294396219319 1.0
human.pedestrian.adult 0 0 0 1247.6797390319464 455.86762090791973 1298.847862629967 524.1523057875106 0.653 1.705 1.015 -20.78897068940659 0.20757012375267067 11.404257552521075 -2.567986041511846 1.0
human.pedestrian.adult 0 0 0 1141.6618254309703 469.4467607501756 1189.815555440129 531.334866772618 1.202 1.739 0.54 -23.39594342020803 0.5244995890972284 9.717374363069577 2.3955469561049236 1.0
human.pedestrian.adult 0 0 0 805.6466606916467 485.30056093435974 818.7606172765986 510.199754621266 0.754 1.735 0.873 -57.03434668029968 1.1193802646577728 -1.202086387961159 2.1337363954453537 1.0
human.pedestrian.adult 0 0 0 838.6110276047272 483.673672859613 857.7931037607276 526.1509482406293 0.875 1.658 0.66 -32.13287930159922 0.906441037293013 0.748909325249062 2.13911433745316 1.0
human.pedestrian.adult 0 0 0 770.413641084437 486.0850243272768 784.556552559324 510.7663859575242 0.876 1.862 0.607 -61.76418404286145 1.2632273115626458 -3.9484950521645827 -1.6677193563576003 1.0
human.pedestrian.adult 0 0 0 348.80241339948884 474.7784444009258 373.32441112018677 522.3565691282498 0.688 1.905 0.527 -32.83323667258926 0.6732243987266248 -18.992737200620947 -2.4561445139571667 1.0
human.pedestrian.adult 0 0 0 1211.7125788197745 467.78795074177077 1240.6267231314573 510.29184983294715 0.497 1.408 0.756 -27.24463456425506 0.2420711358876909 13.363119368764774 -2.565755204837876 1.0
human.pedestrian.adult 0 0 0 661.8700148843529 493.54689192558305 672.8361378691081 520.9867492189783 0.541 1.776 0.553 -53.06873922412893 1.6651261098931514 -10.61589385231743 -1.637973324292874 1.0
human.pedestrian.adult 0 0 0 1124.5450222195484 472.953505907807 1145.7075957375375 509.26014439955736 0.531 1.052 0.323 -23.76700317123414 0.2709844009941639 8.981755092951223 2.2520854209097436 1.0
vehicle.car 0 0 0 812.7088968753525 477.54563655438005 888.5688298050976 521.952482801763 4.806 2.123 1.894 -41.25307285535043 0.8620008006582422 1.170081033086945 -2.4021389084412865 1.0
human.pedestrian.adult 0 0 0 368.8209162283257 477.52297251114004 393.0848204752989 518.1197299339992 0.729 1.609 0.444 -32.49320959125249 0.637090800543408 -17.995709143322703 -2.3247033664886194 1.0
