human.pedestrian.adult 0 0 0 169.6053284928322 511.77443221290326 297.6741590181433 768.968162924336 0.597 1.535 0.794 -5.443558489216755 0.9924547799603138 -3.98383458498266 -2.746293635025472 1.0
human.pedestrian.adult 0 0 0 -0.3989080044191134 491.951023641187 133.44274319437517 719.118756824062 0.63 1.697 0.622 -6.584496798246924 0.9550360470596032 -6.171506547004232 2.3882714012086605 1.0
human.pedestrian.adult 0 0 0 -0.7423380668443249 472.59225860743857 219.49868752084245 825.7289162404037 0.63 1.707 0.696 -4.393284192238137 0.8245973232657463 -3.893320633914013 2.696779401793873 1.0
human.pedestrian.adult 0 0 0 -241.02475453183206 476.0191161257623 50.052580627992704 892.8667528470029 0.604 1.711 0.787 -3.8407844218761564 0.8494249060385098 -4.36131272239814 2.696779401793873 1.0
human.pedestrian.adult 0 0 0 149.59109061587728 507.7227548205742 186.01903262887174 565.4264070172272 1.007 1.683 0.414 -24.478162165074522 1.6378022073091427 -19.995329068666376 2.2044329289596245 1.0
human.pedestrian.adult 0 0 0 116.87544342804222 487.8080786726389 253.2801255326565 675.8877399453454 0.692 1.628 0.676 -7.495781034600873 0.8923421301449641 -5.951741869781426 1.8449293871262 1.0
movable_object.trafficcone 0 0 0 448.4474453486682 558.2287394243701 492.12951946977216 632.0918477051803 0.303 0.678 0.302 -8.06079414037 1.1211749015851482 -3.5708047112188366 -3.0581862283186396 1.0
human.pedestrian.adult 0 0 0 113.66093487305754 505.3052235946229 319.23649945288787 795.55436206019 0.535 1.566 0.764 -4.850867478272519 0.9464654163764786 -3.6340298623400202 2.9592896351043825 1.0
movable_object.trafficcone 0 0 0 963.2571394227429 489.1863731833926 976.6348564560773 509.3424804729698 0.323 0.734 0.323 -30.47465766604363 0.6585797653712446 5.299504279589986 2.5149776059067444 1.0
vehicle.car 0 0 0 540.5640910442986 473.33564509689194 802.189289929833 578.0059275583527 4.744 1.677 1.875 -16.15832887053853 0.7834358444043614 -3.015778925359618 -2.6748026077226355 1.0
movable_object.barrier 0 0 0 990.0196414334282 478.62364368584406 1037.183610956749 506.12524472667934 0.439 0.978 2.416 -32.167802423915724 0.4103324178395039 7.34765541740508 2.505715718929551 1.0
movable_object.barrier 0 0 0 1026.5739149046685 474.50931317554034 1070.1916599305075 503.0151480428695 0.436 1.081 2.416 -33.782029325150035 0.2801988561117908 9.166150060631674 2.5072346503169056 1.0
human.pedestrian.adult 0 0 0 90.89123768427639 466.6677267600572 234.57249903712392 737.6995576711997 0.678 1.862 0.709 -6.104573964301414 0.8467823722988247 -4.986692546682439 -2.796373620843581 1.0
human.pedestrian.adult 0 0 0 248.28270212510813 504.7164683811418 276.62463701068395 551.6328119304046 0.807 1.835 0.792 -32.93448430714614 1.879031427139651 -23.057543021513258 1.8477469876245154 1.0
human.pedestrian.adult 0 0 0 236.01547382714173 456.6670381746003 368.0106817840994 693.9762865587795 0.548 1.835 0.661 -6.67932942138813 0.7328778438510649 -4.339840227410173 2.7473557925586807 1.0
human.pedestrian.adult 0 0 0 80.53611090659678 496.93380404660354 205.51552670684646 677.1138235893582 0.599 1.628 0.646 -7.7370662215869475 0.9806741440332192 -6.546271022862681 1.903866159869601 1.0
vehicle.truck 0 0 0 1020.450217365143 378.4248863912699 1270.925276800057 572.1447081151001 6.327 2.921 2.285 -15.32192209737414 -0.11748826308700008 6.244402793286315 -2.5766065201556216 1.0
human.pedestrian.adult 0 0 0 -92.72744925249953 502.43771299148244 61.07025569232352 700.700371312659 0.643 1.634 0.625 -7.159101697339449 1.0200368893843463 -7.447800047902816 1.5552628882467259 1.0
movable_object.trafficcone 0 0 0 977.5937731463455 488.47702326683185 991.769455363474 508.3211615053989 0.346 0.734 0.357 -31.050513826588475 0.6377834210291475 5.965082369993182 2.5149776059067444 1.0
vehicle.car 0 0 0 736.2623376332572 469.7841334955054 904.5590576859605 534.9291373708081 4.428 1.555 2.016 -22.765044574090588 0.5486595862994746 -0.17234161796757264 -2.6627141881024006 1.0
movable_object.trafficcone 0 0 0 932.0213836557849 489.85422268838835 945.792959348044 510.0937050580903 0.346 0.739 0.323 -30.579700216833498 0.6877688270496469 4.144766187552761 2.5149776059067444 1.0
movable_object.barrier 0 0 0 937.2466957497844 481.5394315392243 997.5200730810695 511.8380284143146 0.365 1.037 3.249 -31.807735405442532 0.5678459024926705 5.466372811213199 2.5212440763931836 1.0
movable_object.trafficcone 0 0 0 431.8092949519545 519.8786307356197 457.2723656959771 555.6859533129101 0.381 0.767 0.395 -18.13881151758699 1.2524285618529705 -8.62297040735135 -2.654010425231175 1.0
vehicle.car 0 0 0 443.88546458976236 485.7648382588399 681.0595025231445 571.5741715629448 4.515 1.489 1.811 -17.716924727153895 0.9532283087578217 -5.724111710449054 -2.6748026077226355 1.0
human.pedestrian.adult 0 0 0 281.68338798002577 504.25368405396597 305.6890684226503 531.0144458495375 1.218 1.697 1.059 -53.865533941769215 2.3810681415568657 -35.63644318529227 1.89848170781121 1.0
human.pedestrian.adult 0 0 0 13.5617692086338 495.6910412091286 148.4122197846685 682.2341209914174 0.619 1.67 0.69 -7.681614867839975 0.9898528835381992 -7.0867336932745575 1.903866159869601 1.0
