vehicle.truck 0 0 0 885.2962567420948 322.5199017751788 1224.3929013832674 639.2609819388518 6.327 2.921 2.285 -10.711957343871065 -0.03412791300822032 3.4014183185793754 2.501186837530871 1.0
movable_object.barrier 0 0 0 174.07644592059776 516.237782854121 215.8625722959898 552.1970261225285 1.169 1.303 0.537 -31.662251259684943 2.0402738620791903 -24.80273169726985 -2.811300719888731 1.0
human.pedestrian.adult 0 0 0 478.80176239386753 465.592462386434 571.3112429647499 635.7896269833362 0.658 1.835 0.712 -9.247322188993532 0.7600502710052759 -3.4570014611610382 3.05688373305248 1.0
movable_object.barrier 0 0 0 1230.6445039421558 454.8049828653243 1274.8248324506028 481.03310470642714 0.441 1.073 2.425 -36.89394667117586 -0.638095342676062 19.319109238081033 2.355643165363979 1.0
vehicle.car 0 0 0 56.86740166762963 507.4200282076506 162.88992438497033 555.9810470207542 4.579 1.615 1.905 -31.426077338558688 1.8796559472200753 -27.774027166321257 1.8715840067656986 1.0
movable_object.trafficcone 0 0 0 205.44798619365204 531.0216155294563 218.52995362094688 548.9717638452199 0.38 0.791 0.38 -37.56232430101509 2.699518231659841 -28.648512758139766 -2.8659746408631577 1.0
human.pedestrian.construction_worker 0 0 0 296.29075902403423 437.81486112428877 456.7488180167686 657.6904513021354 0.901 1.865 1.061 -7.615795907412057 0.5773727396207159 -4.203039604982293 -3.0882715103067486 1.0
human.pedestrian.adult 0 0 0 487.06275736489647 481.4614389880437 535.8750802412308 602.5369852319302 0.512 1.645 0.606 -11.540820896205862 0.8400706689300841 -4.536645113451668 -2.8619986725002526 1.0
movable_object.trafficcone 0 0 0 761.8167734364415 515.964322262596 784.1660481899364 557.7823649038552 0.303 0.678 0.302 -13.812173295417589 0.9366625315119531 -0.9578150964381377 3.054269833300159 1.0
movable_object.barrier 0 0 0 210.3280720360125 513.6251498956043 253.4449009688522 548.7045653222402 0.46 1.28 1.246 -31.964932956562745 1.940559998944199 -23.582857959592754 2.3136185805327205 1.0
human.pedestrian.adult 0 0 0 535.3960044154211 463.7215720877296 621.0856861679983 632.6157764994523 0.606 1.818 0.699 -9.204217799980395 0.7296160028741426 -2.8382011969633743 3.0290993559754433 1.0
movable_object.barrier 0 0 0 1195.3417088805318 457.6109239571866 1241.434615885506 484.9167053289277 0.436 1.081 2.416 -35.749660918976794 -0.47098983687592444 17.203323127141413 2.355643165363979 1.0
vehicle.car 0 0 0 235.87077204579327 508.52881971118865 283.65879875904295 531.6561381693034 4.809 1.567 2.094 -62.22275037831807 2.9155966870105092 -43.70937932640225 1.890196052372163 1.0
human.pedestrian.adult 0 0 0 607.0351962436663 466.7207220700426 664.4703226672925 597.6658829107292 0.678 1.862 0.709 -12.142800538674287 0.7358645692506296 -2.9115867763933276 -2.9623619191105295 1.0
movable_object.barrier 0 0 0 1264.1247096772656 450.766738538704 1305.6991830092263 476.28889208242924 0.42 1.083 2.408 -38.04011226462699 -0.8640654227966356 21.431096916851786 2.355643165363979 1.0
human.pedestrian.adult 0 0 0 670.5617923362686 459.9571662042461 733.0304119515066 581.7294371244886 0.548 1.835 0.661 -12.64830218819004 0.5969415289626469 -1.9883352011365891 2.635628077547902 1.0
human.pedestrian.adult 0 0 0 662.5452742698789 481.34498167349307 736.0781504784261 605.9174932896105 0.535 1.566 0.764 -10.70591603134232 0.7984313879096138 -1.7082176286285107 2.7955397088004386 1.0
movable_object.barrier 0 0 0 1294.017060081378 450.1008901948091 1333.5151643352453 475.01888713758336 0.394 1.094 2.433 -39.27219752560584 -0.9389501752540097 23.525167160069053 2.355643165363979 1.0
vehicle.car 0 0 0 718.1047418225447 470.9896336403384 886.3066467870282 533.3218224973022 4.515 1.489 1.811 -23.749102608341193 0.5694284034902594 -0.7664386998318322 -2.8396249204669566 1.0
movable_object.barrier 0 0 0 1351.5867247298802 445.59763966045426 1388.844255630773 468.65853784255023 0.453 1.071 2.416 -41.54702120759821 -1.270960065238659 27.78427395008966 2.355643165363979 1.0
human.pedestrian.adult 0 0 0 388.6772210044875 472.69149959505154 508.7220564416685 647.5969904642154 0.759 1.752 0.795 -8.664887878794548 0.8068849357481132 -4.050084750827446 1.9963753479050732 1.0
movable_object.barrier 0 0 0 1156.9974732761923 461.85605264464914 1205.4215560294679 487.74937102292773 0.439 0.978 2.416 -34.60226528270429 -0.304353107448574 15.06219714900067 2.3541864161440254 1.0
human.pedestrian.adult 0 0 0 660.4866911277048 488.31073475950734 721.7524845759028 605.5811189238116 0.597 1.535 0.794 -11.29345815026382 0.8834121459672266 -1.9372253342917418 -2.911885377907108 1.0
human.pedestrian.adult 0 0 0 498.6759985595818 485.1660010617905 559.7746750623733 585.8739008874657 0.643 1.634 0.625 -13.707010306928678 0.8956324753175744 -5.073058501188374 1.584672847814291 1.0
human.pedestrian.adult 0 0 0 590.8539281237921 473.4137101880279 655.5570385263443 574.2590231030733 0.692 1.628 0.676 -13.638089663828184 0.699117996065943 -3.4689278941619768 1.7493148958183333 1.0
human.pedestrian.adult 0 0 0 526.4352357447748 474.1839038518741 596.0263865316902 616.4355462165912 0.628 1.766 0.783 -10.669403271559206 0.8092151744402625 -3.5153898750734305 -3.102418352437045 1.0
movable_object.barrier 0 0 0 1324.35313309281 447.9365864655473 1362.750960547507 471.70405847349303 0.428 1.072 2.425 -40.391469412002465 -1.1017370193475793 25.68143358324412 2.355643165363979 1.0
human.pedestrian.adult 0 0 0 488.08531274021834 469.36151296251035 600.659176984902 639.579904629137 0.673 1.704 0.804 -8.674164639476102 0.7450273492010873 -3.044233081495554 2.670530024797345 1.0
human.pedestrian.adult 0 0 0 576.7492201551651 481.2519050312878 634.7016374226627 578.3072356516575 0.599 1.628 0.646 -14.08351421966831 0.8285974340442357 -3.8860538226241745 1.7992875885763437 1.0
human.pedestrian.adult 0 0 0 622.9542968718112 470.81461946442016 704.9647822772508 612.6275863084542 0.63 1.707 0.696 -10.311675116511102 0.7405459922500399 -2.1054107580284205 2.5386806969086875 1.0
human.pedestrian.adult 0 0 0 564.378089826652 473.03768297136855 656.422640342387 623.5383573125104 0.604 1.711 0.787 -9.81019445806293 0.7770287493220389 -2.649910673215568 2.5386806969086875 1.0
vehicle.car 0 0 0 786.6384657131298 459.0367836936226 979.0820144681742 535.4050434287773 4.744 1.677 1.875 -21.554504543077154 0.3763983245244487 1.4618852713522925 -2.8396249204669566 1.0
