movable_object.barrier 0 0 0 575.9525430814373 512.2581823147096 634.6993904768889 557.6607334138828 0.402 1.037 2.052 -21.11289571247075 1.361231855223283 -5.808096387028821 2.896715794216475 1.0
movable_object.trafficcone 0 0 0 395.26075189729926 540.7197684938271 428.0294324601271 582.3969184387975 0.35 0.72 0.363 -14.803797174661444 1.4570627311164044 -7.637400375828443 2.782264928622171 1.0
movable_object.barrier 0 0 0 682.7802804587702 504.1426801118545 723.6625734529506 538.7018703401368 0.439 1.032 1.987 -26.90173652346877 1.2989801017730214 -4.166713499303939 2.877698425389977 1.0
movable_object.trafficcone 0 0 0 324.7208820159892 545.4298928344735 354.46286376133446 588.1449822584082 0.295 0.709 0.294 -14.181475214122486 1.4869244296850694 -8.578888377021112 2.9053229494861963 1.0
movable_object.barrier 0 0 0 772.5687019769261 499.1442077202786 800.0374908894037 526.0098698184048 0.44 1.052 2.103 -34.690314310874754 1.3044386470619205 -1.8238604834688799 2.8957652790709894 1.0
human.pedestrian.adult 0 0 0 896.6675070858834 480.9426479285063 909.9968785622058 503.3117229176427 0.839 1.67 0.582 -62.37591284645066 0.7956852553676079 5.714036750730893 2.9175609698798954 1.0
movable_object.barrier 0 0 0 734.7166179354754 500.9615061670334 767.1040633235962 531.2626331916888 0.435 1.046 2.031 -30.73698086641559 1.2868692050940012 -2.956376704822817 2.8946925424063936 1.0
movable_object.barrier 0 0 0 335.4598925859393 521.7876374995944 443.19864823164164 588.8651376657019 0.415 1.075 2.082 -15.349387225126135 1.355457089053636 -8.281464650831143 2.9053229494861963 1.0
movable_object.barrier 0 0 0 802.1650143153522 497.61380383584327 820.8288710310422 520.8027525631547 0.337 1.028 2.033 -38.60811663181736 1.2949198479476345 -0.8346717418832588 1.5749216576897682 1.0
movable_object.barrier 0 0 0 652.8514765945993 507.029777494671 697.2635141773293 544.7166312143626 0.463 1.04 1.975 -25.00124234298975 1.3414130518952811 -4.738737375299851 2.906451993387332 1.0
movable_object.barrier 0 0 0 755.5303448685369 499.63930280598936 785.0277053638964 528.7189927786073 0.417 1.074 2.0 -32.66536117077167 1.2917273860174467 -2.363141675639629 2.8823461478678425 1.0
vehicle.car 0 0 0 357.33968149326546 498.26835663347555 534.3145538690234 572.9039200709217 4.268 1.614 1.816 -21.303274773056984 1.3313448907436478 -9.894038577349734 1.9108307289416224 1.0
movable_object.barrier 0 0 0 434.66966219903617 536.6915770710428 467.47927626524285 577.6966527111089 0.367 0.751 0.409 -15.693925863191337 1.459748513736963 -7.332336932545726 2.696930670037351 1.0
movable_object.barrier 0 0 0 788.4653027319063 497.8415109759715 811.32466361947 522.3786437177644 0.418 1.026 2.028 -36.704023047824755 1.2708124365282447 -1.317066244455921 2.9204874314594385 1.0
human.pedestrian.adult 0 0 0 1207.7882580620922 459.32149402956554 1231.516871649155 498.9760430762901 0.793 1.642 0.594 -34.58357363208986 -0.10694993964770483 16.679364821455607 -2.1969665207661304 1.0
movable_object.barrier 0 0 0 522.8311052890889 514.2023478608472 593.7604171974052 565.2928039133411 0.458 1.048 2.032 -19.127261856772055 1.3411689150775863 -6.364198598440297 2.896715794216475 1.0
vehicle.car 0 0 0 -1458.795184324964 492.3249360364561 75.21319243007173 969.2699959111144 4.297 1.607 1.627 -5.1208423709418565 0.9445565868695986 -7.897495976011227 -2.2946758300910712 1.0
movable_object.barrier 0 0 0 708.9260279680584 504.2394455117504 747.0550251100076 536.9965520768849 0.438 1.047 2.025 -28.790319758532462 1.3637280040608948 -3.5808550920201934 2.8628635865541376 1.0
movable_object.trafficcone 0 0 0 815.0903083582424 500.63976192912213 828.0704963961077 516.2123242918253 0.436 0.742 0.419 -40.37087262423619 1.3294093140726888 -0.3812064312825239 1.7256588639369728 1.0
movable_object.barrier 0 0 0 619.5281062950315 509.2832450849781 668.8936313059894 551.4594788770767 0.446 1.069 1.998 -23.074338626444124 1.3616050351801268 -5.247857548710805 2.9194304615619346 1.0
movable_object.barrier 0 0 0 455.47542988013447 518.1589109726482 542.9675408812403 575.8745192447448 0.492 1.044 2.059 -17.15555860918977 1.3499761764716158 -6.946785704047706 2.896715794216475 1.0
