human.pedestrian.adult 0 0 0 641.8650375196534 499.097325930012 655.957271666586 538.9521162021111 0.541 1.776 0.553 -36.73632471604092 1.6821130440847387 -8.186955721792362 -1.5972240695005668 1.0
human.pedestrian.adult 0 0 0 318.3642393055637 479.2569687633413 355.82820065306737 541.0600469024852 0.729 1.609 0.444 -21.482672556138038 0.7410198310523434 -13.058086221899913 -2.279503501265509 1.0
human.pedestrian.adult 0 0 0 1051.9267827884573 466.87111114329264 1113.711125868603 582.1744160528025 0.875 1.658 0.66 -12.107093069461135 0.618343929617541 3.7769383670993366 2.0656405145134205 1.0
human.pedestrian.adult 0 0 0 804.5119725584207 487.81616691448113 823.9537056843786 522.5050722011825 0.876 1.862 0.607 -44.10110050741989 1.2644740950460907 -0.8179866452551563 -1.608964303628312 1.0
vehicle.car 0 0 0 939.7644561472041 467.23535948006963 1061.2585134543535 543.8777890575451 4.806 2.123 1.894 -24.92529927669212 0.6608586438843271 5.382058963184868 -2.4842985366071932 1.0
human.pedestrian.adult 0 0 0 645.4510890200119 491.9873129029523 660.3905255340749 527.7082797208813 0.582 1.75 0.62 -40.271688516385424 1.3882957637454412 -8.77510383663058 -1.8876136671701769 1.0
human.pedestrian.adult 0 0 0 921.5527375457717 483.8626497767005 942.4574248479647 522.7166484528996 0.754 1.735 0.873 -36.65008646838309 0.9657579187060985 4.649997666725681 2.055060869845347 1.0
human.pedestrian.adult 0 0 0 499.9231674799106 494.921320036834 522.7921296241773 542.9897352495068 0.479 1.721 0.593 -29.401097667286887 1.3431869656221205 -11.546541151062858 -2.2478696725658383 1.0
human.pedestrian.adult 0 0 0 546.2844277906328 485.19975745192886 573.1086229909359 540.5621964759787 0.784 1.891 0.619 -28.111933743045647 1.0677206488410813 -9.357008852887352 -2.137259891904553 1.0
human.pedestrian.adult 0 0 0 302.82606906231644 471.2390101841688 341.1858851633369 543.2842772526295 0.688 1.905 0.527 -21.80292810515341 0.6763580938598532 -13.65993358051178 -2.2717455450525623 1.0
human.pedestrian.adult 0 0 0 943.3448868149047 481.86244800569443 960.3837525991605 519.883265368577 0.683 1.7 0.691 -36.634943687006135 0.8577229473123225 5.54850484039097 2.0506192832194072 1.0
