vehicle.car 0 0 0 538.2434196362245 465.93703856724653 603.0656937003786 505.8979386763168 3.901 1.564 1.722 -33.84086768720389 0.19226459731480955 -10.731898644183886 -2.135979706869251 1.0
movable_object.trafficcone 0 0 0 1295.4247768826224 574.3092807017637 1354.7219083519299 640.6017822852405 0.415 0.713 0.432 -9.446472529726943 1.4586105701052672 5.780777298196105 -2.1041723936063716 1.0
movable_object.barrier 0 0 0 -84.67667061106008 518.3462178446065 15.438609406000593 588.6538742638412 0.664 1.188 1.064 -14.616936115954717 1.2726509590877049 -15.569204325368814 -3.107224526646138 1.0
vehicle.car 0 0 0 407.28381273630316 461.5540080434792 491.31910360660413 500.14013134466694 4.145 1.496 1.807 -33.70032360461496 -0.005513753401949484 -15.710303316851432 -2.135979706869251 1.0
vehicle.car 0 0 0 475.02727344648883 463.2924007843 546.6783705889625 502.6865639343892 3.85 1.532 1.706 -33.62321206538332 0.0761733253378295 -13.139745783613794 -2.135979706869251 1.0
vehicle.truck 0 0 0 490.7120250035004 337.12115854861804 1354.0006847034474 761.5731623937614 6.327 2.921 2.285 -7.002259088629067 0.4984261453600782 0.7307174446069018 -3.0721911495401812 1.0
movable_object.trafficcone 0 0 0 464.7626787464625 531.0068588080221 492.4265158884112 570.7745660129975 0.419 0.754 0.381 -15.982129052973466 1.3595819094745656 -6.920894880478524 -2.1429499998662456 1.0
movable_object.trafficcone 0 0 0 134.63986366839345 536.100663134247 169.62001778646953 576.5960032818515 0.367 0.745 0.358 -15.49121829153323 1.4225839986179354 -12.957361343655924 -2.1429499998662456 1.0
movable_object.trafficcone 0 0 0 1566.1578172420463 560.0537911701052 1630.0863432670055 623.5444278916665 0.41 0.72 0.381 -9.84108185344251 1.3299246034273138 9.342648913459207 -2.1041723936063716 1.0
vehicle.truck 0 0 0 1238.5104740471832 322.3978881226795 1905.8849240102309 619.5647139279143 7.704 3.834 2.841 -12.13377897617268 -0.09792518839748834 10.660240229236088 -3.085648350732744 1.0
movable_object.trafficcone 0 0 0 522.3919843836514 533.0276017882737 546.3672111551122 572.1613819673008 0.391 0.75 0.353 -16.133044387077117 1.4068356406144833 -5.874879275037759 -2.1429499998662456 1.0
vehicle.truck 0 0 0 701.3234276594969 386.2639671188819 1186.0007595847994 630.1258205316304 6.279 2.95 2.299 -11.351503631106635 0.3563874995334191 1.4216059542965864 -3.0419835189294497 1.0
movable_object.trafficcone 0 0 0 37.74926105214508 539.752971579526 73.87792800664458 579.3400231464176 0.376 0.72 0.322 -15.37836894890774 1.4729282775597117 -14.69312154582872 -2.1429499998662456 1.0
