vehicle.car 0 0 0 1291.3219720322625 463.4482920895506 1412.0060275095975 508.1103648644287 4.123 1.731 1.658 -34.06926500651524 0.13921408757306009 21.866621063846814 2.2950789096592885 1.0
vehicle.car 0 0 0 1236.3542756124405 467.33846028409886 1322.40269021158 495.5092880188259 4.232 1.496 1.78 -46.34908733931556 -0.04133880416421387 25.688714616880535 -1.925618580577937 1.0
vehicle.car 0 0 0 1198.3017793223212 463.11063095853996 1286.5648720444105 495.7732500563921 4.396 1.711 1.878 -45.749239563342556 -0.14816434924100785 23.26076631665268 -1.9230506493484105 1.0
vehicle.car 0 0 0 1440.3520813935038 445.99590334763855 1646.0609658860444 500.83318526751896 4.538 1.516 1.752 -25.292992821955103 -0.2591224917459972 22.073061157075113 -1.919859009616828 1.0
vehicle.car 0 0 0 1496.8923916177096 443.57280988220003 1712.9319194329096 500.96751137372706 4.679 1.626 1.781 -25.902939389991392 -0.2985270828297808 24.565730100665984 -1.919859009616828 1.0
vehicle.car 0 0 0 760.3690660049399 487.4764093327647 921.9084137174293 628.3968860164653 4.065 1.458 1.74 -10.958328139626635 0.8538606183761502 0.15142291898293597 -2.0862080253125956 1.0
vehicle.car 0 0 0 1392.0849400915051 443.2744750099009 1607.4774063160946 498.0922665356177 4.763 1.443 1.781 -24.370561072830597 -0.3243475947726058 19.92621245394248 -1.919859009616828 1.0
vehicle.bicycle 0 0 0 21.800198473265265 520.742564533569 184.3981035202965 632.1065454193379 1.722 0.968 0.597 -8.67132107511486 0.9555595289130636 -7.689607690475834 -2.28780746342232 1.0
vehicle.car 0 0 0 1095.0176240585995 466.3550977088986 1175.429797163876 500.3905215539442 4.294 1.719 1.796 -44.01306560226724 0.06105034691792255 16.554092462364355 -1.921777990869117 1.0
vehicle.car 0 0 0 1578.5742022728746 442.8814972520494 1779.5235800849805 495.45389753244154 4.378 1.61 1.773 -27.711339889637717 -0.4185968052254947 28.87413176423478 -1.919859009616828 1.0
