movable_object.barrier 0 0 0 1157.2499598182567 483.18233058096416 1210.0440069460342 541.2549017390447 0.441 1.171 2.058 -17.430254067596028 0.6741664306719627 7.59896160317517 1.5184206747358395 1.0
movable_object.barrier 0 0 0 1186.0904714617768 494.2703232061915 1249.2521004299367 555.9434999975025 0.433 1.091 2.017 -15.40191659707493 0.8269444990687975 7.352143922493575 1.5184206747358395 1.0
movable_object.barrier 0 0 0 1316.1941550605607 487.0734228911568 1453.1973542422286 604.2860650194345 0.427 1.217 2.08 -9.484625556563683 0.7241934349208352 6.41796462455232 1.5211323749902448 1.0
movable_object.barrier 0 0 0 1139.0031292021117 487.14804302622406 1178.542987094343 538.9101895464817 0.445 1.174 1.977 -19.43711781574905 0.7670604948651436 7.890209932246239 1.5229457365052381 1.0
movable_object.barrier 0 0 0 1121.670805677884 486.04786596729434 1157.6323664295069 532.7460861497542 0.457 1.172 1.997 -21.418895621902376 0.752193347704681 8.193257279987925 1.521278503685294 1.0
movable_object.barrier 0 0 0 1081.7919760656914 483.8008819409976 1108.7236762648233 522.5472692494513 0.457 1.243 2.006 -27.328138844677152 0.7461668510586351 8.966754671986372 1.5184206747358395 1.0
movable_object.barrier 0 0 0 1222.193219016633 492.3515918117606 1302.0446642061086 567.281273076599 0.436 1.141 2.012 -13.393039556243847 0.7914315086261952 7.112590458039955 1.5184206747358395 1.0
movable_object.barrier 0 0 0 1072.0087863288563 485.38957725883176 1095.5116031614846 518.6734500384517 0.437 1.139 1.985 -29.32985787663711 0.754172508657682 9.210563667997395 1.5184206747358395 1.0
movable_object.barrier 0 0 0 1104.2157648849443 486.72912017229316 1141.4372937717326 528.369233216401 0.492 1.145 1.977 -23.370147561723446 0.768103569498173 8.455439911348051 1.516201390529127 1.0
movable_object.barrier 0 0 0 1567.0932518954373 522.8989473799847 1968.5851350191033 718.4214029108714 0.534 1.042 1.99 -5.370740176816181 0.8025657997171096 5.968334938325698 1.5211323749902448 1.0
movable_object.barrier 0 0 0 1096.861230842611 485.5781812344296 1129.0393493714437 521.9470760473314 0.509 1.073 2.019 -25.32676598046526 0.7105498467191432 8.858995276118534 1.5184206747358395 1.0
movable_object.barrier 0 0 0 1058.399968718006 485.7111920896062 1076.6250913900087 516.446574625894 0.444 1.194 1.98 -33.251842296975454 0.8116301288530203 9.779964957515777 1.521278503685294 1.0
human.pedestrian.construction_worker 0 0 0 1135.605294053216 464.392252625764 1159.7771133561555 519.7257027379619 0.564 1.876 0.599 -27.91390955677696 0.3636758701262413 10.980050805780724 2.149773748588051 1.0
movable_object.barrier 0 0 0 1408.5836411378755 497.8622559239391 1634.5550772257106 650.9839313183844 0.496 1.202 2.008 -7.408526406472236 0.7878525720233435 6.190579855376591 1.518303986625722 1.0
vehicle.car 0 0 0 847.6203376174645 487.62954971290446 986.5457581739082 597.3916834472263 4.244 1.465 1.846 -13.056791146800458 0.944995668466812 1.4785754548686794 2.1563614834565037 1.0
movable_object.barrier 0 0 0 1270.582468920849 495.9615416412737 1414.1847863337055 577.3950020640651 0.534 1.04 2.002 -11.417861240221272 0.7626096752499026 7.152501882907639 1.5161149333283541 1.0
