movable_object.barrier 0 0 0 1407.798545366229 491.30367128029275 1622.0889096155104 614.1645254467196 0.434 1.079 2.082 -8.240883607396455 0.6857511310649909 6.840391279290001 1.5174953579092634 1.0
movable_object.barrier 0 0 0 1031.986924719355 492.9692012388666 1087.104180782038 520.5035018171474 0.491 1.05 2.081 -33.273696211884236 1.035995300672635 9.460522598565946 2.390643162821778 1.0
movable_object.trafficcone 0 0 0 1139.8286830385168 516.6121448722779 1163.7288744784196 554.1587015879716 0.271 0.674 0.331 -14.881691156072185 0.9835766789364446 5.92923100552565 1.5158745139115037 1.0
movable_object.barrier 0 0 0 1083.6770696305775 486.5568635480463 1141.7152377470297 515.3210955336357 0.426 1.059 2.102 -32.277363962663344 0.7753905810698632 11.29585342141045 2.378899173279435 1.0
movable_object.trafficcone 0 0 0 1375.8245244208633 534.4683862026208 1422.767070461786 596.8447617552837 0.274 0.67 0.288 -9.00751937711914 0.9273015373376791 6.340950594312361 1.5158608448889126 1.0
movable_object.trafficcone 0 0 0 1134.6312486095644 517.1313979810456 1155.9856008841703 553.1965401082142 0.248 0.669 0.31 -15.34849976345855 1.0104820146239277 5.99300268404749 1.5158745139115037 1.0
movable_object.barrier 0 0 0 1143.481729433717 491.87036540125945 1204.7724025098178 549.3729219312143 0.37 1.06 2.116 -16.130817118906148 0.7794685933849436 6.833893494184529 1.5174594194198878 1.0
movable_object.barrier 0 0 0 1232.5960135745338 493.2935624594182 1340.7255222684378 571.1270501332409 0.342 1.066 1.999 -12.197278481477287 0.7525575513778864 6.8270682709455475 1.5160586319998037 1.0
human.pedestrian.adult 0 0 0 649.9124812392083 490.14232847209405 683.4247897385204 548.1012065307026 0.801 1.683 0.766 -24.217842158632493 1.1196457040354961 -4.858028270017943 2.001335731935967 1.0
movable_object.barrier 0 0 0 1194.3236844732205 477.14328456610923 1257.433464781517 509.414093584867 0.396 1.125 2.056 -30.541863936755664 0.4441684195172857 14.948619022947227 2.3018960883686077 1.0
movable_object.trafficcone 0 0 0 505.6966715194161 535.252251479476 518.4259090335557 559.8181525434868 0.254 0.688 0.281 -23.197824265457214 1.8825845657533145 -9.09095737300105 1.5158572255339733 1.0
vehicle.construction 0 0 0 491.2836124719638 441.74838854769706 643.0376698167078 556.6055150611732 11.641 4.038 2.71 -34.77548525882685 0.9344953681892827 -10.727062136171048 2.0468488632469217 1.0
movable_object.barrier 0 0 0 1310.5235208699262 488.9706531257589 1480.7893961341465 585.2518432133706 0.393 1.073 2.09 -10.167347481049957 0.6818738739954773 7.007603451051662 1.518515570690326 1.0
movable_object.barrier 0 0 0 1047.919324041492 496.5171669340653 1068.2399902035854 535.9681581818668 0.313 1.111 2.111 -24.028715487121726 1.0311970147567189 6.7819303609862205 1.5259509479481608 1.0
human.pedestrian.adult 0 0 0 630.9507985899734 493.7711377420994 661.109044288272 554.4763666487792 0.655 1.683 0.663 -23.032061942335712 1.204503564626634 -5.208979010343119 2.021614202329867 1.0
human.pedestrian.adult 0 0 0 1240.136188430525 454.7199678268822 1262.910613622489 500.4087424569593 0.603 1.807 0.663 -32.98662376249927 -0.16197028118166062 17.208265293925397 1.5374832426159406 1.0
movable_object.barrier 0 0 0 1550.5399908321094 488.4145016177907 1904.5634746091305 661.7684155793424 0.483 1.105 2.046 -6.253862776801838 0.6562253554519892 6.709374305741503 1.5183040449626777 1.0
human.pedestrian.adult 0 0 0 1411.3790855145214 452.1277951898269 1440.4699595044706 500.5906936456541 0.635 1.835 0.631 -31.579141742855978 -0.2012892639380292 23.277959881132855 1.540924157426013 1.0
movable_object.barrier 0 0 0 1253.327150692999 469.80247278246173 1322.9711693647002 503.3864606424571 0.405 1.133 2.141 -29.83844778979172 0.18850173471011067 16.89681158798555 2.3018960883686077 1.0
vehicle.car 0 0 0 808.1847748029943 489.3127361391032 907.3346040295289 569.0637240005823 4.244 1.465 1.846 -17.529344666954184 1.0175587154897 0.5182906891384221 2.072226229622286 1.0
vehicle.truck 0 0 0 1242.3664535150044 420.9464832453956 1400.820297571044 496.1545551642499 6.286 3.42 2.521 -41.49748381651288 -1.1165395836685217 25.073736137285348 3.0158537527567653 1.0
movable_object.trafficcone 0 0 0 282.8579492214937 560.5706273282185 307.962019956533 600.854926454898 0.243 0.682 0.294 -14.298174221576511 1.743979143239617 -9.42936043638202 1.5161707959733928 1.0
human.pedestrian.adult 0 0 0 1425.8800877258798 454.7948433725597 1456.252625675319 498.15855559646303 0.634 1.584 0.67 -30.65381716501569 -0.19103327227688943 23.168656448982745 1.540924157426013 1.0
movable_object.barrier 0 0 0 985.3056622306877 495.1940024368317 1037.1441552946712 525.1395574336985 0.517 1.193 2.076 -34.372163655330795 1.2165074459762626 7.7162718593985264 2.5028632035365526 1.0
movable_object.barrier 0 0 0 1136.7939441206286 482.999790766938 1195.829313624655 512.1300630403518 0.473 1.037 2.036 -31.350221807589286 0.6230822558261573 13.049388022821597 2.377905986056364 1.0
movable_object.barrier 0 0 0 1182.1135909612558 491.84033218918796 1256.9946122748959 560.2896480158789 0.337 1.105 1.881 -14.128722343590743 0.7722699832349404 6.770287750211752 1.5159930461654119 1.0
movable_object.trafficcone 0 0 0 1356.4420546615322 527.1648083220555 1408.6832485984216 590.847331534099 0.342 0.714 0.324 -9.38921117345254 0.8891402728843405 6.414286059860197 1.5168098676342492 1.0
