vehicle.car 0 0 0 1400.9156441552313 446.630005397931 1585.7916575039526 497.496122439251 4.538 1.516 1.752 -27.117468872883595 -0.3176906768897453 22.03735814128731 -1.9179188758433172 1.0
vehicle.car 0 0 0 1354.6923212597326 446.8432062821953 1547.7073084149679 497.46805107924024 4.763 1.443 1.781 -26.190420714308576 -0.3037511529707097 19.890322649881647 -1.9179188758433172 1.0
vehicle.car 0 0 0 710.210836505997 483.8243705553633 1013.8419853866602 744.7732986015461 4.065 1.458 1.74 -6.781979579817493 0.782191808428107 0.2072843271637146 -2.084259641336341 1.0
vehicle.car 0 0 0 1083.3025351885633 468.4012063263942 1159.4829544478052 500.99393490547516 4.294 1.719 1.796 -45.85731391124182 0.1386275579153361 16.472615954366024 -1.9198374495636576 1.0
vehicle.car 0 0 0 1219.6596461581166 469.49742054229137 1301.0454763268274 496.52306860450665 4.232 1.496 1.78 -48.2071713331567 0.050626449481011915 25.594265032333606 -1.9236772512393436 1.0
vehicle.car 0 0 0 1268.3407874258291 466.01996194718436 1380.4481674143826 508.3177865932187 4.123 1.731 1.658 -35.85293637273677 0.20822863917863205 21.819453501602688 2.2958852030994157 1.0
vehicle.car 0 0 0 1452.1054482781437 446.5935474915579 1645.7600631335297 499.80800555558505 4.679 1.626 1.781 -27.757772079621052 -0.28897760722455157 24.4514031622163 -1.9179188758433172 1.0
vehicle.bicycle 0 0 0 175.21290206770158 515.2573558249644 287.8946913352283 605.0537121208268 1.722 0.968 0.597 -10.418372999126635 0.9631106152688387 -7.631414179944221 -2.288604975208033 1.0
vehicle.car 0 0 0 1184.8844502947472 465.495259129559 1268.8630380515813 496.9254609125861 4.396 1.711 1.878 -47.43908423231201 -0.051656749473220964 23.21660287114929 -1.9211098428575246 1.0
vehicle.car 0 0 0 1599.6777277914282 442.93393488898045 1812.2831308967689 500.4216128781864 4.367 1.671 1.807 -26.096409190762287 -0.3253320037270593 28.09682806329122 -1.7930534026829479 1.0
