human.pedestrian.adult 0 0 0 945.8004504665367 501.67603943316396 958.7514499043621 549.5910743932369 0.372 1.573 0.528 -26.942348218855948 1.463826735123198 4.098388606450181 2.9944181638127283 1.0
human.pedestrian.adult 0 0 0 1194.3615938070704 482.8836349006786 1238.2971773431184 557.8180567210852 0.528 1.53 0.558 -16.875004451265625 0.8086037513050829 8.065737508001066 -2.945744505442266 1.0
human.pedestrian.adult 0 0 0 946.6897377678382 496.7989837831832 965.2803116905003 548.3373410578057 0.503 1.728 0.617 -27.54700478968833 1.393524591396834 4.310996320178353 3.1297101751700254 1.0
human.pedestrian.adult 0 0 0 305.1840913971751 493.5383872853186 354.8762097019855 578.5060470213331 0.66 1.716 0.606 -16.823994235584838 1.1274879393627557 -10.374191256300133 1.6991737812940135 1.0
vehicle.car 0 0 0 655.5718731185071 490.1643914800786 785.0453844337206 604.6689666572229 4.234 1.598 1.811 -13.570953921547382 1.0758351398346981 -1.7265798113086377 2.0049345963201404 1.0
human.pedestrian.adult 0 0 0 914.3142165299862 505.72881695224527 938.6969684754163 555.569115034738 0.552 1.611 0.548 -26.570377692542074 1.6063009810682833 3.191717212396097 1.5560692196877666 1.0
human.pedestrian.adult 0 0 0 1221.3763253820339 474.3079502388339 1259.4980396915619 557.4777697604113 0.495 1.744 0.457 -17.295411192248512 0.7347342984240293 8.785664918277616 2.7689508062058668 1.0
human.pedestrian.adult 0 0 0 1198.0951171953227 479.66129484605057 1239.1410813409843 555.6256694697461 0.54 1.615 0.528 -17.577223067625873 0.7857525275310889 8.454478856984094 2.755858051375461 1.0
human.pedestrian.adult 0 0 0 981.5695762085945 510.0777433010293 1004.7292988450489 547.9427168264348 0.687 1.372 0.533 -29.766941549068186 1.7397886414459949 6.02590943517818 -3.1023457934141003 1.0
human.pedestrian.adult 0 0 0 337.4630977100331 494.78113453564623 399.71479716432833 581.4295200182888 0.935 1.727 0.644 -16.723312531193784 1.1615262455122284 -9.513052133907218 1.6504037486938428 1.0
