human.pedestrian.adult 0 0 0 1517.473690089951 467.8052974138123 1625.3576431219042 583.0241505533202 0.853 1.332 0.583 -9.856275063363062 0.5341214242224661 9.00458904303319 1.6505168885488155 1.0
human.pedestrian.adult 0 0 0 142.86979167376853 513.9746808383863 161.9328108482491 545.8002406105231 0.74 2.0 0.849 -52.048618825375925 3.0921637597430855 -43.53124894664587 1.6740680680527866 1.0
human.pedestrian.adult 0 0 0 1437.9133743901998 480.5515484296372 1544.72705441342 580.9189807653344 1.026 1.422 0.628 -12.119252621585137 0.725288799579215 9.898544637893695 1.5222384338211015 1.0
human.pedestrian.adult 0 0 0 1478.9052308424273 477.6192324093181 1592.2956222068274 572.2951968052664 0.951 1.258 0.624 -11.36081341246765 0.6087195402180273 9.883828189775208 1.5495600204391655 1.0
vehicle.car 0 0 0 666.2436770998952 499.6790206969262 714.7375642527593 520.961046119662 4.682 1.516 2.039 -65.93604791684865 2.342450359721593 -11.344555856998582 1.7590988217583634 1.0
vehicle.car 0 0 0 745.3643282377723 478.00543654971705 848.2863738923068 576.2775277434537 4.701 1.818 1.92 -17.94568451251095 0.9984405632722695 -0.8433472129113165 -2.030589342910342 1.0
human.pedestrian.adult 0 0 0 671.6217268583564 510.98978260795263 680.876948428848 526.6479601368118 0.67 1.557 0.586 -82.29122680345702 3.766155104466471 -15.555976090937328 2.6244749457263605 1.0
vehicle.car 0 0 0 462.12441547085956 480.0649808249098 670.205730447562 635.6671064428081 4.807 1.758 1.917 -11.989729392031387 1.0243748416770129 -3.583971049930472 -2.0274879896641966 1.0
vehicle.bicycle 0 0 0 307.0808127932896 523.0665743673806 344.50765299171167 547.2395929286821 1.537 1.095 0.333 -38.95923145379508 2.566581307963382 -24.232138129743426 1.5189560462750382 1.0
human.pedestrian.adult 0 0 0 219.28912185820928 516.6215263968119 247.20333512938186 561.2153850281468 0.588 1.659 0.684 -30.96626034921634 2.1807482770745383 -22.80027403226569 -1.950732615374986 1.0
human.pedestrian.adult 0 0 0 849.9643116441907 496.24927078240495 864.3743549586294 518.6975651430174 0.609 1.479 0.718 -54.77159200897047 1.7403639826059845 1.8902865778600928 1.847213269526753 1.0
