movable_object.trafficcone 0 0 0 309.6949114150747 533.9396368885386 339.34936457469604 577.0946409991777 0.33 0.802 0.406 -15.654987806430386 1.4205504420961117 -9.760138091347766 -3.1222238304564947 1.0
movable_object.barrier 0 0 0 1398.0564364489587 500.93469762288623 1744.4909826750513 648.9657136964998 2.012 1.03 0.369 -5.972037605580044 0.6811150354851478 5.408904748835201 1.5418271026371393 1.0
human.pedestrian.construction_worker 0 0 0 780.0330965052541 495.36605213803057 795.0881357204487 530.3221461579451 0.397 2.151 0.834 -50.42859534776252 1.9348569636988824 -2.5951103619350078 2.1696929153005087 1.0
movable_object.trafficcone 0 0 0 655.6014306454166 554.1361280271095 690.3869761510595 615.0018949976646 0.376 0.769 0.404 -10.87007628342204 1.3727035413072577 -2.094491778670225 3.1233558007061246 1.0
movable_object.barrier 0 0 0 1104.856305840806 515.1626034586423 1426.1679907574253 688.7410542321222 2.132 1.255 0.417 -6.297267830032604 0.9118662634870303 3.311616697117328 1.5479773328224393 1.0
movable_object.trafficcone 0 0 0 722.2997629406747 533.5727204748056 738.8782160731963 570.5519764408716 0.286 0.744 0.371 -16.884778644701377 1.4619946223829978 -2.0562085178100986 3.1233558007061246 1.0
vehicle.construction 0 0 0 658.4494680463953 452.28360013309157 790.6349354961724 526.2174132470394 6.427 3.667 4.283 -43.87925201423108 0.4584039578396865 -5.515867356451646 3.0996566218256696 1.0
movable_object.trafficcone 0 0 0 397.7532164602673 534.3288537046684 418.9401712573271 563.1939470688291 0.306 0.649 0.382 -18.953633542753053 1.5651503212108153 -9.85526527568844 -3.1222238304564947 1.0
vehicle.car 0 0 0 527.8364636385522 490.50110802666455 591.6775337960751 525.6114992750299 4.677 1.817 1.939 -45.22053596259254 1.4704424730828183 -14.967485017652912 2.054776129301983 1.0
movable_object.trafficcone 0 0 0 122.86048741192397 547.7183406187954 169.32836980552395 607.6899431823344 0.314 0.807 0.414 -11.502140149107909 1.3550257666718792 -9.703288711561642 -3.1222238304564947 1.0
vehicle.bicycle 0 0 0 1212.0230487127558 483.47916371061024 1455.2687412542564 619.9322188017592 1.737 1.146 0.727 -7.415867800416296 0.6184791580441253 4.568379249319365 -3.1399046977669673 1.0
vehicle.bicycle 0 0 0 1260.7460607058388 489.1148519615919 1532.8569858426843 640.0127610334522 1.659 1.139 0.625 -6.547579463783403 0.6563051172574982 4.518393638621819 3.028576433723038 1.0
movable_object.trafficcone 0 0 0 507.69970703457403 600.5870943669004 583.9933036354269 708.9130198134031 0.433 0.717 0.432 -6.074206642244864 1.282207493734864 -2.116826733524629 -3.1113944876390924 1.0
vehicle.car 0 0 0 374.7133080601345 498.09563034755496 491.0712783835197 540.7797699782417 5.075 1.473 1.984 -31.315902619559353 1.4241714761057116 -15.157265392424723 2.0586286252096233 1.0
vehicle.truck 0 0 0 970.1136541375046 469.91301005069704 1041.1958175880045 506.38963545140757 5.136 2.742 2.09 -64.53139258579702 0.5307752423678926 14.021789877962595 3.1247159490788308 1.0
vehicle.car 0 0 0 474.8242016331185 496.1477862221673 553.568184024018 533.0784243444949 4.653 1.615 1.963 -38.69026623280215 1.5536403573650956 -14.949698274444769 2.065865199987888 1.0
movable_object.trafficcone 0 0 0 214.09242475883008 545.5235650092811 253.89279294854583 592.4991918531658 0.39 0.727 0.351 -13.167339917664531 1.413788939397478 -9.680537440597643 -3.1336070642288734 1.0
vehicle.car 0 0 0 599.4374402475495 492.52312941837147 654.2390792154948 523.6742590019535 4.799 1.704 2.015 -47.839075045036395 1.558435671349924 -11.884027985234061 2.0621209240775578 1.0
movable_object.barrier 0 0 0 1081.686477160414 544.7552179812699 1339.47913399047 803.8172124665299 2.12 1.08 0.384 -4.77871531299879 0.9629432378972953 2.082272402098704 2.057071339963036 1.0
movable_object.barrier 0 0 0 1244.825939630542 576.5117553958188 1955.6304252115403 1118.096938803277 2.001 0.944 0.41 -2.693371121902084 0.8766279168760145 2.120064861881464 2.087936653106973 1.0
movable_object.trafficcone 0 0 0 767.4764489697756 514.4665648585332 778.4442591142177 534.2387483945987 0.362 0.748 0.329 -31.225445114742932 1.6408367706984126 -2.169952445169454 3.0672728383835253 1.0
