movable_object.barrier 0 0 0 533.1176705584433 563.9050990038355 644.4024948438946 724.7429115837579 1.827 1.077 0.442 -7.037273140604315 1.3203376911511013 -2.029337398897464 2.0683379799413038 1.0
movable_object.barrier 0 0 0 389.52537761373316 586.5173432310512 585.634666077301 855.0876947870186 1.92 1.158 0.439 -5.066803935438078 1.3330068000478243 -2.0247981069625625 2.0683379799413038 1.0
movable_object.barrier 0 0 0 -90.82227307411996 611.7650168820412 481.53411703556924 1239.0255673662198 2.148 1.187 0.436 -2.997618250384311 1.2182175567846918 -1.9711321922727225 2.05807359157624 1.0
movable_object.barrier 0 0 0 658.3839601066629 519.4690634424525 742.2505716971391 570.5863007970298 1.893 1.135 0.541 -18.942729101812205 1.4827314445198048 -3.0231133417568765 2.8522360502522144 1.0
movable_object.barrier 0 0 0 651.9384497114354 538.1723249347676 712.8968178921564 631.2331113243112 1.856 1.103 0.429 -11.217230085553686 1.3725730351112486 -2.0009929600873386 2.037726323937978 1.0
movable_object.barrier 0 0 0 1319.941166733985 486.27631131217254 1472.3825787346698 578.4483061436307 2.378 1.037 0.431 -10.417637602073597 0.6169770183263014 7.183559044217411 2.002102862906346 1.0
movable_object.barrier 0 0 0 599.2297128316757 543.5595298587077 681.8615235625441 665.106048685856 2.175 1.096 0.444 -9.086133729595108 1.292543788671701 -2.063743588246689 2.0683379799413038 1.0
vehicle.construction 0 0 0 -139.5861898679735 17.977674913689203 525.1848254239799 744.3452763881372 3.896 4.642 2.837 -7.171367823926941 -0.6424466654922414 -4.827533100634705 2.0669769735352777 1.0
movable_object.barrier 0 0 0 706.9294806667709 530.8734664662664 743.6785777529454 596.7549348279294 1.987 1.089 0.433 -15.161225199481693 1.4956130260345897 -1.9247453244163322 2.0634816552458517 1.0
movable_object.barrier 0 0 0 688.2340965231477 531.581216024292 732.2217474257068 608.2285346022 1.891 1.092 0.401 -13.14771608881502 1.3861398074078732 -1.908171982387123 2.052526176924572 1.0
human.pedestrian.construction_worker 0 0 0 558.1050756837597 485.4375312214857 626.7447101105249 627.8578538329695 0.774 2.0 0.685 -11.887739158365427 1.0768796132421445 -3.465174637182326 3.1373890963372357 1.0
movable_object.barrier 0 0 0 605.9404772376414 514.5204666065287 691.4460915665358 561.5748762500758 2.068 1.095 0.47 -20.032825388882912 1.3941943153407688 -4.473372374368451 2.9145663714126044 1.0
movable_object.barrier 0 0 0 429.99433971195026 521.2346704434991 542.9713633645712 575.2920258582456 2.196 1.062 0.454 -17.450907550488676 1.422811633618736 -7.370993178558643 1.534575404614917 1.0
