movable_object.trafficcone 0 0 0 107.0962174553364 734.6126031714847 317.6633071012549 1015.4860927448232 0.367 0.7 0.369 -2.553573253187243 1.2085880973716292 -1.9245922194097569 3.087199272486025 1.0
movable_object.barrier 0 0 0 -145.57316662734377 532.3492307102125 207.74141165610058 742.8666989058459 2.179 1.206 0.505 -6.122276254787861 1.0352559238490517 -5.804172588984352 2.1030920491203826 1.0
movable_object.barrier 0 0 0 748.7264791417042 508.5676452186123 769.7651691251364 549.4238040133235 1.891 1.092 0.401 -23.14555462217098 1.3262864289707352 -1.9893023589932226 2.057839122362804 1.0
movable_object.barrier 0 0 0 736.2733779677434 510.89167537229355 762.7848134448864 556.3505138885638 1.856 1.103 0.429 -21.214671910584357 1.332796661330584 -2.0743057175752395 2.043146719846849 1.0
vehicle.truck 0 0 0 221.21201377259584 240.30542211733732 712.9522027658395 691.5232494794685 7.833 3.629 2.932 -10.6150844015744 -0.04520285855012296 -3.5692916579938445 2.0942021358660776 1.0
movable_object.barrier 0 0 0 677.0558453625029 503.0182674866443 734.6578927741548 534.715928883651 2.068 1.095 0.47 -30.017354228826136 1.376622224833373 -4.5786042868551675 2.9148176045204224 1.0
human.pedestrian.adult 0 0 0 1372.1771122596117 446.1734546434074 1425.0375104985335 526.359315645789 0.648 1.653 0.664 -17.12455085291804 0.10081379450185607 12.046001571909377 1.6312156897215901 1.0
vehicle.construction 0 0 0 493.10015051712134 322.04579403846225 681.7431009273905 574.185418980555 3.896 4.642 2.837 -17.136336065228438 -0.5973354849522781 -4.892752387351294 2.0736428289316624 1.0
movable_object.trafficcone 0 0 0 663.80528187698 543.5130142941646 699.4952894045302 603.6394979511643 0.387 0.789 0.468 -11.38993648200431 1.2830454853894393 -2.0721658816226856 3.1085683461520786 1.0
movable_object.barrier 0 0 0 698.0415942024267 521.8961584812796 735.3088831557909 591.8901782014308 1.92 1.158 0.439 -15.064115846668956 1.3558805244840146 -2.0731922113176124 2.073537350298561 1.0
movable_object.barrier 0 0 0 677.2592923105407 521.3790907659301 726.6001846325925 606.4990173200554 2.148 1.187 0.436 -12.994101480214372 1.261877040852602 -2.0116303096524875 2.0633465484460487 1.0
movable_object.barrier 0 0 0 1090.0544193994904 485.42965697729517 1134.2195122688634 529.6917586988918 2.378 1.037 0.431 -20.441842249293785 0.640885720587592 7.113624547980069 2.0077866356164638 1.0
movable_object.barrier 0 0 0 724.0747183226289 513.7890989113237 752.3749472420501 565.1039100485381 2.175 1.096 0.444 -19.081319008698085 1.3246872804395637 -2.1267807969461288 2.073537350298561 1.0
movable_object.barrier 0 0 0 -262.1633723062688 544.8947327334554 96.39636242735419 693.5392427929697 2.631 1.096 0.645 -8.1793498133496 1.2671146137745541 -8.931182170449093 2.1030920491203826 1.0
movable_object.barrier 0 0 0 754.5396443958454 509.2986169453059 773.6286373660214 546.8114036436936 1.987 1.089 0.433 -25.159991208889473 1.4153610627454765 -2.0135706038425156 2.068715776153393 1.0
human.pedestrian.construction_worker 0 0 0 680.5918504593783 482.31234402324446 715.2386355501898 558.6395720819211 0.774 2.0 0.685 -21.876223098702784 1.0373799102613828 -3.542612214423576 3.13651872957115 1.0
movable_object.barrier 0 0 0 713.7378876325141 517.893263570386 744.8704252859718 574.4827351515869 1.827 1.077 0.442 -17.034319418931595 1.3232000147682936 -2.0858361081952164 2.073537350298561 1.0
movable_object.trafficcone 0 0 0 574.5579326354208 576.7207991219067 639.5013843031542 683.9648910282033 0.4 0.817 0.432 -6.816000970139195 1.2364172121026886 -1.8633101002111947 3.1085683461520786 1.0
