movable_object.trafficcone 0 0 0 1074.9870106314327 535.2881129738771 1107.484178657183 593.2638845990531 0.356 0.838 0.343 -12.14706946616222 1.2313158542648694 3.92926564032731 2.074538217038291 1.0
movable_object.trafficcone 0 0 0 1530.1745050107643 561.0328539168655 1592.4289991107328 637.523686729629 0.318 0.757 0.326 -8.478728905549545 1.2228077987682382 7.663979437173787 2.074538217038291 1.0
movable_object.trafficcone 0 0 0 1281.8196070397928 520.0996707285815 1327.3890524822837 576.754563052525 0.43 0.77 0.355 -11.398301697997082 0.9306469751438917 6.689699311779151 2.074538217038291 1.0
movable_object.barrier 0 0 0 1049.4838082000958 553.8653818672233 1269.4452654839893 774.4128972540744 2.142 1.119 0.593 -5.664279573273808 1.127059780372145 2.1642050533442942 2.074538217038291 1.0
movable_object.trafficcone 0 0 0 1389.6527830545624 523.9561639863431 1432.8364388358264 581.3373282468426 0.315 0.733 0.309 -10.670491097878097 0.9283166989852338 7.670183019021376 2.074538217038291 1.0
movable_object.barrier 0 0 0 1008.2509027431717 539.2192554013866 1128.6684763227252 675.9264332044581 1.902 1.097 0.613 -7.926173173354547 1.150564872945134 2.2707829710242358 2.0540015963869465 1.0
movable_object.barrier 0 0 0 969.4692670535212 534.4343834646477 1059.7351766547633 637.4184682760242 1.719 1.087 0.654 -9.917167115894573 1.2200354500487167 2.2232649777390043 2.074538217038291 1.0
movable_object.trafficcone 0 0 0 1170.2683170716543 524.8552453356117 1210.7858305960644 576.1332356171168 0.469 0.727 0.359 -11.962900283284814 1.007885257027669 5.3351840164417945 2.074538217038291 1.0
movable_object.barrier 0 0 0 1585.5501635870996 531.1191550633749 1951.5291919601314 696.2141204424325 2.063 1.064 0.51 -6.566207487765677 0.9629773453522391 7.384524678767546 2.0642401477546253 1.0
movable_object.barrier 0 0 0 1151.4349255128275 584.2673162080389 1669.5070349438538 1008.2028216215905 2.13 1.043 0.67 -3.4656705127090413 1.0643138266045562 2.1410071204986414 2.0540015963869465 1.0
movable_object.trafficcone 0 0 0 1536.4612033420103 523.2258366617425 1591.4485766609223 585.1760828913278 0.331 0.751 0.351 -10.14946432779871 0.9013554211472712 9.209280869828165 2.074538217038291 1.0
