human.pedestrian.adult 0 0 0 1066.346971882926 469.26917109467786 1108.2345590055822 534.9706493792011 0.924 1.89 0.803 -23.969435887936932 0.6083484705982042 7.632458919689148 2.017757401183413 1.0
vehicle.construction 0 0 0 751.7157232614405 477.2590319045383 817.7272326158836 514.9301752746818 6.427 3.667 4.283 -84.64714719929226 1.548490805810364 -4.575922603074435 3.0935544904965937 1.0
human.pedestrian.construction_worker 0 0 0 -221.93638450480816 466.01960842942054 18.976459091439914 749.7519504736562 0.653 1.726 0.791 -5.376774833060461 0.7901144718787956 -6.123239718303177 1.5307985195890783 1.0
movable_object.trafficcone 0 0 0 683.8302662503521 559.2717927810406 717.2878132775696 607.4220608976574 0.423 0.708 0.391 -12.643334197453637 1.5811631086406994 -2.006827681343173 3.066562368640776 1.0
movable_object.trafficcone 0 0 0 432.20857338088683 642.8722030225514 530.9305310320193 794.8697535326437 0.388 0.763 0.399 -4.681552716944646 1.3518598548599574 -2.000372107772454 3.104828936336043 1.0
movable_object.trafficcone 0 0 0 607.7416462636453 582.2007919500396 662.1138737177928 659.8628366334758 0.429 0.73 0.431 -8.327584741073425 1.422473146175708 -1.9930753881808214 3.0877971639929918 1.0
human.pedestrian.adult 0 0 0 1121.5833859745492 476.05795253838977 1163.6380884189646 547.7898477382139 0.661 1.543 0.624 -17.927476227097333 0.6682622185374214 6.933200169586705 2.0374507345053594 1.0
movable_object.barrier 0 0 0 874.5783491093728 506.45821880783427 888.6177111828654 529.8718375752892 2.114 1.096 0.453 -39.37017806734013 1.7680486738287318 2.5390153142117025 2.0671719891085374 1.0
human.pedestrian.adult 0 0 0 1140.4253817949914 466.34486963339475 1183.9753578207926 542.6321953300939 0.708 1.735 0.655 -18.93839631403715 0.5348649417450956 7.7822954200538454 2.087469582801198 1.0
movable_object.barrier 0 0 0 517.4418648397167 531.5664001406661 562.3647258865728 584.3730457190773 1.996 0.978 0.314 -16.69836978547145 1.5387607770968503 -5.942766885928132 2.0896844640176013 1.0
movable_object.barrier 0 0 0 396.54655768195784 531.3916911355806 514.5913947097067 589.5836888913393 2.11 1.037 0.346 -15.437182327129905 1.4958649313882135 -7.119750803125993 3.096814054470869 1.0
