vehicle.bus.rigid 0 0 0 677.4159201347409 467.4737004311663 743.6938699974329 522.6967398630737 8.135 3.407 2.889 -54.244287720879164 0.9100485628082875 -7.792244130751002 2.052286257792054 1.0
vehicle.car 0 0 0 274.8574591333077 472.26271165703054 510.8951009969254 599.7078640870101 4.591 2.0 1.88 -15.072734753634485 0.9027573310257677 -7.790839747344038 2.0741111432916632 1.0
movable_object.barrier 0 0 0 -71.80497669774348 578.9885557505988 9.628475394872632 631.7387222486406 0.514 0.604 0.525 -10.502821678419423 1.5937654646889086 -11.155149668291985 1.5604413825908328 1.0
movable_object.barrier 0 0 0 186.9916055365314 545.3842990021813 238.57102379869502 583.3264278314633 0.512 0.652 0.552 -14.932692574203347 1.51650346484446 -11.367273288066272 1.5539653326472864 1.0
vehicle.car 0 0 0 744.3826125911289 497.65474424982744 770.0488026572992 516.5534079520532 4.46 1.447 1.674 -64.6306148190518 1.9993520008235435 -5.715585413076625 2.082674093246797 1.0
vehicle.bus.rigid 0 0 0 451.7912213145273 417.83910405992845 677.7865557701081 572.073700474277 12.487 3.704 2.881 -25.764862555305516 0.4466211376429469 -7.5496513441787885 2.0677164262369185 1.0
movable_object.barrier 0 0 0 90.22314619369641 558.308736683405 154.37063152731773 603.2037206797743 0.555 0.646 0.538 -12.82933448510724 1.560587775149436 -11.195217126830038 1.554008486027593 1.0
movable_object.barrier 0 0 0 45.91874812371698 565.6528102853023 104.62167260509946 610.6471238790351 0.572 0.579 0.527 -11.938555293741816 1.5585545695132996 -11.121235383778004 1.6484197413992057 1.0
movable_object.barrier 0 0 0 268.42079886012687 541.4579385930136 313.0778055496742 573.7798288248482 0.551 0.643 0.631 -17.403126025444507 1.6243050596937771 -11.571068231910203 1.5505013127522629 1.0
movable_object.barrier 0 0 0 125.2408682452247 558.1246530751181 182.4662964638225 597.294121605256 0.524 0.587 0.553 -13.494105775362678 1.5917992059173425 -11.250488984420862 1.5580830889692852 1.0
vehicle.car 0 0 0 778.7217894487952 460.88307029960174 854.8523173441105 550.9076526743387 5.812 2.653 2.241 -26.877395848438283 0.7736904415886316 -0.36318229866773977 -2.086987730475089 1.0
vehicle.car 0 0 0 663.0578771555207 491.2857380375549 713.2755934970221 529.0495765242628 4.51 2.0 1.832 -45.32984988841373 1.558217019042698 -7.83338758044324 2.052286257792054 1.0
movable_object.barrier 0 0 0 223.7672372200417 546.2435756180384 270.91889265734585 581.6129616337106 0.532 0.649 0.559 -16.00983470216462 1.6188098266136237 -11.503377088574057 1.550148498523873 1.0
vehicle.car 0 0 0 760.3266367786864 493.5604621891869 793.5534784174446 515.7951243221463 4.475 1.617 2.031 -61.50431402485362 1.723724910076934 -3.928902718515669 2.052286257792054 1.0
