movable_object.barrier 0 0 0 1148.7822942691032 524.9528706374388 1298.2900180895897 621.624506407807 0.554 1.046 2.175 -10.583519457102396 1.1294230475016693 5.061993409460712 -1.5596154457178608 1.0
movable_object.barrier 0 0 0 1348.995435761378 552.6717316229409 1644.7284109730015 740.8666150267097 0.534 1.057 2.085 -6.273599999102329 1.1567494045809026 4.98393871222025 -1.553192068388844 1.0
movable_object.barrier 0 0 0 1223.9861625328924 536.7158061940797 1401.7613572465061 667.0934004437141 0.551 1.064 2.125 -8.408570249038958 1.1619425481951686 4.907826537471659 -1.5532392631768772 1.0
movable_object.barrier 0 0 0 1083.873265556099 521.8935211920266 1184.1922688976554 602.4361855289034 0.528 1.08 2.17 -12.738461493283419 1.2098411769198634 4.732608004257259 -1.5551860185160011 1.0
vehicle.bicycle 0 0 0 336.82820261696963 515.6249135324892 397.68650429142673 571.0398039108793 1.607 1.1 0.581 -17.60415745238671 1.3101458593433133 -10.018698066875904 -2.1529254490178085 1.0
human.pedestrian.adult 0 0 0 247.87422554835035 489.8715206558215 296.91425511353805 574.290660331856 0.538 1.7 0.631 -16.69594984556655 1.0249724237008744 -11.480687141567595 -2.0797840119595064 1.0
vehicle.bicycle 0 0 0 213.8006587940022 530.3896183622164 279.99233395671934 577.8257589898789 1.482 0.932 0.462 -17.883624341304756 1.5761381765910272 -12.838748482234333 -2.060417099364014 1.0
human.pedestrian.adult 0 0 0 440.01474300105616 483.1734423651249 478.55086874735935 546.9715577416234 0.788 1.807 0.762 -23.51814917302628 0.9573936290884351 -10.741939929779134 -2.0675031307562524 1.0
movable_object.barrier 0 0 0 1562.4721808362924 584.5937105863935 2198.5525106761047 903.3674098442034 0.563 0.999 2.063 -4.18190015752576 1.150003863214096 5.024340078778901 -1.553192068388844 1.0
vehicle.truck 0 0 0 850.6417473767518 474.85813675239183 910.6174585811239 529.2545807433291 4.839 1.979 1.856 -32.396919287694985 0.7940314701908084 1.9694389118692877 -2.070502192677253 1.0
movable_object.trafficcone 0 0 0 1091.7383850106153 511.88784166485 1106.4728510364446 540.3316773307907 0.288 0.784 0.297 -22.786342094628175 1.2456126650652344 7.598193253687829 -2.087918384272947 1.0
vehicle.motorcycle 0 0 0 831.6887715647708 484.87773555066275 848.6101083484871 518.4294278290253 1.934 1.768 0.844 -43.99650038773489 1.0732728486424405 0.6040292458144276 -2.116063626305557 1.0
movable_object.trafficcone 0 0 0 1085.9283003368232 531.9888067389 1112.0777066555095 576.8955112462397 0.309 0.77 0.384 -14.510342171201923 1.2972392592551891 4.834462991484121 -1.5533228558452974 1.0
human.pedestrian.adult 0 0 0 -36.40618046798163 489.43478504161845 48.08092860087244 619.8125905593596 0.474 1.737 0.682 -11.193240073908163 0.9816200319862672 -11.372042127742112 3.132621984767333 1.0
