movable_object.barrier 0 0 0 1203.4749770785497 539.4312984898654 1341.7486225116268 650.4523139335677 0.455 1.035 2.098 -9.506119782042378 1.2568937154461057 5.118187834095669 -1.554156927706332 1.0
movable_object.barrier 0 0 0 1000.7145273536408 511.23269335246454 1052.032084346189 559.0294837291602 0.528 1.08 2.17 -20.241989497882315 1.3016399954398639 4.89797835441762 -1.5556994424991597 1.0
movable_object.barrier 0 0 0 1092.605911079795 522.266526523819 1170.7677646422192 594.6080621407152 0.534 1.057 2.085 -13.775048341419225 1.2580066917853796 5.097946386004762 -1.554156927706332 1.0
vehicle.motorcycle 0 0 0 828.6875176075607 483.96595989672034 851.3141514839335 529.8925386618279 1.934 1.768 0.844 -32.42097433597967 0.9934183330242753 0.4196503494349852 -2.0966943211359874 1.0
human.pedestrian.adult 0 0 0 337.8186676040072 491.6394628599896 375.7593949319538 567.4827581459909 0.474 1.737 0.682 -18.986874256244818 1.1060471605564517 -11.077063998363517 3.126719250726099 1.0
movable_object.barrier 0 0 0 1056.1367754812304 517.2543669613818 1119.002189073381 579.0358076943593 0.551 1.064 2.125 -15.910480723488373 1.2640783916263454 5.037824209800455 -1.5542244578754953 1.0
movable_object.barrier 0 0 0 1297.180131688711 552.028654768957 1521.7004501488298 700.8456648199416 0.532 1.009 2.089 -7.397247746381279 1.2256711909803546 5.15767062999467 -1.554156927706332 1.0
movable_object.barrier 0 0 0 1029.9051595433098 514.777671998525 1098.7018338549854 567.4426435885075 0.554 1.046 2.175 -18.08317730736044 1.2891627642276982 5.209373994649887 -1.5598331870757116 1.0
movable_object.barrier 0 0 0 1456.4778997683613 564.162296417543 1880.7088405984828 803.8029765336202 0.501 1.043 2.145 -5.256053621916692 1.1534693843500896 5.168188257006395 -1.554156927706332 1.0
vehicle.truck 0 0 0 870.5287703651557 477.3665913540681 941.0624204490675 539.0586543519775 4.839 1.979 1.856 -28.880662255224077 0.9048761508258174 2.6282919348509086 -2.0758185941400846 1.0
vehicle.bicycle 0 0 0 497.1039765454147 508.7905220078235 530.37689353741 546.4479539972862 1.607 1.1 0.581 -25.239976036577254 1.4101820534951832 -9.822990200017058 -2.148385766031881 1.0
human.pedestrian.adult 0 0 0 508.56086290776074 486.00300634052974 539.5765310200627 539.9855890869619 0.788 1.807 0.762 -27.727310273020915 1.060312401551545 -10.44820426165021 -2.072812839790574 1.0
movable_object.barrier 0 0 0 1136.8540737839971 531.3078428472206 1240.5180472023253 615.1295778715292 0.563 0.999 2.063 -11.682881167243819 1.266365979320316 5.1229990827536405 -1.554156927706332 1.0
