human.pedestrian.adult 0 0 0 405.3605743361825 480.6190845923647 450.844739633416 552.3676092536592 0.788 1.807 0.762 -20.97445315549702 0.8855325131438179 -10.385618420167294 -2.092832329441319 1.0
vehicle.motorcycle 0 0 0 969.1984398608654 442.38181962032405 1366.5735284386863 1046.6309210064653 1.934 1.768 0.844 -3.3535357481099166 0.7843799496103675 1.161145407024063 -2.121919410045212 1.0
vehicle.truck 0 0 0 966.3423696538521 430.62206396354225 1337.5888279011745 701.3640379127593 4.839 1.979 1.856 -8.469098478040177 0.646099169249738 2.8236610857268842 -2.0958459227591373 1.0
vehicle.bicycle 0 0 0 532.7787595981071 500.9815125004683 562.2344577686004 535.1170708847075 1.607 1.1 0.581 -27.75113524719545 1.226277004912682 -9.645949562242352 -2.1378545474407558 1.0
human.pedestrian.adult 0 0 0 656.4913589915021 484.1121419471513 675.0462852311841 520.4870682877096 0.538 1.7 0.631 -38.31542592654594 0.9693221137034301 -7.7386764758519595 -1.7790051257434127 1.0
vehicle.car 0 0 0 729.9541120707709 486.67782244244086 766.9631828316949 512.5644867008625 4.929 1.509 1.957 -51.03572406569379 1.0915134276821163 -5.036523531627298 -2.0947883433525085 1.0
movable_object.barrier 0 0 0 1433.2579446210004 554.750768421005 1796.2409074915581 764.7150337849845 0.5 1.016 2.01 -5.612631171379519 1.1026196137271052 5.223451203581695 -1.56292718063714 1.0
movable_object.barrier 0 0 0 1198.362036141926 531.596720050457 1335.8745430998906 636.067558175119 0.532 1.009 2.089 -9.825978252567806 1.171697845195915 5.227875158833012 -1.5632036276072743 1.0
movable_object.barrier 0 0 0 1288.8072223852935 540.1753929391243 1500.4048103805044 686.1845933961681 0.501 1.043 2.145 -7.6839416222457295 1.1508423788890663 5.227523187454456 -1.5632036276072743 1.0
vehicle.bicycle 0 0 0 432.83366317789046 511.1381489491081 466.8685746263283 542.0804794041265 1.482 0.932 0.462 -26.47609135847483 1.4523480023682938 -12.396460603112015 -2.0756354247980626 1.0
