vehicle.car 0 0 0 914.8532480214544 476.8390132093275 1103.4737047613592 549.7359192934587 4.53 1.805 2.079 -21.82477941436244 0.8120618542292237 4.7520900807817315 -3.0945811912075634 1.0
vehicle.car 0 0 0 899.4674140968996 479.7291215973611 1075.8623931531301 542.0899555022064 4.816 1.729 2.104 -24.376658460216554 0.8446712687330837 4.673674767121826 -3.106979367798383 1.0
vehicle.car 0 0 0 929.784741670094 480.96749393097383 1170.0027379079422 556.6818712599215 5.091 1.632 2.142 -19.31349444245203 0.8391017815794519 5.1286397218462465 -3.109657561497235 1.0
vehicle.car 0 0 0 1071.0121106960862 472.3582431577205 1225.021899115273 532.8715063650966 4.588 2.0 2.065 -28.56682730584385 0.7175220679344452 11.158081843013239 1.561149693396417 1.0
vehicle.car 0 0 0 665.6975522858901 479.3526959350939 702.3258045735308 512.3208910376596 4.396 2.09 2.172 -54.1894868993685 0.9259253030338198 -9.76696328109472 2.2184059317440417 1.0
vehicle.car 0 0 0 929.5577820218235 498.79165162521775 1210.1173902104626 586.8517375188395 4.381 1.376 2.012 -14.519683976693264 1.032993219731675 4.165412163793251 -3.106979367798383 1.0
vehicle.car 0 0 0 536.414047157394 482.4266619445196 642.0390694466588 521.8899024270859 4.954 1.856 2.043 -40.67368981306809 0.9973173287291702 -11.975324279804061 1.5744032752435277 1.0
vehicle.car 0 0 0 1083.9352531803304 455.11056191775003 1831.731338256489 696.4475938717918 4.9 1.747 2.104 -7.115440165127615 0.7146089903449135 5.033023863443403 3.1298909749001904 1.0
vehicle.car 0 0 0 1504.6493829821668 470.5195551345797 2094.7480905487014 624.3662371999872 4.481 1.509 2.055 -9.345332902399482 0.6747046072062912 10.869808425209323 1.5614616591037649 1.0
vehicle.car 0 0 0 510.016940923217 484.5706962332738 636.5804177289428 526.9585587735287 4.759 1.639 2.032 -33.70733902608454 0.9712255615597485 -10.553643256374592 1.5662179702554528 1.0
vehicle.car 0 0 0 1040.6754051566252 477.6666634462325 1518.5355784681385 637.6138066089153 4.59 1.636 2.078 -9.720464335539027 0.8114207386844 5.13894155297567 -3.1112198674135003 1.0
vehicle.car 0 0 0 966.6089086869758 476.95726684044246 1306.8223292311438 607.6129504519301 4.281 1.725 2.052 -12.139215749599584 0.8318067684382486 4.419500793238751 1.561560915252218 1.0
vehicle.car 0 0 0 526.5399506794329 484.57724562154317 647.6874125848223 524.1749593901739 4.932 1.657 2.136 -36.423821167908905 0.991466326304113 -10.794643431876342 1.5646879205578053 1.0
vehicle.car 0 0 0 1212.8061777902844 482.53161859098384 2417.4723893937125 849.867060986753 4.298 1.576 2.0 -4.574106254181203 0.8279804957905802 4.80447440528007 1.5612959559800492 1.0
vehicle.car 0 0 0 820.0480576629677 484.8025814830498 903.3988046447693 513.2224265955983 4.605 1.614 2.171 -48.97387758696627 1.0243799700747616 1.9397096954139812 1.5733612802881218 1.0
vehicle.car 0 0 0 435.69844862922554 489.0577250162158 473.4302014967094 516.9034163418149 4.829 1.6 2.001 -49.76836755708993 1.2726967704391274 -22.99538443823679 1.8705302639429222 1.0
vehicle.car 0 0 0 1198.0250608692954 452.92849063601983 1481.4075410386165 540.4561030465824 4.562 1.638 2.044 -16.708326324003018 0.2949366593433677 10.373216863462027 1.5612496260750728 1.0
vehicle.car 0 0 0 833.4985680736893 483.8862686638643 925.2179490499908 517.8828701449081 4.555 1.739 2.094 -44.09071263100501 1.018667630557589 2.7031115437539106 2.986706816803869 1.0
vehicle.car 0 0 0 1439.2402914764018 471.41423703680414 1678.0646076332755 540.7315733963943 4.88 1.891 2.086 -23.713053225497358 0.6995896176789018 21.184233976518115 3.060964304517288 1.0
vehicle.car 0 0 0 885.9984496118549 481.81626476399856 1016.6340582099854 532.6288072300845 4.394 1.733 1.874 -29.507478459715394 0.9037914438966049 4.3863701593768685 -3.108821505356765 1.0
vehicle.car 0 0 0 846.3049558889779 484.31657282796624 942.2768185056948 516.7652416966123 4.463 1.56 2.142 -41.657921945510694 0.9444568410962204 3.317805971335279 1.5731197596706297 1.0
