vehicle.motorcycle 0 0 0 1236.8290402291805 514.5747048432456 2253.437296266541 1307.3939891084765 2.41 1.414 0.725 -2.733896803666976 0.8523397014070215 2.3226358874205073 2.056947485723849 1.0
vehicle.car 0 0 0 1037.9449061951073 468.50207884238614 1598.4321714905036 653.1777810347629 4.9 1.747 2.104 -8.971173859572312 0.7905086213232108 5.046716621431908 3.128639966711212 1.0
vehicle.car 0 0 0 1399.1131164850615 478.10104044516413 1616.1001569616674 542.2436219982492 4.88 1.891 2.086 -25.535262463611428 0.8841781949908378 21.232042312579114 3.0594981976573514 1.0
vehicle.car 0 0 0 884.2158987884915 487.4427096140637 1006.8610255743815 535.1259597674183 4.394 1.733 1.874 -31.36285636357322 1.1208477982564404 4.446083065755738 -3.108156205243178 1.0
vehicle.car 0 0 0 950.8480438190002 483.9638271689028 1240.6865990034066 595.7251060715264 4.281 1.725 2.052 -13.995362353976917 0.9392599254079494 4.443500223921406 1.5551933017898936 1.0
vehicle.motorcycle 0 0 0 1390.1230125153259 545.2201496514513 2403.4635383533746 1198.0379690381355 2.193 1.294 0.688 -2.8919601764177103 0.9470527652438682 3.1219789963125573 2.077101274622507 1.0
vehicle.car 0 0 0 673.1716452929022 485.6615724151461 708.7126390880767 517.3308367166496 4.396 2.09 2.172 -56.32553840231433 1.3554701073005937 -9.666797108213343 2.2142308599197698 1.0
vehicle.car 0 0 0 927.3919449144176 486.8937153642271 1145.1172061965044 555.4340511549522 5.091 1.632 2.142 -21.195855265363555 0.9908654497431475 5.2962655509190375 -3.110771743131906 1.0
vehicle.car 0 0 0 1058.3013586152274 478.6452107821805 1201.88009119405 535.3319211114249 4.588 2.0 2.065 -30.409459190257984 0.9302973444773581 11.21589283815538 1.5548127709831538 1.0
vehicle.car 0 0 0 543.300043227072 489.5078580459682 657.7159292378926 527.1221609218542 4.932 1.657 2.136 -38.242560930668716 1.2302856617888869 -10.712199238763917 1.5582727959147258 1.0
vehicle.car 0 0 0 452.6329585967344 494.08986421191645 488.57073105999837 520.847254406702 4.829 1.6 2.001 -51.677347104075565 1.6109352065119797 -22.894024528881015 1.8667361245000373 1.0
vehicle.car 0 0 0 848.2108368494657 490.1212649449488 940.4087519281641 521.2502712091424 4.463 1.56 2.142 -43.354064573828744 1.2597099588674796 3.455916433995999 1.5666727453899068 1.0
vehicle.car 0 0 0 920.1664148346005 503.00208886800846 1166.1124676996594 580.1439479724562 4.381 1.376 2.012 -16.37503167385027 1.1554037426377326 4.194257815156509 -3.1080851315978597 1.0
movable_object.trafficcone 0 0 0 41.30492493965843 490.36327276538157 83.33082859427346 537.2569420033136 0.523 0.992 0.496 -17.540262192823228 0.6868907280864758 -16.614130695077808 2.8545781307846063 1.0
vehicle.car 0 0 0 834.9104944558231 489.2508031266117 922.8892472327668 521.8122223706141 4.555 1.739 2.094 -45.94850995464952 1.327347257620141 2.792800786649864 2.9874314840947527 1.0
vehicle.car 0 0 0 528.2593982804187 489.8979774756347 647.1295723628673 529.972308461339 4.759 1.639 2.032 -35.55506932648031 1.2108734449074003 -10.512667178050695 1.559792486700422 1.0
vehicle.car 0 0 0 1010.5085162511048 484.9968845502942 1400.368568541469 616.4031915952924 4.59 1.636 2.078 -11.575311626621422 0.9037848227801417 5.15796855360411 -3.1123389583846137 1.0
vehicle.car 0 0 0 896.2020503564362 488.2374646058323 1059.4332333922398 545.983858319711 4.816 1.729 2.104 -26.230620360471978 1.111401122028975 4.723855218391507 -3.1080851315978597 1.0
vehicle.motorcycle 0 0 0 1592.611552078554 534.2437134695031 3219.917406519944 1335.8555998205152 2.335 1.351 0.755 -2.6760392702676166 0.911308291889953 4.039498203148065 2.091269148762164 1.0
vehicle.car 0 0 0 1118.2339899602118 490.33347070623245 1874.1305401521058 732.3886829766813 4.298 1.576 2.0 -6.429651056489016 0.8877835245764614 4.812910217318044 1.5549825326155915 1.0
vehicle.car 0 0 0 1402.7785233068078 479.3279712857702 1869.5802748399162 604.9423748087032 4.481 1.509 2.055 -11.18925199039591 0.7661017915028429 10.88808647038179 1.5550979140360734 1.0
vehicle.car 0 0 0 822.9956353174555 490.0919205566557 903.3102063318049 517.4286550463157 4.605 1.614 2.171 -50.82649699300284 1.3627864881106915 2.1044109882077167 1.5669139245844947 1.0
vehicle.car 0 0 0 689.570677614386 491.93019587131334 750.139412764391 514.7294429697629 4.834 1.666 2.116 -62.0887761487778 1.6454097744029155 -8.428457628434304 1.7118178692440997 1.0
vehicle.car 0 0 0 1513.2487281934953 472.6991081061693 2124.547652689348 645.5382164796044 4.375 1.587 2.005 -8.797376143520331 0.7455019146736106 10.430114224270842 1.5555130922079794 1.0
vehicle.car 0 0 0 909.8613679403421 483.0492261679055 1082.7702708708384 549.905051229311 4.53 1.805 2.079 -23.68015246872347 0.9807230187636504 4.7960200747057105 -3.0956479529999132 1.0
