vehicle.car 0 0 0 1314.6000610179021 466.4614918743325 1509.4449658800195 532.5358872270921 5.012 2.033 2.196 -27.222157210506424 0.588514272203471 19.49096885346582 -3.108691931881113 1.0
vehicle.motorcycle 0 0 0 643.5500380114491 468.5750605458344 723.2709724692056 605.2792781350863 2.182 1.769 1.004 -11.720257272560572 0.7427861242587674 -2.0801695844928507 2.1618664363854583 1.0
vehicle.car 0 0 0 1125.653526076511 482.06219236076 1222.8420326523171 513.6577862108079 4.834 1.732 2.038 -47.84302030648512 0.9501609432667696 20.342039862378634 -3.129349586954284 1.0
vehicle.car 0 0 0 877.2288236027337 492.3905528769512 1004.3388636560461 531.2141852140431 5.083 1.518 2.133 -34.93253157929623 1.2757052763409664 4.743360857016309 1.5506393509351586 1.0
human.pedestrian.adult 0 0 0 347.93823874786415 469.93054030319837 409.07284147181036 584.510579244752 0.574 1.771 0.685 -12.922980231059144 0.7113780690317949 -7.185675242032275 2.002544784839838 1.0
vehicle.car 0 0 0 976.23659630386 484.55763642536743 1088.759334683504 522.6313132282073 4.715 1.646 2.08 -38.037282922959164 1.017943029989635 9.48391765114702 1.5502187280076605 1.0
vehicle.car 0 0 0 746.2499914226372 492.4634821708614 775.5116905667063 515.1803899130657 4.495 1.705 2.094 -64.49669738484327 1.7429274258497482 -5.405719381366455 2.0942128876939172 1.0
vehicle.car 0 0 0 1413.4808537790288 470.9201282485639 1661.619447136649 540.5660319212865 4.236 1.489 1.896 -19.244955178151443 0.5588416581740931 16.70637511811262 1.5502192521895326 1.0
vehicle.motorcycle 0 0 0 853.8598178683263 495.55274940038487 867.4225600425556 520.9427029440544 2.41 1.414 0.725 -46.73618659094975 1.5134053406621848 1.804444552442696 2.055559253098803 1.0
vehicle.car 0 0 0 1248.8030354852444 464.24832637516613 1404.9194151670717 526.1760209861072 4.672 2.18 1.973 -30.67882318784438 0.5098759391830097 18.777164024612777 -3.1303469878595056 1.0
vehicle.car 0 0 0 994.3803619219248 484.65165054829356 1127.3238449690264 525.454973752266 5.085 1.621 2.252 -35.332288779753995 1.0043361922717673 10.031306488440038 1.5505210243383303 1.0
vehicle.car 0 0 0 1165.218657177045 478.4173007474318 1277.8106103339328 514.2157925852138 4.915 1.747 2.048 -42.718154258417734 0.7686036071648346 20.642241333184057 1.5502567964392195 1.0
vehicle.car 0 0 0 1189.7725803716578 486.9005802280189 1305.5859290004728 524.5205395486238 4.66 1.732 2.101 -40.354325766536704 1.1819745617479314 20.79964944885302 1.5504281926608252 1.0
vehicle.car 0 0 0 960.235252420671 483.40314357394345 1062.5347612239414 520.8877785207128 4.91 1.857 2.176 -43.3099782537657 1.0835029938140628 9.684643433333102 1.5502475468404793 1.0
vehicle.motorcycle 0 0 0 870.6179465410206 496.72620478847233 889.8621826827542 525.3026956670652 2.383 1.459 0.754 -42.95793967588918 1.5338884575526315 2.694285375712593 2.072162250116925 1.0
vehicle.car 0 0 0 1208.5682742639044 477.76116358088603 1337.1145344393985 516.4272697936645 4.657 1.648 2.34 -37.592025661529924 0.7114343546762857 20.523214929647203 -3.120709750425375 1.0
vehicle.car 0 0 0 1110.4734310739004 478.3115208958231 1201.8308520862324 511.9918520727821 4.82 1.96 2.021 -50.389237752499625 0.8352704593540096 20.304771989919384 -3.1285641356452656 1.0
vehicle.car 0 0 0 1328.4294745592367 476.3725222983989 1563.1109308884832 548.6144814166818 4.586 1.767 2.364 -22.043798167176924 0.8119651657783149 16.63589524381428 1.5503503106542658 1.0
human.pedestrian.adult 0 0 0 296.71467932030845 470.85694267994006 364.0125899383609 586.8573863019401 0.634 1.729 0.651 -12.510810257983657 0.712313576043254 -7.707997975714866 1.6225945851695558 1.0
vehicle.car 0 0 0 771.3923186329462 492.79274662987393 867.4645669890118 569.4451728963651 4.834 1.666 2.116 -20.50238468936135 1.1516940792742751 -0.32373959175166955 2.068206489426175 1.0
vehicle.car 0 0 0 1094.458521570039 488.0024663579368 1173.7204265525331 511.95985376981895 4.435 1.464 1.998 -53.448636821707524 1.1996610456456618 20.09102953753345 -3.1285641356452656 1.0
