vehicle.car 0 0 0 1286.441780872024 475.5841799034236 1438.8100483997193 524.0564646558742 4.66 1.732 2.101 -32.29777908998899 0.7204534241062024 21.196690125314596 1.546216630589238 1.0
vehicle.car 0 0 0 836.0995935603897 495.98185916098 885.5937735222303 513.2624165855456 4.463 1.56 2.142 -80.40771739103256 2.267752353578535 3.1254298844618233 1.55604472274673 1.0
vehicle.motorcycle 0 0 0 868.3648402640534 498.1606479017696 885.3605187254302 528.9858912522844 2.41 1.414 0.725 -38.8946871654669 1.5090221668856914 2.2769630347457888 2.040224497694421 1.0
vehicle.car 0 0 0 880.2404864389027 493.7171738630515 1022.0114268254191 542.1617879470183 4.841 1.587 2.122 -30.094149250171856 1.3209494338136443 4.44937783135559 -3.1283687702704466 1.0
vehicle.car 0 0 0 1248.401237039679 473.55365329370716 1393.3138104059176 519.0751213631838 4.915 1.747 2.048 -34.693301224890845 0.6285573557207274 20.98882523214959 1.546225961486014 1.0
vehicle.car 0 0 0 1171.1252319767061 476.70638855678084 1283.712357328387 517.9650709327087 4.82 1.96 2.021 -42.27979946295308 0.8168289803577956 20.737335114580215 3.138514375800309 1.0
vehicle.car 0 0 0 897.5728450736907 492.9114567634681 1063.7540940517374 544.8729900110486 5.083 1.518 2.133 -27.182038709336037 1.2210051840923504 4.988483892256863 1.5462926072303311 1.0
vehicle.car 0 0 0 1316.1433302278951 468.2893175140822 1489.2326321122312 519.1255869323464 4.657 1.648 2.34 -29.584830718839576 0.44492788241871706 20.852244467255893 -3.1243089349789592 1.0
vehicle.car 0 0 0 823.3024740370669 496.6283492331547 870.0067962942901 513.0527057148965 4.605 1.614 2.171 -87.44318801292629 2.489847663380225 1.867987718064241 1.5562656827698138 1.0
vehicle.car 0 0 0 1021.2777912911366 483.31022491157387 1166.394057238989 532.5686463868219 4.715 1.646 2.08 -30.419831441104478 0.9746909538954117 9.85267452648469 1.5464110865381393 1.0
vehicle.car 0 0 0 1398.6125436937966 450.90520365175723 1627.3249541537507 537.2576753241776 4.672 2.18 1.973 -22.723654202338295 0.35218691271782426 19.061024792857896 3.1283999888424985 1.0
vehicle.car 0 0 0 1048.6384294148168 481.77264720993475 1224.7185903444276 536.0360849092746 5.085 1.621 2.252 -27.615028390870865 0.91278725212808 10.379410495550573 1.5462443344396002 1.0
vehicle.car 0 0 0 1153.5834317636295 485.8437787165535 1250.511329862828 515.1114949446561 4.435 1.464 1.998 -45.163155780636544 1.0445074489840567 20.750329736500042 3.138514375800309 1.0
vehicle.car 0 0 0 779.8761736989587 496.2118786165011 824.5939599823366 531.9740768236362 4.834 1.666 2.116 -41.5944192636992 1.6255106589963657 -1.4030611538948095 2.0739318604750983 1.0
human.pedestrian.adult 0 0 0 1364.8712078195406 462.72822049179325 1391.5556822295662 498.6901182842638 0.598 1.546 0.717 -35.591973150243575 -0.03993045042125587 24.140506501507613 -3.117238746931731 1.0
vehicle.car 0 0 0 995.8548454242214 482.4778344680859 1122.9663443229047 529.3623205821577 4.91 1.857 2.176 -35.70393806999001 1.0580383138846536 10.072947884272233 1.546233003130073 1.0
vehicle.car 0 0 0 1194.585926002251 476.0743979512584 1315.9802698027256 515.2751059653328 4.834 1.732 2.038 -39.75213240117829 0.6889872546831224 20.85643053008926 3.137727371321594 1.0
vehicle.car 0 0 0 1223.9698040768033 478.2728420419769 1349.1536043202725 516.6610518663274 4.543 1.59 2.07 -37.44755044618428 0.7317225600472985 21.076216121954143 3.094408765487511 1.0
vehicle.car 0 0 0 1518.3772534530135 451.7216904578896 1824.860553916921 549.8511597543169 5.012 2.033 2.196 -19.101137755098424 0.44198237868322365 19.697456536070447 -3.1247586365223015 1.0
