vehicle.car 0 0 0 1213.1195685595142 431.2149459674308 2633.1609111329944 856.7403905307862 4.9 1.747 2.104 -4.473941673047514 0.7043740783466977 5.088275227171623 3.1239685025669246 1.0
vehicle.car 0 0 0 915.2370593768795 484.21574805442685 1115.1656462274818 554.5147702386953 4.816 1.729 2.104 -21.736107256079574 0.9689518498785862 4.880085441651228 -3.1128289627673027 1.0
vehicle.car 0 0 0 853.9011595296136 487.201266682784 955.7377337391796 521.6236441195625 4.463 1.56 2.142 -39.32572043907977 1.0763159383804044 3.6384993492171183 1.5691098101029821 1.0
vehicle.car 0 0 0 1118.4607598675661 475.3095504086084 1827.1532673951422 705.8352086230716 4.59 1.636 2.078 -7.077638611675678 0.8091538458496877 5.216826586948289 -3.117076264933286 1.0
vehicle.car 0 0 0 946.7156087449665 482.17349586827856 1229.7057334957055 570.7904213895771 5.091 1.632 2.142 -16.64415203262182 0.8673314688421789 5.159841228828941 -3.1155114558635795 1.0
vehicle.car 0 0 0 507.9903960415144 486.5680696802692 640.0475130058967 529.3786507257245 4.932 1.657 2.136 -33.74188739536893 1.064851500130806 -10.530854909415133 1.5610647265493647 1.0
vehicle.car 0 0 0 666.129544305441 480.4951147135017 706.4824205572819 517.4200271922923 4.396 2.09 2.172 -48.608000423763606 1.0139806988180426 -8.63239774935922 2.2117177343146004 1.0
vehicle.car 0 0 0 958.1462291882053 503.26245765157984 1310.458302999922 613.0435613929661 4.381 1.376 2.012 -11.884450337441582 1.0451069252443022 4.2850271571547305 -3.1128289627673027 1.0
vehicle.car 0 0 0 1356.3864475161095 446.124220196372 1804.3278315544646 571.7432900735067 4.49 1.575 2.066 -11.548796007392301 0.36146935354919296 10.446117469857983 1.558028374742645 1.0
vehicle.car 0 0 0 487.88891400573607 487.8860192256685 626.4633394670919 533.8671670301001 4.759 1.639 2.032 -31.152223529620784 1.088590846632106 -10.357986445356223 1.5625022548635092 1.0
vehicle.car 0 0 0 422.04306369896085 492.25191922625254 463.1705896166645 521.5372545141802 4.829 1.6 2.001 -47.45733242284148 1.436960975207486 -22.607038132476017 1.8722713109035753 1.0
vehicle.car 0 0 0 899.0171966607508 483.5563314903526 1043.2660777744495 539.4607132348322 4.394 1.733 1.874 -26.870078831544543 0.9616524531725186 4.636414390589341 -3.119996570615431 1.0
vehicle.car 0 0 0 1271.4877664387086 448.07772551604404 1624.9569621252986 553.5974271386027 4.562 1.638 2.044 -14.021231878093845 0.31531218348450496 10.511847074450165 1.558028374742645 1.0
vehicle.car 0 0 0 841.118015055175 486.01816074625725 938.7849630640952 522.2007007283321 4.555 1.739 2.094 -41.46698988547816 1.1205549113248696 3.080068448215313 2.9923521469823715 1.0
vehicle.car 0 0 0 827.6975226730386 487.87428319881803 916.2142781499236 518.0598943328476 4.605 1.614 2.171 -46.17160861068164 1.1880021235860279 2.407967619453108 1.5693430581179122 1.0
vehicle.car 0 0 0 1522.5776745235455 471.6343625837079 1807.2176616712718 550.4806760632423 4.88 1.891 2.086 -20.930358453225182 0.7440797007044923 21.383284991533213 3.0549390552422384 1.0
vehicle.car 0 0 0 1009.3229539100354 475.72472538271694 1463.6883372145508 647.100441715003 4.281 1.725 2.052 -9.502485214439048 0.8367294945372662 4.518451661377287 1.5582548725592211 1.0
vehicle.car 0 0 0 1103.5719431864259 473.02418659329135 1277.666173235135 540.2968600438487 4.588 2.0 2.065 -25.77578719517199 0.7730166519850357 11.400520196168893 1.5580040287628423 1.0
vehicle.car 0 0 0 933.7192865188634 477.560150247639 1151.1498298121721 561.015950154383 4.53 1.805 2.079 -19.184803457004946 0.846596065898443 4.9353030742876305 -3.1004107450574647 1.0
