movable_object.barrier 0 0 0 1045.2304568474494 487.8845442271551 1114.6884448767098 525.8214670402322 0.504 1.062 2.164 -25.794345000229168 0.787520102773241 7.996374686708893 -2.248162268286049 1.0
human.pedestrian.construction_worker 0 0 0 72.57988921568341 439.072551952407 231.7829017378105 769.3742890899213 0.591 1.74 0.649 -4.702018623211257 0.6465846824240982 -3.9366778235520132 -2.6486891428507606 1.0
human.pedestrian.construction_worker 0 0 0 -54.222899332012624 456.1898356329674 142.16635201722434 769.396364816498 0.541 1.673 0.575 -4.726275022755413 0.7104213567971904 -4.543664236980036 -1.9499819577815396 1.0
movable_object.barrier 0 0 0 1127.8462291627204 488.6878321023247 1206.746187408867 527.0110142865268 0.531 0.961 2.187 -21.99834853416577 0.693712168666849 9.146470291923064 -2.900021671227659 1.0
movable_object.trafficcone 0 0 0 135.10521844895015 731.4687060346107 300.5459637730517 986.3183810258288 0.303 0.683 0.325 -2.7588188288061155 1.2566278391709738 -2.0652618072879507 -1.5778252136189774 1.0
movable_object.barrier 0 0 0 1051.6987542567188 499.92502149827095 1092.3456943593444 550.1251638533839 0.637 1.012 2.172 -19.06776211708017 0.9877923136654927 5.692952502724544 2.971900346611805 1.0
movable_object.barrier 0 0 0 1032.8437451455638 494.8267827502518 1068.949664286545 536.064966072931 0.648 1.033 2.232 -23.15578072758502 0.9363464465316464 6.3176789732072445 3.0087462813829804 1.0
movable_object.barrier 0 0 0 1041.2933165782085 498.4232115118544 1079.9726254884192 543.4817990544321 0.62 1.027 2.107 -21.187296356676924 0.9977920198442389 6.0330533893065095 3.0087462813829804 1.0
movable_object.barrier 0 0 0 1096.9709439486878 482.0544456965688 1144.8072677378318 520.4366930302756 0.536 1.051 2.5 -24.28501159958462 0.5547882497061876 8.716031945594393 3.0845086163424806 1.0
vehicle.motorcycle 0 0 0 1013.2050448511251 485.4519839035462 1044.437128052526 538.5081275709113 2.051 1.329 0.59 -22.216128490551498 0.7975370266330424 5.45941641525338 -2.2231509727093464 1.0
movable_object.barrier 0 0 0 1024.6157158139306 493.5248364556269 1057.8416581526994 530.5726422956537 0.678 1.03 1.972 -25.248235761904365 0.922969639237214 6.593957800441522 3.021039114049387 1.0
movable_object.barrier 0 0 0 1083.6575252064786 490.4927979105269 1198.2294668120794 544.2132263964315 0.481 1.033 2.216 -17.537047103046 0.7686361298787072 6.727087944974834 -2.219101593897629 1.0
movable_object.trafficcone 0 0 0 -200.6244430547169 841.8152274110892 88.68774095682888 1237.2261894016237 0.311 0.683 0.311 -1.8829413650102265 1.253415139195088 -2.0376511757588425 -1.590413959038802 1.0
human.pedestrian.adult 0 0 0 13.123102804810852 479.76516243458525 215.3210030930489 760.5397456083133 0.735 1.706 0.666 -5.445567755090048 0.8628633456476059 -4.7578916984448005 -1.5889725163538317 1.0
human.pedestrian.adult 0 0 0 879.0132247131071 476.872023948171 888.1893513738145 496.09818119386034 0.581 1.664 0.569 -71.55935209475176 0.4165978225556438 4.807772594828959 -2.2065295967432323 1.0
vehicle.truck 0 0 0 450.6991331697919 474.97752849934653 559.4020351298947 520.1323126796301 7.213 2.997 2.391 -62.062151315122804 1.181803405018769 -24.777706288704156 -1.575037879743368 1.0
movable_object.trafficcone 0 0 0 52.021876051875275 769.1662649804289 217.00302738221683 1081.0696919647437 0.29 0.679 0.276 -2.324145121688122 1.2362399610689585 -1.975383540910876 -1.6351049134998386 1.0
movable_object.barrier 0 0 0 1205.5066731857992 486.1509731798586 1258.8826111050016 542.2392585932922 0.538 1.116 2.094 -18.087024598115967 0.6913418657259578 8.971389028084138 2.9434581575015972 1.0
human.pedestrian.adult 0 0 0 870.3044314408469 477.09127398327973 879.4623335085073 496.550009027171 0.612 1.676 0.649 -71.52030591390375 0.4427309495049 4.0372465047859 -1.9696340643519212 1.0
movable_object.trafficcone 0 0 0 991.7853076011945 493.60010432479817 1001.7464086037284 509.3626195771755 0.355 0.734 0.408 -39.21843382347358 0.9529007198105782 8.118798202235642 3.1095197416386497 1.0
human.pedestrian.construction_worker 0 0 0 27.847477678346788 420.0732652029043 251.6198277371015 930.9289409104359 0.505 1.652 0.68 -3.0368093053160408 0.6254026962759733 -2.5285016090611725 -1.6502647455248693 1.0
movable_object.barrier 0 0 0 1187.2206137609226 486.83835921470654 1232.6421500047888 531.6738669686325 0.54 0.994 1.935 -20.057545052483896 0.6564407561358876 9.408334163618372 2.95571830245186 1.0
movable_object.trafficcone 0 0 0 213.379259955985 697.6719686603375 367.8872466508764 914.906521594551 0.36 0.692 0.321 -3.1664108603374315 1.2464746918033451 -2.0906123384599837 -1.5747920772130435 1.0
