movable_object.barrier 0 0 0 1503.3070789055878 502.2772126983978 2044.4541813911671 720.7658960544371 2.099 0.984 0.715 -4.8121987352547215 0.663834594103057 5.253398508801564 2.1044258130891222 1.0
movable_object.barrier 0 0 0 1212.6834427296176 476.84108895184454 1264.5784634900272 509.0731036283996 1.54 1.062 0.392 -28.873251407927206 0.40551175011513657 14.595131677285387 1.5290338403277435 1.0
human.pedestrian.adult 0 0 0 185.78559929789824 517.8978437286479 202.44177343651026 556.5286099629955 0.559 1.849 0.579 -39.47792653356503 2.7036346917755174 -30.979095978536616 1.575406861562909 1.0
vehicle.construction 0 0 0 -57.10443060014616 511.20218615308977 17.462911663590365 561.5521741046365 1.71 1.597 1.001 -27.150383687132486 1.8306350355189123 -28.43966848999826 1.9049133451262081 1.0
movable_object.barrier 0 0 0 1304.6409540857562 459.328355519599 1355.5812879683895 491.4411887977267 1.519 1.057 0.433 -28.53886043970509 -0.2235854960058623 17.659936782882557 1.5112446590987432 1.0
vehicle.truck 0 0 0 1415.4265024979925 370.13819023463327 1691.2413478411047 466.619809049117 7.385 2.858 2.325 -30.8123618342688 -2.2950257091212074 27.201861633372882 2.920755087140595 1.0
vehicle.bicycle 0 0 0 439.2589898225597 524.4721452361586 468.88621592568825 548.9120092080567 1.197 1.135 0.556 -39.48881579811687 2.6776557942319874 -18.300389281053693 1.5144134035839745 1.0
movable_object.barrier 0 0 0 972.3626688579544 494.14496818218305 1030.3920701697803 524.774755598807 2.121 1.09 0.422 -31.58262839363313 1.0894585878281442 6.710323051040292 1.5584139875957232 1.0
movable_object.barrier 0 0 0 1027.1973943255243 488.5087934940973 1087.6150010869626 517.3529853634407 2.106 0.984 0.57 -30.78520799109947 0.8161618444708552 8.674210927598685 1.5605671428504078 1.0
movable_object.barrier 0 0 0 1088.274232571653 499.5664348936555 1263.8778132596863 589.6258148392058 3.121 1.04 0.868 -11.23256116371101 0.8469006073686425 4.645590050441142 2.043985270838064 1.0
movable_object.barrier 0 0 0 1047.2584155708907 502.1357224747916 1144.6949328939697 568.9878573540487 2.824 1.042 0.643 -14.346090109653806 0.9462473458589437 4.643196657931489 2.059650219398205 1.0
movable_object.barrier 0 0 0 928.88261072638 500.4636209420683 950.2538298921982 531.247991997892 2.08 1.063 0.495 -29.494733380431402 1.2603489508741674 4.007816270722196 2.096611029967896 1.0
movable_object.barrier 0 0 0 1090.582886351131 484.3641545453153 1150.118778680328 516.1635880438206 1.976 1.069 0.48 -29.891861638934834 0.6915956073680652 10.73531222245258 1.5322116518190718 1.0
movable_object.barrier 0 0 0 1421.713769284368 484.9777645126941 1823.3516208103404 632.7894848252357 2.194 0.976 0.476 -6.469744298386312 0.5898861214941322 6.118927439306954 1.8233112086007797 1.0
movable_object.barrier 0 0 0 965.1571441723631 506.91922925006696 1001.4175543371352 545.5953623769402 1.899 0.99 0.513 -22.093950365692045 1.2207074342877604 4.184805871852837 2.0592412495806958 1.0
movable_object.barrier 0 0 0 1149.6287149044897 477.55122731950433 1211.7443841941665 511.4047325182704 1.934 1.117 0.548 -29.34780501028618 0.4698062441359127 12.726999161502066 1.527188352037287 1.0
movable_object.barrier 0 0 0 1229.637864341733 491.5750457402797 1405.6805104137543 609.9030603655432 2.049 1.084 0.57 -8.607328742068953 0.7063085190926415 5.080328589190302 2.0864423951073743 1.0
movable_object.barrier 0 0 0 902.0794098399566 501.71540572149223 970.949145274142 532.1806355815822 2.75 1.107 0.579 -32.73390765428365 1.4344003110693055 4.315871700195176 1.6148581363675074 1.0
