movable_object.barrier 0 0 0 1521.6677308093697 504.02653928424314 1998.6047782031071 742.4665254260772 1.881 1.133 0.587 -4.874212536171796 0.7486743298338372 5.319578545393727 2.0655852325441533 1.0
movable_object.barrier 0 0 0 1156.5870330077641 503.13828766205313 1271.2633721961986 595.2365037587447 1.985 1.177 0.549 -11.492454292231965 0.9432515632512326 5.391319458246948 2.0444682180434093 1.0
movable_object.barrier 0 0 0 1274.5854043314364 501.8681760595723 1449.7463765810903 632.3622877059523 1.773 1.188 0.555 -8.377285782804266 0.8495838479003097 5.417175153384079 2.0655852325441533 1.0
movable_object.barrier 0 0 0 992.7839364634543 502.3682120705153 1031.9771007319696 545.5535655187849 2.144 1.139 0.502 -22.672488482775883 1.201685115033058 5.105089485005029 2.0495991866190835 1.0
human.pedestrian.child 0 0 0 64.12016375792017 521.421913728856 113.69448598740861 576.6954880287691 0.828 1.369 0.491 -20.711462022425824 1.7155330755451506 -18.933131403722957 2.0250839881450258 1.0
vehicle.truck 0 0 0 524.1815828236863 496.89740952999165 588.2410420488546 535.9039056558394 4.721 2.0 1.852 -45.22477013900373 1.9906306711596038 -15.16807038235739 2.019457454804874 1.0
movable_object.barrier 0 0 0 1026.631297665412 506.27091787703665 1070.4390340429718 557.4058770158726 1.63 1.139 0.493 -19.068988787210102 1.1862646660332747 5.145228665482108 2.0495991866190835 1.0
vehicle.truck 0 0 0 485.81726961917576 498.039230421239 555.5184261903014 542.1376173131388 4.728 1.977 1.821 -39.490502729169116 1.9254845182016387 -14.95335370563385 2.071981088406477 1.0
movable_object.barrier 0 0 0 1081.7862797743464 501.96781400832907 1155.7678471489712 561.1358178597014 2.041 0.983 0.503 -14.661589662948895 0.9107936261720716 5.198535941337575 2.0495991866190835 1.0
movable_object.barrier 0 0 0 1348.9386374560613 504.90656375907093 1621.5926608089821 663.8333943431736 2.053 1.125 0.55 -6.8625404238044805 0.8090035501554644 5.384683049365401 2.0655852325441533 1.0
movable_object.barrier 0 0 0 1193.8644233861476 502.90770262756035 1316.1255950783398 594.8031639215582 1.906 1.064 0.505 -10.466451186881555 0.8542149806359516 5.432454780872653 2.0655852325441533 1.0
movable_object.barrier 0 0 0 979.5213891590978 503.0775723766778 1017.9283532509878 540.9401933830213 2.188 1.036 0.59 -23.577382969158087 1.1948815376646522 4.9120385076697115 2.060157127420407 1.0
movable_object.barrier 0 0 0 909.6517480738031 505.4452081340957 928.8209958467584 528.7308591753667 2.221 1.042 0.501 -38.88709196316389 1.7119343099407036 4.312422005611716 2.029900067615257 1.0
movable_object.barrier 0 0 0 487.771933446988 518.0972349371932 517.5262020123276 546.4905641337037 0.948 1.188 0.923 -35.07328548829816 2.192903575296363 -14.144499642866174 2.0572634737291953 1.0
movable_object.barrier 0 0 0 1055.618379639843 505.33926039108894 1114.0763253881646 564.762750744245 1.893 1.15 0.508 -16.81432227206029 1.1108369436792642 5.276291872229449 2.0495991866190835 1.0
movable_object.barrier 0 0 0 1136.6984882320835 502.90778403177745 1228.1415593492782 589.9065171848665 1.892 1.214 0.488 -12.387948715639624 0.9788560373822761 5.351406314199378 2.06194715793021 1.0
