movable_object.barrier 0 0 0 21.53705497911641 517.804064564207 497.9557660788403 1110.4422357256062 0.426 1.571 2.043 -3.298800600565406 0.978726747121806 -2.023263364028681 3.1023049960061 1.0
movable_object.barrier 0 0 0 971.8514527593704 503.41232161184155 1098.2022771222732 562.8688250531084 0.482 1.036 2.278 -15.604684709849389 0.9910090893588259 3.942668200525485 -2.2552040327431033 1.0
movable_object.barrier 0 0 0 1047.2289300467141 502.45940444910485 1092.9782370183723 558.5024684378596 0.426 1.035 1.996 -16.778409728551438 0.9756337982436811 4.965823213656895 3.0608652838210695 1.0
movable_object.barrier 0 0 0 947.3744596555539 504.6426345030033 985.3681273803517 560.8131434205155 0.571 1.048 2.048 -17.15812097158767 1.0455305504005377 2.88344481001601 3.048480527240237 1.0
movable_object.barrier 0 0 0 535.0361520399254 519.384753032795 653.352775434726 730.0736494781876 0.427 1.532 1.927 -7.207333278484106 1.1468198913374894 -2.023285950499667 3.108496566884524 1.0
movable_object.barrier 0 0 0 656.0393104838188 519.6162050022268 720.5025894440586 628.0034463453112 0.437 1.278 1.98 -11.257991059507944 1.2141217700471516 -1.9219597537268398 3.0865604650787466 1.0
movable_object.debris 0 0 0 701.3441963868156 500.8071455964735 745.1236704010348 550.5891340132727 0.853 1.491 1.125 -25.70342886403922 1.3841696094330114 -3.3572507931119677 -1.9855705594320545 1.0
movable_object.barrier 0 0 0 966.5533866784382 501.38713865124254 1049.583025609012 545.3493270081467 0.614 0.989 1.943 -20.15837534908801 1.033334629279523 4.4430421714520225 -1.944637670442682 1.0
movable_object.barrier 0 0 0 402.34157713044914 512.0420816893553 595.3468374215715 834.6187614665904 0.427 1.658 1.864 -5.280323132340633 1.0625965053787838 -2.0454516428584393 3.108496566884524 1.0
movable_object.barrier 0 0 0 606.3055975946475 510.4563601016598 693.7443619111866 675.2525540910927 0.429 1.596 2.013 -9.212953320964129 1.1619445829169646 -1.9864282660014974 3.089911870188594 1.0
movable_object.barrier 0 0 0 693.0821060485008 522.7949804550591 741.9135728951852 600.1526097574127 0.37 1.096 2.052 -13.609282635360383 1.2916246341209696 -1.8484802913863372 3.0655448584178533 1.0
movable_object.barrier 0 0 0 949.3579993635394 504.00728121617226 977.4512010371483 550.7671307605899 0.515 0.981 2.062 -19.231262197463632 1.0550625128722595 3.1705555887487504 3.0237220581168174 1.0
vehicle.truck 0 0 0 677.9522867898698 463.61069670128217 761.0794088256974 528.3106885150086 6.657 3.157 2.486 -44.17461646140087 0.7267293201223785 -5.831347397745754 -1.9689987386080112 1.0
