vehicle.car 0 0 0 1101.9151344825113 480.6946115056161 1658.7098245082707 721.0318559852644 4.201 1.634 1.84 -7.884809717087343 0.8326530168654804 4.787611374822111 -1.926461225533453 1.0
movable_object.barrier 0 0 0 946.2123101433958 502.87348273556944 1006.211560162738 530.667486793246 0.528 1.008 2.22 -31.434397588261934 1.352488502155053 5.705226853148039 -2.156065128776441 1.0
movable_object.barrier 0 0 0 947.7354682173726 505.05989255862926 975.2796076534655 535.461110738538 0.565 1.007 2.274 -30.006733445409917 1.4054544591413252 4.886191626423796 -3.131579482677095 1.0
movable_object.barrier 0 0 0 755.1366214440801 502.97560631928144 769.6330413366887 526.7191160453581 0.651 1.028 2.21 -38.54458260356939 1.5585680731484375 -3.19092896037688 -1.5734840607266198 1.0
movable_object.barrier 0 0 0 263.5408747254178 517.4226900545443 359.6046334010393 570.7462009148991 0.661 1.31 2.095 -21.083140554978947 1.6142263066161855 -13.470127019795822 -2.1351366654620145 1.0
movable_object.barrier 0 0 0 966.5155355785159 501.710424255774 1033.4245429620405 533.1443577594563 0.591 1.044 2.235 -28.757086093607203 1.2591193275446582 6.060101983049466 -2.051617643232743 1.0
human.pedestrian.construction_worker 0 0 0 739.6120781829802 483.41675322223 753.8740725607018 511.1372608898686 0.793 1.626 0.807 -48.34014421171864 0.9184977347850349 -4.92307668586114 -2.0563408568962727 1.0
movable_object.barrier 0 0 0 740.6977753307467 508.2338522684696 766.4449228029001 546.8280189361949 0.682 1.009 2.242 -24.11392092453314 1.336194115179702 -2.236081156793081 -1.5727338106681668 1.0
vehicle.construction 0 0 0 655.2931487316738 467.2631427964531 713.2600914585494 514.9648762040671 3.833 2.637 2.737 -47.44832074695325 0.5225293008869343 -8.428961867530699 -2.097278254187655 1.0
movable_object.barrier 0 0 0 746.6726631698353 504.6838369833205 768.6929609220208 539.7240068142902 0.672 1.094 2.239 -28.169820786289993 1.3826663391459768 -2.474797816874712 -1.5725465510503716 1.0
movable_object.barrier 0 0 0 738.8589322614283 509.21689527993016 766.3875315358367 551.3657119221417 0.661 0.998 2.23 -21.996111843655267 1.2891570060214026 -2.0627312005976024 -1.5727338106681668 1.0
