movable_object.barrier 0 0 0 1288.0117059782622 493.398607272155 1523.2740854339932 614.5188245849579 2.059 0.965 0.654 -7.646247193130334 0.6565657344148271 5.293579811665678 2.0648943151526984 1.0
movable_object.barrier 0 0 0 943.8111338263608 503.03667668182675 973.1105200321997 531.8422779221089 2.226 1.059 0.74 -31.88191000879877 1.424067937130264 5.07119668717457 2.072126673771713 1.0
movable_object.barrier 0 0 0 906.4999737566632 500.6362973927813 922.0942324393438 521.7844923586886 2.049 1.084 0.57 -44.605043729072605 1.6351382404734098 4.679407632865631 2.066512124717777 1.0
movable_object.barrier 0 0 0 1208.4372766965982 498.10821403005235 1349.9965796566019 595.3955086791169 1.778 1.035 0.611 -9.693270469118026 0.7642607897212094 5.310267610427917 2.0648943151526984 1.0
movable_object.trafficcone 0 0 0 -44.22783170847953 586.7834854534968 5.740726680996882 642.9603652345926 0.351 0.769 0.335 -11.81714980593676 1.9368023291451846 -12.38417897320274 2.0170998563160563 1.0
movable_object.barrier 0 0 0 1417.0004426163682 494.89385483424184 1791.6800483037227 668.041327237988 2.082 0.998 0.584 -5.824537490446423 0.6552358087144761 5.33237401799572 2.0648943151526984 1.0
movable_object.barrier 0 0 0 1038.675063819553 501.66276206859794 1086.679025084213 547.7580339243885 2.046 0.994 0.436 -18.743549425855562 1.0078083146529935 5.376331279214764 2.0648943151526984 1.0
vehicle.truck 0 0 0 -11.919053645987725 491.5475786297745 279.73137040190556 609.1845567001138 4.721 2.0 1.852 -16.58711308051443 1.358020128289007 -13.817134144571606 2.031437852712301 1.0
movable_object.barrier 0 0 0 1060.519416799669 499.4398196794372 1120.4627352757143 553.9631541618237 2.037 1.03 0.48 -16.55923389446394 0.9298530118744708 5.307726395348851 2.0648943151526984 1.0
movable_object.barrier 0 0 0 1150.4454313606593 501.16928661513765 1265.3728129933756 583.4082290862357 2.221 1.042 0.501 -11.553013028446884 0.8535087208124453 5.325676043733962 2.0648943151526984 1.0
vehicle.truck 0 0 0 396.701523957502 471.81938394401374 528.8637438622649 557.1082818100757 6.339 2.933 2.32 -31.73897029633026 1.3597657795188796 -14.119534316910018 2.0392191693155626 1.0
vehicle.truck 0 0 0 1096.0241010593527 444.03950189486864 1196.2658396490804 485.1772071878756 7.385 2.858 2.325 -67.37426946010766 -1.3809292296598834 26.25639993079209 2.940446015079308 1.0
movable_object.barrier 0 0 0 933.4688067052873 502.4065980049048 958.7351090686018 527.9897868682854 2.111 1.025 0.741 -34.908751001572064 1.457780581354291 5.0251960123293555 2.0756943715646567 1.0
movable_object.barrier 0 0 0 1017.9203080255993 501.6909219415908 1059.2187062215019 544.3720933627085 2.039 1.024 0.445 -20.72971210360147 1.0722840378131722 5.336185312392321 2.0648943151526984 1.0
movable_object.barrier 0 0 0 1091.6244715727855 501.836940842638 1181.6187034128595 567.5031233171451 2.088 1.048 0.702 -14.272496189187866 0.9331087574281329 5.362298067391773 2.0648943151526984 1.0
vehicle.truck 0 0 0 253.33207950516032 497.4855863802994 430.08266959657885 577.8446350550458 5.086 2.0 1.804 -23.32920081250453 1.5991497266143069 -13.777403413910397 2.003872586749692 1.0
vehicle.truck 0 0 0 -545.4433614188532 496.7172863601722 53.71478649111605 687.8727267947507 4.728 1.977 1.821 -11.050056405143838 1.3358993643621069 -13.779610211700415 2.041848293143648 1.0
movable_object.trafficcone 0 0 0 66.11178690341126 575.8424696827545 112.45486340584254 627.0042002312928 0.408 0.804 0.387 -13.555654251788788 1.996576256484937 -12.388099351123678 2.074241958444441 1.0
movable_object.barrier 0 0 0 887.7540386556121 500.3945375829051 912.4070347570638 520.495718045731 3.121 1.04 0.868 -47.210081942111266 1.6907815936632082 4.110466752057748 2.0242872079798886 1.0
