movable_object.barrier 0 0 0 734.9961631351842 521.5567600811042 763.6921564549623 562.5216720299494 0.673 1.036 2.265 -23.852185397213702 1.747091632402691 -2.3341480631648244 -1.5608750925390877 1.0
vehicle.car 0 0 0 1251.8398331283386 461.2234125218889 1376.5736182140315 504.6562756291359 4.872 1.817 2.213 -38.31193631314151 0.05884527338730322 22.925000253447074 -2.9913968881409794 1.0
movable_object.barrier 0 0 0 625.0488919855984 544.7045224668997 716.9337049699557 649.8304451615047 0.709 0.96 2.232 -9.898851060992389 1.339313164926589 -1.8719115186435806 -1.560917220312489 1.0
human.pedestrian.construction_worker 0 0 0 570.2925570404165 486.0357898875125 648.4495163375558 593.0084107032999 0.67 1.799 1.168 -14.345800592719216 1.0005655344908484 -3.879488392675776 -2.1118886480012335 1.0
movable_object.barrier 0 0 0 741.250744877597 521.2989211376856 766.0428388546001 557.8230639261648 0.641 1.016 2.219 -26.061284657021524 1.8354790581174272 -2.416744208909091 -1.5608750925390877 1.0
human.pedestrian.construction_worker 0 0 0 643.4037220825376 481.71394381419174 702.3259828362004 566.0844648440202 0.793 1.626 0.807 -16.32622619166884 0.834326982809589 -3.1552617769261113 -2.628646273653942 1.0
movable_object.barrier 0 0 0 709.640108607838 524.7738832057743 754.0374812831864 582.7815412842076 0.704 1.069 2.261 -17.798864227352798 1.542683743314668 -2.1108495423637423 -1.5609928902651289 1.0
movable_object.trafficcone 0 0 0 137.8434478932345 595.9334747258077 194.5033325264991 662.8074523433322 0.35 0.716 0.378 -9.664876101951501 1.754390601417517 -7.912208898761379 -1.560951200888602 1.0
vehicle.construction 0 0 0 341.6741690383976 440.68169710646634 590.5467357639191 608.527914042396 3.833 2.637 2.737 -15.141456064351633 0.7202442094071027 -6.5104945358013575 -2.0413597777204364 1.0
movable_object.barrier 0 0 0 569.8149663866037 550.0885123677003 698.8769691020505 690.2778018005196 0.691 0.999 2.193 -7.973614521617236 1.2685648676151389 -1.8333246571212285 -1.5614528347632666 1.0
vehicle.car 0 0 0 551.8607278298465 501.0262459488948 622.2190319635674 551.160712417315 4.721 2.0 1.933 -36.87468661800118 1.9444926358398593 -10.931479323412184 -2.0945763527176933 1.0
human.pedestrian.construction_worker 0 0 0 754.1764247880722 493.38157809765636 766.1567515272556 514.762883599403 0.698 1.685 0.834 -65.50232779099353 1.7999286558413505 -5.587013388814018 -2.056809099603921 1.0
movable_object.barrier 0 0 0 225.04836397072285 579.0486780169045 597.8106479600999 974.4337946672028 0.622 1.066 2.212 -3.8491156953428933 1.1303879384344626 -1.7326590308894316 -1.5610394143291089 1.0
movable_object.barrier 0 0 0 -163.43353975809006 565.4159867521035 125.66105698314847 730.7700834754779 0.741 1.152 1.836 -7.551508180018589 1.4575491872481465 -7.751251757323973 -1.5612479879050891 1.0
movable_object.barrier 0 0 0 683.5165587820236 534.6326478359664 739.3488318150928 607.5785977467931 0.685 0.992 2.241 -13.801992510287272 1.4721826018344968 -1.969980573557984 -1.560880099089589 1.0
vehicle.car 0 0 0 256.7819494558206 526.2494232685515 454.59328922529244 619.0955426654788 4.643 1.54 1.943 -18.25817771274499 1.913691340245637 -10.393869371215843 -2.1047823730296953 1.0
movable_object.barrier 0 0 0 722.9542032098669 522.8912937558664 759.4217512660736 573.792848648001 0.701 1.062 2.234 -19.87903560476121 1.5994541093397192 -2.1371965754340696 -1.5608750925390877 1.0
movable_object.barrier 0 0 0 747.4451554683787 516.9252751302608 769.9455340135996 549.2946719440893 0.647 1.052 2.255 -29.937406425262623 1.8762235872006503 -2.593362217947947 -1.5609454393986217 1.0
movable_object.barrier 0 0 0 656.1412051946877 536.5332285186397 736.0369040278996 626.820079417627 0.745 1.038 2.268 -11.888919758723269 1.404281994105074 -1.9003303424481552 -1.5614528347632666 1.0
movable_object.barrier 0 0 0 -134.09260095552045 565.5888584348163 41.041415996808674 669.1642093368393 0.58 1.248 1.962 -12.361675447634681 2.007418317406509 -13.27105572098567 -1.5608846634190403 1.0
movable_object.barrier 0 0 0 728.7857658604757 520.771198954807 761.2428794301862 565.1582391680454 0.697 1.03 2.226 -21.925561530148784 1.6267849880302387 -2.2590229263895396 -1.5608750925390877 1.0
movable_object.barrier 0 0 0 694.5830045514732 530.4632023114468 748.498312798186 595.5094157740948 0.744 1.026 2.291 -15.716078718801127 1.530635294105961 -2.053036392999113 -1.5609928902651289 1.0
movable_object.barrier 0 0 0 475.76130676432626 565.0861326813226 660.1680260771777 777.3928505007592 0.651 1.028 2.21 -5.919362289054294 1.2391642661864442 -1.7847719059492104 -1.5609236431031723 1.0
