movable_object.barrier 0 0 0 1085.8934390056368 493.192308392983 1099.7729003012962 513.2075260045287 0.396 1.002 2.152 -42.425164229857344 1.1103751264377135 13.811082065582141 1.5702438765174822 1.0
vehicle.bicycle 0 0 0 1391.8865736524706 496.00140964647363 1541.7339181417103 580.7367894225263 1.676 1.157 0.569 -12.05783374723309 0.7977997164267523 9.436296474020551 2.2923739012735433 1.0
movable_object.barrier 0 0 0 1097.315980184273 495.62869017014776 1109.3376681244808 519.827632318549 0.405 1.004 2.147 -35.6639572856185 1.1296223004032884 12.08733028430083 1.5958223304738928 1.0
movable_object.barrier 0 0 0 1515.1651851832676 492.2490018702846 1558.2129411257697 516.4023616389045 0.449 1.159 2.135 -40.7776903068646 1.1298985879859886 35.65084072971365 2.214620031498656 1.0
human.pedestrian.construction_worker 0 0 0 1350.1168231930494 477.9287613360651 1383.2627131705258 522.5519229789136 1.14 1.907 0.617 -35.35814089902213 0.7997341787914634 23.48235460041831 1.5899118108177248 1.0
movable_object.barrier 0 0 0 1111.2766008124245 495.57845489481065 1158.4099226970623 519.4852643831008 0.399 1.001 2.001 -35.74434103363007 1.1320126940737478 13.498961517687828 2.1792743838635014 1.0
vehicle.truck 0 0 0 953.8546313811032 441.0807059726862 1000.7613312009164 492.9156117291362 6.568 3.458 2.877 -58.313134522385205 -0.9719620946162915 10.57121467916638 -2.1738523059267916 1.0
movable_object.barrier 0 0 0 1154.9906547446249 493.8345941244845 1201.003437703328 517.3119280534771 0.396 0.999 2.0 -36.286598855992686 1.0613840211204602 15.639535516559013 2.1927748172823467 1.0
vehicle.construction 0 0 0 1064.7867720307256 470.71508757829525 1297.8114879858142 651.2119144484221 2.552 1.633 1.59 -8.811172152701173 0.7277833998559908 3.895306291209735 1.7251257814742251 1.0
vehicle.bicycle 0 0 0 1396.6122724962645 498.7412554429162 1539.7343983680748 578.8087756605546 1.597 1.126 0.598 -12.379408712196295 0.8295182081450061 9.720487394339818 2.33428853285427 1.0
vehicle.car 0 0 0 597.3345713246681 481.2715182035066 727.5476835866945 535.0147459141418 4.144 1.73 1.895 -28.548843878747068 0.8801002914808767 -5.813164875733734 1.716429571038395 1.0
human.pedestrian.adult 0 0 0 1300.400354850328 464.75042729591667 1371.1274829998354 643.8254076509104 0.466 1.807 0.797 -8.628503043713732 0.7376442051013959 5.380730392650733 2.8533273240047388 1.0
