vehicle.truck 0 0 0 921.3635221245116 435.936917631707 1044.8104818756347 575.7722380556908 6.225 2.776 2.277 -19.53395542444175 0.5355846602488691 3.4680269795781724 -2.160004646838047 1.0
movable_object.barrier 0 0 0 275.0083159696155 531.0420449118614 340.4878218830939 574.1031549070084 0.446 1.099 2.098 -23.78674380216246 2.053236792071922 -15.286976939938702 3.0779867879027556 1.0
movable_object.barrier 0 0 0 425.7842005735373 524.6259717095605 469.1688980022797 557.5387820920491 0.453 1.111 2.115 -30.740265501851407 2.231656305095152 -14.474035706314222 3.053504300331972 1.0
movable_object.barrier 0 0 0 487.4381389710481 522.1443813086986 520.5616685361457 550.3827943260429 0.456 1.102 1.961 -34.97773077681744 2.3382579183750263 -14.037916296629138 3.053504300331972 1.0
movable_object.barrier 0 0 0 552.4327199531824 518.1683769058849 578.5734149261904 541.9168913379906 0.448 1.095 2.068 -41.01095993281434 2.431088412924322 -13.348886942748196 3.053504300331972 1.0
movable_object.barrier 0 0 0 21.46713103327984 541.0281491918037 134.36837245924457 605.3029920935419 0.46 1.148 1.995 -17.095872503950492 1.891066118859842 -15.803916920510673 3.0947696949983072 1.0
movable_object.barrier 0 0 0 531.9919676818926 520.708475073399 559.4753828126215 545.8804017224783 0.456 1.099 1.929 -38.862824571193705 2.4593225717003784 -13.598609389542414 3.053504300331972 1.0
movable_object.barrier 0 0 0 586.6855703863522 516.696155452159 609.2343964830578 538.2604518737014 0.454 1.101 2.091 -45.191766618282564 2.5384586739188553 -12.900842206366933 3.053504300331972 1.0
movable_object.barrier 0 0 0 388.44232007399523 526.5648221324385 435.8003800717519 561.4233994740318 0.441 1.095 1.987 -28.637170832401917 2.1808056156787825 -14.732585544292803 3.0410813331781448 1.0
movable_object.barrier 0 0 0 -105.59658726775218 544.2597841553059 40.544108092642105 619.3812018680879 0.446 1.155 2.059 -15.004115159888109 1.8071313788087586 -15.886640393439203 3.0947696949983072 1.0
movable_object.barrier 0 0 0 461.30168162800095 523.2104603792944 497.3162344354466 553.0504888094284 0.448 1.095 1.935 -32.985621902979126 2.279506330692489 -14.24234840203213 3.053504300331972 1.0
movable_object.barrier 0 0 0 122.2223511970242 537.5421275779066 218.60363140985348 591.8831313547566 0.453 1.099 2.103 -19.3258041358724 1.9456735333685773 -15.67261594094477 3.0699076100200617 1.0
movable_object.barrier 0 0 0 601.4418158128236 515.8084831075988 622.2461065017628 536.0911970605243 0.449 1.088 2.086 -47.35998918442922 2.572296304468122 -12.709030010688625 3.053504300331972 1.0
vehicle.construction 0 0 0 601.4224906675253 497.33480003044923 636.8685048790139 517.6190610580913 3.336 1.759 1.54 -74.9202486206083 2.3625000658112607 -19.42065450471003 -2.309198667731521 1.0
vehicle.truck 0 0 0 922.9583849308548 480.8296306099101 986.1950814796893 549.9365199754952 5.078 2.051 1.832 -27.049999643633573 1.0510854170170747 4.241022623113774 -2.209159736429095 1.0
movable_object.barrier 0 0 0 571.0814126833209 517.4370904790286 595.7434081226726 540.0453574120468 0.444 1.098 2.081 -43.10733367964097 2.4874985429541607 -13.078938779490818 3.0410813331781448 1.0
movable_object.barrier 0 0 0 510.6280805110747 521.0597308374003 540.6724905792723 547.748191233173 0.462 1.105 1.926 -36.915080389495266 2.3850818739074438 -13.83100328242957 3.053504300331972 1.0
movable_object.barrier 0 0 0 330.94770599678435 528.5388254467222 388.9028803626699 567.4602506442878 0.451 1.097 2.115 -26.072078486648646 2.1085482271443223 -15.083433271319988 3.053504300331972 1.0
