movable_object.barrier 0 0 0 543.3170078815218 517.558585947299 569.6115777583807 542.6309830750324 0.462 1.112 1.843 -39.242967637601524 2.3290976316369454 -13.21279052022943 3.047442795089907 1.0
movable_object.barrier 0 0 0 -30.203250361036122 549.1720588470339 105.2929074574165 622.3487408052782 0.449 1.091 2.035 -14.822820319946864 1.8584320557865897 -14.41712639520563 3.107827527329384 1.0
movable_object.barrier 0 0 0 426.252090538311 524.3202531550646 468.14308913400447 558.8611971259141 0.458 1.108 1.912 -29.06999958641645 2.128464865598542 -13.69946754121985 3.067713478289498 1.0
movable_object.barrier 0 0 0 391.71235132476676 525.5967638880195 438.62385379068445 562.3914511584469 0.458 1.093 1.951 -27.125385246336204 2.0634238953692536 -13.851486423421258 3.0800261926753665 1.0
movable_object.barrier 0 0 0 178.17731289680077 538.2730473256995 268.0733809701108 594.0249302198579 0.456 1.112 2.029 -19.057863059784456 1.9524083587570318 -14.219178305471592 3.0660736355362754 1.0
movable_object.barrier 0 0 0 481.3675407221116 520.0199727947685 515.9039543133119 550.0369732041237 0.459 1.108 1.989 -33.14304804890734 2.16265244899396 -13.518931031497125 3.0717387498251423 1.0
movable_object.barrier 0 0 0 249.73500123713987 533.0067573167752 324.48281183931465 582.2197590933603 0.456 1.103 2.06 -21.126121393568173 1.9486245793305532 -14.106137835960643 3.0800261926753665 1.0
movable_object.barrier 0 0 0 304.6578281120152 529.6050740668721 367.36672350930706 573.2822932427979 0.453 1.09 1.97 -23.158944788004753 1.9674153444862674 -14.07783670212325 3.067601669277771 1.0
movable_object.trafficcone 0 0 0 1156.7558524928925 549.1658697230508 1202.4292097607351 611.6098197010037 0.369 0.795 0.413 -11.061421260539065 1.3396995300482615 4.784662054900455 -2.040308975194937 1.0
movable_object.trafficcone 0 0 0 1104.8158443933773 560.7717060768049 1147.5358957763672 632.1366081436572 0.312 0.737 0.309 -8.97733442737758 1.2643329117773203 3.290611204128214 -2.040308975194937 1.0
movable_object.barrier 0 0 0 525.6507895150295 519.2345505619145 553.6082962787998 544.5342181882564 0.451 1.059 1.882 -37.35456411229581 2.2984437896724463 -13.352047360584754 3.0593160294323773 1.0
vehicle.construction 0 0 0 270.13789107329137 495.7984886811843 362.53253329325486 536.837423774755 3.336 1.759 1.54 -37.994370117860214 1.590315618585393 -24.011667840158847 -2.361787603531596 1.0
vehicle.truck 0 0 0 1230.1216413003567 313.4378293013012 2586.7973040654847 991.0184799808159 4.677 2.056 1.853 -4.873739936111255 0.5661010586779474 4.5171060188608285 -2.115145109348722 1.0
vehicle.construction 0 0 0 405.988950336371 473.0344660313941 495.0100913131232 524.4279217225021 4.358 2.685 2.527 -45.811964150319845 0.9401471513208148 -21.332230117832427 -2.190532776448638 1.0
human.pedestrian.construction_worker 0 0 0 527.0554978422934 500.915376765623 540.1848397836925 538.2224227611956 0.379 2.0 0.59 -44.10841221578771 2.053423838353955 -16.110287201210383 3.0120302557080674 1.0
vehicle.car 0 0 0 921.371921109687 494.439283142449 944.9941906662566 516.232889704343 3.395 1.591 1.734 -63.609974160793804 1.8302754337629974 8.151171132835081 -2.1768617901354173 1.0
movable_object.trafficcone 0 0 0 1373.8966887449915 617.0824122732711 1494.9816718030518 775.5648179854463 0.349 0.725 0.336 -4.230774936662456 1.1036852338372172 3.1510715155990403 -2.0929470311515868 1.0
movable_object.trafficcone 0 0 0 1162.0589668416796 591.9811142406977 1244.5899065088558 687.4513332133655 0.411 0.727 0.499 -6.908296209580142 1.3369950338902075 3.1820613570349985 -2.151346067298764 1.0
movable_object.barrier 0 0 0 352.17634501443916 527.890985333314 404.7757575232942 568.0977738171301 0.456 1.1 1.962 -25.15935572091704 2.034338757779637 -13.982635041223503 3.092453028952974 1.0
movable_object.barrier 0 0 0 83.95392810422452 542.652544070287 192.46516878770427 605.3929899897918 0.462 1.091 2.016 -16.894081404061524 1.8867375870230454 -14.359738954647606 3.0908001431895835 1.0
