vehicle.car 0 0 0 630.4812165636351 492.7946287651071 711.8036633491877 523.3889882236572 4.713 1.654 2.012 -49.2217932344029 1.5823410329781438 -9.618959418687847 1.5631130586699067 1.0
vehicle.car 0 0 0 969.032109861129 472.84494779383954 1263.4530846142047 577.5067333208377 4.847 1.691 1.788 -15.23878066340045 0.7818902396839618 5.244778305269768 3.125673735883173 1.0
vehicle.car 0 0 0 912.180457680794 487.6862698305088 1085.6858796176891 548.73813891882 4.468 1.504 1.778 -22.79304425323985 1.0009215772711044 4.6820066922850785 3.1129319736200145 1.0
human.pedestrian.adult 0 0 0 1361.4992181522327 443.40334308822895 1383.7240617951722 478.2783092662859 0.664 1.683 0.581 -40.113440252512426 -1.0310461795884172 26.931437819023124 2.066368531120702 1.0
vehicle.car 0 0 0 -868.4909656988575 510.2510869766835 31.278065983014773 758.2385379587955 4.12 1.511 1.758 -7.412616797466806 1.0903488416387923 -10.36959604769216 1.9873132101341549 1.0
vehicle.motorcycle 0 0 0 1081.8186443402917 500.9065635713 1217.7196540157793 614.5188282608543 2.392 1.37 0.828 -11.2735523795119 0.9722363492668721 4.365476869346451 2.083877147111492 1.0
vehicle.car 0 0 0 1372.2729605602458 473.20414403632543 1529.4163469126652 523.3698596749116 4.075 1.573 1.838 -28.484960780493655 0.5766906754619765 21.794650070463828 3.1308502837045005 1.0
vehicle.motorcycle 0 0 0 994.393360910276 501.1897919984682 1100.708550237598 614.0340862098932 2.135 1.392 0.805 -11.360173334959335 0.9884953938910793 2.9950253183803777 2.083877147111492 1.0
vehicle.motorcycle 0 0 0 1036.3431765801877 487.89788534673943 1292.0630640949341 702.8188668542427 2.417 1.514 0.913 -7.079337786462387 0.8411573415131924 2.7494962874158833 2.147639853013972 1.0
vehicle.motorcycle 0 0 0 1123.5405329323316 477.49964671683455 1371.7924189542678 693.8650581760553 2.317 1.62 0.744 -7.349802445869739 0.8122127586179828 3.6303164047682794 2.146534935174147 1.0
vehicle.truck 0 0 0 826.6023651555954 481.7801868980463 900.273861797347 513.1028807937639 5.424 2.28 2.018 -64.43374777603965 1.2387153839593625 2.716084457866084 2.953341832908966 1.0
vehicle.car 0 0 0 1320.8309626860753 455.1209835049107 1696.4572337015409 570.6392599845867 4.315 1.532 1.751 -12.616284582779194 0.4650779442051689 10.385990932321775 1.5544099395226691 1.0
human.pedestrian.adult 0 0 0 1333.997171106632 444.7127927102915 1355.1457123147045 482.6739457407178 0.611 1.835 0.58 -39.997142400313884 -0.8869733781339508 25.467902429135 2.0563184232434057 1.0
human.pedestrian.adult 0 0 0 1348.6721876674949 444.2725321022998 1371.3862733958722 482.6347155217269 0.608 1.849 0.64 -39.91666811595516 -0.8970864563978665 26.178919035976993 2.066368531120702 1.0
vehicle.car 0 0 0 1426.1826432736166 451.51396502473585 1935.7189247074484 597.4460534977848 4.417 1.498 1.783 -10.032888806167417 0.49328996502072553 10.287085203134891 1.5541773340812384 1.0
vehicle.motorcycle 0 0 0 1392.365046999546 504.6529076197092 1736.1693380246707 677.3879329631087 2.206 1.232 0.971 -7.156327370725884 0.8469695066125686 6.264534384314954 2.100898277435416 1.0
vehicle.car 0 0 0 905.3965006436686 482.9354279515884 1031.8161594879737 531.9768441159159 4.317 1.612 1.7 -29.818360018735603 0.93323064796392 5.067578129461574 1.55451771301166 1.0
vehicle.car 0 0 0 259.3249727781608 495.1016900653333 455.1908626064078 574.4652175282944 4.391 1.886 1.914 -22.32354084983848 1.3901689080525488 -12.816205504098722 2.89729512295823 1.0
vehicle.car 0 0 0 857.2088937009909 483.51877636094457 926.1654384117792 514.2377093054419 4.245 1.887 1.837 -54.367818427712876 1.1430064708753205 4.171927567012567 3.052016516496126 1.0
vehicle.car 0 0 0 922.2398377067952 466.1648813870911 1121.3035896821088 553.1046594298618 4.559 1.951 1.738 -20.42572373771195 0.6891040929795262 4.744620055480914 3.1004899289030705 1.0
vehicle.car 0 0 0 1226.6663660488184 459.5773540806739 1470.5166959409576 548.6045036547623 4.092 1.703 1.767 -17.59975268771906 0.4754339838926902 11.158501384994722 1.55451771301166 1.0
human.pedestrian.adult 0 0 0 409.7568386325906 475.6329266492203 431.53684024786315 526.8952505176336 0.633 1.791 0.638 -28.87455928820195 0.692976923566212 -14.580578128288264 1.8398928436532733 1.0
vehicle.car 0 0 0 895.9401872505542 486.013039889461 985.7003166239627 522.2592471085015 3.853 1.502 1.716 -37.25195891171208 1.0196490674754433 5.088467244032245 1.55451771301166 1.0
