movable_object.barrier 0 0 0 572.6008629350144 516.0221001364581 635.2449649840541 552.5418612134532 1.827 1.066 0.619 -26.378530341009117 1.7004266723300603 -7.337209456697851 1.5956066555310233 1.0
movable_object.barrier 0 0 0 1069.7301993124306 488.8017267732502 1115.6065294459627 513.8846497789287 2.03 1.15 0.666 -40.84145922470962 0.9901072085154183 13.286010281363064 3.0963065635597404 1.0
vehicle.truck 0 0 0 215.3107463976427 507.90443204845343 351.96183161400063 561.7331094027777 6.013 2.598 2.287 -44.90313243526762 2.906169984614621 -30.1873933140387 1.5391414048519216 1.0
human.pedestrian.adult 0 0 0 1017.2058381100649 478.9093632436828 1057.7871675142987 541.4043218439741 0.936 1.856 0.749 -24.881617108046953 0.8699491138310507 6.4055988370174894 1.6193724356794057 1.0
human.pedestrian.adult 0 0 0 865.4572602652103 492.802358296141 879.8266387109253 520.4693397946276 0.716 1.73 0.687 -51.97928754059251 1.5985831397213968 2.78631802648905 -3.085229560140773 1.0
human.pedestrian.adult 0 0 0 961.8458843204238 489.1444114133819 988.7430545316905 531.5223140226693 0.709 1.609 0.648 -31.612554573480327 1.118658414958575 5.703156298472388 2.330654646325951 1.0
movable_object.barrier 0 0 0 758.4900682966955 514.9592351995817 790.934014684473 554.8381155780277 2.025 1.046 0.693 -23.348535536079076 1.5075546774825446 -1.5529635356033116 2.1224736047877517 1.0
movable_object.barrier 0 0 0 1226.8066603851748 479.83421205056425 1273.659167139608 499.9601963206617 1.99 0.921 0.726 -41.84846739914824 0.42399536243247604 21.76198296385429 3.1145056357029937 1.0
vehicle.car 0 0 0 329.71896208816713 481.51396140723983 502.2524321210643 574.2283090072194 4.956 2.17 2.135 -22.39243837746021 1.213945666381835 -11.175462326035982 2.0405158378366304 1.0
vehicle.car 0 0 0 818.778309028505 497.60044705612256 847.0290837487378 523.1875300869315 4.819 1.736 1.939 -60.49336726577027 2.132992056200417 0.27636991082910006 2.1087157397329115 1.0
human.pedestrian.construction_worker 0 0 0 523.2047102645912 493.4386480151624 561.8611472433718 573.8960353366712 0.829 1.78 0.759 -18.753803737323313 1.189984486720942 -6.642883168705785 2.2554097221860463 1.0
human.pedestrian.adult 0 0 0 889.5591072543855 492.83326613758027 905.648310104611 521.1554407225809 0.741 1.725 0.79 -50.786916264662956 1.5840660190292466 4.28825577271727 2.0466306804122336 1.0
movable_object.trafficcone 0 0 0 1406.4286061940456 477.7302428808642 1423.3391788673462 492.87733202291395 0.483 0.733 0.473 -41.08718370001633 0.18135247778070396 29.733486934872758 2.1680934520950927 1.0
movable_object.trafficcone 0 0 0 680.7487481155217 551.5435770635944 725.1430030092707 612.8864322380996 0.536 0.798 0.499 -11.532562661227919 1.420968911061098 -1.7927841473841704 2.0290902540644815 1.0
movable_object.barrier 0 0 0 742.880569303469 518.5356196070159 782.2915086638965 568.8320436555443 1.981 1.078 0.675 -19.33574256041616 1.4481334073968333 -1.5687003437641571 2.12159782244062 1.0
movable_object.barrier 0 0 0 1436.01585334828 466.42875505714505 1487.9257649267204 491.52311416973845 1.977 1.144 0.764 -41.03145519059862 -0.1369941080465863 32.07179653467565 3.1280152737076747 1.0
vehicle.truck 0 0 0 -1346.8801505335325 264.0278896212087 166.1674522441576 771.4564845315459 10.107 3.608 2.853 -11.041412238919666 0.41301399967252594 -14.623726246827655 2.050640081891336 1.0
movable_object.barrier 0 0 0 1109.8984084540223 486.2278398128531 1158.906641832155 510.3828466850817 2.168 1.098 0.647 -40.856515730146945 0.8382848834915823 15.39875358883513 3.1213920559755106 1.0
vehicle.motorcycle 0 0 0 1306.47209607372 454.51069885424926 1390.5189491605886 559.5201061879735 2.229 1.336 0.844 -11.53469666564507 0.34385371749182647 7.362073268534961 1.7629649930820683 1.0
human.pedestrian.adult 0 0 0 986.8758093761978 483.1900402417787 1020.770951779817 535.7676281942502 0.994 1.757 0.674 -28.032458280646534 0.9618983300344603 6.039573910693252 2.1965741652809854 1.0
human.pedestrian.construction_worker 0 0 0 739.04116880595 489.41287539999695 771.0205452471777 548.0724229508447 0.687 1.766 0.626 -25.09340914566911 1.144132530551953 -2.3025156883430324 2.7600096621616013 1.0
movable_object.barrier 0 0 0 715.6449125508477 524.729314349158 763.9069908664582 589.9069850273505 1.991 1.079 0.59 -15.3052265151773 1.388240636071067 -1.6627868200252172 2.12159782244062 1.0
movable_object.barrier 0 0 0 1381.107039535754 470.65331619434164 1431.202210998556 493.9874425508446 2.05 1.081 0.693 -41.895818570689116 0.032269201591238694 29.8595219406958 3.1291317028553234 1.0
movable_object.debris 0 0 0 384.7874892858997 569.6150698080415 458.3409630645075 609.2367364840494 1.428 0.459 0.426 -12.764803860095713 1.6803818808143705 -6.398322610901206 2.046046159143721 1.0
human.pedestrian.adult 0 0 0 1027.20951649643 480.58421867038425 1061.672031681991 539.4702639947393 0.78 1.812 0.72 -25.662689196662743 0.8917643727675826 6.826911650568948 1.6263907215222755 1.0
movable_object.barrier 0 0 0 325.2280232304466 529.5893958665529 371.19608511221514 552.4352897239642 2.219 1.169 0.667 -46.47186043952485 3.3969751596581466 -27.61488836189386 1.5388823587958687 1.0
movable_object.barrier 0 0 0 426.0231498199329 522.8532774065346 492.54520614593514 576.6353643813571 2.175 1.245 0.644 -20.943325334279432 1.7224142374870106 -9.53066929945738 2.0338779091964607 1.0
movable_object.barrier 0 0 0 731.6268385041116 521.6420931992826 774.4113681253327 577.331896991877 1.974 1.054 0.626 -17.280536631288346 1.4116174607880616 -1.6018239685890667 2.12159782244062 1.0
vehicle.car 0 0 0 -123.45241653327373 509.02256244350207 275.871862936071 635.4063355115339 4.663 1.482 1.745 -12.443839713016239 1.207280433524574 -11.012094065672468 2.0405158378366304 1.0
movable_object.barrier 0 0 0 428.83818679023614 522.2485871171868 477.0307249592461 579.7757386044393 2.326 1.221 0.638 -18.81282024565385 1.5856013734336198 -8.772100708247558 2.412693172496491 1.0
movable_object.barrier 0 0 0 752.2575594343875 518.9082206531897 784.4462377194267 564.7844731052055 2.086 1.091 0.677 -21.36346840769324 1.5555458161811624 -1.586405222286164 2.0945216766062567 1.0
human.pedestrian.construction_worker 0 0 0 501.9929371186435 487.9420474547124 551.2980683685219 562.1908070247761 0.851 1.76 0.703 -19.83237220721847 1.057072676296386 -7.414716380220761 1.6413104133611656 1.0
human.pedestrian.adult 0 0 0 356.2974604460137 505.37148710729554 392.0263713332025 560.9862140920158 0.858 2.0 0.728 -30.13293603067858 1.901889083379772 -16.937500067627944 3.1167509055331015 1.0
human.pedestrian.adult 0 0 0 966.7444550437319 478.5416718645771 1006.9185133105453 540.143654756073 0.914 1.905 0.695 -25.78364773699861 0.8807827910001407 5.018664312293141 1.7233246541994651 1.0
human.pedestrian.construction_worker 0 0 0 894.6711110610431 482.5689528745734 928.178508981034 538.4717274578015 0.837 1.746 0.775 -26.275402284962382 0.9320597276855933 2.6616973756728686 -3.0918006538115153 1.0
vehicle.car 0 0 0 140.86567460266465 505.62488975904455 338.5577360057159 584.3902755774246 4.272 1.65 1.706 -20.013788330370605 1.4659305997113043 -14.323118683845143 2.0405158378366304 1.0
movable_object.trafficcone 0 0 0 525.1885261559647 611.7072120206491 621.1882287617091 730.139142781933 0.476 0.739 0.51 -5.899638142843258 1.3611658581309451 -1.8536279230785477 2.0290902540644815 1.0
movable_object.trafficcone 0 0 0 150.60963143265803 561.0811557258963 202.27312581202798 615.8787968006668 0.424 0.734 0.393 -11.791184879950539 1.5470946557263898 -9.50521053889771 2.05079241371258 1.0
movable_object.barrier 0 0 0 755.1866493457353 513.9650379420995 794.1706260062683 554.3796230570737 2.056 1.181 0.613 -25.35631375081422 1.6267101396955992 -1.7301713691203182 1.9086794922738806 1.0
vehicle.construction 0 0 0 594.6967941250987 432.5723267578134 764.1066052655492 581.3057997515647 3.992 2.916 3.016 -18.708790798201388 0.5815950038134328 -3.2610740267820564 2.0405158378366304 1.0
movable_object.trafficcone 0 0 0 350.3536490818051 543.7331669236069 385.1608695611735 582.7835793572714 0.437 0.742 0.437 -16.48654020448912 1.6543970198768543 -9.397050569523625 2.05079241371258 1.0
movable_object.barrier 0 0 0 468.06731212295 520.073203054791 522.4156920802433 565.3141230003961 2.068 1.169 0.616 -23.085430421187716 1.7085222102947621 -9.493861579859484 2.0338779091964607 1.0
movable_object.barrier 0 0 0 1256.9122676104248 478.6656035555555 1303.3853674161087 499.52576146543674 1.967 0.962 0.704 -41.90888934148383 0.3827939404049395 23.343783719862216 3.1313771160413797 1.0
