human.pedestrian.adult 0 0 0 1085.8586121320272 478.49092096295664 1094.2774491887858 497.2658384723375 0.611 1.835 0.58 -80.22247057948597 0.6080271367447269 25.857581919599287 2.054739382843004 1.0
vehicle.car 0 0 0 870.1034113441405 488.5932426576633 944.0110679965984 521.3927361901343 4.559 1.951 1.738 -51.992699623549086 1.49002797548923 4.957810837221479 3.1058411952696225 1.0
vehicle.car 0 0 0 917.7138974607922 489.09193862437877 1039.3106910219992 538.4088281470472 4.198 1.701 1.773 -30.66822660496991 1.19843658942952 5.595247064200244 1.5438743350960058 1.0
movable_object.trafficcone 0 0 0 198.55664147176475 528.6714533092819 223.98706808800677 587.9137092877875 0.315 0.97 0.312 -13.708161940082093 1.2877401388558336 -10.464805315505169 1.7949496867418295 1.0
human.pedestrian.adult 0 0 0 1096.8066114691946 476.953301558004 1105.4542172037495 494.07969833510157 0.664 1.683 0.581 -80.9054099634074 0.376994454606726 27.183583313894623 2.0648854009639708 1.0
vehicle.car 0 0 0 710.5967774346649 498.179234935268 760.224943543633 516.1795536885473 4.713 1.654 2.012 -81.05316442354504 2.539722064613251 -9.41085903606379 1.5537156835861587 1.0
vehicle.car 0 0 0 1002.1759500482954 491.0898714460149 1095.4427127080533 524.4156768410008 3.956 1.467 1.808 -39.09460314505205 1.2494927781056555 10.557501458157823 1.5438757094322515 1.0
vehicle.motorcycle 0 0 0 873.9745095523342 502.84573743667903 903.8411795072368 535.586414438134 2.417 1.514 0.913 -39.29153240560753 1.797449903515108 2.876874735353907 2.146896102215548 1.0
vehicle.car 0 0 0 1219.3580335907473 483.1403664035142 1320.4431764651777 518.1116442578343 3.933 1.588 1.856 -40.093907258382735 0.9368999986967078 21.77379563419217 3.1164329914156106 1.0
vehicle.car 0 0 0 1034.3336633195702 491.44466954749475 1145.1562788894473 530.4553879781888 4.042 1.489 1.794 -34.00438964121971 1.2177296421677792 10.881715258909844 1.5444725391804681 1.0
vehicle.car 0 0 0 1311.8185109992592 478.5448357938103 1458.02923285501 522.1630500353585 4.456 1.579 1.854 -32.43155211218112 0.7497314616898706 22.17346493778235 3.0787351987287286 1.0
vehicle.car 0 0 0 1259.5144075637768 480.2061534521734 1381.7402199441437 519.1413045549887 4.445 1.635 1.766 -37.34248466565694 0.8318592059165004 22.595358868575328 3.066423311044325 1.0
vehicle.car 0 0 0 866.904192647989 493.4950727981842 925.9407036286058 516.4984291290737 4.317 1.612 1.7 -61.59898918039172 1.7656580388439584 5.083325849354619 1.5441257381413118 1.0
vehicle.car 0 0 0 1195.2230742614297 481.9631600408648 1295.5959888507439 517.0191524253021 4.239 1.684 1.846 -42.40447008402228 0.9328422295749995 21.747319923013627 3.105714363546488 1.0
vehicle.motorcycle 0 0 0 893.2639320987444 501.20648523604666 920.0820478257373 535.7880747673948 2.317 1.62 0.744 -39.57773469539854 1.7774037097369864 3.769606721693167 2.1457815335828734 1.0
human.pedestrian.adult 0 0 0 1165.9309760827293 479.8494907874545 1191.8042454443598 528.0616164523141 0.675 1.884 0.741 -32.15418715566262 0.8815519602265571 13.893534199119157 2.5068463149973077 1.0
vehicle.car 0 0 0 526.3082001181663 478.5909406908926 653.1317354863029 580.4648763513496 4.359 2.056 1.807 -18.92416728847922 1.0451593026094952 -5.4293449846735955 2.0892311983527954 1.0
vehicle.car 0 0 0 1047.0088860361216 485.5234238250893 1188.6391598761647 532.5991959656849 4.662 1.606 1.815 -30.660341440724384 1.0261637129608538 10.857197356650591 1.5438757094322515 1.0
vehicle.car 0 0 0 1341.8713444397129 480.275569974543 1506.2137697134808 525.4808243863064 4.477 1.489 1.907 -29.73460750595487 0.7786506639702911 21.73924440546431 3.06294895423245 1.0
vehicle.car 0 0 0 1276.6302933518534 481.22600447317717 1401.8275595981427 519.9198177425677 4.167 1.521 1.888 -35.07116787801209 0.8177654440309909 22.02755748073029 3.1164329914156106 1.0
vehicle.car 0 0 0 849.0933656435843 493.21260114516406 892.1541673823818 512.1444549851802 4.245 1.887 1.837 -86.29586754539125 2.2294491860366934 4.3995709252736095 3.0460125994406386 1.0
