vehicle.car 0 0 0 924.5506243752369 478.94413583367196 1089.7649981344791 547.4229936938453 4.551 1.842 1.762 -24.653390657644213 0.9390092197440869 5.336843266116078 1.5487537532631057 1.0
vehicle.car 0 0 0 679.5907876426851 495.8503301549931 735.9850885187932 516.875383663012 4.713 1.654 2.012 -71.46251649349915 2.1641774773090665 -10.738940609756131 1.559131429510102 1.0
vehicle.car 0 0 0 1086.1253401954352 481.72381442814833 1243.5503416220413 536.8551502037842 4.042 1.489 1.794 -24.93012337953145 0.8363104654983036 10.250483257661354 1.5491232645557185 1.0
vehicle.car 0 0 0 1316.1728936812976 467.57558733968926 1454.471759789188 514.3262107813283 3.933 1.588 1.856 -30.895372183498964 0.35945232376909686 21.15198434785209 3.1205108678099043 1.0
vehicle.car 0 0 0 850.8229841935706 489.37836916561616 905.4718987882113 512.7182162387146 4.319 1.74 1.815 -66.72210304895667 1.5869762632234958 4.003656689677194 1.5489348784093142 1.0
vehicle.motorcycle 0 0 0 897.6073298930163 495.8034569868848 935.0260055670183 542.1133116299006 2.317 1.62 0.744 -29.975376255252822 1.3542645603019525 3.2007200718726296 2.1517841175209558 1.0
vehicle.car 0 0 0 936.6590081204558 479.2517029621974 1116.3899392035664 552.9790099504792 4.198 1.701 1.773 -21.295992439226858 0.8815141106252118 5.103904399896844 1.5488025293164913 1.0
vehicle.motorcycle 0 0 0 875.6597389620621 501.90863298840634 902.1907462581586 536.9646785150095 2.135 1.392 0.805 -33.95844972053874 1.5564586169045345 2.4881042331418484 2.088652636644052 1.0
vehicle.car 0 0 0 1038.148358254258 482.2915866316056 1164.5854062254728 527.6398044676508 3.956 1.467 1.808 -29.684746630312937 0.8434059133688705 9.916560515477725 1.5487537532631057 1.0
vehicle.car 0 0 0 482.740789837783 500.65973203192556 583.1405730327966 546.931961164122 4.12 1.511 1.758 -29.90100216851278 1.4966946785610067 -10.828465619272542 1.9912611235509692 1.0
vehicle.car 0 0 0 1411.9106403157048 466.8072829041537 1592.620809192107 520.8578412904427 4.167 1.521 1.888 -25.993595208990474 0.3931221836844749 21.513870839326565 3.1205108678099043 1.0
vehicle.car 0 0 0 1277.2419694471064 467.29950434847916 1411.0004647776018 513.2016146137729 4.239 1.684 1.846 -33.35952741136919 0.36005552272477714 21.14426106416724 3.097343078248384 1.0
vehicle.car 0 0 0 1113.1892321813657 470.6732495604691 1323.038985867705 540.3778740114413 4.662 1.606 1.815 -21.549242247404138 0.6227387486427332 10.246373247317193 1.5487537532631057 1.0
vehicle.car 0 0 0 1540.4208923977865 461.5667048446375 1804.5883515495268 529.7461480265197 4.477 1.489 1.907 -20.58215300451525 0.3609194655618706 21.266045795051827 3.0671519651042827 1.0
vehicle.motorcycle 0 0 0 872.4883392760102 498.20084969677293 913.6753750337402 542.2676288096266 2.417 1.514 0.913 -29.675083918001878 1.3843228556765208 2.3129109645373895 2.15289700469795 1.0
vehicle.car 0 0 0 859.3097202467819 489.6946529168757 929.3019502692318 517.5334953148048 4.317 1.612 1.7 -52.314233378159734 1.4070535190752063 4.171085347520939 1.5489348784093142 1.0
vehicle.car 0 0 0 1475.5368166889616 459.8556235206223 1698.7824515846141 523.4478564316239 4.456 1.579 1.854 -23.11471237863588 0.2928628968895431 21.505888076591663 3.082901541299604 1.0
vehicle.car 0 0 0 863.4055380319141 481.9180968013115 953.6484881945017 522.6341442415979 4.559 1.951 1.738 -42.96110673218803 1.0849968321635273 4.159796643883233 3.1099440582316893 1.0
vehicle.car 0 0 0 96.7904430681697 449.5713204226739 487.7214933226991 688.1031542398468 4.359 2.056 1.807 -9.416678441602732 0.8204925070281683 -5.715521939320236 2.09531595425398 1.0
human.pedestrian.adult 0 0 0 1279.0496365018967 462.2497878973097 1312.9050294824603 530.4016735376272 0.675 1.884 0.741 -22.945679119424106 0.4144169195986021 13.235070802776267 2.4420264272247874 1.0
vehicle.car 0 0 0 1378.3500060810702 464.0868818064781 1550.6829664807847 517.3572433973543 4.445 1.635 1.766 -28.226583150338595 0.3235868147075805 22.049389920457184 3.07061827043722 1.0
