vehicle.car 0 0 0 1033.6304353482187 486.8772497875923 1162.0424365351093 529.4171640902066 4.662 1.606 1.815 -33.49519600803955 1.0839968066820607 11.047287606390773 1.5453011147330038 1.0
vehicle.car 0 0 0 1253.2729325465102 482.61034995826634 1368.5180634380297 518.2968786695021 4.167 1.521 1.888 -37.591488682552374 0.8697460836542719 22.30513655512046 3.1154873492037707 1.0
vehicle.car 0 0 0 873.7152835216971 488.81204078785197 943.7217880791462 519.6617731750863 4.559 1.951 1.738 -54.770010295120066 1.5183022794168117 5.33923734324603 3.1049029466329525 1.0
vehicle.car 0 0 0 996.4098971380884 491.5579123296144 1083.434008516862 522.5091251104226 3.956 1.467 1.808 -41.6325090035408 1.2936005523210046 10.791881100873411 1.5453011147330038 1.0
human.pedestrian.adult 0 0 0 1135.7655104772223 481.7074967306093 1158.8854352588658 526.0051673718235 0.675 1.884 0.741 -34.94127234460442 0.9535222067788454 13.73612984936579 2.4736480305965216 1.0
vehicle.car 0 0 0 1309.0086851164265 481.2204639145065 1457.590050861783 522.3698518738875 4.477 1.489 1.907 -32.238789447433895 0.8008151590680049 21.967113736367445 3.0620409277332516 1.0
vehicle.car 0 0 0 1020.8102283173207 492.03029562360973 1121.860013733707 527.5621488482046 4.042 1.489 1.794 -36.89800014998127 1.2694821744887301 10.97975132048601 1.5457965879812496 1.0
vehicle.motorcycle 0 0 0 893.7059310452104 500.4322557680683 918.4911096088267 532.727557016476 2.317 1.62 0.744 -42.225531220978525 1.7979994069153424 3.994439858382988 2.145715587007265 1.0
movable_object.trafficcone 0 0 0 315.05580335996507 520.5697696104544 333.60131016164513 569.5223907887932 0.315 0.97 0.312 -16.470281903890804 1.280784975228053 -10.276077821305584 1.7966584570152362 1.0
vehicle.car 0 0 0 719.136062372608 496.61747195620626 767.1333690345873 513.8530392517405 4.713 1.654 2.012 -83.74314239712646 2.4233651404721512 -8.923246115718108 1.5549865639746407 1.0
vehicle.car 0 0 0 919.6052849963569 489.1530412671751 1031.056218506431 534.0104869734712 4.198 1.701 1.773 -33.33447903598566 1.2159394021523564 5.960644881921692 1.545287701951601 1.0
vehicle.car 0 0 0 1177.9592982387214 483.16694422121003 1271.3015666787603 515.7983257469821 4.239 1.684 1.846 -45.08513897303671 0.9896002901904338 21.97389903746974 3.1154873492037707 1.0
vehicle.car 0 0 0 575.9172097021659 479.1109298982578 677.8005654101116 564.5649872573728 4.359 2.056 1.807 -22.065884951106966 1.038825077235097 -5.380365825512955 2.089239499801682 1.0
vehicle.car 0 0 0 506.037797217936 493.56260394843264 586.3856747165441 531.0458240841098 4.72 1.803 1.972 -42.16165814667635 1.5570004813324947 -14.637327039800422 1.9852034401502916 1.0
