vehicle.bus.rigid 0 0 0 855.2545828283734 449.675493294853 914.04041099847 511.9174669464698 10.695 3.309 2.574 -48.893696856784885 -0.019915551307065682 3.155283628631832 2.0895590584659427 1.0
movable_object.trafficcone 0 0 0 938.9105265449125 509.6843953831535 962.7617546265632 540.4662625311602 0.595 0.876 0.639 -24.00493971087924 1.2790878763157885 3.602930618072899 2.140303223674013 1.0
human.pedestrian.adult 0 0 0 646.0096267302064 474.94660365146564 666.3323175935063 514.4549208708322 0.95 2.0 0.917 -41.756028370917676 0.6615606091033769 -8.922808100968965 2.0299939559433886 1.0
vehicle.car 0 0 0 725.5946751578696 487.23063508093446 783.5640489469788 524.6686146021125 4.662 1.423 1.774 -33.79761948406269 0.9564550807767709 -3.0355329043942776 -2.0565197288356813 1.0
movable_object.trafficcone 0 0 0 948.6215044919228 512.8255875415274 976.5114313552863 547.1265828325074 0.605 0.839 0.572 -20.806838105016954 1.2324279093469834 3.4237073883745937 2.0633749811606465 1.0
human.pedestrian.adult 0 0 0 368.281683982293 491.48529665754813 395.3413162287283 528.2191658374062 0.728 1.335 0.655 -30.11251028066522 1.0365805666566725 -16.648729114893367 1.692620794749634 1.0
vehicle.car 0 0 0 1104.9402917684074 456.8251172742535 1217.3792941568772 493.9294499185689 4.361 1.591 1.893 -37.17526027638854 -0.2806618389284936 15.182012879958645 1.5648246895973923 1.0
human.pedestrian.adult 0 0 0 1208.2373846850323 461.5710294609606 1284.5086204535467 587.3349510249415 1.014 1.697 0.901 -11.571013275231612 0.5826139281703505 5.933987552696398 2.3699910943744484 1.0
movable_object.trafficcone 0 0 0 889.6505208601546 500.8205172823902 905.5483360733507 518.9297928501045 0.679 0.83 0.644 -38.40714344376464 1.3298434537049904 3.2422902046058137 1.564691623537306 1.0
movable_object.trafficcone 0 0 0 889.3021324117449 501.1205219668272 898.0178571266762 516.9926552306488 0.383 0.78 0.525 -40.822501587656994 1.3734869790838256 3.2493810032415356 1.5647245788157331 1.0
vehicle.bus.rigid 0 0 0 665.4204971683778 443.16386955350237 743.2118111923436 517.2166837290908 12.088 3.624 2.726 -46.11215662133628 -0.04160823702088656 -6.826299279202375 2.0895590584659427 1.0
human.pedestrian.adult 0 0 0 573.7298564233163 479.07984819297207 607.2866958788092 532.6578594447966 0.929 1.859 0.901 -28.76569644082053 0.8450772420492788 -8.47593228899181 2.092695997314781 1.0
