vehicle.car 0 0 0 -541.8115783571536 506.381994439826 14.070977823831443 646.5133099581857 3.797 1.397 2.03 -9.451214471477874 1.0117239209187934 -12.432790305115368 -3.125976497525488 1.0
vehicle.car 0 0 0 925.1850877589744 484.5057329259833 1015.8624827828213 555.6330002700621 4.92 1.903 1.812 -24.284577198811917 1.082132047162437 4.104259821648347 2.072809684309954 1.0
vehicle.motorcycle 0 0 0 -475.655742202002 533.8115107343001 163.15853149378992 884.3062013858786 2.302 1.314 0.63 -4.455039923475116 0.9973430556417004 -4.9694900246360465 2.094390730214422 1.0
vehicle.motorcycle 0 0 0 -815.6685565763661 506.9578895958954 18.189885334274095 929.7191908654245 2.378 1.544 0.662 -4.225631450802169 0.9190933135826924 -5.7949467046219985 2.0889915723590144 1.0
vehicle.truck 0 0 0 794.1253556650809 476.7346818307276 843.6016657896332 528.1771504344689 6.518 2.729 2.405 -46.50539016771254 1.1699018011899898 -0.49674446778853665 -2.0571061617565016 1.0
vehicle.truck 0 0 0 917.9360485456303 478.65281470768167 990.5384060344556 546.3659939310315 5.74 2.255 2.023 -30.03982575176754 1.0885223583174422 4.511441915588608 2.102261114030955 1.0
vehicle.car 0 0 0 -191.88098510168732 495.3866077600635 238.8188680258249 601.4457151959957 4.698 1.485 2.212 -12.831452765400805 0.980948099598294 -12.505212160373178 -3.116627229863143 1.0
human.pedestrian.adult 0 0 0 535.6157166228795 488.4424128050668 573.2270523446678 547.8975099878421 1.046 1.884 0.82 -26.252195097692375 1.167696150322788 -8.917871862075941 2.825696071427588 1.0
vehicle.truck 0 0 0 942.283778527709 450.3702038091473 1112.3697670458134 597.4633826893884 6.89 2.312 2.238 -16.29157668201788 0.7315021239811459 3.6207937985399994 2.1243139662037596 1.0
vehicle.car 0 0 0 -71.67829664472761 486.26095277582795 424.4613278304151 651.0443093785342 4.234 1.736 2.038 -9.693525725120876 0.9539239598817268 -7.490903375929101 3.1232135638767025 1.0
vehicle.car 0 0 0 179.14448342506597 494.71035188465754 528.4004625579994 610.0073016502954 4.144 1.616 2.204 -12.678257460912432 1.0319764232699598 -7.204382384869462 3.1307085002263815 1.0
