vehicle.motorcycle 0 0 0 671.036111426551 499.42987816011566 709.452285011446 544.9906361618955 2.302 1.314 0.63 -24.990663109835783 1.2154766037109725 -4.264946898841564 2.121506194946444 1.0
vehicle.truck 0 0 0 834.9926359520753 477.79067764823606 868.5444486695407 511.90502992556975 6.518 2.729 2.405 -68.54125177686726 1.0949172802329576 1.975238851963745 -2.0399815325480075 1.0
vehicle.motorcycle 0 0 0 640.5574443025625 493.56102091761704 683.0324203759942 546.9051626000646 2.378 1.544 0.662 -24.793778060442346 1.1381421143915902 -5.098844766740822 2.1160697907439703 1.0
vehicle.motorcycle 0 0 0 562.9737744441181 504.2108447840302 623.3912364572843 557.3206995980034 2.267 1.258 0.725 -20.958203780155774 1.230442255617605 -6.071817337954275 2.1295854842887962 1.0
vehicle.car 0 0 0 621.3692274390501 490.4216873347333 733.646855737335 532.119172118623 4.144 1.616 2.204 -33.29651970683318 1.1853374156229792 -6.169963386816348 -3.1251572847450255 1.0
vehicle.car 0 0 0 457.7772739495851 493.3080463343518 581.2830651234357 533.1909793096223 3.797 1.397 2.03 -30.286006450610962 1.1494217239439921 -11.522636176853288 -3.0987634757252884 1.0
vehicle.car 0 0 0 -205.3320608156097 485.88515677911676 190.3060608839278 596.051227986078 4.38 1.535 1.962 -12.72007615132793 0.8592731989748268 -12.953549365760578 -3.091935614075874 1.0
vehicle.motorcycle 0 0 0 561.2665780756664 501.91031308672694 607.4963446513426 546.3865500981041 2.168 1.282 0.644 -25.027693856566316 1.2799532115221948 -7.541789508861372 -2.0589109919068127 1.0
vehicle.car 0 0 0 1242.4265750226766 482.33716861995623 1388.459444543353 552.1041034313532 4.981 1.752 1.896 -23.106248598476384 0.9315125934695048 13.64849529941469 2.183392438214886 1.0
vehicle.car 0 0 0 588.6718895712652 488.10381900179544 714.7594026535513 537.2277950555164 4.234 1.736 2.038 -30.325086003817283 1.129691588477439 -6.575296941438388 -3.132622940081564 1.0
vehicle.car 0 0 0 485.723944204393 489.1920505266513 618.1119922481951 527.4078349323736 4.698 1.485 2.212 -33.6613078071131 1.0768140916276228 -11.45993941039566 -3.0894528913680883 1.0
human.pedestrian.adult 0 0 0 611.848217437355 484.1623717555575 633.9671049012854 517.6624519569872 1.046 1.884 0.82 -46.15750925081803 1.08674364558235 -11.761944182386218 3.113695604189635 1.0
vehicle.car 0 0 0 1134.8898338874676 477.9414921141532 1402.3413690883212 710.480393900564 4.33 1.681 1.823 -8.19982928029477 0.8440743438010598 4.365778312290881 2.386204810795644 1.0
vehicle.car 0 0 0 1553.269614119831 475.30955904252903 2032.2997223501163 677.5335129985716 4.166 1.768 1.92 -8.66651559875625 0.8624765399007969 10.246913767229744 -1.5872173710756305 1.0
vehicle.car 0 0 0 347.1945346078232 493.2318624582716 611.043015700895 575.2602856506104 4.637 1.558 1.992 -16.921809322934127 1.0420299152797567 -7.170717504356539 1.5585844308752046 1.0
human.pedestrian.adult 0 0 0 1421.196935850288 477.29727561107666 1513.1584514332935 624.9302957972518 0.72 1.794 0.653 -10.276060650326054 0.8488958699469195 8.077604823724807 -1.99402037901653 1.0
vehicle.car 0 0 0 216.64157786573608 491.7435378207177 438.7953410753213 555.9780250947147 4.397 1.455 1.922 -20.040354575977354 0.9959732731116703 -12.317985934352524 -3.0756753104613344 1.0
vehicle.motorcycle 0 0 0 619.8983094849139 506.49605681805434 668.4175363581213 556.230473407726 2.166 1.167 0.577 -20.815998367527747 1.2413856385759903 -4.728563131562717 2.1295854842887962 1.0
vehicle.truck 0 0 0 908.8310988899724 473.42623222411225 964.5409241112454 530.6385452384509 6.89 2.312 2.238 -36.47269037749793 0.8683009323615922 4.79097761927838 2.151623259757515 1.0
vehicle.car 0 0 0 -69.24061831300459 495.9556928858904 443.3184904061852 652.0913709344209 4.546 1.545 1.964 -9.451015888626713 0.9647950014393574 -7.243506445778871 1.5596146563386508 1.0
vehicle.car 0 0 0 1090.8305091745315 489.73834459659105 1184.8921231539257 547.4724782651602 4.434 1.499 1.847 -23.60197540084646 0.9994281444067561 8.865598539567852 2.200141835276238 1.0
vehicle.car 0 0 0 1441.8856547929213 493.3865802104114 1664.6671945394853 546.6421344974722 4.866 1.431 1.806 -24.65521812473902 1.0874983559493088 21.76718853469671 1.9391285011513677 1.0
