vehicle.car 0 0 0 292.7844552473664 510.6184866781323 648.1388142839527 625.0682086711505 4.518 1.466 2.088 -12.435804837088579 1.2440130330258519 -5.278091646706154 1.543212280642651 1.0
vehicle.car 0 0 0 389.7971857663752 504.6682291981046 675.4835483705069 601.7774564266325 4.524 1.555 2.058 -15.017865674235917 1.2624944618191507 -5.3250945195917305 1.5433462054597458 1.0
vehicle.car 0 0 0 77.36714392841107 515.6050547117127 225.4345756105922 560.5949955187982 3.965 1.513 1.913 -30.61306864296201 2.1022916769909976 -25.552528637680876 1.5432101221696586 1.0
human.pedestrian.adult 0 0 0 385.3974057249081 502.81505485070846 404.9684992204159 535.2612218588115 0.66 1.745 0.65 -44.28337965810119 2.0339512950303233 -23.74953935830212 1.5649775428366324 1.0
vehicle.car 0 0 0 627.3464375989197 502.4308588077611 759.8599018749679 545.2750065914037 4.756 1.499 2.069 -31.64029555182753 1.6207513561062163 -5.227370611307133 1.5443241207439469 1.0
vehicle.car 0 0 0 307.23635175460026 508.5881065484353 391.5427617549352 539.9979555438875 3.966 1.699 1.932 -48.20130324434174 2.5055379410391683 -28.54667911108065 2.6153983521627397 1.0
vehicle.car 0 0 0 182.03055884835123 498.82569956695414 596.7809872092932 653.8828270169046 4.1 1.649 1.964 -10.083817799286173 1.0965167110807448 -5.258913298974353 1.5445242961091044 1.0
vehicle.car 0 0 0 -161.77744773525194 514.9115420156551 185.30518829975043 609.0376539360722 4.495 1.502 2.04 -15.150147472575561 1.4442605694513038 -15.096796193709029 -3.1045119768388663 1.0
vehicle.car 0 0 0 -335.0406036516289 520.8245105655155 78.06531388900737 631.6153733073893 4.503 1.49 1.969 -12.851877239298872 1.4433001727529422 -14.999574732740856 -3.0669951077214916 1.0
vehicle.car 0 0 0 -2487.5641719149817 519.0253749805559 296.57080199063876 1252.1448405958804 4.898 1.504 2.204 -3.000017567276777 0.9754242756318676 -5.160730331711046 1.5432586207580279 1.0
vehicle.bus.rigid 0 0 0 776.4278632000533 445.8871200005511 923.2948077538241 493.3041139314103 12.727 2.909 2.827 -61.20313883405292 -0.773252691276471 1.2299848606869384 -2.5538609185505594 1.0
vehicle.car 0 0 0 12.445493644813562 514.2452476933132 186.2564882301772 562.5708916085114 4.173 1.485 2.053 -28.236398424979193 1.943375146036744 -25.353457768029898 1.5432101221696586 1.0
vehicle.car 0 0 0 -82.16461387892734 497.59183622865817 556.0176879095359 710.2428340019977 4.511 1.622 2.084 -7.639604072376211 1.0276368765937036 -5.20565144033125 1.5438083915051921 1.0
vehicle.car 0 0 0 466.37375599459295 512.1871336799383 697.1471025128237 586.4547419311924 4.376 1.36 2.104 -17.494973678550647 1.4052342794378143 -5.184388160720267 1.5434891715342332 1.0
vehicle.car 0 0 0 566.7762066528255 494.4925834811223 742.3147543884604 558.6259732201806 4.844 1.729 2.086 -24.505202595814815 1.3253428825608822 -5.175792100125547 1.5432546061416854 1.0
