vehicle.car 0 0 0 589.1774529932013 492.2054855552662 745.1186996753439 545.3138114680971 4.524 1.555 2.058 -25.712293536883763 1.141333147712228 -5.0516048032559056 1.5647434361349593 1.0
vehicle.car 0 0 0 62.07946313939623 494.64990152128127 288.2873834219284 566.8267711425543 3.816 1.528 1.862 -18.5390494057792 1.0886099053174023 -14.881528398853437 -3.0628724813222608 1.0
vehicle.car 0 0 0 -258.36646241163135 503.5188096275311 106.5634095536693 608.2658807316063 3.832 1.549 2.011 -13.767270204938793 1.1885159733922823 -15.148771800995936 3.108923880419127 1.0
vehicle.car 0 0 0 539.8115893345619 492.5388753287818 720.6192337651654 562.0563994302325 4.1 1.649 1.964 -20.774766796897413 1.1307476730330235 -5.011634318591834 1.5656711797267118 1.0
vehicle.car 0 0 0 355.2873925337686 498.26641961747845 694.7066157418725 600.8022918236262 4.898 1.504 2.204 -13.679165933015753 1.0742831473082952 -4.909276427750519 1.5646999030282611 1.0
vehicle.car 0 0 0 274.33744268784494 492.8380897978551 451.26081793325574 543.6993327013761 4.495 1.502 2.04 -25.89907015883131 1.1378864038990217 -14.824464037556448 -3.111490365788903 1.0
vehicle.car 0 0 0 43.05396587417089 497.32463105011846 214.5114287175978 542.2798052367305 4.52 1.503 1.942 -29.456683948197576 1.3559910954513668 -25.390511617859694 1.5646999735272962 1.0
vehicle.car 0 0 0 490.67030013127567 494.3304521892062 717.0537107828708 573.266826916964 4.511 1.622 2.084 -18.329776062162445 1.1303376295566712 -4.968389215694525 1.5650788042495343 1.0
vehicle.car 0 0 0 659.2433981276351 484.18294675525425 777.4201767752569 526.4847690916091 4.844 1.729 2.086 -35.18272037652295 0.9996442720226291 -4.744130027786331 1.5646985654829377 1.0
vehicle.car 0 0 0 223.55166780371948 495.7592814607854 417.6098200556226 551.1308961130142 4.503 1.49 1.969 -23.600846128118082 1.18790859175553 -14.739829024857604 -3.074364932394312 1.0
vehicle.car 0 0 0 562.525670348983 497.2356708159022 736.7005185435589 553.936310141337 4.518 1.466 2.088 -23.130015396074498 1.2142011291261217 -5.018080770338663 1.564697859248783 1.0
vehicle.car 0 0 0 27.43371078713618 504.3841741544231 614.0873730207558 678.8488546506852 4.931 1.528 2.124 -8.682128253226502 1.0584326737753593 -5.055057734008718 1.5647084864806269 1.0
vehicle.bus.rigid 0 0 0 785.2220362084385 443.6100262674292 901.7456723644301 480.65212499330676 12.727 2.909 2.827 -72.93771156277792 -1.6440434614201478 0.9987540641874522 -2.5237870050746167 1.0
