vehicle.car 0 0 0 607.4864394645326 482.30946332343325 748.9129777157032 534.1824943823385 4.844 1.729 2.086 -29.969622470823534 0.9563316388514509 -5.496960235431508 1.5593477926097776 1.0
vehicle.car 0 0 0 -17.28475080233225 493.4631435975654 596.4515753479762 674.7783791475425 4.898 1.504 2.204 -8.464566161488406 0.9387170123519812 -5.205075228526719 1.5593472133653492 1.0
vehicle.car 0 0 0 456.7824198275925 494.40487752516094 690.9048907178609 570.9914424794805 4.518 1.466 2.088 -17.90558809166062 1.073048947066402 -5.489113685997144 1.5593773094701788 1.0
vehicle.car 0 0 0 -1867.4913932793438 501.09476330164716 338.8015219935403 1094.1384905105526 4.931 1.528 2.124 -3.459336974298465 0.9221313156915673 -5.233897066921975 1.5594002789723458 1.0
vehicle.car 0 0 0 97.0542519206768 495.20953923210385 336.17801557594856 562.8148994184949 4.495 1.502 2.04 -20.470475928568572 1.1528550644256075 -15.350736644096656 -3.1162883909578856 1.0
vehicle.bus.rigid 0 0 0 768.1963545616394 437.8795499152789 902.502957525507 480.7812241759591 12.727 2.909 2.827 -66.78270236006696 -1.7195793252998428 0.21172889431786318 -2.5696096007438474 1.0
vehicle.car 0 0 0 285.25058147844953 492.75940448165926 429.9825097603787 541.2703219859593 3.829 1.495 1.828 -27.575839008899557 1.1712396621091135 -15.984304717184708 3.1363149252750135 1.0
vehicle.car 0 0 0 547.2037714670645 496.0072993350442 717.3825874964184 551.1552720119302 4.376 1.36 2.104 -22.952064969090845 1.1440904636874976 -5.458811400963495 1.5599626314078527 1.0
vehicle.car 0 0 0 -301.7005393447935 506.3146907306733 56.19853657045796 615.1417735001394 3.816 1.528 1.862 -13.10936045755777 1.2260999363756304 -15.251846749875277 -3.0675383553485887 1.0
vehicle.car 0 0 0 646.5789111068549 487.37336451961835 758.7364109720969 523.636471789468 4.756 1.499 2.069 -37.12002060899825 1.0703549043522729 -5.738534572876881 1.55997427046771 1.0
vehicle.car 0 0 0 11.988270785116642 497.38498329898744 281.78478324078253 573.0489820566277 4.503 1.49 1.969 -18.173034082630867 1.1603510136791444 -15.18458979555878 -3.07906231824707 1.0
vehicle.car 0 0 0 318.9536376829278 486.3199571741091 653.9868677463652 602.6659977369202 4.511 1.622 2.084 -13.108111591163887 0.9473377708325373 -5.341502956878296 1.5596099588895118 1.0
vehicle.car 0 0 0 502.65501741976686 488.5660396875742 704.7267184840547 558.1411102672138 4.524 1.555 2.058 -20.48704627563924 1.0098111203884126 -5.577276159003639 1.5593596592382042 1.0
vehicle.car 0 0 0 413.2130957721227 485.3625346666343 665.5918729929966 582.3714956857139 4.1 1.649 1.964 -15.551788778830412 0.9515022643916097 -5.42784216854558 1.5601250659600563 1.0
