vehicle.car 0 0 0 267.0487438793055 488.16120935208374 415.730294272038 539.5479963899869 4.545 1.773 2.054 -30.477643454343095 1.1654960650949158 -18.200440154123463 2.2635934083947307 1.0
vehicle.car 0 0 0 435.9177521845706 486.3265746832506 493.70011199087236 514.0098568925547 4.89 1.81 2.019 -55.75707354698992 1.266674540812336 -25.01851210351175 2.0396095127143603 1.0
vehicle.car 0 0 0 337.0661986286825 491.5310172870386 473.5447400919182 539.6489054437164 4.502 1.638 2.011 -30.12600317091233 1.2129530121607366 -15.615224892439453 2.219592188123131 1.0
vehicle.truck 0 0 0 367.49571928554076 480.5569808788627 487.2167625916668 520.3759285258348 6.505 2.278 2.08 -48.2000402497213 1.0957557078730593 -23.913257157121567 1.5602948610584644 1.0
vehicle.bus.rigid 0 0 0 54.44970010122573 457.06024519694665 238.89260002464312 519.1835937314904 11.043 3.539 2.783 -48.9554526821675 0.39149833188955785 -41.30886529841052 -2.9466986409376172 1.0
vehicle.truck 0 0 0 476.6963592899949 484.26784292946496 565.394154328722 530.5662799993834 5.123 2.013 2.085 -38.01273516043496 1.18035137165194 -14.336119088185226 -2.0715143587054214 1.0
vehicle.motorcycle 0 0 0 111.49673567348917 508.97419438066675 233.28013426857567 574.7729510401715 1.968 1.242 0.541 -16.59083150583924 1.1900334720989345 -13.399420593389785 2.2400413689751097 1.0
vehicle.car 0 0 0 691.7035370047282 494.65147849898847 754.8678255791506 517.4157555877729 4.521 1.622 2.049 -59.62850000940042 1.7826603077761987 -7.78746289475962 1.5524468799199411 1.0
vehicle.car 0 0 0 846.7545069701932 495.4080997698653 880.5873346911177 513.3499532164838 4.555 1.501 2.098 -70.52880459786648 1.9572123591944979 2.959264814641517 -2.1763659920246976 1.0
vehicle.car 0 0 0 224.82726424712666 489.64062043143355 375.1129414577328 536.6108737115457 4.571 1.688 2.059 -31.665750624019342 1.1866654199929294 -20.54152926216211 2.2914442228156098 1.0
vehicle.motorcycle 0 0 0 80.44720689383844 521.2827330210349 203.41578477319334 585.9729991481803 1.951 1.213 0.569 -16.88281312884836 1.4578486279017828 -14.272117433161341 1.935782226870117 1.0
