human.pedestrian.adult 0 0 0 399.96713465524533 503.0686002051978 418.6743633545177 534.2269452248975 0.66 1.745 0.65 -46.12930246266812 2.0973788287896937 -23.934101438778693 1.5753962040480003 1.0
vehicle.car 0 0 0 440.3213708706068 503.7947320086747 688.7036105153753 589.0600903007611 4.524 1.555 2.058 -17.008653522612754 1.3028839757716348 -5.406235500182758 1.5435517476360232 1.0
vehicle.car 0 0 0 501.792229215394 511.29822697195266 706.1968428405147 577.6745726104625 4.376 1.36 2.104 -19.479932595438235 1.4599032281905906 -5.273575413550666 1.5438197691654203 1.0
vehicle.car 0 0 0 368.59206662808236 509.3030532076893 667.7782716260919 606.8621687858952 4.518 1.466 2.088 -14.426671187770076 1.2926066038378172 -5.344765196895259 1.5434582861555413 1.0
vehicle.car 0 0 0 -47.04048611545904 512.2493201633106 251.0198470973686 595.0887030974312 4.495 1.502 2.04 -17.087723310884858 1.4671194676013464 -15.179089416609031 -3.107598615741505 1.0
vehicle.car 0 0 0 60.91143196367291 513.2944703180472 221.15336619934274 558.5874095893698 4.173 1.485 2.053 -30.116907204514384 1.9848882597551198 -25.50711795761584 1.5434581269781775 1.0
vehicle.car 0 0 0 117.79543957022942 513.8982055369266 255.37839353138708 556.2377817789569 3.965 1.513 1.913 -32.49330547920259 2.1128014808809263 -25.720001606402562 1.5434581269781775 1.0
vehicle.car 0 0 0 -198.1395995509204 520.8272404298322 32.61181034246817 582.2381257648049 4.346 1.5 1.986 -22.84752334378244 1.9330456652099945 -25.61262450110532 1.5441593975459078 1.0
vehicle.car 0 0 0 583.0923485537018 494.7543556236511 744.5821099725865 554.0736828071027 4.844 1.729 2.086 -26.49441642788673 1.367540202799136 -5.308712799044174 1.543481346287102 1.0
vehicle.car 0 0 0 -177.47382894304042 517.2534262733692 168.82088670620138 612.691861916394 4.503 1.49 1.969 -14.789569466432905 1.4709817470773356 -15.05841220240339 -3.0700848703360233 1.0
vehicle.car 0 0 0 292.6383590985462 499.5356821923334 628.9750421241954 627.4174224535255 4.1 1.649 1.964 -12.074174612771593 1.1503696246661157 -5.314790100963355 1.5446230110932344 1.0
vehicle.car 0 0 0 123.69336343953924 498.4971551373576 604.1830117706328 662.7334949868803 4.511 1.622 2.084 -9.63086617870253 1.078635186027153 -5.246000084825489 1.543958499312085 1.0
vehicle.car 0 0 0 635.4170913095885 501.63711480861724 759.7549097723129 542.0271948388347 4.756 1.499 2.069 -33.633914926533436 1.642403357808421 -5.399539193000917 1.544435375282613 1.0
vehicle.car 0 0 0 -773.7374907133428 513.278650115719 469.30996045148146 865.4280765342448 4.898 1.504 2.204 -4.990276011989337 1.0266338902978454 -5.1692357060578225 1.5434841343788257 1.0
vehicle.bus.rigid 0 0 0 773.65183514943 447.7844547886848 915.7504019864017 493.60318662468256 12.727 2.909 2.827 -63.2287055575359 -0.7255518521601276 0.8918769139423829 -2.5568819116462054 1.0
