vehicle.car 0 0 0 365.46358254298895 497.56555957380203 492.45371468388595 542.6961728736914 3.816 1.528 1.862 -30.205834394748297 1.4107944005311972 -14.883726119460167 -3.0509906986197253 1.0
vehicle.car 0 0 0 718.0527879728544 488.8468541956377 793.7142596544442 513.6505866484024 4.756 1.499 2.069 -54.02237229444999 1.2895059689246728 -4.853108611627821 1.5582823984437626 1.0
vehicle.car 0 0 0 402.8139716211014 496.9430888926897 519.2657994133448 537.6304209293372 3.82 1.491 1.916 -32.82475768375938 1.4166913644692278 -14.868428012016366 -3.11221218959718 1.0
vehicle.car 0 0 0 -94.86298918629869 513.3515541096872 81.35296810003562 563.7520635849722 4.199 1.484 1.994 -28.509318591283176 1.93288244788393 -29.269818472820184 1.696852864226532 1.0
vehicle.car 0 0 0 654.5428262654262 495.2739748500395 767.0684679941215 533.5066824025722 4.518 1.466 2.088 -34.78838114020225 1.3762983603243852 -5.016425356387258 1.5569702652542512 1.0
vehicle.bus.rigid 0 0 0 768.5623299648281 454.42489308140136 853.0455966177045 485.37736096139645 12.727 2.909 2.827 -89.67400258736534 -1.224659599547295 -2.2749414425738963 2.44461996746967 1.0
vehicle.car 0 0 0 120.3615297231735 500.8068328931633 329.6806778806769 568.5167928066401 3.855 1.505 1.916 -20.324003867294355 1.2916026180247213 -15.064338260977022 -3.0882464279799535 1.0
vehicle.car 0 0 0 701.9989180726828 485.4990781095648 789.9860078772842 518.3587123473446 4.844 1.729 2.086 -46.829564372976634 1.1542191004607045 -4.759504829585813 1.557042867357442 1.0
movable_object.trafficcone 0 0 0 1329.9554164754202 514.3547723183083 1377.4258720223245 591.6315529461575 0.345 0.904 0.3 -9.830405267107848 0.8563361299624467 6.367627199580589 3.036751664907805 1.0
vehicle.car 0 0 0 450.99966001664524 495.08394148599973 566.0312735149212 531.0922529597221 4.495 1.502 2.04 -37.56636852340707 1.432166097629578 -14.821383586521888 -3.09978753491904 1.0
vehicle.car 0 0 0 513.2617913120698 492.3374235722695 731.715422417314 562.2082206880702 4.931 1.528 2.124 -20.342223040257416 1.0967795223046606 -5.0488347777211455 1.5569517543364348 1.0
vehicle.car 0 0 0 583.7410054862161 490.48328416569314 755.0257422878942 545.1442927479051 4.898 1.504 2.204 -25.331071045319035 1.0935745092253222 -4.886417690306748 1.557048790942484 1.0
vehicle.car 0 0 0 428.3474719679888 496.6731131332337 551.038022412139 534.75271569071 4.503 1.49 1.969 -35.26780042422917 1.4600799700197256 -14.738175959646956 -3.062524865950035 1.0
movable_object.barrier 0 0 0 1302.2743409052396 502.74182877189844 1749.086277911318 703.5860406410605 0.58 1.082 2.213 -4.943968136240476 0.7023279886175742 4.178217996512349 2.080831376731738 1.0
vehicle.car 0 0 0 646.3261075647832 489.3072603622308 758.8382831299771 534.4351197591825 4.1 1.649 1.964 -32.43509342818859 1.1845729603102098 -5.015863685183487 1.5584998539961417 1.0
