vehicle.car 0 0 0 -318.3184092305094 519.3087875107784 111.81273577559439 631.6540729176478 4.549 1.534 2.123 -13.332703469572031 1.4646432361820136 -15.062303579665308 3.1390408408809654 1.0
movable_object.trafficcone 0 0 0 1074.5333766184783 510.5339704069387 1108.5991614319487 557.8942734691938 0.505 0.948 0.497 -16.77311410304612 1.0790222511697585 5.43250022834898 3.134895452852561 1.0
vehicle.car 0 0 0 738.0815378936312 493.0051267684266 802.2075051166607 516.9177895513852 4.844 1.729 2.086 -63.45583762533869 1.8123223208723216 -4.591613026646145 1.547298199155973 1.0
vehicle.car 0 0 0 663.3771460621298 496.4603522665325 777.6805234673643 533.5619362364338 4.931 1.528 2.124 -36.98539509928666 1.4994622811283391 -4.891307989078516 1.5472079211622773 1.0
vehicle.car 0 0 0 -456.24304251561307 499.5257806192838 396.67390357037095 799.4716105274063 3.841 1.603 1.82 -5.5347749650691025 0.9703204374050475 -5.375900686471758 1.5471968415679918 1.0
vehicle.car 0 0 0 323.0173449790084 485.5865670104682 669.6856275914279 607.5778864810277 4.747 1.718 2.229 -13.275733416155743 0.9984904278584212 -5.225918320216317 1.5473195084585667 1.0
movable_object.trafficcone 0 0 0 979.192255416358 511.6691197546487 1001.8242302579087 563.6572018984845 0.353 1.043 0.386 -16.633613995544625 1.1431014035120493 3.3124805156477115 2.0265942713855614 1.0
vehicle.car 0 0 0 687.0277899422341 495.9736693642 786.84918474598 528.0757630318124 4.898 1.504 2.204 -41.963180699086905 1.5528737537513426 -4.718095007425606 1.5473041025835474 1.0
vehicle.car 0 0 0 -20.3545678697589 478.6180696317099 567.6340135918206 698.1412513616939 4.302 1.75 2.038 -7.875597282917798 0.9225160376884816 -5.037711958644909 1.5472579302015106 1.0
movable_object.barrier 0 0 0 945.2094973424286 501.3568391538899 1033.768202238924 544.5859474718305 0.58 1.082 2.213 -21.559976181881012 1.0889885604812293 4.254346965445274 2.07536683563296 1.0
vehicle.car 0 0 0 535.5055700711464 489.52515245399485 612.6831213612573 517.9911797564081 3.816 1.528 1.862 -46.88952880658966 1.271162958015178 -14.749075734715996 -3.0507529911308424 1.0
vehicle.car 0 0 0 222.2501720364147 490.3400667151747 617.386527798313 641.2894911820993 4.194 1.699 1.924 -10.623393138453697 1.0239550989618353 -5.144018370244804 1.5473195084585667 1.0
