vehicle.car 0 0 0 429.6404248781842 482.3068238543157 709.8419764757987 584.9538441878442 4.287 1.663 2.073 -14.458389897539057 0.8692907211663554 -4.480255908148466 -1.5716994959914476 1.0
vehicle.car 0 0 0 337.43142723039534 471.61131449679937 691.3409639323567 599.2536148146112 4.337 1.666 2.107 -11.872230892141825 0.7260921772048693 -4.413616761917768 -1.5713298791895625 1.0
vehicle.car 0 0 0 853.7569304779604 477.16010937382777 976.2115292073186 574.9799144843515 4.438 1.616 2.02 -15.754604247733168 0.7436846506852479 1.5384107609244273 2.129802860011594 1.0
vehicle.car 0 0 0 -792.0150211563546 493.7994706295966 462.06735746481957 847.2705256568995 4.831 1.51 1.94 -4.57531782203141 0.8670375932364125 -4.934755934263213 -1.5708409926137117 1.0
vehicle.car 0 0 0 612.68804855325 482.5688925799995 783.6016634221577 541.4676287204617 4.611 1.63 2.004 -23.98670139185376 0.8695605517744961 -3.8075999823575133 -3.052725693334331 1.0
vehicle.car 0 0 0 1111.763871249481 475.179905351635 1275.0512038121292 530.4267693084332 4.453 1.711 2.142 -26.86472159688022 0.6744986275679368 11.968972000972188 -3.0899007050908534 1.0
vehicle.car 0 0 0 -318.7163120035464 485.196519475533 103.24849185829414 589.3417492207121 4.478 1.482 2.09 -12.96063867827096 0.8285126072486078 -14.762563063189353 -3.098366654791575 1.0
movable_object.trafficcone 0 0 0 1088.5980239216783 524.1105574374925 1119.1073706121329 564.7684779287132 0.41 0.689 0.44 -14.451443680530602 1.1138895862190257 4.900104060705907 -3.0809408927422943 1.0
movable_object.trafficcone 0 0 0 604.2362916173441 556.1054525956744 643.5909782413913 621.8184341883546 0.345 0.724 0.39 -9.581194943079488 1.2614451203752821 -2.426278716606189 -1.5710860948923857 1.0
vehicle.car 0 0 0 519.4998169667731 485.579946303975 750.4649504506496 568.7066155470737 4.27 1.588 2.095 -16.99339358840139 0.9057763350004446 -3.9488068632746995 -1.5716994959914476 1.0
movable_object.trafficcone 0 0 0 1160.888220821329 551.2987372015248 1214.8202432672965 620.5616404089537 0.412 0.73 0.458 -9.262289384716148 1.1825324075216306 4.0970991682471976 -3.114584807771915 1.0
