vehicle.car 0 0 0 1071.6309247068818 484.44952389749756 1621.6512918518356 660.4819217863876 4.501 1.483 1.738 -8.297718953885703 0.8458072851905089 5.024428967061363 -3.141310447691705 1.0
movable_object.trafficcone 0 0 0 643.8448699877215 544.7274902350624 668.8174225634273 589.6734875604999 0.294 0.772 0.364 -14.521882083115408 1.528716822525657 -3.100511272999199 -2.0519366343447585 1.0
vehicle.car 0 0 0 164.6018433152616 502.73276522383105 379.4598477739867 569.9934266710204 4.554 1.629 1.863 -22.047984695564395 1.447556968885024 -15.059686058286314 -3.1235755028278707 1.0
human.pedestrian.adult 0 0 0 513.5077444999713 554.4534861341494 597.6536538019067 632.590107658702 0.855 0.898 0.717 -10.45249402659776 1.424342528091934 -3.5151699906614127 3.118270092254729 1.0
vehicle.car 0 0 0 642.217864765032 498.4992794653245 767.6729631881454 542.6435615998362 4.463 1.535 1.99 -31.25477293106466 1.4753599936733477 -4.730234844477009 -1.5475883238622519 1.0
vehicle.car 0 0 0 763.9337839234648 496.83031708702896 816.1822749939779 517.5565381481707 4.49 1.698 2.189 -72.05177236747718 2.254720953277618 -3.4527155765217823 -1.5469150425411922 1.0
human.pedestrian.adult 0 0 0 208.06483379905364 571.9147602688357 304.72604742388893 652.1289974512914 0.868 0.768 0.566 -9.195062950716117 1.4559248983342115 -6.483886993559637 2.745386143213306 1.0
vehicle.car 0 0 0 -164.3383789641493 513.0819170082955 153.8400515830615 603.694107291178 4.072 1.448 1.839 -15.01567811931151 1.372400486902336 -15.316249346396793 -3.1019707997648176 1.0
vehicle.car 0 0 0 970.799220756911 489.81711765316095 1215.5324587046337 585.5717345159329 4.011 1.615 1.945 -15.539711558515709 1.0287168402861386 4.9193708443867274 -3.124199957576261 1.0
vehicle.car 0 0 0 438.18244206562065 504.4738087999577 546.6169045953493 538.2721668142414 4.071 1.383 1.998 -36.82300129222856 1.7833998653759247 -15.270199994104958 -3.0747529517311243 1.0
human.pedestrian.adult 0 0 0 387.2406308514481 561.3629547325158 507.6830515767638 658.1685402315092 0.878 0.927 0.875 -8.908722843116797 1.3834975562021745 -4.1726958238612815 -2.0348078161718135 1.0
vehicle.car 0 0 0 925.1362454027868 493.45237952480164 1075.511598056974 552.5822762880579 4.279 1.666 1.907 -25.27040170019094 1.2633118200898499 5.246215703847753 -3.098599304162489 1.0
human.pedestrian.adult 0 0 0 899.0938170414161 490.7725189669484 923.2083661818918 540.4413116665612 0.709 1.877 0.763 -31.194206891892204 1.2979154164891078 3.1615764924042424 2.2612525321381547 1.0
vehicle.car 0 0 0 569.0358508939736 502.02803302416766 747.039843092102 566.9572194218027 4.318 1.556 1.751 -21.64195970669137 1.378816804492566 -4.497315704137056 -1.5483686740776461 1.0
vehicle.car 0 0 0 514.0731769983279 502.6369391950964 609.148083725748 534.9034953410296 4.408 1.583 2.083 -43.756324289182864 1.9802888892624602 -14.413695509483565 -3.1030946559426056 1.0
vehicle.car 0 0 0 927.115029886451 493.4724429970477 1101.8829719223336 558.4309755507675 4.428 1.635 2.094 -22.868553310910116 1.216678649564261 5.1170117475781804 -3.111086836552974 1.0
vehicle.car 0 0 0 478.8098196671875 503.9677412310092 581.1022377474497 535.7566973138419 4.159 1.383 2.001 -39.1107266904421 1.8238852918291388 -14.41200279496371 -3.067138857610873 1.0
movable_object.trafficcone 0 0 0 515.9720993957523 580.8447748182463 556.475612520943 643.7646064922678 0.29 0.646 0.322 -8.93145001369217 1.4350270674033891 -3.230605496348622 -2.0348078161718135 1.0
vehicle.car 0 0 0 894.6956471311288 492.927939812531 979.2647745403507 524.859650088097 4.731 1.704 2.069 -47.32901970805065 1.5771357818594538 6.239321994406468 -3.074503294048207 1.0
vehicle.car 0 0 0 945.1183728085846 481.4630877629607 1165.8317339294517 567.4950645205679 4.309 1.689 1.857 -17.90805943258677 0.9169502560675054 4.878903845046127 -3.125573763628405 1.0
movable_object.pushable_pullable 0 0 0 552.2822623012377 552.4866094506932 626.000543394928 638.77767212788 1.05 0.926 0.559 -9.985669632199407 1.376721030836464 -2.9394433386869445 -2.051171490318154 1.0
movable_object.trafficcone 0 0 0 456.1808481315954 596.0936333806394 514.6340389334891 678.7953507317318 0.317 0.679 0.371 -7.2601636184090275 1.388594439502857 -3.0795432707327355 -2.0348078161718135 1.0
vehicle.car 0 0 0 1007.0709916757216 491.85125072690425 1401.37155284249 627.0966404857439 4.367 1.509 1.79 -10.733954230479812 0.9562171531421926 4.781181483749403 3.121517195737426 1.0
