vehicle.car 0 0 0 1143.9959632077034 477.7142853334256 1361.8802845829302 544.7606430212928 4.367 1.509 1.79 -19.608250429677476 0.6741701338717105 10.080598477110069 -2.9668065058754465 1.0
movable_object.trafficcone 0 0 0 884.645543822393 512.3944873401484 904.076930860857 542.8582022094462 0.317 0.679 0.371 -18.659423792381514 1.053214175475114 1.5031153598499332 -1.905642649736489 1.0
vehicle.car 0 0 0 883.0273760201856 473.9354465583512 997.6785272736665 514.3225636459865 4.318 1.556 1.751 -32.714792645591196 0.48438833541570303 4.500946336389736 -1.6037597712419362 1.0
vehicle.car 0 0 0 1133.7853994359393 473.44535981405113 1288.0236028095358 528.3799247807231 4.309 1.689 1.857 -26.383487204291377 0.5973837934858159 12.301004184599504 -2.93137129918402 1.0
vehicle.car 0 0 0 1119.753464440356 472.04596183991066 1197.8001713892697 498.44732716493877 4.731 1.704 2.069 -54.030775132544235 0.23226910866533435 21.936000265512437 -2.881341708543264 1.0
vehicle.car 0 0 0 457.96852858581155 478.40946940593454 573.1809042807266 520.014694109986 4.524 1.54 1.967 -32.53880252178436 0.6459294886524114 -12.47621732342496 -1.9386705731687792 1.0
vehicle.car 0 0 0 650.1922919273061 469.0507295106423 761.4128339035623 507.2046164420807 4.554 1.629 1.863 -36.16333483634351 0.2802638265332875 -5.505015983321282 -2.9049306749436763 1.0
vehicle.car 0 0 0 1156.9888778546888 474.1040803119136 1416.1073617883794 550.1839759508478 4.501 1.483 1.738 -17.20583267179912 0.6023719550806759 9.494544778075019 -2.946812879472361 1.0
movable_object.trafficcone 0 0 0 992.5043487895493 491.6059977943111 1001.2880769238907 508.22995630025036 0.388 0.789 0.417 -39.00241714228929 0.8724515101803747 8.082427058230087 -1.59158034287446 1.0
movable_object.trafficcone 0 0 0 936.8834982047085 500.3686802184259 950.2037845804444 525.3141499217708 0.294 0.772 0.364 -25.50731777153737 0.9761249339102012 3.6042824876807784 -1.9205239491260482 1.0
vehicle.car 0 0 0 1002.8105955925556 468.3877731493216 1081.877511705582 530.1298489146951 4.506 1.68 2.059 -24.476586301570375 0.46928906486502986 6.535854256999944 2.289633271605963 1.0
vehicle.car 0 0 0 1140.1975865696268 474.32400009957735 1299.120318962524 531.9868946377742 4.011 1.615 1.945 -24.170490447125292 0.6065257333685081 11.51406150707594 -2.9300238248919523 1.0
vehicle.car 0 0 0 944.9973979766878 473.40534367971924 1020.2511401065061 500.57656202351455 4.598 1.734 2.152 -53.41588178072993 0.34090111377523624 10.138045771052006 -1.6037892302952335 1.0
human.pedestrian.adult 0 0 0 882.4998832680825 499.82899083315675 918.5676076852111 534.9594393633744 0.855 0.898 0.717 -21.575489717882526 0.9406438439877809 1.9069636464634523 -2.9699973854369297 1.0
human.pedestrian.adult 0 0 0 761.1501727712003 504.54476560024136 798.5626993753413 535.542701582307 0.868 0.768 0.566 -21.233506076085327 0.996520371128794 -1.298638949376799 2.9434078342532457 1.0
vehicle.car 0 0 0 547.9184172925209 474.9720329587354 672.7340871779644 516.7333018366467 4.072 1.448 1.839 -29.602689804754764 0.4954367512820932 -7.992946525347314 -2.8960041951743527 1.0
human.pedestrian.adult 0 0 0 843.4055626076735 501.79302654195726 887.5447376275615 541.0036619358405 0.878 0.927 0.875 -20.257603506047523 0.9782575878625338 0.9148491677227559 -1.905642649736489 1.0
human.pedestrian.adult 0 0 0 1110.1521714328514 468.55944795597424 1133.0998537108917 516.7939992168593 0.709 1.877 0.763 -31.91991574195809 0.42494769236242386 11.527954484814122 2.239528657042041 1.0
vehicle.car 0 0 0 899.5657123945047 478.2855718506741 996.0998419201186 514.1696096673352 3.838 1.479 1.872 -34.928420154767075 0.6054645392612578 5.13607057894613 -1.6019042078261885 1.0
vehicle.car 0 0 0 914.0230037122922 475.0530839924797 1007.045385911196 505.9114510035771 4.463 1.535 1.99 -41.93397970421969 0.44118606280054895 6.815930686587193 -1.6043516714581623 1.0
movable_object.pushable_pullable 0 0 0 908.8226493886104 494.9940749114934 937.4338478320504 532.7820303975743 1.05 0.926 0.559 -20.888168297738062 0.8158746329908734 2.43159200006033 -1.937545761056703 1.0
