movable_object.trafficcone 0 0 0 544.6157271575174 564.3669561750295 584.7982369901871 632.974144124483 0.294 0.772 0.364 -9.668954462236528 1.3901603470586943 -3.1571937034026294 -2.0522138194253845 1.0
vehicle.car 0 0 0 492.7048421167708 500.7179495881288 726.3415210107751 585.9345418166716 4.318 1.556 1.751 -16.810521908120684 1.2381748960547068 -4.457481686339255 -1.5469719172317804 1.0
vehicle.car 0 0 0 467.8280661538317 505.17572667522165 576.9460325715995 542.0953665467999 4.408 1.583 2.083 -38.8427922797934 1.986004061017349 -14.662358207372877 -3.1045093165195947 1.0
vehicle.car 0 0 0 549.1731235532842 508.8249896959758 730.5180665997626 579.5622181443133 3.838 1.479 1.872 -19.345962311418035 1.4525771537691408 -4.430138803994332 -1.5459382005682514 1.0
vehicle.car 0 0 0 946.4106981966733 491.2095493706696 1174.0205126734268 575.4959837534682 4.428 1.635 2.094 -18.04447337534894 1.1099215110401297 4.99764474569516 -3.1125074401467785 1.0
vehicle.car 0 0 0 1127.1004616558098 485.4187854734396 1924.8609065144997 755.9990118930766 4.367 1.509 1.79 -5.937721915035276 0.8652831075205316 4.728098590616741 3.1200594972790405 1.0
vehicle.car 0 0 0 832.7409198491144 496.33898337545673 876.3204701895168 532.2925478577969 4.506 1.68 2.059 -41.4593444357568 1.6316599366458844 1.33043732863783 2.1253639408463947 1.0
vehicle.car 0 0 0 933.4162436984907 497.35724481219216 1099.5874708550823 559.984685001095 4.227 1.571 1.965 -22.920725162670976 1.2971389923583019 5.195844446317277 -3.1000106119430324 1.0
human.pedestrian.adult 0 0 0 215.07589117629473 603.5846585497067 404.6441500400096 761.4602880924684 0.855 0.898 0.717 -5.623633650064911 1.3568486155028077 -3.5660773728633437 3.1261836103574607 1.0
vehicle.car 0 0 0 1311.757464924898 473.8832034652585 2979.0606943453754 984.6756628147508 4.501 1.483 1.738 -3.5172663509057527 0.8044131815814821 4.881538201509282 3.1404319847523254 1.0
vehicle.car 0 0 0 940.9291898601931 491.66237151783264 1130.6126259178316 566.0390127962509 4.279 1.666 1.907 -20.477053078129206 1.161080643741435 5.105662025621529 -3.1000106119430324 1.0
vehicle.car 0 0 0 638.0519435711183 500.59297360034446 762.0373056575014 548.1606604626455 4.393 1.654 2.05 -31.393039789874724 1.625535862902058 -4.940608698303261 -1.5462977525654713 1.0
vehicle.car 0 0 0 646.2006094965457 501.0588275877173 766.3556530234055 544.7438366297937 4.651 1.643 2.066 -34.042379111663415 1.704575416560228 -5.1032183750803455 -1.5462977525654713 1.0
vehicle.car 0 0 0 -43.40469456862942 506.8182554582111 251.8523925715055 595.8483190909227 4.554 1.629 1.863 -17.131865012459567 1.4192201609725434 -15.179570159269657 -3.125005347740264 1.0
vehicle.car 0 0 0 1022.5267934051765 483.28447261333764 1398.5703187429049 627.5821007046111 4.011 1.615 1.945 -10.744971079311984 0.9113675838885287 4.836559153029288 -3.125630263131363 1.0
vehicle.car 0 0 0 978.7877919756828 474.8387821391204 1292.3203777270178 596.0578006289106 4.309 1.689 1.857 -13.107574868430694 0.8286001179180251 4.7822279261087335 -3.1270050821217 1.0
human.pedestrian.adult 0 0 0 931.8462534486199 489.72705380500827 963.11035953133 543.8642738598403 0.709 1.877 0.763 -28.690501350475454 1.235930056475826 4.192134224782157 2.5959710316815325 1.0
movable_object.trafficcone 0 0 0 727.0075365560597 527.2273731080169 741.9097807122079 554.9548832852159 0.388 0.789 0.417 -23.984953023995573 1.7541126466698707 -2.806768385654857 -1.5451813578447693 1.0
movable_object.pushable_pullable 0 0 0 224.15590551604342 603.2064841326167 432.5509264974843 798.0111744509345 1.05 0.926 0.559 -4.969496874648126 1.2820549899646299 -3.0132193507400378 -2.0116211028222795 1.0
vehicle.car 0 0 0 601.3107628940548 500.4590190692965 751.4695057717489 553.6014901211262 4.463 1.535 1.99 -26.419928706972915 1.4476405278641493 -4.9039289097218175 -1.5458598033486028 1.0
movable_object.trafficcone 0 0 0 129.17018026285814 676.3669614737312 239.81235667247768 823.4514420787176 0.29 0.646 0.322 -4.1000395748959395 1.345288547470655 -3.2577894247738195 -2.0350554389603497 1.0
human.pedestrian.adult 0 0 0 -207.28041518207826 630.3184120097868 152.7943008553826 873.6578680028186 0.878 0.927 0.875 -4.0572525025758726 1.2901096227688449 -4.20269500350174 -2.0350554389603497 1.0
vehicle.car 0 0 0 754.0550350219287 497.9316993373562 810.260931052904 520.4026812961313 4.49 1.698 2.189 -67.2033699665959 2.265294226865513 -3.8711392644498077 -1.5453820611964808 1.0
vehicle.car 0 0 0 896.6554260325096 492.65426046644205 991.4670778344911 528.644519723733 4.731 1.704 2.069 -42.540710148302956 1.5081927892194187 5.967012040559952 -3.075896505275159 1.0
vehicle.car 0 0 0 671.5613787439147 498.81549660794695 776.0490281780766 539.2307984815435 4.598 1.734 2.152 -38.55938346705431 1.7531630055225715 -4.960498721287913 -1.5462977525654713 1.0
vehicle.car 0 0 0 370.7506459468426 507.6394037435774 499.0989484994772 547.3609239379526 4.071 1.383 1.998 -31.904763964388195 1.7807795606704615 -15.477820652303315 -3.0761463515464964 1.0
