movable_object.trafficcone 0 0 0 1182.7551253532133 627.0407305531852 1262.257615783435 748.6486675365178 0.361 0.728 0.353 -5.432606605859078 1.3686574234864688 2.6305318763083236 2.113950784143226 1.0
vehicle.car 0 0 0 977.2527486299435 495.5110225770156 1056.3701872030283 520.2280879447912 4.621 1.521 2.052 -52.12719779081777 1.6747058552100667 12.030546207521825 1.5448739520610166 1.0
vehicle.car 0 0 0 698.2904183707999 494.78828012964675 761.688053022165 533.3304341868519 5.325 1.818 2.291 -41.229643901496466 1.6078708600403635 -4.955088585230615 2.042091467168227 1.0
vehicle.truck 0 0 0 657.1638162955178 484.50198339670607 742.8242921683978 541.0115767466239 5.043 2.238 2.694 -34.899469937616644 1.3054678479165713 -5.444280781893792 2.05069978212293 1.0
human.pedestrian.adult 0 0 0 1068.1408783748366 495.4271401817417 1080.323796204655 519.8045304249878 0.514 1.586 0.574 -53.104964837906536 1.6934700138329548 16.077178944499373 2.1675042372261455 1.0
human.pedestrian.adult 0 0 0 1020.5360892580163 483.43973205144505 1069.6948885584418 589.8839505715704 0.577 1.78 0.738 -13.971794069670372 0.9293991014124785 3.716485183028696 3.0860562070698236 1.0
movable_object.trafficcone 0 0 0 1490.1412573182529 737.8697830334404 1715.121246817986 1017.5187106477064 0.36 0.75 0.379 -2.689070576918555 1.2816526569545519 2.54272966388757 2.1066338686627217 1.0
human.pedestrian.adult 0 0 0 1075.8480375203367 493.3948273382589 1087.6534477071432 519.5306040295984 0.536 1.72 0.536 -53.69425576450018 1.6360294835738876 16.754436494710426 2.1744221511050057 1.0
movable_object.trafficcone 0 0 0 1092.5013507098122 588.7595067449236 1143.2962801234505 674.2797979353041 0.381 0.748 0.347 -7.691467830920555 1.4128116137423055 2.737285674351609 2.113950784143226 1.0
vehicle.car 0 0 0 849.6987448182433 491.5247732462115 878.1762415055954 520.5513063199961 4.4 2.0 1.878 -58.4282353687025 1.7427193822354807 2.4674715135635052 2.088370123252803 1.0
vehicle.car 0 0 0 791.0141566554197 496.81513969372946 821.6569117193577 522.2596227432791 4.114 1.528 1.848 -51.191256042879694 1.7390162228505646 -1.4275702736609213 2.0853101350358187 1.0
