vehicle.car 0 0 0 1172.7263252793225 479.2227896848946 1408.4614149681092 555.3986843695326 4.362 1.501 1.701 -18.67328231334562 0.803280501107666 10.504558106405927 1.5517130078007488 1.0
vehicle.car 0 0 0 1070.9892306253848 478.62780750043413 1236.5139730906762 541.5390943832488 3.963 1.592 1.952 -23.583540243976174 0.8104684490413565 9.358517361892794 1.549812165842848 1.0
vehicle.car 0 0 0 1587.9524395799313 454.3286754892207 1859.164260273294 533.7795876706618 4.311 1.664 2.012 -19.774861910512374 0.30498285604973835 21.68462764322171 1.5499299043495078 1.0
vehicle.car 0 0 0 680.2045067692733 498.02304835872036 764.5658664239459 559.6483266151397 4.124 1.617 1.795 -24.26425552109655 1.33300108848705 -3.0984153806489196 2.0391829135919295 1.0
vehicle.car 0 0 0 952.4973912524539 475.1798933836194 1174.092631397956 566.0418507029736 4.385 1.765 1.844 -18.297953358939893 0.850180857202377 5.171869991338401 1.549620313894212 1.0
vehicle.car 0 0 0 1224.2590710476638 463.24925735192744 1540.2954782605068 562.380225336097 4.783 1.581 1.691 -15.38485346031984 0.573629723062614 10.350242848797182 1.5498409443033783 1.0
vehicle.motorcycle 0 0 0 930.8068056162621 500.42043749999027 966.6813586297951 541.589631754629 2.212 1.31 0.739 -27.47687388463007 1.3031835225435966 4.034007711333754 2.084836409995072 1.0
vehicle.car 0 0 0 871.9083964892197 492.2066563415771 971.3586251168917 525.6954211167018 4.571 1.389 1.722 -38.992035439615364 1.298650220332515 4.395641243738869 3.0938765333500227 1.0
vehicle.car 0 0 0 1512.7659374204693 457.86687274466027 1761.556340213406 527.1342096157966 4.774 1.626 2.002 -22.310473251256393 0.3026460538899055 22.11997769553134 3.1142019130799845 1.0
vehicle.car 0 0 0 404.48619642342067 495.43469985014053 539.392996760503 551.3296223491358 4.835 2.0 1.793 -33.31820324690625 1.665247136731077 -14.67163585473183 1.612783497069291 1.0
vehicle.car 0 0 0 1033.9433705733152 483.6775653974479 1091.4979996906352 504.9963509220345 4.76 1.779 1.847 -75.83418430297908 1.1825010004966057 21.855673846471266 1.5500033547456322 1.0
vehicle.car 0 0 0 742.4583292571037 492.4628140327929 794.0971352960681 532.8883198824972 4.209 1.666 1.767 -36.887541913616 1.3690511013618072 -2.712900077444958 2.029254566685876 1.0
vehicle.car 0 0 0 -3749.3855802176004 391.4427665448783 120.71242632075287 1732.8373365182463 4.449 1.864 1.817 -3.450895827652656 0.8747904712101957 -5.811634004634201 2.0919682925589544 1.0
vehicle.car 0 0 0 1431.1897393566555 461.2510557637899 1636.625334737868 523.2267340267723 4.537 1.635 1.91 -24.75960658728219 0.3271537800303121 21.4388269972813 3.1142019130799845 1.0
vehicle.motorcycle 0 0 0 890.567340841244 501.48774716632767 917.2515567731065 542.8142494901083 2.063 1.323 0.688 -27.639994563171012 1.3523855693261473 2.5338317873752763 2.0514310777132607 1.0
vehicle.car 0 0 0 611.8191848114011 498.1338787620807 717.3485442566936 538.0552671361844 4.455 1.551 1.707 -36.490932904474725 1.612175010897537 -7.434345624994903 1.5673651976807488 1.0
vehicle.motorcycle 0 0 0 926.6153511725628 493.8198840387179 963.5416324707677 550.0800436833478 2.151 1.536 0.69 -23.583809837249373 1.1398241558982547 3.35171448967528 2.06123591154378 1.0
vehicle.car 0 0 0 887.2626998831302 490.73269776126097 1025.0463687810386 536.7366739379254 4.992 1.526 1.721 -31.40574410825273 1.2231483540445485 4.857205219672162 3.130140008211435 1.0
vehicle.car 0 0 0 505.92077088919075 501.9036646667262 606.5552871705994 545.1742144013909 4.319 1.793 1.823 -38.44753170275404 1.9503085257249428 -12.967658273736413 2.870359971900223 1.0
vehicle.motorcycle 0 0 0 102.44901429396398 533.9871413477834 320.4667588940495 684.3075670981966 2.098 1.267 0.711 -8.534218822306176 1.2436735515013866 -6.374237421884468 2.0749208995169486 1.0
vehicle.car 0 0 0 981.9837830322823 479.0675872651831 1232.8202816274006 577.9188057544267 4.064 1.589 1.742 -15.301374165544585 0.8482528517257788 5.130670227926066 1.549620313894212 1.0
vehicle.car 0 0 0 40.274595787817276 515.6460332839732 199.6108253842698 576.2329644836703 4.382 2.054 1.698 -31.88768850192074 2.464731989174762 -27.786485207091655 2.8687656261969803 1.0
vehicle.bus.rigid 0 0 0 801.9264405960814 461.5033840871565 859.1476629169816 523.7546900840048 11.115 3.414 3.013 -51.51629819459457 0.7403718470335904 -0.11134629808407938 2.0811052747620415 1.0
vehicle.motorcycle 0 0 0 891.4541965443002 499.3884600269844 936.2287164915379 548.6239002101016 2.12 1.316 0.792 -23.26808352412934 1.184730298345273 2.4048721936332367 2.1228701657883517 1.0
vehicle.car 0 0 0 867.7365616572406 494.17064081787214 947.5880625005038 525.4927424873185 4.316 1.572 1.708 -46.119292641071816 1.5869917325422505 4.428152113051859 1.5499103524161004 1.0
