human.pedestrian.adult 0 0 0 1116.0523948592659 459.9401196811529 1160.8632383623649 533.7110539778048 0.632 1.865 0.807 -21.23030795732379 0.39436426430035265 8.104217949430646 2.0905609326843404 1.0
vehicle.bus.rigid 0 0 0 -519.015095666885 491.96487574986656 20.599215810091525 636.3974876605386 12.532 3.539 3.244 -25.26511979161002 2.440262225994114 -33.155306635714965 -3.0976932936574917 1.0
vehicle.car 0 0 0 829.5905840174639 490.63612122089194 918.8629290686335 563.4209140664423 4.277 1.523 1.881 -20.212619487836037 1.05373532804257 1.00582094874303 2.110348715413478 1.0
human.pedestrian.adult 0 0 0 1351.783325154802 440.0329803750425 1418.542670318248 545.3847507006266 0.665 1.67 0.685 -13.285062116795746 0.17958745806950416 9.125410123840851 -2.510250717896138 1.0
vehicle.truck 0 0 0 250.28005381168407 358.7296249773364 505.3039259682871 637.8059746540143 10.12 3.74 3.068 -15.934045832665 0.3926640171372559 -9.044247568395239 -2.3978844085188555 1.0
human.pedestrian.adult 0 0 0 978.7154077326155 482.89639548802967 1002.7762880262587 518.4798572466574 0.711 1.557 0.671 -36.53530969455758 0.8558305655552754 7.290832016384946 2.804756108632872 1.0
human.pedestrian.adult 0 0 0 1017.5912651741841 473.4683507943709 1041.8938413396106 519.5331291147465 0.607 1.63 0.683 -29.520587156531057 0.5375621978548586 7.3098835418809625 -3.1224214483358725 1.0
human.pedestrian.adult 0 0 0 1290.0716709248106 452.5130192732808 1343.9197554373693 546.4792645775716 0.607 1.6 0.51 -14.156751398069757 0.3099486645524005 8.531457471892697 -2.5419359495009175 1.0
human.pedestrian.adult 0 0 0 1306.9661376309189 451.1083870526484 1371.5829968852245 558.1885666206589 0.603 1.685 0.748 -13.213487568371708 0.36511363146851517 8.328388089639928 -2.497629974885977 1.0
human.pedestrian.adult 0 0 0 999.5554146168677 475.17187407726135 1023.4560485895272 518.6739620193985 0.827 2.005 0.799 -38.4718790189623 0.7207124909268364 8.660154242043768 2.0825273582163373 1.0
