human.pedestrian.adult 0 0 0 640.5157220439153 511.59878072450505 666.3994471023918 560.4370183364524 0.742 1.725 0.594 -29.17219984943759 1.9446743637841097 -6.337499257950053 1.684232373389845 1.0
human.pedestrian.adult 0 0 0 -241.11696655705506 442.741488167005 213.29803625654552 1116.0344671546652 0.949 1.788 0.803 -2.7998874745849425 0.8113111018118935 -2.8252179879479487 1.6962478457187977 1.0
human.pedestrian.adult 0 0 0 1327.2645169502791 526.537480363781 1523.3770090016576 682.3411634898504 1.438 1.381 0.665 -8.1273297895581 1.1541473199077685 5.909794531115533 2.223467002701689 1.0
vehicle.car 0 0 0 958.924024358778 483.337157684938 1179.277585220572 633.4837375154456 4.505 1.935 1.778 -12.87813795144271 1.0903312950142763 3.517934308623827 2.0260025461610347 1.0
human.pedestrian.adult 0 0 0 1308.255192703309 549.9509547308775 1420.8401334810903 657.4850755084623 0.813 1.161 0.712 -9.6020431402231 1.4147561316843569 6.326760453697848 1.98124128313078 1.0
vehicle.car 0 0 0 690.0116383786822 511.9344933420478 743.2629208532153 552.151690565265 4.567 1.646 1.87 -35.995863562916284 2.1866436280705295 -4.93290557987253 2.0836420637133184 1.0
vehicle.truck 0 0 0 597.5935924005789 501.53871836333633 660.9785143766416 538.3479084561123 5.043 2.505 1.864 -57.50593529210565 2.712779382009381 -14.249073535290506 -2.6075755523759367 1.0
vehicle.car 0 0 0 832.247177914439 517.0233953036421 993.1143963043139 635.5124096092011 4.277 1.523 1.881 -12.862047067217 1.3397602572256688 1.1162729510934837 2.0482605158958123 1.0
human.pedestrian.adult 0 0 0 1244.5004347631625 505.75109455730234 1353.9814960736217 640.9383928848715 0.93 1.532 0.643 -9.763533267113436 1.065380308472058 5.641905379195583 1.9736589350147735 1.0
human.pedestrian.adult 0 0 0 342.07459590607874 519.0112498625841 383.215925719207 555.1948023714218 1.126 1.117 0.756 -25.88043756863656 1.75885307086687 -14.922434757637516 1.6417218203149062 1.0
vehicle.car 0 0 0 730.5425441194152 511.6757959235472 766.3874780123281 540.5739755438641 4.691 1.757 1.82 -52.30451577185044 2.8327928774716997 -5.168556328918697 2.0616497162640712 1.0
