movable_object.trafficcone 0 0 0 1119.2621257212768 570.0466751888055 1153.6044265993846 629.6984997857537 0.361 0.728 0.353 -10.569717948682326 1.5343525825794828 4.008011441014293 2.1807071108705305 1.0
vehicle.car 0 0 0 867.6589731919435 506.7888842635236 982.4055060042673 602.0852802051883 4.153 1.548 1.877 -15.411956091174876 1.2604695060046707 1.843171070050169 2.1516281797711567 1.0
vehicle.car 0 0 0 1073.4932827590162 507.9070453263791 1149.3208891569589 530.8069969799377 4.621 1.521 2.052 -55.743894436879984 2.5709638056320467 19.37393431552485 1.5426842468779425 1.0
vehicle.bicycle 0 0 0 -33.74112701356376 504.7588822522828 18.6889703072534 534.4029352656876 1.574 1.069 0.496 -29.705871576186926 1.3820470437171402 -30.71176471562839 3.031222342113531 1.0
vehicle.truck 0 0 0 790.5270211907082 491.58840357387953 860.3514843974953 539.0053607130033 5.043 2.238 2.694 -40.94303204272334 1.6703110582513636 -0.09223577563270673 1.9804463688512346 1.0
movable_object.trafficcone 0 0 0 1094.348819012116 561.4247565489846 1121.2288479855818 611.0242337971789 0.381 0.748 0.347 -12.946194378296836 1.6638955094368066 4.452815228754405 2.1807071108705305 1.0
vehicle.car 0 0 0 1006.6297920828849 507.43544471032885 1068.3489927331532 530.269424896613 3.975 1.543 1.815 -56.400399121929645 2.569277838743447 14.470312617634217 1.5417066925302496 1.0
vehicle.car 0 0 0 385.6101907310238 499.90554216528585 690.1983050478981 651.2319108507165 4.325 1.494 1.841 -10.302907579017198 1.0051004346838635 -3.324216077999817 2.0001982624782446 1.0
human.pedestrian.adult 0 0 0 1074.5215099161096 492.9171505506285 1108.5988055198468 570.0042659604229 0.577 1.78 0.738 -19.112047082324686 1.161198664869635 6.1872725832876885 -3.114029459143083 1.0
vehicle.car 0 0 0 940.8885613497627 497.3913818842362 980.0182851073579 538.7289593955575 4.4 2.0 1.878 -41.56375437266479 1.8355053717063767 6.786941837128498 2.1843293672039676 1.0
movable_object.trafficcone 0 0 0 1164.0154822912623 586.6394632102644 1216.1439084260646 670.3210901072987 0.36 0.75 0.379 -7.900426222463737 1.4208094878120725 3.51595082892285 2.1731116434603583 1.0
movable_object.trafficcone 0 0 0 1244.0732627106627 609.6413402553688 1333.928480206686 744.0974582349966 0.426 0.775 0.379 -5.308856526445825 1.2587650024781936 3.0022591943264856 2.1731116434603583 1.0
movable_object.trafficcone 0 0 0 1551.2926403201334 772.2579240385088 1830.3946227759268 1107.5636175447207 0.372 0.735 0.395 -2.356885143188339 1.2876636394338263 2.4706692948635993 2.1618609640806365 1.0
vehicle.car 0 0 0 1237.1254304262125 496.644125464145 1382.8068238988717 541.6824288408003 5.059 1.904 2.202 -35.81399212456848 1.6322216151393478 21.148969786017908 1.5404756364161383 1.0
