movable_object.barrier 0 0 0 932.3325677899888 495.5224786830208 1003.7682019919431 535.1495705265008 0.423 1.134 2.056 -24.485667366975903 1.017094072501972 4.196421462432117 2.27325264227182 1.0
movable_object.trafficcone 0 0 0 1133.488706688822 510.574021804801 1151.0548128554387 535.9594617875373 0.273 0.72 0.363 -23.54714953471116 1.204629363020421 9.108739733201134 1.8619402130594773 1.0
vehicle.bicycle 0 0 0 21.67694927150561 517.1329318262952 92.47799689791572 563.4724203961966 1.561 1.438 0.648 -26.78282568685004 1.918828428277663 -25.529531319691497 2.8630670611311926 1.0
movable_object.barrier 0 0 0 827.4997907550907 504.61908435871914 909.5369422767556 559.5906466090811 0.37 1.206 1.933 -19.181048594483936 1.175760579765549 0.9411106296545922 1.8784498869316053 1.0
movable_object.barrier 0 0 0 745.4565939711108 516.8331930422997 833.4898171981138 570.2592509160319 0.394 1.104 1.957 -18.413975305545645 1.3860104683949992 -0.8934038984231754 1.869054027357092 1.0
movable_object.barrier 0 0 0 401.2441066521905 513.9416516441936 457.5550617106707 553.9703219840302 0.429 1.354 1.759 -29.321785405570523 1.873959449300914 -14.472017841452342 1.7135881839017841 1.0
movable_object.trafficcone 0 0 0 1169.108285943791 506.1439390706034 1191.511088419739 534.1573385648192 0.391 0.804 0.433 -23.887157464586377 1.1300576359075623 10.36262476187701 1.8314574098659007 1.0
movable_object.barrier 0 0 0 903.2693819245877 505.85547365437174 978.9281780483492 555.7639394524589 0.337 1.14 1.951 -20.038348966990267 1.1978516367317869 2.7821641477530523 1.8565338724054854 1.0
movable_object.barrier 0 0 0 968.168123167152 498.3680283032472 1038.9697107645293 548.124808670494 0.444 1.201 2.249 -21.210703962936133 1.065020429842822 4.592222885462169 1.7527046611272743 1.0
movable_object.barrier 0 0 0 332.1596117947128 508.4073782880601 402.65298960132844 545.3366242831163 0.282 1.209 2.173 -28.390216581880903 1.574711630439106 -16.189368786843502 2.009717725738577 1.0
movable_object.barrier 0 0 0 531.511144605906 508.844938953654 632.305358076858 570.9764506940942 0.41 1.271 2.141 -17.41074395550474 1.2524540967394175 -5.325854073426275 2.249217050090005 1.0
movable_object.barrier 0 0 0 653.4370618842067 518.7225875008518 751.6772950265017 571.0085410048134 0.4 1.013 2.045 -17.52562208047691 1.345898684687751 -2.7283768116613545 1.8569984591171158 1.0
movable_object.barrier 0 0 0 594.7238721194713 494.6184523275617 666.3897095766015 565.25503012757 0.411 1.507 1.807 -18.0015043006372 1.0700235950958707 -4.4352743034511 2.4814987616129525 1.0
movable_object.trafficcone 0 0 0 1186.6011702206226 508.36727079880023 1210.1313825405198 536.1381002214882 0.436 0.81 0.438 -24.311643228798935 1.212807685699338 11.088985047988718 1.8270514657661323 1.0
