movable_object.barrier 0 0 0 958.2574498908389 481.2235565348352 1005.4414772002538 511.4627440942381 0.444 1.201 2.249 -34.06981620000288 0.604580627650745 6.438748775868773 1.7902201299675955 1.0
movable_object.barrier 0 0 0 869.6086048551442 487.6983638403738 919.0150889868996 519.8092235338141 0.37 1.206 1.933 -32.30382040112109 0.8718635830653245 2.602159058414464 1.9217060112166466 1.0
vehicle.car 0 0 0 164.65531813108402 497.79738176938895 327.1644978337753 550.8940350962968 4.53 1.74 2.135 -30.57812364594011 1.563969421206506 -21.867793581874263 1.5724005412124935 1.0
movable_object.barrier 0 0 0 915.7264463971414 486.58355502437814 963.126711756943 516.3572854000467 0.337 1.14 1.951 -32.961577423529555 0.7970176694973226 4.494374635111407 1.8989582320850387 1.0
movable_object.barrier 0 0 0 703.7356011637647 490.64854848651055 760.3002603117563 525.7261688100189 0.41 1.271 2.141 -31.017081117481904 1.0150192683927501 -3.7310979603475394 2.300940981056562 1.0
movable_object.barrier 0 0 0 543.8960602698046 495.849158672938 587.994855283416 520.3585991328274 0.282 1.209 2.173 -42.667949747572784 1.3853196142703599 -13.875869215442775 2.056962893198225 1.0
movable_object.barrier 0 0 0 890.2297509713511 481.36731184531914 939.8152821752146 507.1038526256697 0.46 1.103 2.267 -37.149068054032206 0.568504893404693 3.944758286541425 1.8965607649797844 1.0
movable_object.barrier 0 0 0 822.8048682094463 493.6927610548238 874.1683596360161 524.0133662322958 0.394 1.104 1.957 -31.62175984883046 1.0516113924180757 0.7571232517044264 1.9119606115696701 1.0
movable_object.barrier 0 0 0 738.0561106986123 481.8503503172961 780.4965712710502 522.078172599857 0.411 1.507 1.807 -31.434420419565388 0.7937453105953146 -2.727937583071237 2.5355897913661467 1.0
vehicle.bicycle 0 0 0 358.17181062965534 498.32217990883635 395.37180592678067 527.6084798458876 1.561 1.438 0.648 -41.743411870911196 1.6022153106401467 -23.326599979331608 2.918607798670261 1.0
movable_object.barrier 0 0 0 588.3413124586343 491.97811689821486 623.3746819000439 518.32360872616 0.429 1.354 1.759 -43.557435344952054 1.2513397113151496 -12.014427634930879 1.7486755563296281 1.0
movable_object.barrier 0 0 0 939.2493039268497 479.7604629536401 986.3822919643135 506.1170714173191 0.423 1.134 2.056 -37.25877880959278 0.5182610885940362 6.146104944883317 2.32529337699248 1.0
movable_object.trafficcone 0 0 0 1007.2086422559352 490.582252539634 1017.8560754259722 509.19882697381377 0.282 0.789 0.31 -34.889820489412955 0.7815779135607424 7.9030977527624575 1.8755646962192092 1.0
movable_object.barrier 0 0 0 769.9116939890492 494.7710506166577 825.0580464287854 523.5786140807363 0.4 1.013 2.045 -30.81935598657471 1.0367860845552257 -1.2027854839472762 1.8994410602805551 1.0
