human.pedestrian.adult 0 0 0 780.7056798132113 459.7736639920202 799.7813377254133 497.4729101375894 0.761 1.917 0.735 -41.50894425352972 0.08780164464308404 -3.5142238621119914 1.5827141360783212 1.0
movable_object.trafficcone 0 0 0 26.109755353633258 467.37090441229327 61.45745797974679 515.8242260729684 0.382 0.781 0.302 -13.264851641969184 0.24153854346778592 -13.548695373633233 1.6304201650604657 1.0
movable_object.barrier 0 0 0 110.09112789651113 421.9591221714605 222.45680618512947 517.5573570105039 0.922 1.734 1.331 -15.31957984324789 -0.13673145949252558 -13.265573803049211 1.6186803940213936 1.0
movable_object.trafficcone 0 0 0 4.878661703605138 462.6804078612691 53.656503960877735 519.8636213100682 0.428 0.932 0.371 -13.417349891612117 0.23748785698284924 -13.945237774638258 1.5824399488265977 1.0
movable_object.barrier 0 0 0 476.4442046403444 457.8094616473123 563.9863097093573 504.151502928348 2.434 1.352 0.746 -25.29289051840712 0.12404829740061844 -10.697389211718214 1.5792145011025749 1.0
movable_object.barrier 0 0 0 309.8409123354652 443.74850825072144 392.5559477647188 492.25312275424415 2.226 1.457 0.732 -25.724402568689232 -0.2872718865242518 -16.33928030041872 1.5797337740172699 1.0
vehicle.car 0 0 0 1135.031904683747 478.02471300425884 1195.5549637446231 511.2257414599989 4.716 1.582 1.803 -42.760430778245144 0.9012529374313839 16.408138660257578 -2.0623060891274907 1.0
vehicle.car 0 0 0 42.739975681630895 379.5270305577158 330.1042566524674 491.1555461415503 6.919 2.855 2.258 -23.146591075222783 -1.1835299948413376 -19.384899828105592 1.5814385710512555 1.0
vehicle.car 0 0 0 353.2966390573181 446.41860012296263 551.3787137311127 507.8888793051545 4.746 1.498 1.867 -22.8188200227395 -0.00511349844170849 -11.521811077610241 1.5798321961932782 1.0
movable_object.barrier 0 0 0 8.78833741267797 413.6899365589825 147.70424595497053 517.2476264768823 0.79 1.722 1.545 -14.146110007556329 -0.19588388079926222 -13.792033237170564 1.617453068356724 1.0
vehicle.truck 0 0 0 942.3368478872618 416.2418553755828 1022.9021173965731 504.1742687882818 17.933 4.655 3.067 -52.20475074074698 -0.9668816957723385 7.72124540443174 2.101940695159586 1.0
movable_object.barrier 0 0 0 -31.95924261333154 437.0224774385038 40.80632101433509 477.8256918541309 2.334 1.348 0.761 -28.240963328944662 -0.6885036470919115 -30.2403804372516 1.5937283522162788 1.0
vehicle.car 0 0 0 1444.0748300117368 482.92018823463326 1676.1460490139689 568.4686651574284 5.13 1.832 1.878 -20.97819244927037 1.1433550623748232 18.102701713330333 -2.0657773226499554 1.0
movable_object.barrier 0 0 0 235.00185283287902 443.7351942858399 323.5246765306704 485.71887722630004 2.363 1.256 0.763 -25.96185987862353 -0.3944440746038419 -18.83110476214565 1.579398654107175 1.0
vehicle.car 0 0 0 1231.7843797596583 476.4923162221576 1335.382596599153 526.560606530251 5.447 2.021 2.141 -36.70647368960947 1.0473071424658595 19.43088356152686 -2.075624968392062 1.0
movable_object.barrier 0 0 0 15.238865920190783 437.43856481868386 88.35624607716144 481.36424014994947 2.139 1.427 0.773 -27.613452654169865 -0.6040394514514855 -27.92350945407218 1.5898593704445378 1.0
human.pedestrian.adult 0 0 0 777.3696089108012 457.95178329326984 793.1525515895842 497.33966898422085 0.573 1.967 0.592 -40.525762510034454 0.03718191917686087 -3.685619027304596 1.5864837650342523 1.0
vehicle.truck 0 0 0 1234.1420462951896 180.43425487136767 2452.065497147342 710.0753879808841 19.766 5.002 3.61 -17.567515012316143 -0.400032487096572 14.061967214110243 -2.072131865021575 1.0
vehicle.car 0 0 0 1043.6240373750047 429.943063217898 1151.9261079522628 500.3196761767271 18.946 4.619 3.882 -63.44542339586949 -0.8560960949838591 18.45559092761293 -2.0855336835737806 1.0
