vehicle.car 0 0 0 1052.8728105051682 471.13803168879946 1096.812681288318 499.2443157133653 4.683 1.887 1.778 -58.51227672463671 0.5692000529930675 15.873890455857111 -2.1372648292312295 1.0
vehicle.car 0 0 0 383.0241818610867 438.134091002033 476.5911088703679 471.2265734294636 4.575 1.766 1.805 -47.52224869640836 -1.310561086164747 -25.472579369249765 1.5835626785048227 1.0
vehicle.car 0 0 0 1467.1814376728046 495.19054632203535 1610.9640257764395 542.4093079802714 4.611 1.716 1.816 -35.24678999598973 1.7886887899959802 30.03865976211389 1.7244055025822735 1.0
vehicle.car 0 0 0 1242.327027372302 482.6897115801112 1354.3785577604285 535.5798452514513 4.526 1.616 1.519 -28.789024946162662 1.0900486024617182 15.756117360650734 -2.116903001820588 1.0
vehicle.car 0 0 0 571.4614975563676 448.20961460399127 670.5432962441179 487.6091017550989 4.397 1.762 1.875 -39.88390581991597 -0.44894229643601824 -11.783312034497046 3.06522860930881 1.0
vehicle.car 0 0 0 691.2144292969125 451.383881705384 750.8381417762926 475.9577040432269 4.503 1.86 2.051 -66.75605715705815 -1.102535726135288 -11.423673128954094 1.583745596459897 1.0
vehicle.car 0 0 0 1327.2373612833564 470.67594273332713 1585.8075082441999 578.7990344069331 4.818 1.859 1.771 -16.750491876600666 0.8425682027023105 12.191183141790658 -2.116903001820588 1.0
vehicle.car 0 0 0 1311.739873722845 481.46162683915105 1448.2173713780699 530.3139704410783 5.019 2.03 2.032 -38.29383536311415 1.3461899114546996 24.958921257704958 1.5926913840527535 1.0
vehicle.car 0 0 0 541.2190071629329 452.70754470884793 649.9562282154047 490.89699774489486 4.368 1.546 1.78 -36.534850372314494 -0.2376487159735108 -11.954495070297213 1.585024158731133 1.0
vehicle.bus.rigid 0 0 0 993.6356375126114 453.50247256618655 1040.5164165355047 488.93697086381536 12.725 3.607 3.275 -90.20796516485323 -0.6655478202235635 17.84247725615821 -2.0929605922243146 1.0
