movable_object.trafficcone 0 0 0 -43.72286820445904 493.2157891372422 16.296917079689052 583.1855407096368 0.428 0.932 0.371 -8.686024280875298 0.6531937945678574 -9.497843747527526 1.6548243070528077 1.0
human.pedestrian.adult 0 0 0 1149.306683649441 465.3179679598277 1176.0013848797753 517.2700255976752 0.761 1.917 0.735 -30.053907763190296 0.5324582241494076 11.499601178183044 1.6560761771375798 1.0
movable_object.barrier 0 0 0 730.2048103201324 471.3963028869356 839.1728911267036 535.5609658349587 2.434 1.352 0.746 -18.195649391748628 0.5743167353422994 -1.6846243304000859 1.6301361225080742 1.0
movable_object.barrier 0 0 0 150.76976783574787 427.3251900410901 290.87174894548014 574.7159673090663 0.922 1.734 1.331 -10.153391430022616 0.28164886576859965 -8.097223522239078 1.747200646577637 1.0
vehicle.car 0 0 0 306.66574236999935 388.18030276146527 548.3700781902791 519.871053004883 6.919 2.855 2.258 -20.093364461679723 -0.5617028384125968 -10.989504288862754 1.652833348408306 1.0
human.pedestrian.adult 0 0 0 1146.082415801054 466.9705594024986 1168.011010867138 521.5776857336152 0.573 1.967 0.592 -29.2079737461511 0.6278531016012907 10.969766811449476 1.6705669928302562 1.0
movable_object.barrier 0 0 0 498.4875319100449 464.9509983153965 580.6061159092732 513.181046166441 2.363 1.256 0.763 -22.163560267456408 0.3173900034890499 -8.862537880791825 1.6340236887064377 1.0
vehicle.truck 0 0 0 1379.1592034110345 389.06504881694195 1562.2137294829856 527.4586672248968 17.933 4.655 3.067 -35.49997460687649 -0.6494618788002294 26.30284378932551 2.373499954708958 1.0
movable_object.barrier 0 0 0 563.3952584399216 460.80621278915737 646.5486192509962 519.6708255027153 2.226 1.457 0.732 -20.899898292082682 0.32562918233553584 -6.642280569594298 1.6380468799200525 1.0
movable_object.barrier 0 0 0 311.74159999105524 456.4519187833374 354.5464391568647 504.49543328742027 2.68 1.77 0.777 -30.63289501779008 0.1115938399366731 -20.1847220263469 -2.6234580188813617 1.0
vehicle.car 0 0 0 570.6693567833298 461.48756205324196 811.8085915492503 547.8004884757605 4.746 1.498 1.867 -16.28281146778767 0.4776447914867479 -3.4573450111414696 1.6389912877691168 1.0
movable_object.barrier 0 0 0 -24.43042807659317 417.1487878587362 168.83374491118568 578.6367731149662 0.79 1.722 1.545 -9.297822613062493 0.22384959314563935 -9.069198955843108 1.7448074106154898 1.0
