human.pedestrian.adult 0 0 0 40.84865230875092 452.73022900340794 256.6863977639873 743.3147945486126 0.728 1.67 0.669 -4.978632147556577 0.7040432095661843 -4.382132518361472 -2.063222863004823 1.0
vehicle.truck 0 0 0 1096.2941665849228 457.9823953056156 1233.0685849365682 527.3953226338928 6.067 2.143 2.201 -28.19648255403233 0.5153680770537075 10.60340144599497 2.0754771758885324 1.0
vehicle.truck 0 0 0 1379.9627848564762 424.8317798719944 1810.2620668128532 585.2054977344659 5.109 1.994 2.029 -12.68513658053731 0.36969757012302007 11.049687446173877 2.096471964700739 1.0
vehicle.car 0 0 0 966.9436827721387 449.0057234864367 1081.903479243898 503.62950101140467 5.975 2.9 2.495 -45.444008175248605 -0.024961603680776545 9.411800094195195 -1.5658162164002754 1.0
movable_object.debris 0 0 0 763.5623261794823 467.02870182444514 816.7172071150416 500.72160492804505 7.583 2.086 2.983 -54.65545704885841 0.4657688393822879 -4.5125435988167535 2.1020477613612822 1.0
vehicle.truck 0 0 0 1096.8869256356138 232.3600110689649 1776.1902423753945 651.5086979711105 12.004 4.174 2.936 -14.04774413181812 -0.3305362159654738 7.654312605892847 2.091166409417479 1.0
vehicle.car 0 0 0 951.6481001925636 469.95893617262254 1015.9524594499268 494.67586981673287 4.414 1.722 1.839 -59.53128399686564 0.4033590148378584 9.382741989716106 -1.5660434836990822 1.0
vehicle.car 0 0 0 940.7515007484624 474.0843701069707 1003.0957686781261 494.06428522113214 4.737 1.498 1.771 -64.76127258415376 0.5803326302409157 9.245713830974736 -1.5657715336990972 1.0
vehicle.car 0 0 0 958.4523480651455 468.2843620460033 1027.4352743384336 495.5804795110141 4.514 1.803 1.901 -56.446736811162026 0.35616401298849987 9.533901809014756 -1.5656832816027784 1.0
human.pedestrian.adult 0 0 0 -106.43186094692271 437.44284207137133 159.72457911055707 735.5356879407798 0.865 1.77 0.808 -5.207171178588186 0.6595186170597642 -5.3609105687677685 -2.066540378438966 1.0
human.pedestrian.adult 0 0 0 535.0465711949856 455.5353921105217 614.5129140031503 606.4123561185844 0.702 1.766 0.666 -9.74492122791568 0.6401650905817573 -3.4442322100332388 -2.0513926413576096 1.0
