vehicle.car 0 0 0 1015.7612445251945 488.05990644434866 1032.2566559058105 499.06184605730255 4.425 1.729 1.847 -137.61676063033215 2.8645490650096868 28.68397802138863 2.069345945265705 1.0
vehicle.car 0 0 0 783.439381258667 471.0156165026944 829.5511157603732 508.31148958044474 5.606 2.128 2.392 -50.40430699463304 0.7636483916853467 -3.1630643562304566 2.078311379162125 1.0
vehicle.car 0 0 0 1466.1973168432028 485.9970139459247 1927.7104568164789 641.1100077550872 5.231 1.909 2.023 -13.169962365171322 1.1783451237491094 13.112879414712163 -2.1222645898305776 1.0
vehicle.car 0 0 0 1134.6097341549892 496.5648049129151 1152.0175083719894 506.6247139509938 4.767 1.739 1.986 -155.05578345972089 4.792397985442937 55.53155076635096 2.122302085698534 1.0
human.pedestrian.adult 0 0 0 1297.4288168824037 496.12295503161494 1322.5191415102051 536.3490711047627 0.804 1.801 0.642 -36.97458998937365 1.8155182817739792 20.974819890177194 -2.106211501695891 1.0
vehicle.car 0 0 0 -55.44651710649704 431.5538717410524 314.05530440655565 546.8094495619874 5.148 1.914 2.328 -15.888187987909648 0.22771302836936977 -14.250490883610416 1.5717284905871418 1.0
vehicle.construction 0 0 0 326.03491860156686 445.7515696431842 410.1634180070251 500.9441473701935 2.595 2.094 1.157 -32.375857484499484 -0.13947887058073608 -19.857922798538944 1.575538382179218 1.0
vehicle.car 0 0 0 1425.25171554158 492.6726745406819 2124.349688715519 712.5974582477793 5.133 1.589 1.956 -8.997248442038329 1.0640410442884005 9.222550496341626 -2.1120622804842517 1.0
vehicle.car 0 0 0 971.3721344141433 479.52866383661166 1012.4912429909199 509.2526396108192 5.407 1.948 2.047 -57.6734840204704 1.2163024841389005 9.639085449158701 -2.1120622804842517 1.0
movable_object.trafficcone 0 0 0 738.4089488022665 480.8265895667973 742.3512556851603 488.2179445824202 0.379 0.869 0.417 -95.79322531616016 0.9171188429861843 -14.111659353869031 3.105962890665328 1.0
