movable_object.trafficcone 0 0 0 752.5635633335727 489.4660564402003 781.2824862819787 532.518342145645 0.558 1.161 0.702 -22.268992373232006 0.9454606227784906 -2.5339354484879246 2.083760501131323 1.0
movable_object.barrier 0 0 0 453.6387431450159 534.798786899952 654.8009784779443 698.2819453520261 0.534 0.878 3.195 -7.0554212708362405 1.0724777886248833 -2.485946367110633 3.123444288098476 1.0
vehicle.truck 0 0 0 444.58548491737287 418.46784792022595 606.4617487861905 488.6611247472731 7.412 3.386 2.527 -41.792763826213175 -1.194163168777871 -17.325734807671957 1.569810591757288 1.0
movable_object.barrier 0 0 0 734.8229684913085 502.67463083610403 763.1454146663795 541.1778451946235 0.509 0.814 1.692 -19.072344044518484 1.057883968498735 -2.5885381395447395 3.085685404966739 1.0
movable_object.barrier 0 0 0 707.9421306553036 509.05433595329873 748.6072303520258 558.6176532074904 0.499 0.821 1.773 -15.41204016421657 1.073966082600943 -2.481889794724265 3.112440136745418 1.0
movable_object.barrier 0 0 0 743.5304057877585 497.30936127519277 775.0291355382543 532.3424387304013 0.464 0.825 1.85 -20.939897583686435 0.976345416958597 -2.5702558269497477 -3.1160927634425146 1.0
movable_object.barrier 0 0 0 484.8462621154476 516.6640574583762 616.5128030714535 614.8089480807128 0.598 0.94 3.186 -10.611635110245214 1.085692624539338 -3.9569978606032823 3.0987448789829273 1.0
movable_object.barrier 0 0 0 627.5827477746492 503.90893397430784 692.617214159673 558.7906717976128 0.599 0.924 3.146 -16.710294187830282 1.088048658608198 -4.080791658887313 3.112440136745418 1.0
vehicle.truck 0 0 0 339.1489929350347 400.588118232677 554.019260521467 489.6384712234224 7.84 3.519 2.888 -34.70007193521558 -1.3328876501251041 -17.737036713394133 1.5693286906250297 1.0
movable_object.barrier 0 0 0 688.1096649936951 512.9698912144403 738.8538458878502 573.8526624173747 0.502 0.854 1.983 -13.483501444081606 1.087868149232832 -2.409805555920598 3.112440136745418 1.0
vehicle.car 0 0 0 260.90167254951353 432.73468042725557 391.10196342778147 472.4665214250377 5.104 1.753 2.017 -39.102040563000635 -1.1708640926775036 -26.02515251656834 1.569606380923565 1.0
vehicle.car 0 0 0 1307.1304531189367 498.5135870498546 1438.7369402232803 539.6048654403503 5.715 2.0 2.296 -44.557893790117895 2.320797275510277 28.685377223638394 -3.0850733272362607 1.0
movable_object.trafficcone 0 0 0 737.3711660005438 490.55044766533786 761.9077862213278 524.6642923567184 0.618 1.022 0.558 -24.757804903944223 0.946828340459833 -3.355775041302621 2.192012699498406 1.0
movable_object.barrier 0 0 0 577.5861548410252 510.41401153235705 659.6537311911779 579.2128643622325 0.57 0.926 2.844 -13.665327790979072 1.1036426543134388 -4.027664741561853 3.1110940036261834 1.0
movable_object.barrier 0 0 0 1046.9998862780576 502.60121171401875 1105.6678205797023 546.1660734079429 0.552 0.887 3.139 -19.836621737288112 1.1395035625664995 5.382752838094749 1.56950976947875 1.0
vehicle.car 0 0 0 1325.8160810276588 507.624616848737 1447.070517406461 541.9811476780037 4.884 1.521 1.969 -41.56379831677489 2.4729190960309886 27.481010482056437 -3.090839273530494 1.0
human.pedestrian.adult 0 0 0 421.41971495895376 474.2601596130782 568.2333453092645 671.4359984101748 0.847 1.539 0.829 -6.717668168853712 0.7601502310592059 -3.0189607561154737 -2.133550822989493 1.0
movable_object.trafficcone 0 0 0 649.0216789474545 504.9238543656364 704.3480722771732 595.6411040337629 0.585 1.145 0.56 -10.666683056253685 0.9651929337946058 -2.4141600375736583 2.098265493557702 1.0
vehicle.bicycle 0 0 0 949.4486145514461 472.55231975907265 1000.7558817940043 522.5763777651094 1.826 1.876 0.746 -31.029986801223703 0.7965734569597018 4.557279344800329 1.5698968890322273 1.0
movable_object.barrier 0 0 0 309.59019773786144 532.7852826429208 541.2282008436331 674.9331253967406 0.661 0.88 2.859 -7.56031852182777 1.07755541332932 -3.8934064850779144 3.1110940036261834 1.0
movable_object.barrier 0 0 0 -263.7336394181938 555.971583430185 398.76045853811775 882.3954993658009 0.606 0.881 3.14 -4.5106441623309745 1.049670498627194 -3.8204699883142736 3.123444288098476 1.0
