movable_object.trafficcone 0 0 0 745.5370971802242 487.26080124511594 769.78796013491 553.7962323569745 0.392 1.271 0.348 -15.632399139814959 0.8491601104281369 -1.9614049259927036 3.1218096404066262 1.0
vehicle.truck 0 0 0 663.2935834624179 438.0990480821939 744.0630507557726 474.03536281944054 7.84 3.519 2.888 -84.767618611592 -2.1971881180687816 -16.338802362940577 1.5834493265532466 1.0
vehicle.truck 0 0 0 1126.316252641518 451.0271156005916 1319.2018120761957 542.6345910596646 12.678 3.32 2.898 -36.01091677870932 0.670762929812975 15.722181030685086 -2.1142691424809463 1.0
movable_object.trafficcone 0 0 0 597.9161991512577 506.49304851577995 657.8815820994904 651.9024562769157 0.359 1.144 0.359 -6.595970015362297 0.8310275207796796 -1.8962597961967347 3.1218096404066262 1.0
movable_object.barrier 0 0 0 731.5160677697827 492.26154083637573 764.7946956406423 531.5886250773846 0.565 0.993 2.835 -23.663508569510533 1.0056736979730572 -3.2257335324741407 3.119601363680542 1.0
human.pedestrian.adult 0 0 0 825.1618007504711 469.2074241707296 836.0951081877148 488.4912675201321 0.847 1.539 0.829 -65.16346965007817 0.15569861674313074 -2.2171435896973555 -2.128417845946977 1.0
movable_object.barrier 0 0 0 307.6958388052435 558.5805521609423 665.7314131670001 859.2727012637508 0.645 0.832 3.167 -4.793941570725579 1.0978672835006005 -1.8779287909947644 3.1218096404066262 1.0
vehicle.car 0 0 0 1526.7243719245225 500.09096856422417 1769.4092791981643 588.5252856069835 4.353 1.75 1.708 -20.016136720177442 1.5732798637926988 19.517224648756812 -2.119020185454895 1.0
movable_object.barrier 0 0 0 708.4614607738051 496.5035074590471 753.6399143281677 540.0762764257086 0.63 0.904 3.187 -20.59228227643282 1.0265127911284218 -3.2297070578768823 3.119601363680542 1.0
vehicle.car 0 0 0 1030.2262240324228 476.5238643671963 1078.7264492523932 507.5538259702361 4.86 1.736 1.856 -49.86374331648402 0.900802550420998 12.233269354061138 -2.1093901652006544 1.0
movable_object.barrier 0 0 0 675.6815892960296 514.8731269128564 762.9201029117651 601.5206542214945 0.655 0.854 3.138 -11.314748628585463 1.0694254242132943 -1.8806444503667377 3.1218096404066262 1.0
movable_object.barrier 0 0 0 419.09506818546265 523.6876392471354 608.3950975252781 660.4073244407793 0.656 0.946 2.822 -8.19418775213737 1.0631315447610548 -3.3713976839579485 3.1318698388656703 1.0
vehicle.car 0 0 0 1376.1748625404732 499.9660698870957 1621.5979663512874 591.710489633759 4.857 1.682 2.0 -19.290964386233554 1.5294170736042045 15.14284170464684 -2.113815884823614 1.0
movable_object.barrier 0 0 0 748.035456249972 500.30397470180424 794.9943739711833 552.1453883401228 0.642 0.88 3.183 -17.424347399774142 1.0271975682889867 -1.8394660182259204 3.1218096404066262 1.0
movable_object.barrier 0 0 0 630.6340366494813 506.2462081108548 709.8830572021144 568.4916270370074 0.641 0.84 3.025 -14.383636034206646 1.0326242488838024 -3.310003315422588 3.1318698388656703 1.0
movable_object.barrier 0 0 0 745.3027253411791 491.36711645192327 775.0551462519767 523.8367506633941 0.576 0.912 3.197 -26.754127861224063 0.9988075642609966 -3.246952625202547 3.119601363680542 1.0
vehicle.construction 0 0 0 -184.64740889572548 397.6889218673106 200.14246821478196 601.4574177978675 13.933 9.31 4.494 -40.24732720992357 1.1067262547400665 -42.31218414752312 1.5843246745186574 1.0
human.pedestrian.adult 0 0 0 1308.0975059670147 477.6012848141478 1339.5732514494562 516.2872839557576 1.026 2.0 0.994 -42.595255023407915 1.0603747423793022 24.901540295628987 -2.135416204479154 1.0
movable_object.barrier 0 0 0 47.20298257557846 525.3130026574623 493.50905062171756 791.0389256345144 0.626 0.981 3.054 -5.183349506850567 0.9255427529235877 -3.3949642933625173 3.119601363680542 1.0
movable_object.barrier 0 0 0 757.932870961741 490.26973901123745 783.3322031534988 515.7820113207792 0.535 0.804 3.073 -29.85344449865717 0.954711093847267 -3.240328258977341 3.1318698388656703 1.0
movable_object.trafficcone 0 0 0 666.3118819981132 494.3958436166099 709.8504250529215 607.2238637499769 0.392 1.271 0.37 -9.324553401995471 0.8523843776866903 -1.9808150257924597 3.1218096404066262 1.0
vehicle.car 0 0 0 1357.0954079551618 493.5245044568465 1796.3203275442265 629.2503165718433 5.164 1.522 1.92 -12.769146798571239 1.1477511788418164 10.847432585827864 -2.198405308489507 1.0
movable_object.trafficcone 0 0 0 725.704485141645 492.81277700606404 755.326031917306 572.5354485729667 0.392 1.271 0.381 -13.124473527345817 0.9096309851638 -1.9278729169449982 3.1218096404066262 1.0
movable_object.barrier 0 0 0 786.0028649400388 484.4071969526318 802.0882920646168 504.8738579039176 0.545 0.897 2.672 -39.110060930928796 0.8543255814841901 -3.1144236335497726 3.119601363680542 1.0
movable_object.trafficcone 0 0 0 288.64838119416623 510.9213686504616 450.1097295916058 896.913343963029 0.359 1.339 0.348 -2.9912007429477305 0.8117758917002068 -1.8164859443801673 3.1218096404066262 1.0
vehicle.construction 0 0 0 96.221263923242 487.6182396049313 233.59031180085256 535.6599363895788 6.498 2.662 3.001 -50.81609818350617 2.1595479590744344 -44.091070475212035 1.584655886634291 1.0
movable_object.trafficcone 0 0 0 797.1324307393904 480.9273696612563 810.974549399622 516.5335834178173 0.435 1.257 0.348 -28.724540324701238 0.7836985792393878 -1.9350803569018367 3.1218096404066262 1.0
movable_object.barrier 0 0 0 676.3378981073186 500.04907647152965 731.6032438915026 552.2292782919277 0.611 0.907 2.944 -17.437068191011512 1.0297271322089236 -3.3146584744080254 3.119601363680542 1.0
movable_object.barrier 0 0 0 775.6546090014201 494.3086980006617 808.7183655140267 528.2046264950919 0.655 0.832 3.174 -24.09540965541357 1.005523697623076 -1.9505678846088894 3.1318698388656703 1.0
movable_object.barrier 0 0 0 550.9195217981526 510.2180469381588 670.5762926420304 601.9459119656809 0.679 0.924 3.169 -11.260375912057283 1.0281933209874263 -3.3720966022510632 3.119601363680542 1.0
