movable_object.barrier 0 0 0 226.7825461230599 550.8193313441469 606.8658245147307 845.6625235167004 0.531 0.85 3.063 -4.708409243166571 1.0253180005807574 -2.2410415601413214 3.1203205031819943 1.0
vehicle.bicycle 0 0 0 978.7966208966342 467.20283453954124 1023.3464650819953 510.90999695717255 1.826 1.876 0.746 -35.588919639747594 0.5338730928605274 6.387308777514727 1.5802131047883616 1.0
movable_object.barrier 0 0 0 731.4542390890495 495.6920631234271 765.2949921276024 539.2222638746174 0.502 0.854 1.983 -18.081503630087784 0.8937290717419684 -2.461304748861588 3.109376062532087 1.0
movable_object.barrier 0 0 0 651.4905053819124 494.77845048532805 703.4945926616397 543.7174449113666 0.57 0.926 2.844 -18.240215659413725 0.9262903795131282 -4.08016244890323 3.1080372411290345 1.0
movable_object.barrier 0 0 0 541.3163111159763 506.7142693802644 645.4374654100634 583.5384883540438 0.661 0.88 2.859 -12.135622649743906 0.9708205474641959 -3.932984833647671 3.1080372411290345 1.0
movable_object.barrier 0 0 0 107.92523976804907 536.0613444069161 473.79058706813305 747.1722258854774 0.545 0.897 3.007 -5.88945607457752 1.018880994364689 -3.8456274715109124 3.1203205031819943 1.0
movable_object.barrier 0 0 0 678.8080409076231 489.3256405518776 723.5340090242023 530.561469738473 0.599 0.924 3.146 -21.284389944895533 0.8425167733564888 -4.138693658718575 3.109376062532087 1.0
vehicle.truck 0 0 0 483.95257954646104 414.93629468450666 628.6597219576329 478.4159228834765 7.412 3.386 2.527 -46.31218262628385 -1.727030509930208 -17.432436557405854 1.5804948312841418 1.0
movable_object.barrier 0 0 0 762.9922691121627 484.6580156268933 787.557670510707 512.8120524874292 0.464 0.825 1.85 -25.570950691458417 0.6846435247370467 -2.633417935338869 -3.1194524008661446 1.0
movable_object.barrier 0 0 0 636.4554496500998 506.7903642095198 723.5885092192841 589.6969532688452 0.534 0.878 3.195 -11.612836539298016 0.9570096929456392 -2.5032527108279963 3.1203205031819943 1.0
movable_object.trafficcone 0 0 0 710.420724183766 488.4253268272505 747.1892335468526 551.0835352213728 0.585 1.145 0.56 -15.234973452327196 0.8079276274892999 -2.4592899876405854 2.101841144577479 1.0
movable_object.barrier 0 0 0 -1705.8033356741316 584.9484913625024 215.5686750796634 1411.3660007436943 0.543 0.827 3.114 -2.795517845055358 1.0254651475712684 -3.740209822005353 3.095755269035103 1.0
movable_object.barrier 0 0 0 415.3583382393162 513.2262028007789 592.5178404961412 626.5210326774093 0.606 0.881 3.14 -9.093709927390101 0.9498400666771312 -3.8637547173082796 3.1203205031819943 1.0
vehicle.truck 0 0 0 412.43403360414874 402.81657987584475 598.0173683904691 481.4379031586087 7.84 3.519 2.888 -39.277584426026294 -1.672623302071745 -17.240775354585743 1.5803133373899865 1.0
human.pedestrian.adult 0 0 0 616.8417723758712 468.001662054072 687.1266631946808 575.0791693056143 0.847 1.539 0.829 -12.030431375744081 0.6476938725112174 -3.0876594833782067 -2.142194966964489 1.0
movable_object.barrier 0 0 0 741.604951321021 493.40735330725573 770.366624590903 530.4725556137862 0.499 0.821 1.773 -19.989619172541754 0.8589071050176902 -2.5373935606461684 3.109376062532087 1.0
vehicle.car 0 0 0 1277.84633567561 497.8239437999917 1384.148549322309 528.7116032797095 4.884 1.521 1.969 -46.21983783548339 2.0867859289789354 27.365291260084035 -3.094334706256859 1.0
movable_object.barrier 0 0 0 1011.4070644189762 489.96305101506255 1053.7665503350636 524.2507659525985 0.552 0.887 3.139 -24.431547508316672 0.8929509471414045 5.317664343446728 1.5803899067861433 1.0
movable_object.trafficcone 0 0 0 105.83785804948744 527.1685025256261 312.5495096351923 921.3830560961057 0.403 1.271 0.37 -2.8180213083143575 0.8317614047778241 -2.269699892025537 3.10351730033333 1.0
movable_object.barrier 0 0 0 607.9937789300403 497.65048164240903 679.9242143439119 560.413041270482 0.598 0.94 3.186 -15.186575130631747 0.9316755072060585 -4.002667149815348 3.095755269035103 1.0
