human.pedestrian.adult 0 0 0 796.4765839063789 470.14991037384874 815.4355288585712 503.11481026237044 0.847 1.539 0.829 -38.13552742383114 0.45801735773821123 -2.474881814698267 -2.1255235435235447 1.0
movable_object.trafficcone 0 0 0 270.13687602752975 553.9042614619793 420.5976190665792 866.3718866412167 0.359 1.147 0.348 -3.2076772895500625 0.9057934256294504 -2.046626528425563 3.1233702811803115 1.0
movable_object.barrier 0 0 0 771.4604813975985 483.8659485513468 793.7377610299277 506.5280070781723 0.661 0.88 2.859 -34.7166356681791 0.7774687819297231 -3.255254130145519 3.127891509003547 1.0
movable_object.barrier 0 0 0 319.7935954606119 533.7496894759063 567.9656163919492 688.0849029809426 0.535 0.804 3.073 -7.025206483047294 1.0328107274599698 -3.410753891186091 3.1334448513201902 1.0
movable_object.barrier 0 0 0 607.7110461031433 505.04746139407825 692.3655649353905 580.4916421657106 0.514 0.944 3.125 -13.11681803487371 1.010534175947394 -3.336818399655897 3.1334448513201902 1.0
vehicle.bicycle 0 0 0 1100.1317668410572 482.7226143850953 1129.601017735595 509.68311540891017 1.826 1.876 0.746 -57.46486703501226 1.3877488555292081 18.53292803158593 1.5813399531086771 1.0
movable_object.barrier 0 0 0 710.0968249507245 498.3920127331271 770.576699613229 562.3315675672915 0.605 0.887 3.125 -14.199255704970863 0.8903846606078534 -2.0334163955459377 3.121158844119229 1.0
movable_object.barrier 0 0 0 771.4137754455077 494.55085112944215 800.5719239370283 536.0546570914887 0.432 0.886 3.115 -20.61953903299684 0.9535719768422041 -1.8290286489966185 3.127891509003547 1.0
movable_object.barrier 0 0 0 794.0540912192766 488.0511960292903 818.1248588295133 516.9239241729431 0.531 0.85 3.063 -27.25076911944153 0.8477365698611578 -1.7445691482838985 3.140177746197512 1.0
movable_object.barrier 0 0 0 665.5889106489427 501.78326223755226 719.9892497654523 556.0298601521539 0.545 0.897 2.672 -16.28304806498753 1.0176657500206023 -3.3257487539638557 3.121158844119229 1.0
movable_object.barrier 0 0 0 -406.86604620649587 556.157103883459 409.1022724996981 990.8846077877976 0.576 0.912 3.197 -3.9254087605098826 1.0265712087681815 -3.4030631331711145 3.121158844119229 1.0
movable_object.barrier 0 0 0 578.1301117360894 525.0753557668586 728.636153239948 658.561256647944 0.621 0.83 3.203 -7.970608859438639 1.0154066283736816 -1.893928112116837 3.1334448513201902 1.0
movable_object.barrier 0 0 0 738.7892732458262 491.4480568109914 768.220330225727 522.4147371304573 0.543 0.827 3.114 -25.375476931408357 0.9266550320468028 -3.2916260592695687 3.115605798194226 1.0
movable_object.barrier 0 0 0 750.1692875777198 490.32240780927816 777.9021245592387 519.4738846608465 0.545 0.897 3.007 -28.471511704304504 0.9733273533957185 -3.3232548347312916 3.140177746197512 1.0
movable_object.barrier 0 0 0 515.5582919990477 513.3367458947168 642.9930898228471 619.1437913125968 0.547 0.958 2.991 -10.037656711863606 1.0265870501284682 -3.38871109768848 3.121158844119229 1.0
vehicle.truck 0 0 0 1204.7827069661519 348.996538823244 1687.7466599979523 587.9436575104528 11.229 3.884 2.789 -18.80210476826231 -0.1852070246682957 12.187791570978032 -2.126703007257131 1.0
movable_object.trafficcone 0 0 0 789.2499300741885 479.73437242225 803.8475101943396 520.5398395053599 0.403 1.271 0.37 -25.283217019960674 0.7331393776033128 -1.940979991557826 3.1233702811803115 1.0
vehicle.truck 0 0 0 598.6170126154585 427.66364325381284 710.5594586199553 476.4427287432676 7.84 3.519 2.888 -61.94653928083657 -1.9052261874189629 -15.719763063385367 1.5807079331569662 1.0
movable_object.trafficcone 0 0 0 766.3620904444878 485.7260283068174 784.6777387342152 537.2734696537694 0.37 1.188 0.305 -18.745639045650137 0.809500951616579 -1.9332897496604944 3.1233702811803115 1.0
movable_object.barrier 0 0 0 761.5743941809122 485.76346611141565 787.4579046471308 511.1025368389485 0.606 0.881 3.14 -31.682741875096127 0.831703134878529 -3.2849877349342975 3.140177746197512 1.0
movable_object.barrier 0 0 0 695.2725529236017 494.59223119062443 737.9062530767977 537.7934945388334 0.545 0.871 2.629 -19.137280813877975 0.9084778812010635 -3.3555384243969826 3.121158844119229 1.0
movable_object.trafficcone 0 0 0 710.3979689207903 486.6483731275251 743.6359032418757 571.00085696334 0.424 1.271 0.37 -12.357804359287176 0.7959662250491324 -2.0240302085449695 3.1233702811803115 1.0
movable_object.barrier 0 0 0 954.7039919473132 482.4614623896021 970.8183564926201 499.2061946529854 0.552 0.887 3.139 -46.76469109365623 0.802091526024897 6.144911995253841 1.5797233672871691 1.0
movable_object.trafficcone 0 0 0 812.4534531128312 478.6704651594464 826.158827524438 503.49738510615975 0.585 1.145 0.56 -37.69462533790829 0.6669232547272501 -1.817444610980529 2.117953197862466 1.0
movable_object.barrier 0 0 0 716.6177379418808 489.4778870620704 755.4467365811535 527.524873144548 0.56 0.887 3.082 -21.994313315017965 0.835887170787929 -3.322783635571504 3.127891509003547 1.0
movable_object.trafficcone 0 0 0 558.5715380690156 501.80507292937824 635.2792826118219 676.9237700039079 0.435 1.257 0.348 -5.999235958387169 0.8282800484102532 -1.9556656863488533 3.1233702811803115 1.0
