vehicle.bicycle 0 0 0 910.0552641540007 469.0791022799312 971.1219952212647 528.264995104701 1.826 1.876 0.746 -26.145712442779935 0.7087466956715323 2.7073467856687783 1.5738127665081656 1.0
movable_object.barrier 0 0 0 587.9008226226654 531.4752585581808 684.0955276295048 633.841771517851 0.502 0.854 1.983 -8.750246185369589 1.0978569601786565 -2.3751775762358394 3.116931373709104 1.0
movable_object.barrier 0 0 0 694.5209816595755 511.4481764216755 736.0875595461082 564.2404927310242 0.509 0.814 1.692 -14.359726891712254 1.0708766415581896 -2.5449193435668462 3.088101650663633 1.0
vehicle.car 0 0 0 181.60536067151037 429.4468620027661 332.378148733755 474.22978539630435 5.104 1.753 2.017 -34.471250669537305 -1.0603641598647857 -25.91013404363592 1.568637460463278 1.0
movable_object.barrier 0 0 0 405.879740323865 525.2067047991683 572.8497507412052 642.0311033019647 0.57 0.926 2.844 -8.957589459134656 1.0956991369769868 -3.9917489822131977 3.115584453886024 1.0
movable_object.barrier 0 0 0 -1504.2696332594237 591.3098319633592 197.0243452021523 1317.289327977276 0.661 0.88 2.859 -2.852204720504422 1.058936290216623 -3.8781765982515917 3.115584453886024 1.0
vehicle.car 0 0 0 1362.5433341752669 500.3567969607364 1514.8304186584282 546.3823156202113 5.715 2.0 2.296 -39.73772876683326 2.2758488983034577 28.828645526986566 -3.080536208216225 1.0
movable_object.barrier 0 0 0 80.60951287131681 541.7807352884937 468.29101753093084 764.3453030624876 0.598 0.94 3.186 -5.9036718203776894 1.0838959275665716 -3.931726153743137 3.1032280163706183 1.0
movable_object.trafficcone 0 0 0 480.9231507117541 526.1927350829807 592.6335972169857 693.8370602993921 0.585 1.145 0.56 -5.980021005436939 0.9669713323849539 -2.3890124923716503 2.1013255557804804 1.0
vehicle.car 0 0 0 1388.1414714205089 505.50214172187555 1530.0747751022284 544.0209763596971 4.884 1.521 1.969 -36.74822265766589 2.178041105770883 27.62074037385111 -3.086304985256424 1.0
movable_object.barrier 0 0 0 1103.4665858045573 509.7369476675265 1194.845077623987 569.8104070207237 0.552 0.887 3.139 -15.12049340446626 1.1341178892985284 5.438871726949333 1.568298476943804 1.0
vehicle.truck 0 0 0 265.49514666414336 393.99660242074503 516.5836918294747 496.58912057475885 7.84 3.519 2.888 -30.071311657832943 -1.146935186902258 -17.429147063893637 1.568637460463278 1.0
movable_object.barrier 0 0 0 526.8051862838104 515.2520203038911 638.2515126064358 597.9090959514764 0.599 0.924 3.146 -12.002639922519585 1.1188824209989139 -4.0354663789880165 3.116931373709104 1.0
vehicle.truck 0 0 0 394.23349063565706 413.1228313455223 578.2111598726815 491.9022752543609 7.412 3.386 2.527 -37.13254556099252 -1.1062039530365255 -17.201758120762776 1.568870776076838 1.0
movable_object.trafficcone 0 0 0 726.913193299766 492.4374934333064 763.9342527849507 547.2092045373721 0.558 1.161 0.702 -17.559953330229767 0.9363623748698827 -2.4693769430852885 2.086779010595408 1.0
movable_object.barrier 0 0 0 639.4309553749337 523.1202247909338 706.7317971585478 598.7396757597719 0.499 0.821 1.773 -10.699236149992892 1.0864892481914286 -2.442124517327745 3.1128123904438176 1.0
movable_object.barrier 0 0 0 712.5796860229136 502.24822862769435 755.9716644097427 548.2641422260682 0.464 0.825 1.85 -16.31434651764268 0.9631535067847965 -2.503653811194476 -3.1115713091662895 1.0
