vehicle.car 0 0 0 1094.5527652246435 417.24879703857033 1317.2282059829888 513.7770451305761 4.405 1.961 1.89 -27.451366366775382 0.8748364340161241 10.05671951609261 1.6001723265775505 1.0
vehicle.car 0 0 0 1137.5105719291555 439.53783511138494 1327.1657590842362 505.12856870257696 4.844 1.696 1.988 -35.465181933431566 1.3448562832616742 13.737476286776655 1.6001723265775505 1.0
vehicle.car 0 0 0 580.9901288700439 407.95546724527856 819.164907501407 498.8885595158406 5.676 2.177 2.198 -32.23968127151176 0.7271748680112146 -1.0973146166777628 -2.8844224144786157 1.0
vehicle.car 0 0 0 508.49319003724605 417.4617696999298 768.3293565281098 509.62127032680417 5.734 2.0 2.161 -29.65802034137897 0.8928685277668225 -2.4722391429484585 1.6022961986925672 1.0
vehicle.truck 0 0 0 965.129132014709 412.53966554126066 1380.8865258452465 546.5293917089199 6.019 1.91 2.076 -20.174541351613346 0.8086230588732767 6.786608892938508 -2.8578378184722144 1.0
vehicle.car 0 0 0 229.30043751278532 402.71245411160095 542.113151613721 523.6648092882768 5.063 1.959 2.124 -22.2944626261511 0.6469092450593952 -6.3205148354842775 -2.882599234998687 1.0
vehicle.car 0 0 0 370.8115734528892 411.7653355280686 629.0674585817644 516.9158205011529 4.652 1.901 2.013 -24.684259268286805 0.7495544179850632 -4.770643557695955 -2.845841742154205 1.0
vehicle.truck 0 0 0 758.4849021892293 396.2132476588532 1419.9383273245617 630.0983143300158 6.022 1.953 2.156 -12.737023294557522 0.7473968681362022 3.35534345515418 -2.8455964137459144 1.0
vehicle.car 0 0 0 1113.3398463214094 441.8635502162856 1327.6055417166335 503.4214681997896 5.05 1.442 1.89 -32.638684408341575 1.2450258991430523 12.325986423169297 1.6001723265775505 1.0
vehicle.car 0 0 0 937.9830013368762 418.75658294522435 1049.6091955122645 461.2335936945739 5.051 2.0 2.058 -61.70985122916509 0.8152492302222707 12.304314074409218 1.6028572180122351 1.0
vehicle.car 0 0 0 1137.4461344191234 424.36657104708416 1317.9967594226625 494.58473649017793 4.978 2.0 2.3 -38.31848013841356 1.0645705685786884 14.713668005442925 1.6001723265775505 1.0
movable_object.debris 0 0 0 650.5837259609411 500.5851145688368 705.735940149522 525.3471128627583 0.717 0.419 1.198 -26.032733878637952 1.856018872038365 -1.3300038443353928 -2.892157402642109 1.0
vehicle.car 0 0 0 1137.0016137273815 424.08659664458605 1342.8109760149237 494.09906108759174 6.318 2.213 2.471 -42.732805937638055 1.170528680056963 16.80792124154232 -2.8661156185128425 1.0
vehicle.car 0 0 0 971.305540902786 420.40575228922796 1356.441779297498 560.5893353678786 4.732 1.705 1.875 -17.202560190710606 0.8372016459220822 5.663125362307496 1.59607014034576 1.0
vehicle.car 0 0 0 716.953262921191 421.97633410984065 1359.3674082817656 680.588332481084 4.567 1.667 1.946 -9.988520969658587 0.8444899697864642 2.2827811494404004 -2.8700902667646346 1.0
vehicle.car 0 0 0 448.3584941027324 416.3561785442957 675.5877002963095 508.18273999631003 4.513 1.844 1.921 -27.217029331590815 0.7977626951294938 -3.914703274472254 -2.8580833732444466 1.0
vehicle.car 0 0 0 1084.2242300528676 415.45012413441975 1368.8841250151138 531.6031898557565 4.547 1.902 1.724 -22.38050704514639 0.8356578481708392 8.514652144458502 1.5988014912091222 1.0
vehicle.car 0 0 0 -213.36823223708842 439.6979760545689 183.67333883536833 581.0050277341722 4.072 1.433 1.885 -14.815438316692532 0.9388368229031248 -8.897762915863787 -2.8883517068410445 1.0
vehicle.car 0 0 0 173.77864151953614 432.1883440986644 391.0383685152053 543.3375021267946 2.943 1.6 1.572 -19.71496005291109 0.9572411886341943 -7.208376626217425 1.6129432992226436 1.0
