vehicle.car 0 0 0 1114.1296630096397 424.51697376237604 1467.3909724125447 668.5603177335579 4.691 1.364 1.911 -9.654611428763904 0.7090884021959621 4.025201792712361 2.3065739326564465 1.0
vehicle.truck 0 0 0 -132.6797912536744 364.99056833930166 209.90880221732593 497.3058640337958 4.621 1.86 2.14 -20.20167665469423 0.11294955189220712 -11.044970953183299 1.9471819451994126 1.0
vehicle.car 0 0 0 -310.37737807090247 407.30224872992636 21.67717559285369 490.10499334496774 4.601 1.316 1.952 -22.63231917526429 0.41675351608304245 -15.713717047001193 1.920364374983297 1.0
vehicle.truck 0 0 0 144.43782563803046 369.65917230201956 484.6315817073381 504.70787264600006 5.041 1.751 1.95 -19.012690169583916 0.1873284833587928 -6.214589507295408 1.8772723642483484 1.0
vehicle.car 0 0 0 -8.954367024089908 372.1092099315785 189.7417924467205 439.96231522704346 5.191 1.87 2.203 -37.4828006170625 -0.46663250925891764 -19.269872425641996 1.929225842981067 1.0
vehicle.car 0 0 0 1560.4863741405356 408.79086201882365 2179.898469504026 710.4162781073114 3.961 1.492 1.761 -8.422704687630144 0.6839096490036787 7.013679299995188 2.3065739326564465 1.0
vehicle.car 0 0 0 463.92768907340906 379.84518484039575 745.7686730117158 487.30885146953045 4.574 1.78 2.119 -22.676786307893558 0.1607854337814597 -2.4736068882841304 1.6046980064915841 1.0
vehicle.car 0 0 0 108.99209371857489 385.44362154158904 356.9434389663874 494.32163164694015 3.814 1.595 1.853 -20.547533744943703 0.247524211278006 -8.166902410883726 1.965440860818302 1.0
vehicle.car 0 0 0 -225.6467536962235 390.403170893636 107.39583792058436 485.2625896461965 4.561 1.421 1.942 -21.341144350364843 0.22353837289547954 -13.355491129072574 1.929225842981067 1.0
vehicle.car 0 0 0 546.7729967670971 388.25384685914935 795.245157757757 481.94018093479514 4.658 1.79 2.071 -25.91342624051026 0.2168996982141902 -1.4779643139040317 1.6094508779057906 1.0
