vehicle.car 0 0 0 -508.5865275901631 394.2151225070469 200.17068740676038 680.2304320332023 4.687 1.88 1.964 -10.812170365466459 0.7604013219212892 -7.167507230769005 1.923692799164364 1.0
vehicle.car 0 0 0 -949.2136239385558 385.8788511272657 287.74332786498235 886.9343576593178 5.103 1.741 2.02 -7.094640048651819 0.7520682908255987 -4.93425536316489 2.2160773575296373 1.0
vehicle.car 0 0 0 978.009083026157 474.1767101529603 1052.712552064153 541.0995541360478 4.268 1.459 1.783 -33.00970592425158 2.161476237637526 7.18622960662013 1.9676246744888424 1.0
vehicle.truck 0 0 0 -179.3643064406041 367.7359029546277 373.0791775890274 552.4050630575955 9.216 2.89 3.314 -22.700907735577946 0.5557538455230209 -11.623771602966695 1.5903029584374542 1.0
vehicle.car 0 0 0 1522.5748094937553 476.4290240717084 1671.8879304943441 552.2610584590664 3.956 1.444 1.817 -28.973536620850656 2.0397134748716246 19.54457485118599 1.9239797283417532 1.0
vehicle.car 0 0 0 1089.925779627488 471.75663902064537 1165.3069189571752 539.8780090980034 3.926 1.473 1.724 -32.17103137351386 2.061495199925846 9.835630631388414 1.932917110164471 1.0
vehicle.truck 0 0 0 455.4089518191239 353.1517876325261 1031.5022271386456 824.5905920738784 5.827 1.886 2.039 -8.121257606334408 0.6747618087020893 0.5698267672249192 2.2717827422639036 1.0
vehicle.car 0 0 0 1093.4179672318367 461.25356817002944 1163.7838142147673 519.4023851222914 4.616 1.805 2.201 -44.63583657572334 2.3320483651780552 13.73354151489327 1.915120928665111 1.0
vehicle.car 0 0 0 1188.8356242009054 477.6585406728521 1273.68204944344 542.9940751506491 3.685 1.34 1.712 -30.99080504748518 2.1001554878594497 11.96052620564273 1.928857030665915 1.0
vehicle.car 0 0 0 192.7762665917897 381.07244323510315 706.5059582338897 708.2784749605224 4.372 1.824 1.822 -9.367487552309518 0.6849883554419477 -1.8035674982724406 1.9459197971608821 1.0
vehicle.car 0 0 0 1400.2330050253177 482.23541490796435 1544.3518714410345 553.7254144464645 4.186 1.386 1.914 -30.243858925486453 2.220258130752708 17.402652614134237 1.9601885295695922 1.0
vehicle.truck 0 0 0 1280.7024456843862 457.6931530743297 1398.575123408712 549.3844957826456 4.577 1.949 1.862 -30.873161162530675 1.8882267022361787 14.527201897302273 1.9457571632779374 1.0
vehicle.car 0 0 0 1169.0119061744113 405.1868926154171 1781.6026839039323 853.6060196179006 4.748 1.639 1.961 -7.179299358669487 0.7696190444432722 3.5575834113450435 1.9367070107332403 1.0
vehicle.car 0 0 0 918.7121501830844 469.6432636772695 988.3909297693182 517.2543366656521 4.412 1.553 2.003 -47.81776670995457 2.6343341148875186 8.05542589909316 1.9300039169758278 1.0
