vehicle.car 0 0 0 933.5429788351748 406.6256090272483 1048.697541230083 500.30464139629095 4.682 1.708 1.924 -25.838770158067625 0.5731057367017562 5.188682093393395 2.2735561891592457 1.0
movable_object.trafficcone 0 0 0 771.0051459692021 478.32871026702287 811.3746340228264 547.6459482610196 0.341 0.746 0.348 -14.05158115138352 1.0026551484481077 0.5409648447245364 2.300354505810648 1.0
vehicle.car 0 0 0 506.99560138626026 410.93065875613775 625.6131706475427 470.994717562352 4.842 1.931 2.077 -43.886645250239496 0.5905866560762643 -6.067750293238955 2.3114530523406422 1.0
vehicle.car 0 0 0 406.1656276934131 411.1366737246979 584.6849201968805 493.1043511531631 4.793 1.655 1.983 -28.47967872285061 0.6068134774602555 -5.456692101094619 2.2735561891592457 1.0
vehicle.car 0 0 0 185.76313769836312 408.86937486052693 393.74867576133227 489.8425192490684 4.854 1.748 2.145 -30.294296781103295 0.5860527294761767 -10.74696310492852 2.300354505810648 1.0
vehicle.car 0 0 0 20.84270979837414 412.81605669809875 236.96947858897371 489.856765456904 4.945 1.795 2.146 -32.51703931840437 0.6785673519270401 -15.69428790298927 2.300354505810648 1.0
vehicle.car 0 0 0 783.9329019733268 417.9547813878376 926.1376710544816 498.9137763667469 4.477 1.495 1.986 -26.139541187888216 0.6782789046840448 2.433195858196829 2.2955945911541633 1.0
vehicle.car 0 0 0 -138.1215408717618 419.1061166999759 68.24145664352594 478.4294427497246 4.604 1.454 1.908 -34.23795427937407 0.6581657198726819 -21.010589669303787 2.300354505810648 1.0
movable_object.trafficcone 0 0 0 309.17210566959454 485.2945738239773 350.42903577981326 539.8066294285073 0.348 0.668 0.343 -16.076696072720356 1.1425846221657725 -5.276470956189985 2.300354505810648 1.0
movable_object.trafficcone 0 0 0 1375.378570253004 480.9790082582856 1430.6302567471091 558.6986356705801 0.325 0.716 0.404 -12.068942445911167 0.9259595292323071 6.326805539520426 -1.8946168683559712 1.0
vehicle.car 0 0 0 -293.40511061525734 412.63349652291737 412.2824425298091 679.2908823822215 4.846 1.668 2.106 -10.599613064604371 0.8157790008430166 -5.537996878572707 1.6782163152757947 1.0
vehicle.car 0 0 0 298.391267144772 404.56073797919674 494.6326995199347 491.9503806916066 4.748 1.841 2.135 -29.532138362483558 0.5482851506057287 -7.979850863816412 2.300354505810648 1.0
vehicle.car 0 0 0 1508.4814676086432 359.62873629808524 1742.3576791395947 489.74701121577937 5.413 2.0 2.144 -22.484738308094013 0.029157713212587644 15.499629862493139 2.339260009870128 1.0
vehicle.car 0 0 0 643.8742798623381 413.7739143154378 818.9645294239241 496.60029359331077 4.652 1.625 2.008 -27.541047114120985 0.6498366596621461 -0.13317768776883226 2.373979847939588 1.0
