vehicle.car 0 0 0 -18.76138968698282 405.22911131889606 198.23575820166485 480.64861427792454 4.945 1.795 2.146 -33.20735546094604 0.4779978629953293 -17.064685776256837 2.3058748034522516 1.0
vehicle.car 0 0 0 -174.40566603400626 413.16357406712245 32.821193871025045 471.34672958523606 4.604 1.454 1.908 -34.87442160290399 0.49201102776852557 -22.39815360774788 2.3086424552934517 1.0
vehicle.car 0 0 0 -432.36615871863376 408.25901310481373 270.7034959025855 657.9902039620885 4.846 1.668 2.106 -11.172628576956422 0.7747616965832056 -7.034695129448589 1.6799311554549252 1.0
vehicle.car 0 0 0 1425.5278425534893 357.272772435105 1627.8413330750286 484.47985880557314 5.413 2.0 2.144 -22.941635184484323 -0.043267026802936426 14.05672809136992 2.3447342849153534 1.0
vehicle.car 0 0 0 471.1523560925188 404.60226003679634 592.3777964768713 464.19100733443787 4.842 1.931 2.077 -44.25401030423293 0.36694641407371564 -7.332345443686243 2.316960451863519 1.0
vehicle.car 0 0 0 135.73131923073268 404.3348528695202 346.62854600655885 483.6716592767858 4.854 1.748 2.145 -30.886123369718277 0.4668852337755465 -12.15069797731723 2.3058748034522516 1.0
movable_object.trafficcone 0 0 0 1207.0186459976383 473.04553617746507 1253.7796802044809 547.5657295068731 0.325 0.716 0.404 -12.56427946884343 0.8694555588287163 4.863857003797027 -1.8945769053730892 1.0
vehicle.car 0 0 0 244.28800022471285 400.0335512081437 444.1831651322664 485.6530298924072 4.748 1.841 2.135 -30.109828692035272 0.43031312515402437 -9.387502172769324 2.3058748034522516 1.0
vehicle.car 0 0 0 577.8631793261154 408.2000855597818 758.0571621661431 489.3928248139948 4.652 1.625 2.008 -28.079527418114147 0.522549778374138 -1.5513067861726337 2.379411231031682 1.0
vehicle.car 0 0 0 346.90249746082486 405.2130560180726 530.7473702533309 485.5152590414368 4.793 1.655 1.983 -29.04489641383618 0.4664336344661852 -6.870456970223845 2.279106828769386 1.0
movable_object.trafficcone 0 0 0 640.8046809436922 471.16441024916 681.7401226411447 537.8775279629501 0.341 0.746 0.348 -14.588399708726275 0.9430988550868663 -0.9447125205707408 2.3058748034522516 1.0
movable_object.trafficcone 0 0 0 211.36561257987478 477.8293138720933 252.65049775120175 530.425519492489 0.348 0.668 0.343 -16.64775154854553 1.0719494516916745 -6.757852422859894 2.3058748034522516 1.0
vehicle.car 0 0 0 855.2398981547328 400.7044281552905 980.3529160467044 492.46766815066405 4.682 1.708 1.924 -26.350055377579643 0.44410618299790605 3.7616616932515194 2.279106828769386 1.0
vehicle.car 0 0 0 711.1008902809886 412.7193693387094 860.961923397894 492.06662884125325 4.477 1.495 1.986 -26.66100138181327 0.5665210354920562 1.0227894460775169 2.3011203620379366 1.0
