vehicle.truck 0 0 0 738.6510383657202 395.83205994927914 921.5540394640358 491.02496206066104 7.227 3.774 2.461 -52.04378668492099 0.8299711323824815 3.5367036382327037 1.5616393014414287 1.0
vehicle.car 0 0 0 854.3987442108141 443.1968175042355 930.7734900012686 496.98414106504936 4.281 1.804 1.781 -45.319175881527826 1.650748409111727 5.329474734857408 2.0295263111272996 1.0
vehicle.car 0 0 0 1168.699230949592 431.4479316284939 1362.41558421264 580.5728594309841 4.994 1.806 1.904 -17.906304663327887 1.0361362270275918 7.232609370141316 2.2552043300102715 1.0
vehicle.trailer 0 0 0 1486.4288751979923 398.0035224145148 1673.3534895052308 500.8329251841555 8.517 3.763 2.696 -50.534321741188045 1.0197224650293282 33.28799885399423 2.0114293554653866 1.0
vehicle.car 0 0 0 694.7385813594635 444.24205531576837 749.6142178136536 496.74242222319464 4.056 1.725 1.817 -44.435996958482654 1.6363681127679144 -0.7755386309728909 2.069159638011774 1.0
vehicle.car 0 0 0 973.8648555194965 443.2659843791434 1059.448286753313 494.60308294384987 4.4 1.768 1.93 -46.6188751546657 1.6581274852120118 10.070106269646967 2.0546371489034962 1.0
vehicle.truck 0 0 0 1021.9868261020781 405.8480621714337 1202.1272514671225 490.24768091164503 7.036 3.566 2.957 -55.64625366370887 1.093317617756521 16.22525801985503 1.5605042383819194 1.0
vehicle.trailer 0 0 0 1435.9036025236642 416.22445425250896 1538.3971097156812 479.9556343633107 6.496 3.873 2.531 -80.19390625740041 1.5715834750497377 47.30276099080124 2.082030166175043 1.0
vehicle.truck 0 0 0 742.1645806246862 394.02404954488367 1000.0625207982737 490.3209983080797 10.981 4.027 2.946 -55.44476159511709 0.8348333038781999 5.510713521567863 1.5605042383819194 1.0
vehicle.truck 0 0 0 761.7853906897016 434.3176852788767 859.7001320569435 521.506807668933 5.988 1.996 2.009 -32.1014216896292 1.3023856704910552 1.6149143941329789 2.079222159805875 1.0
