vehicle.trailer 0 0 0 1325.8822768954287 410.6862432699859 1612.0131906667327 515.6074002865914 15.788 4.172 3.334 -58.344322473563416 1.7741089358631907 32.776088707877086 2.0564165700220176 1.0
vehicle.car 0 0 0 537.1954089215259 459.3485242360446 590.774414051642 508.2054508049901 4.281 1.804 1.781 -49.99986565517752 2.374881260320392 -7.063567277337683 2.049519252520815 1.0
vehicle.trailer 0 0 0 1179.794814621848 422.596608089149 1294.8181713219624 516.9019504047429 8.517 3.763 2.696 -54.709695851734764 1.9656365680780314 21.294200993481255 1.996765512775843 1.0
vehicle.car 0 0 0 296.741081989321 451.6453385724983 540.1806871774859 568.7952015672597 4.994 1.806 1.904 -22.33888777250213 1.4332206719057234 -5.5554389968612385 2.259741416405239 1.0
vehicle.truck 0 0 0 481.99975487269967 413.82666005653186 719.1725501111679 502.61576740117033 10.981 4.027 2.946 -60.080958841932784 1.6707535111253125 -6.655281503925554 1.5501605074159652 1.0
vehicle.truck 0 0 0 749.2883914407752 424.83823145021967 901.8298414102934 502.7972371034913 7.036 3.566 2.957 -60.17295709298134 1.9355963554581535 3.8633148658193 1.5501605074159652 1.0
vehicle.truck 0 0 0 458.53294689142894 416.5294632850334 625.9656975672226 503.84610722004777 7.227 3.774 2.461 -56.69901104309806 1.659220744683195 -8.947540233051683 1.5509066165159364 1.0
vehicle.truck 0 0 0 1544.208816524369 406.03847634089163 1719.5630388620316 522.1313065616516 5.215 4.108 2.681 -47.4440482095048 1.5166373860999844 33.34069509232768 2.060899731045666 1.0
vehicle.trailer 0 0 0 1232.7910628900572 441.22146615524304 1313.5216154323155 502.218152569536 6.496 3.873 2.531 -83.69488878527024 3.1853713772167076 35.16600230409322 2.0847315562662985 1.0
vehicle.car 0 0 0 372.9337772192841 464.07345214087627 443.6944126222527 511.9319100939704 4.056 1.725 1.817 -49.17956703854687 2.5038226643057877 -13.020390028930365 2.0660772827581244 1.0
vehicle.car 0 0 0 662.5156299664649 460.62019298792154 713.0993330764394 507.6023505482686 4.4 1.768 1.93 -51.18803401340589 2.4471706379156704 -2.19724533994063 2.0772604191841637 1.0
vehicle.truck 0 0 0 853.1496461141417 437.0650538760856 935.9621292588797 499.1097170971933 10.849 3.529 2.868 -77.64314570654913 2.7046359041705546 9.183249637870604 2.0380293040253488 1.0
vehicle.truck 0 0 0 306.6144339585119 450.48644199871893 428.728351485502 524.8792038752413 5.988 1.996 2.009 -37.23734407033759 1.8262106187722809 -10.959117729275972 2.068020447672202 1.0
