vehicle.truck 0 0 0 101.89392220778595 329.2895986981953 499.63411335456544 479.14659488396876 13.944 3.398 2.818 -35.603062525379116 -0.39313232909065343 -11.524180122970709 -2.270531719645689 1.0
human.pedestrian.adult 0 0 0 752.1194009831404 367.4146331948334 788.3055764450454 433.42972180478796 0.712 1.477 0.61 -28.51823853545226 -0.5044483593818612 0.622281080736371 1.5764204748267474 1.0
vehicle.truck 0 0 0 768.5241852157034 404.1313677531692 1156.5733161736507 544.2682469910261 4.507 1.557 1.8 -15.601445038171391 0.5658310033092786 2.7438658267220304 2.9159595024639504 1.0
vehicle.car 0 0 0 633.3007889608398 433.65499938197706 1053.2313506979976 586.2668464593436 4.197 1.418 1.678 -13.453934224525902 0.8436485358542517 1.101916764209076 2.931113428031317 1.0
vehicle.car 0 0 0 815.3250205462906 427.0640205466319 1118.5251236550484 525.9276577111069 4.165 1.3 1.465 -18.244720616925438 0.7264186146978102 3.2571638238254357 2.9303388334120637 1.0
vehicle.car 0 0 0 484.82487861912614 423.58723196266624 1040.9865881895428 624.6692042400789 4.491 1.467 1.712 -10.883582626048064 0.7573787993917468 0.19354668941967718 2.9159595024639504 1.0
vehicle.car 0 0 0 193.0226900639283 361.55757170404905 962.3087226604406 702.9525174124419 4.665 1.832 2.081 -8.448857647589522 0.5783237517023536 -1.0200795171063737 2.9304494878476 1.0
human.pedestrian.adult 0 0 0 1583.6772547435312 317.4028780354953 1633.0243329944988 422.76217346697246 0.718 1.885 0.715 -23.06429915317308 -0.9496938086489837 15.854603677908782 2.7424846891563845 1.0
vehicle.car 0 0 0 -286.713129786826 360.90390180311636 861.7830665414524 920.8485034733291 4.53 1.726 1.887 -5.507277366784247 0.6637600589130453 -1.9192680896471377 2.913625501721328 1.0
human.pedestrian.adult 0 0 0 1516.8801079171224 316.52917054438257 1580.948676552793 423.0572171379117 0.939 1.917 0.9 -23.356093226899564 -0.9612771538151282 14.96392806655921 2.702801447937558 1.0
vehicle.car 0 0 0 145.5801642095329 391.2631245495298 582.0092347976389 555.6080367430502 4.998 1.795 1.764 -15.381409559406405 0.5419065761543085 -4.628077269224248 1.5924587948053794 1.0
human.pedestrian.adult 0 0 0 790.1178087991397 364.0442232768803 824.8235433052531 412.1950050071557 0.581 1.06 0.586 -28.30811507127617 -0.7760114771784759 1.4544076353272164 2.808220169913591 1.0
