movable_object.barrier 0 0 0 897.2551259034441 493.17695768169403 998.4218734506297 546.0138612798363 0.617 1.117 2.297 -28.75486390275395 0.5936755167363256 3.5434969807673524 -1.778272632432837 1.0
movable_object.barrier 0 0 0 418.56154001881333 501.7469012908701 556.7552252702104 574.7317599323212 0.475 1.097 2.058 -19.825943983707923 0.6974092144937621 -4.785982558748349 -1.8255258930650866 1.0
movable_object.barrier 0 0 0 415.28020507747516 526.1971616090567 613.9645057959925 623.3034091272452 0.586 1.052 2.346 -15.262246045420369 0.9726815152554922 -3.373410334575966 -2.2578132620195177 1.0
movable_object.barrier 0 0 0 540.2775953307349 501.64548286752097 636.0939535060184 573.5468955128462 0.495 1.11 2.111 -21.19812113704387 0.725849883679683 -3.4073520831679573 -1.6279509190937071 1.0
movable_object.trafficcone 0 0 0 839.6968121356746 547.767169720331 880.758991790955 608.8046123817165 0.445 0.746 0.44 -16.3667380792555 1.1072432782017982 0.889559578424523 -1.6004367802439097 1.0
vehicle.truck 0 0 0 594.6862715578163 433.688209577255 929.8699315931709 599.6658253257573 5.077 2.199 1.953 -19.10420478701006 0.29523762302406215 -0.3151477884886 -1.7299441208175956 1.0
movable_object.barrier 0 0 0 589.8890967452113 521.3544198423042 778.7566228787845 681.2955242638542 0.689 1.181 2.155 -11.047483411495552 0.8832365310939669 -0.8845781717977753 -1.6256702978016841 1.0
vehicle.car 0 0 0 1174.4749851806876 469.3370187888144 1283.6273834111823 554.0624952350877 4.45 1.644 2.03 -27.20430083278494 0.3448410771926549 9.496829206315097 -1.920588653973832 1.0
vehicle.car 0 0 0 505.8803670839146 477.1295863228277 693.8545215047288 543.3500843791603 4.527 1.61 2.125 -33.70681239448376 0.4221380953390991 -5.151353567017574 -2.8667693839092134 1.0
movable_object.trafficcone 0 0 0 863.4579813493709 543.0666544351333 902.3714601026007 602.5193949166194 0.448 0.768 0.445 -17.228929717720643 1.0907083976963008 1.247207696394386 -1.6004367802439097 1.0
movable_object.barrier 0 0 0 712.7308763996587 526.4172610251823 852.103393120153 646.4886132264944 0.702 1.041 2.256 -13.102243823037107 0.9206621795972583 -0.049255496422806556 -1.613368414353701 1.0
movable_object.debris 0 0 0 562.9126648757658 552.0924679427636 641.2833851287528 673.7546287984347 0.283 0.927 0.559 -10.031833053228683 0.9481542970120614 -1.517969862160469 -1.9000891749685591 1.0
vehicle.car 0 0 0 176.56968364536786 461.63496792421427 482.3981215865183 576.5907328898834 5.261 2.0 2.433 -24.52792077460716 0.4373183973786686 -9.002248682310624 -1.6144309848057379 1.0
movable_object.barrier 0 0 0 594.8266474914712 522.9559608641847 788.9695836489636 620.0751930179083 0.53 1.11 2.267 -15.209438269542305 0.9346416332210377 -1.2086696327407869 -1.9427041806547747 1.0
vehicle.car 0 0 0 89.46115338040742 464.64669308152844 283.10598900692634 535.6409894439856 4.496 1.747 2.096 -33.82267227270341 0.15370345255084938 -16.17067606575445 -1.924635664357849 1.0
movable_object.barrier 0 0 0 931.9028148257569 496.92564031411615 1025.8554279570671 545.0726699299158 0.675 1.061 2.164 -30.061953604878894 0.6571856251017482 4.451490910666817 -1.775322267585409 1.0
human.pedestrian.adult 0 0 0 205.06161065277416 453.16278926096874 313.25053170152023 625.7978419731154 0.854 1.78 0.847 -13.422520328558036 0.4799774012493876 -5.672381396324379 -2.0283946667004296 1.0
movable_object.trafficcone 0 0 0 909.5923294852018 538.2164282917729 944.2750897749318 589.920922814181 0.454 0.745 0.452 -19.17910398230992 1.082462416480132 2.059664674656901 -1.6004367802439097 1.0
movable_object.barrier 0 0 0 883.910354338324 496.3316313807901 979.8159634470796 559.8179868095816 0.706 1.171 2.339 -24.860438883689255 0.6700188582822256 2.7901056713639276 -1.6940965417034892 1.0
vehicle.car 0 0 0 384.77103647291295 479.18969734769274 602.4059747277473 556.6666574351323 4.507 1.619 2.184 -29.290860957318156 0.5293573527415889 -6.949441422334035 -2.8667693839092134 1.0
vehicle.car 0 0 0 -106.22621965513268 471.6971923302409 814.3856840653766 854.1620618860737 3.956 1.55 1.766 -6.574464325227413 0.6966130547460765 -2.0551425365197797 -1.6151839523550038 1.0
movable_object.barrier 0 0 0 937.4893584604549 495.31123753494916 992.3955718825349 552.808528360872 0.683 1.124 2.209 -26.58244689728202 0.6355125864726576 3.675614405554595 -1.6139166322603238 1.0
