movable_object.barrier 0 0 0 934.7136822803554 442.21535022597794 993.4045272943305 509.2041224454329 2.187 1.342 0.664 -26.315090184590076 -0.3592855253012972 3.6206804799056034 -2.3423663496539007 1.0
movable_object.barrier 0 0 0 1267.57568345253 550.272915813319 1952.0527193255539 882.9515723661409 2.145 1.063 0.565 -4.884968683275418 0.79412375922632 3.0175747998982176 -1.6074630344835592 1.0
vehicle.construction 0 0 0 1298.613255496983 305.0903987915442 1539.6912020848508 466.19978628483295 7.364 4.601 5.583 -40.56713068701044 -3.187752791392551 19.826026093067313 -1.9611405888729116 1.0
movable_object.barrier 0 0 0 719.1549072080688 460.04581961485553 831.1273439987269 562.1923559000702 2.243 1.261 0.659 -16.6716111270211 0.20869398293668534 -0.1848503561868725 -2.334613123590115 1.0
movable_object.barrier 0 0 0 626.7477962986169 466.5552547920006 768.3778182041324 576.6318022241834 2.12 1.193 0.75 -14.748723703923167 0.29593472130202286 -1.0638532069565851 -2.3503713420886534 1.0
movable_object.barrier 0 0 0 1023.9185317261764 446.02040307923176 1056.8254219577507 491.0983057181702 2.105 1.232 0.536 -35.430818346146765 -0.6784376051521983 7.01049758920923 -2.32648305044623 1.0
human.pedestrian.construction_worker 0 0 0 263.39712238562936 411.539431305914 383.4577523901144 599.3849257223983 0.62 1.926 1.013 -13.299571001582787 0.12287952831545118 -4.950304717715471 -2.2382391636834775 1.0
movable_object.barrier 0 0 0 998.3374588610236 448.43250149829066 1034.6367973667684 494.82803241824377 2.04 1.141 0.511 -31.95374186210315 -0.536028469327496 5.717149700146056 -2.3266480820398616 1.0
vehicle.truck 0 0 0 546.2980264975263 401.27478984156073 757.8549430772164 528.0285884223728 5.138 2.087 1.841 -23.42541773792807 -0.5058181695392978 -2.43435200020333 -2.3083408622553323 1.0
movable_object.barrier 0 0 0 785.143998411018 459.5596473223916 874.5412382917095 542.2477575543817 2.126 1.154 0.671 -18.64798840892575 0.09619457248301894 0.5907414966706291 -2.31686076005846 1.0
movable_object.barrier 0 0 0 155.02532539570197 498.1336194651739 456.15534715600296 688.3524030620392 2.123 1.128 0.668 -8.83693824144037 0.6234312091102235 -3.319712842671911 -2.3525004943635714 1.0
movable_object.barrier 0 0 0 832.1928739274996 456.33299642338227 913.7854858787497 530.7221057565669 2.238 1.156 0.717 -20.700324656247474 -0.0065320558517904526 1.3617805149829307 -2.3169923644751043 1.0
movable_object.barrier 0 0 0 281.2958321241207 484.8589391952345 496.8135361803963 603.0024684666189 2.199 1.004 0.67 -12.034638562250098 0.4366237321533002 -3.784614579435809 -2.3546310400855663 1.0
movable_object.barrier 0 0 0 904.7343636443287 447.3465382878305 948.5803138705242 514.9189091290162 2.24 1.14 0.695 -22.373284603641817 -0.21513241270905012 2.413587011223259 -2.183163787999362 1.0
movable_object.barrier 0 0 0 911.8270948224421 449.6117943445166 973.9104184422251 521.5045877458408 1.994 1.335 0.664 -24.383374491833308 -0.15009903223239507 2.944224647293676 -2.3423663496539007 1.0
human.pedestrian.adult 0 0 0 931.6452967535765 435.2834576924564 957.6025469394158 484.07323511544735 0.672 1.615 0.708 -42.05316910069508 -1.1034755219381918 5.105115146488994 -2.325515045071679 1.0
movable_object.barrier 0 0 0 790.150458895589 518.8871480988387 1308.3981112819697 832.9696426290595 2.282 1.173 0.653 -5.867096425637035 0.7440981561924076 1.1263393474161838 -1.665936839791378 1.0
movable_object.barrier 0 0 0 964.3132676316502 445.9882520640942 1011.3548459873087 501.141349115228 2.013 1.188 0.621 -28.12393122307235 -0.43011270645109095 4.395256239862455 -2.3226238627330105 1.0
movable_object.barrier 0 0 0 983.2383009776988 447.6663223983663 1023.9699621348568 500.34896951010063 1.913 1.216 0.555 -30.001483153009026 -0.4484503974313575 5.061366950991274 -2.3317574480947947 1.0
movable_object.barrier 0 0 0 469.7159646468713 479.8164092237986 677.1167994612712 624.7539407257071 2.75 1.261 0.604 -12.421880664746762 0.5091432849328897 -2.0682712371763396 -2.349839272354605 1.0
movable_object.barrier 0 0 0 417.53963927923314 504.00273314482814 841.8957396646385 763.9446603364116 2.194 1.21 0.705 -6.771324358160385 0.686836214328372 -0.8874369351083479 -1.6192333394239604 1.0
movable_object.barrier 0 0 0 176.8738450164256 515.8025365372439 511.6150883434438 745.419584326586 2.096 1.186 0.661 -7.588988756181286 0.7616383874449754 -2.730032541069173 -1.6433820977099174 1.0
movable_object.barrier 0 0 0 382.62560731404 483.39130267699744 566.399543817599 635.0375125469543 1.766 1.15 0.669 -10.599558326669337 0.5040249898301308 -2.624570706167033 -2.2862604865405753 1.0
