movable_object.barrier 0 0 0 1028.2126731326987 509.3582016786035 1490.8612311343625 751.2182521486474 2.238 1.156 0.717 -6.90927547277675 0.7103588534976235 2.504962026036519 1.6347596503376352 1.0
movable_object.barrier 0 0 0 -102.95281039754143 477.3171516415106 115.76844953589358 628.4974844678054 1.913 1.216 0.555 -10.8285218533349 0.5110971631865378 -6.779465559294541 1.6395784365062633 1.0
movable_object.barrier 0 0 0 723.8496280101068 485.0482992711388 1096.041826876305 680.961057989037 2.24 1.14 0.695 -8.055644049932262 0.5668487261209829 0.754322163400195 1.6020148593169372 1.0
vehicle.truck 0 0 0 -476.65922687374774 39.84713872129278 2199.5034729953604 1831.0866132693636 5.138 2.087 1.841 -3.20712139480454 0.5699119602203738 -0.4782932183438351 1.629374531825361 1.0
movable_object.barrier 0 0 0 240.62473713037565 475.80565370885876 539.1148605448941 672.5522440356672 2.187 1.342 0.664 -9.399816227378105 0.5858600065069255 -3.0242068795738373 1.6431771146694976 1.0
human.pedestrian.adult 0 0 0 413.50797059428976 422.70908156182503 529.9509870175687 760.118948366133 0.554 1.862 0.711 -7.387335341641365 0.542532567322475 -1.8737754745965451 -3.004996248665167 1.0
movable_object.barrier 0 0 0 54.28887931594888 481.29045794606105 310.1546411108914 641.1385762227707 2.013 1.188 0.621 -10.117097886735536 0.5400408668450479 -4.918373352614224 1.636571262468868 1.0
movable_object.barrier 0 0 0 1432.3960600544413 500.01955431037027 1998.1126619010433 769.5531562479005 2.126 1.154 0.671 -6.193298766504851 0.6522940210057926 4.39277102890301 1.6347177049127755 1.0
vehicle.truck 0 0 0 1500.7338318802183 371.35153798385403 1691.0749860066517 476.6261216342469 8.59 3.497 2.854 -47.46447324892141 -2.4719888161682038 30.021653790257993 1.9935501269721891 1.0
movable_object.barrier 0 0 0 471.2679383995458 494.4583145327075 779.743917502734 709.8023038849551 1.994 1.335 0.664 -8.621335330369972 0.7159842125835529 -1.1542335685380616 1.6431771146694976 1.0
vehicle.construction 0 0 0 -342.48279705979814 227.35630610363356 200.93385876245836 502.7123412311463 7.364 4.601 5.583 -25.703583073450755 -2.3074368249676227 -17.28698424143027 2.9125510910985675 1.0
human.pedestrian.adult 0 0 0 -331.4555729363338 452.43318514554414 59.66034183110856 1006.4733541913511 0.7 1.587 0.688 -4.046194616737826 0.6790572962695237 -2.958131806609867 2.826299594620618 1.0
