movable_object.barrier 0 0 0 663.8154029329158 473.20196161185885 691.6630957933504 519.7889563313025 2.04 1.141 0.511 -31.80943089401688 0.09383792025687865 -2.883634516886497 -2.095487423559484 1.0
movable_object.barrier 0 0 0 621.1414548505693 483.21140712697564 671.4342977948031 556.971377048887 1.994 1.335 0.664 -23.75343027955023 0.49725788645237656 -2.736490265934543 -2.109952661288747 1.0
movable_object.barrier 0 0 0 82.78100588013722 519.540882804268 313.43281605932947 670.8148349420235 2.199 1.004 0.67 -9.798785039401764 0.7312811825982423 -4.532022866157296 -2.121269779709328 1.0
movable_object.barrier 0 0 0 623.804458669591 488.1884542987801 679.6897965067219 558.2263332497694 2.24 1.14 0.695 -21.62682356788724 0.49838279021914655 -2.4380197841418654 -1.9657365829644604 1.0
movable_object.barrier 0 0 0 283.12897399699364 521.2921595212497 449.06067773715944 708.2651772923516 1.766 1.15 0.669 -8.878655455339334 0.79474315832392 -2.9501148011388962 -2.058528850502742 1.0
movable_object.barrier 0 0 0 631.2425315466086 477.1093815639183 678.2581858887745 545.4932797932986 2.187 1.342 0.664 -25.766384711005298 0.36666560403944487 -2.7960395116051004 -2.109952661288747 1.0
movable_object.barrier 0 0 0 334.3822977160775 511.36912468326136 510.9136260543807 684.3797538674288 2.75 1.261 0.604 -10.790585886610064 0.8069279392122068 -3.076588344204954 -2.1168451320723607 1.0
human.pedestrian.adult 0 0 0 569.3480859838065 459.3782446436671 593.95685669547 507.56991723609144 0.672 1.615 0.708 -42.4671684050663 -0.3108483393838744 -7.108560335978383 -2.1045792771189156 1.0
movable_object.barrier 0 0 0 1529.2440939778564 578.2269544179698 2098.887353778776 848.0869716889983 2.145 1.063 0.565 -5.541669570598407 0.9327640274165307 4.460390744688099 -1.5695114364727987 1.0
movable_object.barrier 0 0 0 155.0994108448197 557.8123902530218 632.6294966274223 835.0155737889498 2.096 1.186 0.661 -6.0257179823049976 0.9263961782686049 -1.8705041040376857 -1.571664254619221 1.0
movable_object.barrier 0 0 0 89.29050438353711 539.9448653326255 391.4785146995418 795.5656236008897 2.123 1.128 0.668 -6.989874671893368 0.8637021119282962 -2.942778943790641 -2.119301979089416 1.0
movable_object.barrier 0 0 0 582.0931646144487 545.9466179541179 1076.5846601050807 825.3578135878707 2.194 1.21 0.705 -5.930727736426003 0.8707469396022037 0.16480840646882877 -1.56812990996914 1.0
vehicle.construction 0 0 0 900.957907170577 346.59493966886356 1109.4025563527157 488.71531898805983 7.364 4.601 5.583 -45.01783013256854 -2.4679720357610035 7.352169179173357 -2.1536769547481702 1.0
movable_object.barrier 0 0 0 657.1309322631773 471.46066006490554 689.1258240506457 524.4468915712303 1.913 1.216 0.555 -29.80684371856506 0.12144773025381883 -2.8099032270030606 -2.100184639996221 1.0
movable_object.barrier 0 0 0 574.9818356025863 492.59335610392424 640.1537076641497 570.8494352504141 2.238 1.156 0.717 -19.69663043258947 0.5785280022640718 -2.8632505514148554 -2.086623561830635 1.0
movable_object.barrier 0 0 0 1040.5499575982158 565.2197028092484 1600.0581653915417 861.5984166174528 2.282 1.173 0.653 -5.7848986877494175 0.949886114043174 2.311734087443913 -1.579067966898969 1.0
movable_object.barrier 0 0 0 649.2841792592868 480.26377896699006 686.1569712250573 535.9973450889441 2.013 1.188 0.621 -27.805530205722793 0.3300624863538766 -2.7374318060669003 -2.0917911504235276 1.0
movable_object.barrier 0 0 0 674.3049083530652 480.51916424175243 699.6679734344252 530.4021464799656 2.052 1.299 0.574 -33.76632285271867 0.3330090471979831 -2.814121683495757 -2.0747565740947493 1.0
vehicle.truck 0 0 0 233.9075480827866 439.4973175242146 448.6541962203779 582.7994285830775 5.138 2.087 1.841 -20.894800305200828 0.27374637467234886 -7.273961618334704 -2.0786962260979944 1.0
movable_object.barrier 0 0 0 675.0449361464392 469.1492724564517 700.4687023473467 514.0698111260349 2.105 1.232 0.536 -35.53040315451523 -0.02920242773184878 -2.9397104419191997 -2.095335782970375 1.0
human.pedestrian.construction_worker 0 0 0 42.02315843142113 424.7454526647757 192.31318562846107 651.0951152978763 0.62 1.926 1.013 -11.071544895467712 0.3846277184551571 -5.923377862046112 -2.0150098038712088 1.0
movable_object.barrier 0 0 0 550.5778378610861 493.8247230186813 621.8279695541264 581.7584637623434 2.126 1.154 0.671 -17.567598151505926 0.5938408162914088 -2.8481487690500424 -2.086502868666673 1.0
movable_object.barrier 0 0 0 511.35101769716124 492.81061468914874 602.1542797450254 603.7038093675328 2.243 1.261 0.659 -15.419188109666408 0.6341119122901345 -2.847420105662136 -2.1028120038358207 1.0
movable_object.barrier 0 0 0 446.279954282396 501.15200327232486 570.130723471292 624.8935261832129 2.12 1.193 0.75 -13.279308840119796 0.689475643740534 -2.9485218811383103 -2.1173362427948303 1.0
