vehicle.car 0 0 0 1136.0085430981883 486.2474291501267 1283.451916308044 536.3069357599691 4.744 1.677 1.875 -44.531945879190864 0.6381992616581335 14.71743603187825 -3.0118200976915013 1.0
movable_object.trafficcone 0 0 0 560.8443647227215 512.6047112219409 584.384178557299 548.408509157113 0.346 0.706 0.346 -25.266132371564904 0.7555354730214333 -4.411726733462118 -2.9691263924097573 1.0
human.pedestrian.adult 0 0 0 1074.2740165402577 490.19468874605354 1111.5670427522764 556.7484171384175 0.724 1.735 0.65 -33.2146714080321 0.8037547217652609 7.946774473796333 -2.3127357216390028 1.0
human.pedestrian.adult 0 0 0 987.3754022474159 473.7565240006542 1013.7981316135961 531.6251443535638 0.548 1.835 0.661 -40.27853473905761 0.3160705172949625 6.6822931740912255 -2.63716335025288 1.0
movable_object.barrier 0 0 0 301.7886327012649 467.37785704508855 396.03331289744636 510.6436644099444 0.594 1.001 2.088 -29.933723796186474 -0.09045882928604476 -10.552538807875665 -1.9952455635312392 1.0
human.pedestrian.adult 0 0 0 887.5612588456895 471.692719415052 921.6931374428138 529.7883170189411 0.673 1.704 0.804 -37.350421814426724 0.2373462240488705 3.341099497235196 -2.267887948646054 1.0
human.pedestrian.adult 0 0 0 919.398533219315 477.00610878544126 949.9311563173907 534.8529089897319 0.604 1.711 0.787 -37.64520112817005 0.3924033537842141 4.266895610160347 -2.149634845729243 1.0
movable_object.trafficcone 0 0 0 505.57550574791 534.516649119634 532.1452646976136 574.7219298283059 0.344 0.705 0.342 -22.716941716702536 1.1145273619332503 -4.938019265099889 -2.9691263924097573 1.0
vehicle.construction 0 0 0 512.8286612175191 394.452177953487 687.5812748280102 533.2839220874597 2.883 3.154 3.861 -30.786576526105215 -0.6582692916623346 -4.597405014258023 -2.962241649689669 1.0
vehicle.truck 0 0 0 -660.3960446668054 157.839399031871 286.63047054408224 698.3231225299526 7.704 3.834 2.841 -12.96288637601091 -0.45266219932846496 -8.77044229626422 -2.1983242714714617 1.0
movable_object.trafficcone 0 0 0 -31.803980206992378 571.1226857879359 43.71290737885739 657.7450277459988 0.41 0.72 0.381 -11.128731316197545 1.0692087353637598 -6.957472888165945 -2.9794388671458787 1.0
human.pedestrian.adult 0 0 0 883.7767353543942 474.3892247290455 916.1524888217423 535.9105117989482 0.658 1.835 0.712 -37.96858695306898 0.3707425896677349 3.258988164234647 -2.6305704170759885 1.0
vehicle.truck 0 0 0 -5980.96966839973 -1008.9477332844114 28.86363078899471 2378.4457701160773 6.327 2.921 2.285 -4.386913909988202 0.16367461345677495 -6.093602518611102 -2.1783602344037964 1.0
movable_object.barrier 0 0 0 368.65935319795796 468.7502003962618 430.1216320833458 507.7393932371183 0.603 1.004 2.094 -33.55797078560096 -0.1121800209461234 -10.463079601791991 -1.5771987164574393 1.0
movable_object.barrier 0 0 0 596.8438885758229 491.5453694920747 650.8263397725543 539.367635041044 0.576 1.046 1.975 -28.65877730732738 0.5043764628982275 -3.8179216379305796 -2.9998299166558002 1.0
vehicle.car 0 0 0 1109.5446600092037 487.735723155758 1239.2882025105175 529.403245789746 4.515 1.489 1.811 -47.46932634846321 0.5832723958466418 14.372089802494324 -3.0118200976915013 1.0
movable_object.barrier 0 0 0 565.172174388036 492.2956206114514 624.9086120638212 544.5351453049693 0.586 1.057 2.136 -26.670884164284978 0.5274084764766326 -4.158445320213562 -3.027937646984469 1.0
