vehicle.bus.rigid 0 0 0 1056.235435549335 434.0638785763631 1182.7986418221042 522.1228297592136 10.606 3.189 2.712 -51.92826342288062 -0.4980163954100495 13.259768537562813 -2.0876614118820838 1.0
vehicle.car 0 0 0 1138.5280301225569 459.3732341123908 1234.808060491552 527.1329112089616 4.661 2.0 1.719 -40.359135012784336 0.03494798800753118 12.580747332657316 -2.086912690053696 1.0
vehicle.car 0 0 0 300.16682057603725 427.0871732718934 461.14595113073915 480.7362802982427 4.484 1.499 1.679 -39.6966262788404 -1.2114778993642739 -12.947495178035327 -1.5626088127390698 1.0
vehicle.car 0 0 0 193.383283633281 415.12073815382547 378.7018700663041 480.51470269476255 4.378 1.61 1.773 -34.862159993844756 -1.2262367253309365 -13.978229826864453 -1.5626088127390698 1.0
vehicle.car 0 0 0 383.62686962884567 419.38022947886566 559.0760156707992 488.154673569219 4.367 1.671 1.807 -35.07136101558413 -1.0407354456847266 -8.891808274559438 -1.7119176766842177 1.0
vehicle.car 0 0 0 22.535155772661135 410.7365073352552 270.30189037419376 488.783179536608 4.538 1.516 1.752 -27.717284984636724 -0.9241616374606367 -14.161548522264374 -1.5626088127390698 1.0
vehicle.car 0 0 0 -108.9255705194855 432.74943627726725 79.35936588303119 490.2454002218648 4.162 1.428 1.686 -35.095764152207906 -0.8558847513128778 -22.474877725449822 3.140000008013743 1.0
human.pedestrian.adult 0 0 0 883.5718273994679 452.39111615068845 909.2481814587737 514.3334473176515 0.61 1.747 0.654 -36.097164144075904 -0.26566407050330465 2.9984335356373677 -2.1505444468993575 1.0
vehicle.car 0 0 0 -47.89305557689111 405.06602480159006 237.52686007738805 487.27857908495196 4.763 1.443 1.781 -25.385759386243603 -0.9151584578949891 -13.992784406424217 -1.5626088127390698 1.0
vehicle.truck 0 0 0 1352.4871259334684 475.58898321318304 1453.7951091556258 531.2368978249419 4.921 2.0 1.885 -48.880311614832564 0.4178383910286255 23.663702590889656 -2.1264714450383746 1.0
human.pedestrian.adult 0 0 0 1272.6809212423243 484.51833452778214 1293.1322671655616 520.8175439126703 0.589 1.665 0.607 -58.47747510575651 0.4584652976372665 22.83579898361646 -1.6042322864838257 1.0
vehicle.car 0 0 0 99.352536358863 411.48067357974276 328.1715045888047 487.4189923611383 4.679 1.626 1.781 -30.400308350975514 -1.0238083776871776 -13.915934713933927 -1.5626088127390698 1.0
