human.pedestrian.adult 0 0 0 1044.2402085831804 391.11690243663827 1134.1832723419109 579.7583277059152 0.675 1.884 0.741 -13.038572713902678 -0.09158955020074505 3.0848902174964086 1.702075301734169 1.0
vehicle.car 0 0 0 -224.08398811478665 443.5760057312274 5.875756539829126 516.7289709006259 4.075 1.573 1.838 -29.67074121534642 -0.3579890104479062 -21.12211734781748 -2.305274118409214 1.0
vehicle.car 0 0 0 740.4845382870141 436.61010011970603 915.6377502671659 536.8304115559434 4.445 1.635 1.766 -22.957033057825125 -0.1995793536256506 0.7799469191929947 -2.3493623379900423 1.0
vehicle.car 0 0 0 -392.4588315624101 425.08484455177387 127.2162717813656 592.9901250188233 4.315 1.532 1.751 -13.77138539033881 0.04897017120370156 -9.762992664362896 1.9443601907549448 1.0
vehicle.car 0 0 0 -223.30804619033322 432.49763439451334 294.7838716498435 611.8465394873907 4.417 1.498 1.783 -12.84884907448055 0.14396593346051278 -7.349610276286778 1.9530757801542977 1.0
vehicle.car 0 0 0 874.4149443047479 442.80037664885435 1033.4646771401697 542.9917715111974 4.167 1.521 1.888 -21.6421558626336 -0.0836125219001504 2.8913279022239333 -2.3223520814801564 1.0
vehicle.motorcycle 0 0 0 -330.1443816769547 487.8597293942981 73.6043239829472 707.9750533279429 2.206 1.232 0.971 -8.122647680966464 0.6110948247598267 -5.926437417194066 1.6402373811642672 1.0
vehicle.car 0 0 0 590.3865669943436 436.2967883275926 956.8811855422076 657.0496338894454 4.042 1.489 1.794 -10.679502578734224 0.2724334037573988 0.08028036156708926 1.9361446659090946 1.0
vehicle.car 0 0 0 588.3108078064683 435.25620829884207 770.6369576460919 530.7471117102752 3.933 1.588 1.856 -23.057024532620236 -0.25458550854186673 -1.9518028914392827 -2.3223520814801564 1.0
vehicle.car 0 0 0 1045.4330830873453 407.8322234595215 1373.7345498739276 691.3411182365535 4.662 1.606 1.815 -9.5924562966086 0.21595662287432293 3.122346724048034 1.9530757801542977 1.0
vehicle.car 0 0 0 1209.7694746109403 434.32191668384434 1357.892779074467 543.5073066300473 4.477 1.489 1.907 -19.55476604038131 -0.15824739254912007 7.720964986523424 -2.3687213227488444 1.0
vehicle.car 0 0 0 52.627324872651414 430.0839897029388 500.94328032201173 616.9337382296649 3.956 1.467 1.808 -12.004373487085564 0.14971464963682485 -4.630434677956248 1.9530757801542977 1.0
vehicle.car 0 0 0 -64.83005347346968 348.3320054364471 862.9664672891357 1028.2097260382834 4.551 1.842 1.762 -5.81188856381386 0.4302096923846914 -1.1033608190689752 1.9530757801542977 1.0
vehicle.car 0 0 0 801.9963984040922 418.51617637497196 1716.9544457181507 1306.4385949746147 4.198 1.701 1.773 -4.6376339270584985 0.6133771181838881 1.4830089808986542 1.9616593065743944 1.0
