vehicle.car 0 0 0 467.28377025563873 461.2227359469033 682.1897892495721 555.9143734413134 4.618 1.651 1.919 -24.695996380063963 0.21712530688364523 -4.121912728562669 -2.3610845450516145 1.0
vehicle.car 0 0 0 -373.9527636980148 453.3126418588466 101.93092438156422 602.9204216916406 4.472 1.638 2.089 -16.206240758472184 0.3148924563402661 -11.647880378648422 1.9069038663717732 1.0
vehicle.car 0 0 0 744.8506987412884 471.7495391076078 1834.8559224909964 1554.6687434788257 4.992 1.526 1.721 -4.461995091710482 0.722574337522734 1.6570462728782442 -2.347042682808471 1.0
vehicle.car 0 0 0 1383.418621078633 457.6849171625914 1575.0156549703368 586.2877820808225 4.071 1.648 2.105 -18.448590038311142 0.31312647587123815 9.910371860077168 -2.3610845450516145 1.0
vehicle.car 0 0 0 -972.1266669992993 478.26716683160174 242.98380499026962 892.3729401713149 4.571 1.389 1.722 -6.899042122380174 0.6590411230420563 -5.505575823879467 -2.3680293544486375 1.0
vehicle.car 0 0 0 1190.9426992696228 449.76233502258015 1335.0213969471417 578.8986905685898 4.235 1.773 1.847 -19.547380667502935 0.22851769037355807 7.4121527930983 -2.3610845450516145 1.0
vehicle.car 0 0 0 103.52374940913583 466.0499443571013 530.0342934564819 633.4201127392034 4.114 1.428 1.8 -13.230684872796584 0.4516315302671432 -4.7457868124264495 1.8904887478058017 1.0
vehicle.car 0 0 0 1020.9626732718192 460.6904094497537 1180.911823719721 568.359108460227 4.235 1.536 1.812 -20.435932733461296 0.25602538697674737 5.120444357736418 -2.3610845450516145 1.0
vehicle.car 0 0 0 261.990148383128 445.959719488301 692.2488181466957 650.1839410372539 4.151 1.608 1.735 -12.121804974473008 0.3698947593836064 -2.7819134785834856 1.8744184001342648 1.0
vehicle.car 0 0 0 -82.38248303252718 447.8022284938443 139.75068123408712 519.7302424109837 4.398 1.677 1.969 -31.70137636520163 -0.2807503705636964 -19.118491274138975 -2.3845572110369258 1.0
vehicle.car 0 0 0 -51.72603046932066 446.3179553880579 382.7059698087694 615.5229980682291 4.193 1.643 1.735 -14.438266378220757 0.30453641505483997 -6.9526950422444 1.8509812225044993 1.0
vehicle.car 0 0 0 787.9764920003485 440.84983877973525 1133.9048341935375 680.533816903349 3.723 1.602 1.796 -10.4484845095535 0.39401538463548197 1.579538437592924 1.8824098552300423 1.0
vehicle.car 0 0 0 496.9661236840521 432.230917690283 911.4308339731183 676.0134744085273 4.776 1.729 1.828 -11.451501081394582 0.36092638696214935 -0.4919452999356011 1.9069038663717732 1.0
vehicle.car 0 0 0 1526.6611470183939 443.5840623756473 2059.9572694152057 781.7549645506749 4.724 1.583 1.798 -8.378084914115325 0.4877821300466749 6.136017485351674 1.8744184001342648 1.0
