human.pedestrian.adult 0 0 0 589.395139852777 411.0308261002656 638.9741571271435 506.0141652741672 0.811 2.0 0.958 -26.980468306552822 -0.7366583204086767 -3.812334606384139 2.132105683576632 1.0
movable_object.barrier 0 0 0 422.6012812441765 435.76304165519537 457.06566174383363 454.46683736827276 0.282 1.209 2.173 -82.68633685129716 -3.134804808004386 -23.174936603525378 2.0804415684492428 1.0
human.pedestrian.adult 0 0 0 37.57473639418152 408.82623613891093 267.2002116617982 861.1659858837461 0.674 1.608 0.682 -4.872325026734809 0.4954806327243997 -2.4388222041089946 1.9448804369839694 1.0
human.pedestrian.adult 0 0 0 275.4293379734201 425.6900573346171 309.22139891105553 487.0148779511682 0.631 1.664 0.609 -34.53266033660926 -1.0026194207553427 -13.729386296995484 1.6110315056942976 1.0
human.pedestrian.adult 0 0 0 774.2317091554921 365.6552782539098 944.158751381473 712.9370913397888 0.651 1.868 0.707 -7.226195145148119 0.23795172660659814 0.37870549374152984 2.6702789460317344 1.0
vehicle.car 0 0 0 -150.60247308753858 411.05172764713745 65.72545109849803 499.3891008272016 4.578 1.821 1.846 -28.42538320232801 -0.8587706802518459 -18.67611234004059 2.122343756944762 1.0
human.pedestrian.adult 0 0 0 295.75317681812396 419.24874863697414 327.66772284543015 485.87394509001837 0.618 1.843 0.548 -35.142595563552774 -1.126201070563265 -13.431163905542185 1.6292113178270817 1.0
human.pedestrian.adult 0 0 0 1132.4785421420552 338.9006019733203 1397.1682348538404 804.2857244790417 0.676 1.746 0.777 -5.215896125705613 0.2825212449483755 1.9537319730311298 2.613124818349271 1.0
human.pedestrian.adult 0 0 0 141.93043276929907 426.78137984206234 182.28865547622274 483.9748641689664 0.725 1.52 0.661 -33.881708844748516 -1.0095807861859272 -16.97955824546762 -3.098639946616654 1.0
vehicle.bicycle 0 0 0 275.20364673732485 432.03364988150287 301.7428569075543 454.44632052581244 1.561 1.438 0.648 -81.83539116929457 -3.2225538201840758 -32.78943739957003 2.91299819392146 1.0
human.pedestrian.adult 0 0 0 1324.361129681373 324.9024627500013 1713.415191268615 944.2246097805341 0.786 1.76 0.749 -4.072127478799188 0.3921600373292453 2.328563425231827 2.7900315582404955 1.0
