vehicle.car 0 0 0 1129.4445670908483 362.836925849308 1545.5952064133226 517.8008748348117 5.733 2.29 2.08 -20.474207995089404 0.40288117504952375 9.136639662321933 1.5608174320208592 1.0
vehicle.car 0 0 0 996.777596778959 397.1388809206996 1179.3487252164846 461.9435470784276 5.789 2.112 2.176 -44.131835049169226 0.5048537396039268 11.304076343323453 3.114845766258001 1.0
vehicle.car 0 0 0 1071.9885833723151 413.6491921299772 1252.2380987371102 470.5387539921293 4.219 1.406 1.74 -33.65623854815882 0.7094945182870145 10.594551784396494 1.5603213944571621 1.0
vehicle.truck 0 0 0 472.34221056220474 398.7187183055402 560.7711187622373 460.64046367954506 6.966 2.695 2.345 -59.270094233366734 0.678852914922568 -11.383189956498683 2.0421431866355793 1.0
vehicle.car 0 0 0 1098.7235128692023 413.5092229741916 1334.596475465944 484.671544879046 4.505 1.45 1.943 -28.05119356947739 0.7383449204098026 10.00183309795468 1.5603213944571621 1.0
vehicle.car 0 0 0 283.9462097903928 415.36598285623126 384.19928767133314 446.9261326557769 4.456 1.515 1.857 -64.50170610180618 0.8185682961110665 -21.797157205835777 -1.5618730640272958 1.0
vehicle.car 0 0 0 192.41019998442022 432.5591118246087 312.36250591135433 470.15697834171374 4.304 1.485 1.84 -53.32472539960856 1.518687538968277 -21.454635048183874 -1.5618730640272958 1.0
vehicle.car 0 0 0 -113.32254184764281 452.1360281560858 72.55908014264128 507.9424874044921 4.327 1.481 1.807 -36.580848815444135 1.8633773410379773 -22.58267133954586 3.076681694550973 1.0
movable_object.trafficcone 0 0 0 982.7360131585224 426.11983694142134 997.4099010488438 454.7404198929667 0.417 0.933 0.403 -41.70079228694866 0.8343108611057315 7.526786958943676 -1.5620006754883509 1.0
vehicle.car 0 0 0 591.3866207272612 416.3853270830762 775.1020640171438 482.49812857526376 4.746 1.639 2.014 -33.8862457338576 0.902641084670919 -2.073471743305885 -3.1293285333256513 1.0
