vehicle.car 0 0 0 1508.067450631195 471.01134409526236 1721.6498770154008 602.626689207486 4.835 1.487 2.248 -18.298998233329407 1.6246805271154805 12.317040042578812 1.7666329853821088 1.0
vehicle.car 0 0 0 -298.47332264333835 453.79527313779454 46.04229894321352 560.836523826521 4.505 1.599 2.121 -22.317406008176164 1.531622538489694 -15.49918795774139 -2.45127279491978 1.0
vehicle.car 0 0 0 1124.6844911117491 458.8228481441269 1308.1704230135608 575.621643990144 4.488 1.69 1.851 -21.72105575245776 1.6493953997072444 7.905574355208167 1.7666329853821088 1.0
vehicle.car 0 0 0 135.2154215219098 457.7666580371461 326.78253542232244 526.0023805695275 4.956 1.856 2.212 -38.93324830283762 2.2984875495711523 -16.26861884724733 -1.7125496542444774 1.0
vehicle.car 0 0 0 809.8247795132083 431.3749187103071 1071.6859784037138 567.2647339552923 5.98 2.298 2.459 -24.755626231766765 1.5014412703797604 3.6723815198034306 -2.501910943244365 1.0
vehicle.car 0 0 0 166.997790311309 439.3228299198637 611.1335622202096 619.868191149017 4.811 1.727 2.029 -14.95443447021322 1.1850989753253336 -4.168146498488152 -2.4783896959408036 1.0
vehicle.car 0 0 0 518.0906830810227 480.7422914623826 723.0706774244746 562.6707019194033 4.75 1.581 2.207 -29.77759342388638 2.4275742424913322 -3.2213060448634914 1.7666329853821088 1.0
vehicle.car 0 0 0 614.9515145088392 453.86872143806005 824.3054738110876 544.6569280987617 4.932 1.725 2.068 -27.89937466225569 1.7709009683296424 -0.8137636268654176 1.7666329853821088 1.0
vehicle.car 0 0 0 1201.9527679869225 442.35363219990546 1752.8698490543936 835.2455776163499 4.935 1.573 2.167 -7.902622457546333 0.9956316386100957 4.460587966445359 -2.4433251075296045 1.0
vehicle.car 0 0 0 260.18804588027564 453.42650812266845 444.79203213269466 523.6664945597911 4.857 1.797 1.918 -36.464621987412166 2.055267913124435 -11.707011200458838 1.7574645234598627 1.0
vehicle.car 0 0 0 725.253030619878 459.6340416805319 927.6575558643009 546.817389553786 4.937 1.542 1.913 -26.51863416086323 1.7643101415347255 1.4732582857573924 1.7666329853821088 1.0
vehicle.car 0 0 0 1282.0904253860942 445.1257755915562 1471.8777871596078 592.1151980846856 4.706 1.989 1.995 -20.131295751030507 1.5133793370077193 9.897520079506245 -2.4742734277541913 1.0
vehicle.car 0 0 0 464.66968536443915 446.75267892273706 973.9711563177119 688.7125037293646 4.92 1.599 2.188 -11.369611041883 1.1283884710788954 -0.08110112237542784 -2.4433251075296045 1.0
