vehicle.car 0 0 0 1255.3496308537326 393.7382579189127 1501.5976669223633 565.6772956347595 5.98 2.298 2.459 -20.043535751065917 0.8911293282044578 9.940251998106842 -2.4945186852478685 1.0
vehicle.car 0 0 0 -236.28164142917595 450.6435471378007 96.53814299704364 554.4004465776227 4.125 1.422 1.921 -20.64476728669377 1.3390091452416266 -13.442567449300567 -2.502516913844394 1.0
vehicle.car 0 0 0 943.6031093974494 441.8840837117029 1151.7178066188062 552.6278803274323 4.932 1.725 2.068 -23.20423856827661 1.4010599010245515 5.366768914921671 1.778725753765281 1.0
vehicle.car 0 0 0 435.8844448784135 441.70554027706424 632.0314997866244 523.3159488600056 4.857 1.797 1.918 -31.562784126368527 1.6085605614529652 -5.579518338262432 1.7695057759888755 1.0
vehicle.car 0 0 0 809.6332260270748 459.16241792687407 1019.4808303651212 555.1332627234638 4.75 1.581 2.207 -25.113051158131817 1.7306778017416231 3.145685499933016 1.778725753765281 1.0
vehicle.car 0 0 0 772.2932884779915 422.6386442570419 1249.5891280164024 711.8947533525627 4.811 1.727 2.029 -10.18133492421246 0.947959278463374 2.272977631843153 -2.471139477702012 1.0
vehicle.car 0 0 0 -178.38222407511023 428.2890594365946 201.42511452543738 559.5302875215904 4.551 1.712 1.969 -19.233689358042305 1.0868335319808748 -11.23265986314477 -2.502516913844394 1.0
vehicle.car 0 0 0 -128.3593397402172 439.8797567385126 283.5121185035862 581.0774641067163 4.505 1.599 2.121 -17.36203512228799 1.1812906730188881 -9.178781758122668 -2.444190361758949 1.0
vehicle.car 0 0 0 274.88316519036175 446.66646923016043 484.7428999635999 525.3229573221594 4.956 1.856 2.212 -33.97095515954692 1.8282977115916292 -10.1745116853537 -1.7242843777157741 1.0
vehicle.car 0 0 0 -292.7934272982425 438.1582143443017 17.408157241392043 534.4113495476996 4.054 1.466 1.844 -22.1628177636828 1.1732710109890414 -15.64068633147462 1.7566429592238064 1.0
vehicle.car 0 0 0 1110.9485774296206 461.28322448180063 1301.0807889919997 571.6262874383981 4.937 1.542 1.913 -21.882656241747444 1.6416975966020466 7.8022215738071825 1.778725753765281 1.0
