vehicle.car 0 0 0 1328.018223662795 339.6634784418505 1605.2355115069684 615.0328311108268 5.606 2.988 2.449 -16.712626742267734 0.7680694382452329 9.479479847876625 1.7461791635009378 1.0
vehicle.car 0 0 0 423.77220166930425 440.97837652334425 640.5449774767949 539.0584292722291 4.902 2.0 2.057 -28.441068507209433 1.615566217487964 -5.032973596511744 1.7850768902404752 1.0
vehicle.car 0 0 0 -256.05607614112853 407.2015379581933 192.6576797332775 564.8283015915043 4.675 1.819 2.097 -17.121700007531757 0.900128524428057 -10.509944992808542 -2.4680959746142355 1.0
vehicle.car 0 0 0 -316.3911591481444 438.64290006242413 75.46499027906236 557.8840705418315 4.275 1.528 1.963 -18.538011666753736 1.142338779196366 -12.751122468252392 -2.4680959746142355 1.0
vehicle.car 0 0 0 838.8771276962134 453.94852710026476 1061.80857007597 563.5185734771627 4.377 1.676 2.008 -21.754718629983 1.5136228531089342 3.3466639773795004 1.7528187486791955 1.0
vehicle.car 0 0 0 -42.720461456322916 402.1357416586529 432.7619984464665 604.9594064887716 4.251 1.811 1.958 -13.608636893741322 0.864377007013285 -5.874842471015928 -2.4680959746142355 1.0
vehicle.car 0 0 0 189.87500965395438 443.9762730126996 375.7225977044973 519.5248688663254 4.16 1.826 1.942 -32.861999424623086 1.687427916500278 -12.362332621670314 1.7714021934205704 1.0
human.pedestrian.adult 0 0 0 1559.3963308288044 439.4455922697295 1675.7279086515032 614.9972268475884 0.613 1.807 0.787 -13.529102869257496 1.170822792434616 9.146097956252353 -1.5844276384980382 1.0
vehicle.car 0 0 0 611.0660411364827 453.84046236289703 830.4310777329606 552.7187944080079 4.504 1.77 2.143 -25.142325582850674 1.6625181266459483 -0.7087858534530985 1.768058412520837 1.0
vehicle.car 0 0 0 747.5384706335783 457.06431007806435 957.1351722410933 555.8378167785897 4.612 1.677 1.96 -24.095923140692427 1.6484571535040573 1.8366284975081186 1.767905487312146 1.0
vehicle.car 0 0 0 -140.9476102110833 398.79991272991106 330.02723074977075 588.2152030048676 4.664 1.96 2.136 -15.621811913585223 0.8929855951482963 -7.998996629301491 1.7565969159696433 1.0
vehicle.car 0 0 0 46.14318187200492 369.81472273532563 609.2558481276257 645.4443140748374 4.589 2.066 2.279 -12.024854500787539 0.7746330920844668 -3.850013253155253 1.7565969159696433 1.0
