vehicle.car 0 0 0 405.8807382639888 463.30620964685477 549.276688613529 513.2753480536277 4.222 1.446 1.852 -40.153857700726014 2.2809370890200285 -8.965426408910725 -1.7559010887490043 1.0
vehicle.car 0 0 0 345.0444606876808 455.4522364943122 485.4695920167352 506.4013268170738 4.202 1.564 1.823 -41.72297500570923 2.1300252718944876 -11.376474833695022 -1.7559010887490043 1.0
vehicle.truck 0 0 0 1064.0840824496227 444.31927550115864 1241.42639975551 546.3609091652173 5.232 2.0 2.048 -27.742978989253526 1.6720704629704886 8.683187022200354 -2.485065151074548 1.0
vehicle.car 0 0 0 1303.4776522464801 421.000255971349 1395.8543363226072 484.5912854080601 4.562 2.0 2.02 -42.21793752223929 1.2503348556923197 19.678500321324467 1.7706512192839456 1.0
vehicle.car 0 0 0 123.18078935828242 447.51332063828966 396.9665158188568 544.7984306774753 4.639 1.697 1.982 -24.82716218778199 1.5093444265054852 -9.70881824142747 -2.460244958237844 1.0
vehicle.car 0 0 0 471.4331865991653 459.44159849876627 619.3658835848734 517.5502206554454 4.324 1.635 1.882 -38.72523349591603 2.196014581159328 -6.562493399214092 -2.485065151074548 1.0
vehicle.car 0 0 0 -165.86840670042272 421.75353129264056 41.222885379494585 491.7215267572475 4.157 1.738 1.933 -33.68644869202812 1.092883601718051 -21.861568918418087 -2.436256363163004 1.0
vehicle.truck 0 0 0 1197.0596694884428 435.0788780999998 1389.1315058144503 546.8292647849903 5.215 2.0 2.273 -25.51865213014905 1.4450017268918731 10.828120544005357 -2.4968559384545204 1.0
vehicle.car 0 0 0 962.4227985745318 454.2794595713277 1131.4872660346323 538.7581053355246 4.44 1.758 2.024 -29.11970757954629 1.8011490902556517 6.6409867145302774 -2.5086743276167756 1.0
vehicle.car 0 0 0 793.1521264517679 456.7863915567105 928.9294511799612 515.2115631532994 4.415 1.613 1.978 -37.94099639218939 2.073798793119261 3.0400685228091673 -2.485065151074548 1.0
vehicle.car 0 0 0 670.5236508956158 429.5932354246307 773.6652785317832 471.19818281886256 5.691 2.0 2.214 -63.939359618000836 1.7858898998322736 -1.9417532371438788 1.7706512192839456 1.0
vehicle.car 0 0 0 1574.913242648365 428.8768821481086 1704.7904111280327 521.8491848205011 4.573 1.786 2.07 -26.802674821274064 1.2277548439091808 18.675975507019775 -1.7559010887490043 1.0
vehicle.car 0 0 0 -44.025765344607706 438.61217226927465 203.52297300215798 509.7559449716553 4.58 1.485 1.979 -29.090465021048054 1.316790693177858 -15.567987210798982 -2.4622253146690127 1.0
vehicle.car 0 0 0 867.6850082799332 456.07341497667784 1032.592124114152 535.0340992892584 4.539 1.732 2.011 -30.654830805723865 1.8765485090669372 4.645334037310811 -1.7559010887490043 1.0
vehicle.car 0 0 0 105.34900073989512 332.3753882276945 1042.6755704929947 864.9171905259798 4.681 1.815 1.844 -6.412479024429623 0.6558966479260603 -1.1583801308634694 2.7195912626987253 1.0
vehicle.car 0 0 0 604.187156833316 448.7150681234299 770.8160197478358 521.3366778080596 4.723 1.859 2.042 -35.29247577117603 1.8925582819627387 -1.9912378082725828 -2.485065151074548 1.0
vehicle.car 0 0 0 1355.1273032510865 432.6412759971881 1550.1721324443472 553.5672571522697 5.788 2.0 2.429 -24.063563699755672 1.3829304182962077 13.270097982964339 -2.485065151074548 1.0
human.pedestrian.adult 0 0 0 289.2866046735038 375.43058783731306 470.0246771024917 797.8298336297202 0.566 1.78 0.575 -5.660621100979543 0.7295346429466989 -1.6914665297097113 -2.1210273490836205 1.0
vehicle.car 0 0 0 823.7310729026474 430.8476842728743 913.4754378471824 475.52016114116856 4.516 2.0 2.197 -59.30425278353916 1.7802703054323612 5.05132891976562 1.7706512192839456 1.0
vehicle.car 0 0 0 531.4594891898907 452.5143520632851 687.2740334418794 520.6836623509295 4.367 1.832 2.014 -36.845702687710805 2.026715696933035 -4.373772579007348 -2.485065151074548 1.0
