vehicle.truck 0 0 0 1598.625951864545 282.447122940693 2003.2823379890913 493.764362051267 5.835 3.799 2.86 -25.900923767225503 -0.44105256898457224 21.05587917545984 -1.7656371733485745 1.0
vehicle.trailer 0 0 0 -246.96374822800172 -50.38153318372864 337.0404100294257 734.3746600895314 17.114 4.443 2.765 -14.593229529518212 -0.26500070912179685 -9.589126188696302 -1.7479705795273572 1.0
vehicle.truck 0 0 0 1539.719439636107 296.35968059178265 1963.3485285543736 521.1128444557799 5.754 3.68 2.566 -23.7426148613 -0.059218926628985306 18.34123062801066 -1.7584664612767664 1.0
vehicle.trailer 0 0 0 77.48793554770349 70.84527602564896 659.6605118431027 614.1958633992724 10.68 3.892 2.467 -14.007951603002832 -0.43064799116663705 -5.154222500149607 -1.7610430350071091 1.0
vehicle.trailer 0 0 0 1075.9998516204703 260.256094548896 1536.4989771116245 482.6436353145939 8.66 4.008 2.926 -27.094684428008605 -0.7159064163662964 11.200954221542275 -1.7656371733485745 1.0
vehicle.truck 0 0 0 1509.2260808648498 255.86372102709936 1978.4932337986324 524.2886179086156 5.658 3.839 2.819 -21.143902010754495 -0.313800761729962 16.187749351183232 -1.7475323064222525 1.0
vehicle.truck 0 0 0 917.6153663902722 129.55392805161196 1490.302400542104 567.090046167205 5.336 3.732 2.328 -13.596828009715274 -0.529876004673446 4.433577048880263 -1.7644035897251182 1.0
vehicle.truck 0 0 0 403.4325349254511 -280.7867047262152 1395.6330570761497 795.0667548703804 5.475 3.886 2.708 -7.532853059861515 -0.5345927700658559 0.3203661912086525 -1.7518569200192182 1.0
vehicle.truck 0 0 0 -161.83392429828507 -735.876894191726 814.7435357611776 918.5662211012575 5.185 4.074 2.588 -5.921013658759007 -0.7672933696599699 -2.493462726121282 -1.7479705795273572 1.0
vehicle.trailer 0 0 0 226.11002412235163 215.900282831175 703.6466098306465 539.1613603991973 13.372 4.149 2.784 -22.33446306318257 -0.36688312686611946 -6.0822801199008545 -1.7612362915997126 1.0
