vehicle.truck 0 0 0 170.01162925976368 342.62886986370023 373.2025012687594 482.27476116793366 5.658 3.839 2.819 -37.48231253875763 -0.033398529961434 -14.568230722786517 -1.6523434505868009 1.0
vehicle.trailer 0 0 0 193.0903701765167 351.0278936417594 410.46720209607685 448.09384160752967 8.975 3.362 2.897 -47.58617299755267 -0.47880564733127584 -17.43043377795124 -1.6534977818485004 1.0
vehicle.trailer 0 0 0 330.8089695540286 349.8607679715248 542.3847688248213 458.0070147375591 8.864 4.045 2.855 -50.82613966128083 -0.35209339266744377 -13.173332766412097 -1.6447246193886258 1.0
vehicle.trailer 0 0 0 19.317385288538564 337.57424815232355 243.35277532437112 470.5057739787662 8.66 4.008 2.926 -41.83605321609436 -0.2725457980823416 -20.988977774232676 -1.6654302196934854 1.0
vehicle.car 0 0 0 651.4339587708574 410.92371136973185 780.8069101965802 470.11225822657565 4.397 1.945 1.978 -44.11844663574854 0.8509299926031076 -1.5474009753805855 -1.7254567519717785 1.0
vehicle.trailer 0 0 0 -201.5318722905691 347.6613850319817 49.12977418037794 488.9120956468632 12.543 4.127 2.833 -41.82551676639674 0.18313804682745738 -27.99049662493319 -1.6700334369439434 1.0
vehicle.trailer 0 0 0 115.59130441456196 349.15844645652453 327.62681671188386 454.81596777983873 8.49 3.44 2.938 -44.83297726714591 -0.3670569533396797 -19.270933574055917 -1.6654302196934854 1.0
vehicle.car 0 0 0 766.9846034130921 417.46569950109915 909.4725871230478 481.1648322526312 4.668 1.881 2.084 -40.39011054060632 1.0465855382036056 2.499237489955281 -1.7299865430664472 1.0
vehicle.truck 0 0 0 488.97008802715817 361.547191719764 649.1538230081444 474.0105228966277 5.353 3.939 2.684 -46.82354804251651 0.13212750082235925 -7.159578659391587 -1.6447246193886258 1.0
vehicle.truck 0 0 0 346.3508543026172 357.3638373251874 525.7185152946129 475.7317869922552 5.835 3.799 2.86 -43.438626490886506 0.08593042464888545 -11.236759170414375 -1.6654302196934854 1.0
vehicle.truck 0 0 0 260.25240272391534 358.65538029138446 442.1620821331145 481.3888513599298 5.754 3.68 2.566 -40.60016314437224 0.18745955870091102 -13.233072939698529 -1.6602072603299707 1.0
vehicle.car 0 0 0 700.3461228487947 410.58551455493887 840.0288409863161 471.5640554663555 4.689 1.922 2.113 -42.55571550060691 0.8340429065592164 0.3382382333716019 -1.7299865430664472 1.0
vehicle.car 0 0 0 845.4718372296679 410.28611556084473 984.2042574530078 476.7309101685508 4.74 1.92 1.936 -39.15397581735368 0.833483966326595 4.802060901776598 -2.5488672027130965 1.0
