vehicle.truck 0 0 0 254.7448056191475 331.24804355673865 415.80302575770435 452.9185642241264 4.1 3.673 2.628 -40.598015647375234 -0.7146584069651094 -13.636901863806207 -2.47146823167342 1.0
vehicle.truck 0 0 0 532.958139908626 333.45058479745336 749.308817751763 443.72351948811905 9.253 3.777 3.084 -48.0283970274541 -0.9608472082236691 -4.323531173196295 -2.4599773652950487 1.0
vehicle.truck 0 0 0 769.2501511470997 310.4239456990724 945.3916275134876 458.41194823745315 3.604 3.113 2.564 -28.80313074484311 -0.6618214990297293 2.233294429787012 -2.4603560784087737 1.0
vehicle.trailer 0 0 0 245.0459336142601 312.5494448717536 586.4495965133517 454.40874294597523 14.074 4.824 3.5 -49.81913770834934 -1.159948091969384 -12.9777220453621 -2.47146823167342 1.0
vehicle.trailer 0 0 0 630.4795142317341 286.8734773930621 932.3695801258398 448.4737403732696 13.937 4.505 3.14 -41.97047875829181 -1.4058067475108134 1.253138195929539 -2.457726221799306 1.0
vehicle.trailer 0 0 0 57.85083981519603 338.25121190634263 269.92653622286923 440.0486239776381 8.109 4.232 3.13 -56.803013686858236 -1.1241267412533347 -26.65677095775513 -2.4686731675007216 1.0
vehicle.trailer 0 0 0 124.63229693598733 321.41857778271867 388.8007439830275 439.0954890868765 10.089 4.359 3.256 -51.98554028696463 -1.3473901429224484 -20.41050667461811 -2.4457370429747076 1.0
vehicle.trailer 0 0 0 352.6882314498205 288.1642088801413 679.0449742306097 428.68061047996684 13.893 4.645 3.7 -48.64591113607351 -1.955953753908275 -8.837870913223876 -2.4599773652950487 1.0
vehicle.truck 0 0 0 546.0660543568254 296.8478190507256 711.0033276565927 455.01018832522425 3.779 4.011 2.593 -34.35461303418171 -1.0110418943050064 -3.566638975579287 -2.47146823167342 1.0
vehicle.truck 0 0 0 23.255045819216097 320.0708455864711 190.93679027795687 444.4909503406082 3.739 3.689 3.149 -39.8005556529878 -0.9824042528877152 -20.58912853727867 -1.654205962157846 1.0
vehicle.trailer 0 0 0 -187.96232018925247 311.1860410675582 128.04923616210183 469.62977073964873 14.095 4.889 3.136 -43.95363752864009 -0.741191631509292 -27.81005108259203 -1.6517827569831791 1.0
vehicle.trailer 0 0 0 869.4979891647731 265.36827724263395 1149.6454964647373 456.974769422673 14.433 4.732 3.32 -38.223877873310336 -1.4178080990534712 8.072134879915923 -2.4532982302113506 1.0
vehicle.trailer 0 0 0 -28.301745690807536 350.37551225490927 262.9096678009211 451.7106837643763 12.158 4.283 3.129 -59.36130491814468 -0.6667210720269496 -29.781045438283748 -2.4696471455489357 1.0
vehicle.truck 0 0 0 816.9522777846431 288.8254897404196 1016.7069832787528 438.5092872893865 9.044 4.333 2.887 -41.20562994712576 -1.540103905421244 5.296100422989723 -2.450471814901081 1.0
