vehicle.car 0 0 0 100.40881523345638 468.6963966569219 452.9335473384256 731.0568440066502 4.523 1.564 2.036 -10.18742208078255 0.6422289990755455 -3.9663028200808585 -2.2489188872526302 1.0
movable_object.barrier 0 0 0 1291.954498529637 497.4589070749137 1351.9068911484314 567.1722021359526 0.581 1.073 2.233 -21.32448505528715 0.6009574638316391 8.711841285516691 1.6540992152859726 1.0
human.pedestrian.adult 0 0 0 340.76487784877463 504.8488145217069 394.6352549541903 601.1771866988308 0.838 1.614 0.826 -22.004890933210465 0.9862953789666784 -7.688996636139698 1.9205914211330732 1.0
movable_object.trafficcone 0 0 0 665.1139714243759 545.3889065116642 712.2562674072758 601.8589358843949 0.467 0.804 0.494 -18.857254572395227 1.163474223069494 -1.783097382234765 2.503515069226486 1.0
movable_object.barrier 0 0 0 1240.4406859714454 503.5035112630507 1323.4810129739692 576.4663767137705 0.554 1.014 2.23 -19.582987058665733 0.6673703722297564 7.385455574887367 1.6884622890313254 1.0
vehicle.car 0 0 0 514.1344722123268 473.0833576288566 758.639435805765 602.1133654406647 4.598 2.0 2.001 -22.07170915162747 0.6428190324308688 -2.8430978211563662 -1.85167495638483 1.0
vehicle.construction 0 0 0 862.0462701499814 324.01668270831505 1271.1704096227186 558.6961854628048 6.777 3.873 3.408 -24.132212368278495 -0.8552759595002719 4.866840433416216 1.6724174852592304 1.0
movable_object.barrier 0 0 0 1173.0896007390227 502.4445826395022 1284.547196201293 588.2246013911824 0.581 1.101 2.269 -18.104640572092876 0.6870954439240449 6.070581973667809 1.7238043163385628 1.0
movable_object.debris 0 0 0 742.257531988094 512.1273170881714 855.5077545727213 603.1945274772521 0.988 1.204 1.298 -17.707788634240504 0.8640969957137851 -0.11629405467535552 2.3212673180406265 1.0
vehicle.truck 0 0 0 1168.4961508277902 412.29262048940836 1355.4693821459532 540.5168875271683 7.705 3.602 3.388 -39.51606094987054 -0.57779087538566 14.386137878435086 -1.769514447077266 1.0
movable_object.barrier 0 0 0 1026.2700262162114 507.05417761973894 1200.5729763993152 598.4780538253806 0.591 1.127 2.261 -17.124636569862822 0.7594589687923308 4.148695224693739 1.9726714605092912 1.0
movable_object.barrier 0 0 0 644.484214283669 524.4731733043897 779.7456519867634 599.6160025485086 0.537 1.055 2.215 -18.94206197775284 0.9809794646367882 -1.4652131782530036 2.5330386356134724 1.0
vehicle.bicycle 0 0 0 847.3230283012483 484.3150754923078 892.1723198807675 531.8887220938077 1.407 1.518 0.606 -41.611195799000036 0.41486433476982765 2.043050274528389 -1.6881535732750423 1.0
movable_object.trafficcone 0 0 0 825.8444577653929 548.9347171312454 868.8464820880472 609.4265333050348 0.402 0.743 0.402 -16.206289343642712 1.0722051285985885 0.5077379039304042 2.3948046192383785 1.0
movable_object.trafficcone 0 0 0 1415.5452857830376 510.9197194599041 1439.1756202149077 545.0021679747477 0.397 0.765 0.404 -29.03183761075481 0.7497697751674817 14.262280320558947 1.6898938031925939 1.0
human.pedestrian.construction_worker 0 0 0 463.01830882333763 478.9586774645794 546.7336755530131 593.2037035596408 0.994 2.0 1.05 -22.728400037367226 0.7202771775244845 -5.4528580239997515 2.295842366639836 1.0
human.pedestrian.adult 0 0 0 361.9543946635853 502.8710618572851 424.64287271814567 600.6533211061366 0.72 1.675 0.703 -22.253239854928765 0.9854218267602921 -7.313841934732607 2.364954178309932 1.0
movable_object.trafficcone 0 0 0 738.0555324765019 544.5927316211839 780.0818845399643 602.9252086070283 0.404 0.773 0.398 -17.439769914628688 1.0783582889842054 -0.6753638751304171 2.4803489739300986 1.0
movable_object.barrier 0 0 0 861.4066522117885 515.3028763803171 1035.5412771252704 599.8775310746288 0.548 1.086 2.289 -17.21050534173337 0.8490697203515434 1.9197583778490541 2.2422165933137066 1.0
movable_object.trafficcone 0 0 0 955.3829909184741 539.8771749779303 990.0103729494313 606.5860457566591 0.401 0.805 0.405 -15.877179892766584 0.976491076505674 2.0766916284156194 2.1991002300283498 1.0
