vehicle.car 0 0 0 388.18387939988884 486.41378824846373 579.3606086701452 555.0213514659142 4.477 1.557 2.115 -30.77546975995573 0.6248536507203145 -7.944368206304328 -1.6410488143209587 1.0
movable_object.pushable_pullable 0 0 0 1006.493640181336 479.7241183467112 1040.1775409509771 510.22419397342793 0.698 1.201 1.247 -50.60637795034937 -0.00834929306637433 8.645924388347318 2.2662007609951544 1.0
vehicle.car 0 0 0 608.4928244593482 480.29229370496796 858.8444860801985 613.6030376217358 4.521 1.777 1.927 -19.274170904773527 0.7451424508314783 -0.9691584425513876 2.345837418396286 1.0
vehicle.car 0 0 0 802.6485157257816 477.3736046932836 968.9511063646622 572.6652578373341 4.061 1.667 1.861 -24.295872086447623 0.571173232423855 1.5957746858205062 2.3471026247633526 1.0
vehicle.car 0 0 0 -319.6573858030696 489.91496197375255 24.577964289466724 587.2714559216034 4.391 1.51 1.855 -21.88670786711637 0.7258011202638854 -16.416044877471645 2.4793962785850585 1.0
vehicle.truck 0 0 0 1025.0704544336595 453.620484613044 1144.9972662354082 526.1393918529504 4.872 1.839 1.978 -34.57675152704081 -0.07711641752354931 7.677495861421875 -1.8231944160669977 1.0
movable_object.pushable_pullable 0 0 0 832.4635240236523 529.9423272346814 900.5590852995604 632.0399460109129 0.833 1.298 1.275 -16.7583483261941 1.1122370809057247 0.7610942227205112 3.133735557815786 1.0
vehicle.truck 0 0 0 835.7382317293493 447.0490685680983 974.110655238795 513.1084224120773 5.339 2.434 2.0 -49.809628511754596 -0.5371169613274023 3.7720290175888893 1.6791760215131273 1.0
vehicle.car 0 0 0 768.7131765033745 468.07902804056624 909.2182839753183 529.9871992188243 4.332 2.0 2.022 -42.73017434995334 0.1644479630754766 1.0348418797037917 -2.7448408871808034 1.0
vehicle.car 0 0 0 192.77356199404582 477.7307415559534 398.1319695744395 566.681153896149 4.655 1.737 2.03 -26.875424410422376 0.5755449203267824 -10.977058912705315 1.659844569611165 1.0
movable_object.trafficcone 0 0 0 891.6888701788426 584.4995100112598 931.1807930036167 640.2503054729648 0.404 0.671 0.294 -15.979600915452606 1.4777091317217712 1.310580938060961 -2.589410882658088 1.0
vehicle.car 0 0 0 698.6366861942208 460.33946238486357 862.9973631021335 531.3510222531975 4.925 2.061 2.102 -38.9806529070912 0.06900487021126678 -0.889760304005961 -2.642896915244238 1.0
