movable_object.barrier 0 0 0 735.6137681537849 515.539686536266 942.7550022334442 640.480757846853 0.415 1.075 2.082 -12.053431952382777 0.7526370501444586 0.2632397716012825 -1.786098475068326 1.0
movable_object.barrier 0 0 0 1104.7144474380616 539.4686993672892 1417.323812385454 711.5246542538073 0.458 1.048 2.032 -8.977736176571945 0.8732031729174373 3.1753196648560436 -1.7809431273331056 1.0
movable_object.barrier 0 0 0 872.9790916372838 531.1911873609283 1132.9892264272582 679.8170737435764 0.492 1.044 2.059 -10.177723484777827 0.8417223404755408 1.5327209867446234 -1.7809431273331056 1.0
movable_object.barrier 0 0 0 801.5628685552814 556.4817028284839 864.6677098391842 646.4484455622452 0.367 0.751 0.409 -11.113874129555706 0.9256345817159177 0.2204852205609672 -1.6753104183360685 1.0
movable_object.barrier 0 0 0 1406.2420058862806 538.0669019515143 1809.720671870341 736.5823955939766 0.402 1.037 2.052 -7.788020653278773 0.8165240936015876 4.86047795285276 -1.7809431273331056 1.0
movable_object.trafficcone 0 0 0 724.9037309142805 545.5443778833667 766.7572382640185 617.6386656293157 0.295 0.709 0.294 -12.868980229657003 0.8744556346934197 -0.6335875472808052 -1.786098475068326 1.0
movable_object.barrier 0 0 0 162.69458782654002 506.68179929843683 267.40584051770213 577.4317839597509 0.39 0.937 2.008 -18.02668056188407 0.6489723746195825 -8.494265163261021 -1.7881366583561649 1.0
movable_object.barrier 0 0 0 237.89355292414143 508.4759890850089 363.16272900343915 586.3578968001614 0.441 0.967 2.017 -16.95641285963529 0.6795058090013186 -6.841374436410742 -1.810969998540025 1.0
vehicle.car 0 0 0 -121.43722915727407 460.254752005596 193.7624795206445 615.7418187563695 4.297 1.607 1.627 -14.949584331897235 0.429929325942817 -9.225393697943826 -2.7139914739110367 1.0
movable_object.trafficcone 0 0 0 721.0759726921395 553.6532338470732 776.8223982463428 635.1626400845711 0.35 0.72 0.363 -11.715344251614384 0.9123857573554629 -0.5478767780592781 -1.7571726732333746 1.0
movable_object.barrier 0 0 0 323.08021938655435 508.81358024699614 461.4993546343823 591.7792802717489 0.458 0.952 2.011 -15.748273574360509 0.6636975690326954 -5.210953151305288 -1.805871332502309 1.0
