vehicle.car 0 0 0 172.74390931352676 445.03621734713875 606.1153998262432 652.426488359493 4.297 1.607 1.627 -11.70552751305331 0.398761632052358 -3.9938771820097623 -2.7026514433323516 1.0
movable_object.barrier 0 0 0 465.0331271058308 506.83384963960344 609.565163141498 594.4070958231162 0.39 0.937 2.008 -14.709128104844105 0.6196049265932813 -3.182214244423982 -1.7843581846709249 1.0
human.pedestrian.adult 0 0 0 157.7652777049996 469.2188732105062 187.0542591494487 527.2050027244446 0.518 1.655 0.546 -36.35305579261955 0.0818192762233157 -18.32358277043918 -2.7394395884651566 1.0
human.pedestrian.adult 0 0 0 211.42653357228576 464.83594734283486 239.9822911950585 529.4935830963924 0.553 1.871 0.518 -36.84992834972193 0.052311848181193 -17.016700612902024 -2.7394395884651566 1.0
movable_object.barrier 0 0 0 1436.9086091327213 521.1263650154787 1808.6990283928667 702.3845128034335 0.415 1.075 2.082 -8.61068529622516 0.7388597815721208 5.488353879382347 -1.7823561769249547 1.0
human.pedestrian.adult 0 0 0 175.23556492354024 464.7631708948147 202.54383853844382 523.2729756655758 0.55 1.766 0.515 -38.41844089901902 -0.04036476452815113 -18.86283913104027 -2.7394395884651566 1.0
vehicle.car 0 0 0 -99.88768249282089 470.8898647874213 185.6182753393538 596.6256149493191 4.356 1.415 1.718 -16.216347594377044 0.41863270844630585 -9.917540856987403 -2.680979524655841 1.0
human.pedestrian.adult 0 0 0 187.6597470825463 471.21159513748125 213.48427551705862 525.3787615138529 0.459 1.539 0.478 -36.15415560597057 0.08402570703367668 -17.416025693768933 -2.7394395884651566 1.0
movable_object.barrier 0 0 0 718.539793159235 509.98731627360485 917.0384434302105 617.0148079869725 0.458 0.952 2.011 -12.383684828059907 0.6378544277920014 0.0678916803367354 -1.8017870692855205 1.0
movable_object.barrier 0 0 0 580.656531985784 513.0049020227639 753.6175784853461 611.5113409683938 0.441 0.967 2.017 -13.61519614212074 0.6940417241219653 -1.5454857928763304 -1.806800660662108 1.0
human.pedestrian.adult 0 0 0 154.77849757040056 469.2168560584778 179.8092869839162 529.7651460251716 0.459 1.795 0.478 -37.70087034879505 0.12290850297200573 -19.15621149778793 -2.7394395884651566 1.0
movable_object.barrier 0 0 0 112.88612647807975 498.0863635957976 215.15575454640557 573.400135870466 0.421 0.996 2.057 -17.878413191586496 0.5512839628129642 -9.14923714406658 -1.7755745730979866 1.0
movable_object.trafficcone 0 0 0 1475.9042010033002 579.0001483673293 1550.9079167117231 696.8917677369278 0.35 0.72 0.363 -8.306081294493724 0.9277260996010972 4.647735109639837 -1.7539692020647326 1.0
movable_object.trafficcone 0 0 0 1391.5417321133664 572.0440004497991 1444.3331326777623 673.7435321029005 0.295 0.709 0.294 -9.309124889300028 0.9334732676109534 4.504237663746756 -1.7823561769249547 1.0
movable_object.barrier 0 0 0 183.13237238948946 499.4619413906632 309.61516995574846 581.9906041573842 0.456 1.003 2.213 -16.593014559415234 0.5718292890047522 -7.413866795701914 -1.7843581846709249 1.0
