movable_object.barrier 0 0 0 -45.049103142645144 507.73167606874813 6.572511916669876 560.269302667874 0.458 1.048 2.032 -26.589660294262575 0.7999769273451421 -17.455740102905626 -1.7201235648612956 1.0
movable_object.barrier 0 0 0 209.044589937917 514.1695364182327 301.82590572810034 601.8842560292321 0.417 1.074 2.0 -16.730147184867153 0.8037218609895891 -7.352102331234692 -1.7126325013257642 1.0
movable_object.barrier 0 0 0 273.6479941050416 520.3690823010379 388.9741975283786 615.8192872361368 0.44 1.052 2.103 -15.30808373014699 0.8505962906411654 -5.813227963849908 -1.7196235134198714 1.0
movable_object.barrier 0 0 0 8.533299069174424 510.7626722354166 71.3581426532218 571.0631775366945 0.446 1.069 1.998 -23.760542782624373 0.8410488651009566 -14.485814649081593 -1.7322622081180983 1.0
movable_object.barrier 0 0 0 42.80058662086635 512.8863011935013 109.51121068558179 575.3878500394744 0.463 1.04 1.975 -22.40985702657675 0.8484355125523243 -13.020315612626844 -1.7252823363741907 1.0
movable_object.barrier 0 0 0 156.1803553394525 514.1918118630024 242.6620216422818 592.7312008123844 0.435 1.046 2.031 -18.15451362190438 0.811745280805307 -8.781067998343834 -1.719059931866079 1.0
movable_object.barrier 0 0 0 -17.209319292144208 510.17412020336224 35.57014315535152 565.3344481351266 0.402 1.037 2.052 -25.171617763517624 0.8301794243859116 -15.958864293036351 -1.7201235648612956 1.0
human.pedestrian.adult 0 0 0 40.68573359632035 482.77975293071034 58.9070928644072 524.7647817468996 0.553 1.871 0.518 -56.58183832115322 0.37893461609860823 -34.02357443861261 -2.6500036601050256 1.0
movable_object.trafficcone 0 0 0 638.5056592149182 563.8599813398773 695.9883948166138 649.5630272337934 0.436 0.742 0.419 -11.476643843257214 1.0053928698902015 -1.2838982769974567 -2.91730357280107 1.0
human.pedestrian.adult 0 0 0 3.776706942828524 488.51066360483674 22.673321210885025 526.3075607925123 0.518 1.655 0.546 -55.629007107790066 0.5331473972251988 -35.06399795669457 -2.6500036601050256 1.0
movable_object.barrier 0 0 0 356.56385424927896 521.7289471372874 490.8048216892883 624.4553133684301 0.418 1.026 2.028 -13.918653597546522 0.8248803608852981 -4.269914451442594 -1.7328358005831666 1.0
vehicle.truck 0 0 0 176.88470318582648 469.2853342997192 350.6055299955194 562.6680320819636 5.323 2.008 1.886 -29.661088581713912 0.4501826352426824 -12.885851567256484 -1.7028626659582793 1.0
movable_object.barrier 0 0 0 79.11147748962968 512.8108436095083 145.71019284942327 579.1509124677833 0.439 1.032 1.987 -21.015301750737496 0.8234478105970257 -11.60785775577588 -1.7102412221451857 1.0
movable_object.barrier 0 0 0 456.69053609295344 525.2497032446408 610.8791431830113 639.5633590278683 0.337 1.028 2.033 -12.616096936641464 0.8352626364374389 -2.776067286072012 -2.5305528162458497 1.0
movable_object.barrier 0 0 0 117.16957667558553 513.654366257363 188.7737908288559 586.1147700869387 0.438 1.047 2.025 -19.618629906211975 0.8252251047102872 -10.20825116821827 -1.7027132496580393 1.0
