human.pedestrian.adult 0 0 0 678.9903903797863 508.7528055304473 712.3781833380613 562.6393016550678 0.706 1.621 0.697 -38.47824915634483 1.2310925652711182 -3.426922746626031 -2.5397984430703833 1.0
movable_object.trafficcone 0 0 0 53.41148119331444 621.5793108871384 147.7028198147953 779.8256930886923 0.303 0.69 0.34 -5.9639424380639525 0.9568597817740019 -3.346810263120546 -2.4719850849784786 1.0
human.pedestrian.adult 0 0 0 855.3441693806388 495.2992612839292 890.6722483965215 569.0353484084208 0.49 1.807 0.684 -31.334074500115626 0.9177286594419356 1.6166023642280454 -1.7570074548447172 1.0
human.pedestrian.adult 0 0 0 796.8382837556862 497.7382307098114 824.666399544074 564.1794518251095 0.553 1.871 0.518 -35.90890980631726 1.0151474946787173 0.0791237491990841 -2.5397984430703833 1.0
human.pedestrian.adult 0 0 0 709.4765437917539 501.1180519257952 733.0872333233588 562.2011445306492 0.459 1.795 0.478 -37.41677724399409 1.078392706230383 -2.572432177725585 -2.5397984430703833 1.0
vehicle.car 0 0 0 1376.6793316426924 332.6644653878178 3960.9018631636773 1292.9864640978897 4.692 1.657 1.691 -4.594083670957004 0.6043701420879799 4.766702663601996 -2.4828901628282853 1.0
human.pedestrian.adult 0 0 0 702.1116719790156 505.781198671121 736.3323679814292 562.7150037270676 0.738 1.739 0.714 -39.06172716660126 1.205329004706802 -2.7495279942886053 -2.561321215943665 1.0
vehicle.car 0 0 0 961.6961469784501 502.3175388184808 1296.303926682931 629.4959538714023 4.156 1.513 1.625 -17.0883884670004 0.8878779955827307 4.226131705655731 -1.6951410870272152 1.0
human.pedestrian.adult 0 0 0 745.7987129707486 505.62074636244176 773.2985816486678 564.1087166230899 0.518 1.655 0.546 -36.084040244499946 1.1313140600732685 -1.3856733898978058 -2.5397984430703833 1.0
vehicle.truck 0 0 0 361.87731929411956 450.98230338987383 611.5797403448161 560.2012052553247 9.692 2.911 2.536 -37.923384586067336 0.3522749046972849 -9.904096036581572 -1.6791814132680427 1.0
human.pedestrian.adult 0 0 0 63.55990423907936 453.8533563483807 204.37981917375143 716.8884027058639 0.75 1.692 0.508 -8.509169091144033 0.5946908113163041 -4.525584593214442 -1.5896744959883415 1.0
human.pedestrian.adult 0 0 0 249.26053405664268 474.2549384768594 394.8320407223422 707.8011778417707 0.747 1.573 0.547 -8.877136803694976 0.6576258985887858 -3.405348039039412 -1.5392313149298298 1.0
human.pedestrian.adult 0 0 0 727.2392000957034 502.73477835830016 753.4461579008746 562.407866605394 0.55 1.766 0.515 -37.72901281576099 1.1142221742134626 -2.023769078048346 -2.5397984430703833 1.0
human.pedestrian.adult 0 0 0 229.55728516930395 458.535881992383 370.30833010005455 708.5799872551528 0.74 1.744 0.508 -9.155591350584634 0.6246931781123037 -3.6758263214181417 -1.5410654524149567 1.0
human.pedestrian.adult 0 0 0 786.4689762739783 508.65777914521516 811.2185454179922 564.087257931277 0.459 1.539 0.478 -35.369067913701706 1.1507574268864007 -0.2559324808040436 -2.5397984430703833 1.0
human.pedestrian.adult 0 0 0 881.6254924339721 503.31530538144403 909.7769904693059 570.5020558761701 0.426 1.599 0.486 -30.350457421977048 1.0009615999917845 2.111704092362361 -1.7570074548447172 1.0
vehicle.car 0 0 0 334.23931602948704 497.2428527805662 456.53348534106067 564.7365631301077 4.208 1.472 1.882 -30.039967679765763 0.8455213888734172 -9.893859470450753 -1.7871268678344316 1.0
human.pedestrian.adult 0 0 0 832.7313228683104 498.7985550653538 868.7883135731712 569.0354855457058 0.569 1.697 0.636 -30.91841756589744 0.9472277860358016 1.0489078032478938 -1.7570074548447172 1.0
human.pedestrian.adult 0 0 0 -89.4242775247555 453.69925172495925 20.973936010785597 708.3360942905988 0.435 1.756 0.568 -9.037280795550108 0.6024194927439533 -6.020852226500539 -2.4198687803957863 1.0
vehicle.car 0 0 0 1510.2338183713853 487.44249906810137 2686.14171712296 857.3745960938699 4.356 1.415 1.718 -7.114781802307825 0.7374348810153191 6.6382823989749005 -2.4821094139800604 1.0
human.pedestrian.adult 0 0 0 232.42753378041266 468.5758197112408 308.1606555301623 695.2819774529189 0.469 1.683 0.637 -9.75974713431731 0.6555636198512194 -4.163276631510607 -1.5875838158634075 1.0
human.pedestrian.adult 0 0 0 142.49320510437926 449.88238103026373 304.61569795880087 730.8601763756527 0.76 1.732 0.603 -8.232251715136368 0.5986298929239796 -3.7914577305395585 -2.0334997501967234 1.0
human.pedestrian.adult 0 0 0 667.0174450684531 508.82261826823594 694.7308684194576 564.4003122737824 0.551 1.649 0.577 -37.841541795696 1.2383774335540525 -3.8144361884441906 -2.5397984430703833 1.0
