human.pedestrian.adult 0 0 0 751.94039586594 478.04307034266265 778.1103812660704 535.1809164731812 0.645 1.707 0.743 -38.457737190641474 0.3366157100330035 -1.312594411386058 2.0760942613366495 1.0
movable_object.barrier 0 0 0 411.1183878309478 503.2777369402975 445.75029927524815 535.8291406573612 0.57 1.1 1.995 -46.65086229204689 0.883623999074941 -14.028892615047443 1.601296528518139 1.0
human.pedestrian.adult 0 0 0 768.8095753825227 477.07841065809225 800.0993946160594 538.9604769561718 0.593 1.741 0.669 -36.10203125920555 0.3557540579489923 -0.6715598661106205 2.4058817554954306 1.0
movable_object.barrier 0 0 0 388.6318225026611 502.969509941595 424.3344496796896 536.914180968311 0.57 1.094 2.022 -44.58717034230828 0.8568532395769061 -14.18317762086425 1.6005273707140564 1.0
human.pedestrian.adult 0 0 0 1122.4053928732767 469.7996735042969 1181.5981539757431 611.2470046721055 0.869 1.602 0.529 -14.80910996210694 0.5094510247095128 4.030554113576801 -2.044042319714931 1.0
vehicle.car 0 0 0 879.3315708475548 487.6891497461919 923.309739134682 526.6153800926579 4.263 1.791 1.811 -64.20671712529268 0.5690302980703623 4.717482684654851 2.107651259314844 1.0
movable_object.trafficcone 0 0 0 1117.5637720318061 550.9238342900135 1164.0531766457848 620.350237753371 0.38 0.712 0.383 -13.745717259751071 0.9791016821876398 3.6255637180034666 3.097186717338829 1.0
human.pedestrian.construction_worker 0 0 0 1451.5783977838653 446.24844144652076 1539.5407221665973 603.9545885765007 0.696 1.696 0.675 -13.949276797188649 0.313160915524441 7.592044829771644 2.234510312678905 1.0
movable_object.barrier 0 0 0 128.39396536186274 513.1537402178477 211.0095974703343 569.8439894904238 0.54 1.031 2.018 -26.022865721972913 0.9309270766136062 -13.14043219169246 1.6019891941636057 1.0
movable_object.barrier 0 0 0 301.309002087795 506.84199462936135 347.98744477246765 548.2115692903428 0.552 1.057 1.995 -35.76942006559331 0.8971282958838386 -13.692675860079305 1.600347172126793 1.0
movable_object.trafficcone 0 0 0 999.328561305543 533.2011270709312 1028.9158380787082 579.770858140407 0.392 0.706 0.391 -20.075944841118 0.9701847327532014 3.2803909263271818 3.134385362693733 1.0
movable_object.trafficcone 0 0 0 949.8514872588185 524.6028415364551 973.1583875252952 562.0330531813693 0.395 0.706 0.393 -24.85060143777793 0.9428951692849146 3.0244501837767688 3.134385362693733 1.0
movable_object.trafficcone 0 0 0 932.2404401495127 520.985488230656 952.4547805183553 554.5294127722569 0.385 0.712 0.385 -27.874599919364258 0.935367945246457 2.969436328593355 3.125984557301919 1.0
movable_object.barrier 0 0 0 429.4465494980557 504.4458365871149 461.389374593182 535.4985484103472 0.562 1.096 2.031 -48.83584744600013 0.9421168391550732 -14.029574277307567 1.6009735581582252 1.0
vehicle.construction 0 0 0 1024.665830126262 323.9389647093088 1588.8212096660864 658.8848659129895 10.82 2.959 2.777 -16.702311829965787 -0.1933139733086431 5.415776855628167 2.0966704295371956 1.0
