movable_object.barrier 0 0 0 48.45703884827066 490.3933623269567 140.91020945311357 525.917908863098 2.163 0.934 0.48 -34.41476555751571 0.3423390942227636 -19.443874520634328 -1.7728729066949667 1.0
movable_object.trafficcone 0 0 0 -141.45371169955408 740.0717135190126 87.99368568769307 1070.471823005674 0.417 0.757 0.367 -3.5817917622840656 1.1293605304247163 -2.3634071616444157 -1.8392133594183475 1.0
movable_object.trafficcone 0 0 0 539.5197136918853 570.6710652247802 628.4813433774731 710.961689286047 0.503 1.134 0.555 -11.018418155852759 1.251646094011689 -1.9550162662817177 -1.8254139057470011 1.0
vehicle.car 0 0 0 1323.4481377324094 448.87400651235396 1452.8347473561435 537.4154051618793 4.961 1.626 1.594 -25.654779659113863 -0.052447071840130866 11.887470358621764 -1.8090756527721412 1.0
movable_object.trafficcone 0 0 0 1215.6591556725855 577.1118642617674 1299.6622373684509 698.9458276099803 0.499 0.768 0.443 -8.793483026014757 0.9794918750438052 3.1393476536900606 -1.8254139057470011 1.0
movable_object.trafficcone 0 0 0 1409.841744133791 576.4823424229709 1495.761483849083 712.6845652689843 0.448 0.799 0.444 -8.137075702915896 0.946820094827088 4.163923166260895 -1.8254139057470011 1.0
vehicle.car 0 0 0 1098.176954087398 443.0090508690021 1239.8099873444014 516.668838405499 4.896 1.52 1.627 -28.502704820223798 -0.33239017329796344 8.249682550535184 -1.8090756527721412 1.0
movable_object.trafficcone 0 0 0 828.3905226744758 562.3204659087464 914.0198647897615 664.0607851441603 0.505 0.765 0.505 -10.394524796136132 0.9576442435711094 0.5236016929122391 -1.810872222802245 1.0
movable_object.trafficcone 0 0 0 695.6217596002001 559.2345139953823 772.1760705872556 655.8249725676346 0.433 0.767 0.48 -10.844794993038864 0.9530863068323936 -0.6360124562743742 -1.7996114931749565 1.0
movable_object.trafficcone 0 0 0 958.5106613949565 558.1380214350069 1037.4025822446238 672.2176229562418 0.418 0.827 0.469 -9.860202779928375 0.9237768003720055 1.4873516497406962 -1.8254139057470011 1.0
