movable_object.barrier 0 0 0 194.91147446574433 524.707374297571 306.1426559084146 575.9989868694041 0.603 1.005 1.996 -25.343597964369796 1.101280405049572 -11.195106830442334 2.1383880749688364 1.0
human.pedestrian.adult 0 0 0 70.21793953544135 478.40693546095764 131.7089176040397 592.0637118698393 0.72 1.806 0.619 -20.49829057799345 0.6376249563711619 -11.493148700718363 1.6556346560868622 1.0
movable_object.barrier 0 0 0 100.3885489041975 528.2042908924462 185.73314064709245 577.0861914023272 0.584 1.012 2.009 -27.348569245327937 1.229172846248368 -14.428965158510588 2.384168998234042 1.0
human.pedestrian.construction_worker 0 0 0 250.57718239118276 491.7506530100193 290.6334419212561 570.3688849461729 0.617 1.761 0.563 -28.59993646255817 0.8036639189866275 -12.18614366751715 -2.948561503914288 1.0
human.pedestrian.adult 0 0 0 2.910781607242734 472.2919136556212 67.43132728458852 594.9850778442483 0.77 1.955 0.618 -20.56006602198059 0.6141306320515939 -12.600344623419183 1.641602650884539 1.0
human.pedestrian.adult 0 0 0 791.3301907804008 468.4860280214995 864.7355209971239 658.0683843979588 0.637 1.794 0.681 -12.313364908376778 0.6465868264186803 0.20442782041338864 -3.0485127978970024 1.0
human.pedestrian.adult 0 0 0 -27.431994634933034 489.5832892516639 24.532774127573365 583.0284560462356 0.567 1.832 0.68 -25.156022658453807 0.8066366422175815 -16.145776336442 -2.8012229817350356 1.0
human.pedestrian.adult 0 0 0 87.72525166844011 488.78503271495333 139.84071840157426 588.4553085988799 0.6 1.658 0.576 -21.388368238033674 0.7231652366697797 -11.774837570828318 1.664472355041525 1.0
vehicle.car 0 0 0 808.8501295233358 496.62771231768915 959.5730294045173 558.0466041799127 4.206 1.448 1.904 -32.00031852369998 0.768502947454245 2.0056148755367267 2.4740041162176674 1.0
vehicle.car 0 0 0 593.6765967219205 493.2104862715451 801.8466847492772 570.6901760338071 4.458 1.443 1.869 -25.85882165974136 0.696441404550646 -2.1504929676286157 2.462391743635017 1.0
vehicle.construction 0 0 0 353.21576925860444 402.4806787628725 530.3449574006162 567.2549861816289 6.571 3.937 2.566 -33.55466023664329 -0.22314413187634413 -9.884733980130108 1.7842831896861941 1.0
human.pedestrian.adult 0 0 0 296.7192957737971 476.94719991319937 358.54600963262794 596.8769400524923 0.713 1.794 0.599 -19.319678532653075 0.6254147245668032 -7.359796603834107 1.6714132984490284 1.0
movable_object.barrier 0 0 0 1064.9641841757314 503.6220743035923 1131.999978057811 549.8053685975563 0.707 1.054 3.035 -30.427787188022403 0.731394366189366 7.04099561104307 1.6329437080770939 1.0
human.pedestrian.adult 0 0 0 158.76446020158377 479.2895334426282 218.64488705990973 590.4742925281425 0.745 1.794 0.579 -20.791036848551062 0.6418028300099349 -10.210512678128064 1.641941206357366 1.0
movable_object.barrier 0 0 0 972.9799589258763 506.65920167825135 1072.9962976686732 555.1611135654006 0.673 1.092 2.183 -29.166050364525205 0.8130298702780465 4.970283213653412 2.3225806239784728 1.0
human.pedestrian.construction_worker 0 0 0 -7.203036751037503 500.3147456307952 34.67196287054649 574.657784829587 0.682 1.784 0.624 -30.706182902468814 1.0152356600212058 -19.341077373202978 1.6383598544988516 1.0
vehicle.car 0 0 0 428.95711875541775 498.8503370936976 641.6471666860808 575.2212205099855 4.33 1.457 1.791 -26.360716332111 0.8097258212588321 -5.589771144627063 2.456562036947087 1.0
human.pedestrian.adult 0 0 0 130.37572674657906 483.77639429656875 180.84625490068274 589.9597159006266 0.664 1.786 0.495 -21.596433619953384 0.701868576131485 -11.1732993350555 1.6398888071105162 1.0
movable_object.barrier 0 0 0 299.95312417555544 522.253145715986 412.31190410670007 576.2256403303119 0.622 1.039 2.122 -25.596835705659263 1.0797589180824936 -9.165781703217563 1.8906265430549052 1.0
human.pedestrian.construction_worker 0 0 0 219.98920287456016 489.51866339140986 257.0628878597649 572.0997692339564 0.631 1.807 0.67 -28.002803748182888 0.7785576160081951 -12.641270237795736 -2.2634273700682863 1.0
movable_object.barrier 0 0 0 398.78377060829365 522.1604563633354 490.7370382779697 573.3363816398677 0.609 1.015 2.006 -26.803563070438713 1.0934916331850113 -7.695472388947937 1.6347850086486355 1.0
