human.pedestrian.adult 0 0 0 368.0320163286871 483.9979220464702 432.8930605090586 612.3364459669208 0.6 1.658 0.576 -16.704581265824427 0.6855612865343388 -5.397976882573588 1.672292503114047 1.0
human.pedestrian.adult 0 0 0 571.4376778996107 485.2204807362383 639.497782831775 615.5462626644545 0.76 1.676 0.608 -16.70488331643881 0.7110522690150066 -2.686608018221548 1.776907405337342 1.0
movable_object.barrier 0 0 0 1064.8967678249555 503.3559788572579 1131.9904048437502 549.5729074347657 0.707 1.054 3.035 -30.41649885190775 0.7252215182867425 7.03749022479619 1.6331856937451183 1.0
vehicle.car 0 0 0 428.5894193434987 498.84313870285155 641.4276865514431 575.2445243539244 4.33 1.457 1.791 -26.350942087853078 0.8091140775246213 -5.5937282531160895 2.45694934322582 1.0
human.pedestrian.adult 0 0 0 426.89622873681935 476.2807387898742 487.66683452529384 610.216605508265 0.664 1.786 0.495 -17.21561525374852 0.6420496683188724 -4.78859030390057 1.6704200966644462 1.0
vehicle.construction 0 0 0 365.78949121389934 403.08196426076523 550.3455503991635 573.4763814487172 6.571 3.937 2.566 -32.56175584535586 -0.13617719659208954 -9.18160030723013 1.7845982728704453 1.0
human.pedestrian.construction_worker 0 0 0 216.64276675681668 489.5952077552265 255.60540165150593 572.2229483610474 0.631 1.807 0.67 -27.98331177513931 0.7807214364536776 -12.685744966432624 -2.2196980630125047 1.0
movable_object.barrier 0 0 0 398.43830559322333 522.1681236007178 490.4666626540685 573.3845184323189 0.609 1.015 2.006 -26.79407297852001 1.093675449993201 -7.699262351399848 1.6350284330518798 1.0
human.pedestrian.adult 0 0 0 483.4114402316508 473.07795898269256 555.6475485567429 614.7023513023654 0.745 1.794 0.579 -16.436102185326472 0.618546473260281 -3.760659870465926 1.6825355856168018 1.0
movable_object.barrier 0 0 0 299.5500263813926 522.2862191053707 411.98463062264267 576.3235934734697 0.622 1.039 2.122 -25.58751919468971 1.0806761295285607 -9.169720778011058 1.8909680963233182 1.0
human.pedestrian.adult 0 0 0 -26.816874505368656 512.7964273409051 4.62898655749011 577.3479063600851 0.602 1.684 0.538 -33.39398300705991 1.3079474920453364 -21.688725389957607 -2.2452614297033033 1.0
human.pedestrian.adult 0 0 0 779.1022765152121 468.58932450066675 856.8915588580089 621.673448692316 0.713 1.794 0.599 -15.236886894596289 0.586924000973 0.12120085677886416 1.6792285198668395 1.0
human.pedestrian.adult 0 0 0 424.1978416635605 473.51941267171776 500.8186221382079 620.4459466934168 0.72 1.806 0.619 -15.965603802182367 0.6383549691773721 -4.373655706461715 1.6663542223764978 1.0
human.pedestrian.construction_worker 0 0 0 -8.939563893477724 500.5004567436909 32.99616793109418 574.8818980913079 0.682 1.784 0.624 -30.69251724346967 1.0197579527916005 -19.37399894443205 1.6386060012545265 1.0
vehicle.car 0 0 0 808.6976096981442 496.46292230257126 959.5134148298565 557.9034933460672 4.206 1.448 1.904 -31.98963444048524 0.764172328857053 2.0023121490667237 2.4743916276885347 1.0
human.pedestrian.adult 0 0 0 790.6760976890048 468.31838916038305 864.2518570498895 658.0664458649115 0.637 1.794 0.681 -12.302881397042324 0.6452911810760059 0.19873157720624357 -3.0481486704573193 1.0
vehicle.car 0 0 0 593.3568514496019 493.1304989044083 801.6766820809205 570.6432920357267 4.458 1.443 1.869 -25.848624375079257 0.6945042474444811 -2.154555750568076 2.4627791233803036 1.0
human.pedestrian.adult 0 0 0 322.5500186523403 461.43645837133926 400.8950540560879 620.041562376339 0.77 1.955 0.618 -16.02561693361922 0.5632362996507047 -5.671924018307857 1.6732734397598072 1.0
human.pedestrian.construction_worker 0 0 0 154.91243555864483 490.7545614745569 198.0332696898214 570.7641563875828 0.66 1.797 0.583 -28.720177264409106 0.7992534634984778 -14.380547555142346 -1.9347392076770147 1.0
movable_object.barrier 0 0 0 972.8767085788812 506.41901624640025 1072.9493662329364 554.9420034790704 0.673 1.092 2.183 -29.15501832853933 0.8078385261496697 4.966660603805188 2.3229647553392496 1.0
movable_object.barrier 0 0 0 99.99122055938757 528.3516428113271 185.37062892275375 577.2363629752257 0.584 1.012 2.009 -27.339897297539924 1.2320029411737203 -14.432635006908262 2.3845549608171357 1.0
movable_object.barrier 0 0 0 194.4814877346864 524.8821849235176 305.77928808840284 576.2384738571602 0.603 1.005 1.996 -25.334511955181984 1.1050440617098924 -11.199057255936387 2.1387619319213567 1.0
