movable_object.barrier 0 0 0 3.2123636410562906 518.3058137150898 325.1590399140587 692.6535086866646 2.056 1.181 0.613 -9.520341773592323 0.7732442324344708 -4.797926177195635 -2.5999255501951843 1.0
human.pedestrian.construction_worker 0 0 0 234.71961707969658 355.3748915255306 453.4848838438854 778.9530474900613 0.837 1.746 0.775 -5.757894612231158 0.3042189042749398 -2.131460051494788 -2.423861087477759 1.0
vehicle.construction 0 0 0 939.530744770555 486.2406945230753 1068.0493173245166 548.315849989911 3.715 2.033 2.333 -43.45302965297117 0.748692596432677 6.720323971929643 -1.7144965328475594 1.0
human.pedestrian.adult 0 0 0 520.4045469443643 431.88233693886957 612.8209858751394 633.7700360039149 0.936 1.856 0.749 -12.152771245136499 0.35489774892777637 -2.3380671777643327 -1.9131024575662936 1.0
movable_object.barrier 0 0 0 1050.9795160891704 518.6106626209811 1130.1591946336923 558.0290415711297 2.143 1.109 0.699 -36.30997660547307 1.237056664807132 8.137238823764228 -1.5753733109146584 1.0
vehicle.bus.rigid 0 0 0 673.3106083248088 458.8217150567804 840.3641454894146 544.6252415921333 11.084 3.32 3.523 -54.61936472408407 0.332323224020619 -2.506012658897958 -1.8643589318260103 1.0
movable_object.barrier 0 0 0 1505.2155915496867 520.6032932183065 1586.9377835543391 557.2224297553545 2.192 1.132 0.668 -40.277741804229784 1.3863853204719612 23.566666722430124 -1.5550442864923335 1.0
movable_object.barrier 0 0 0 235.71112060650393 499.28546439348656 373.945417758678 595.1829137943178 1.827 1.066 0.619 -14.835628317759792 0.5855249218355998 -5.935571734396757 -1.6497627642970194 1.0
movable_object.barrier 0 0 0 1203.4586589657522 520.2818602955659 1254.6674458104012 559.6383357222869 2.019 1.25 0.66 -41.186444655528305 1.4488948014335212 13.7641371666047 -1.6864703690843168 1.0
movable_object.barrier 0 0 0 1580.294033059509 520.8463798023655 1657.649939587234 557.8807360381043 2.032 1.148 0.687 -40.275305607312575 1.4013262357398384 25.895778105338934 -1.5547734897968573 1.0
human.pedestrian.construction_worker 0 0 0 172.00617709221746 425.40861236887383 264.39404973504963 618.2051291627258 0.718 1.76 0.595 -11.97787259479766 0.24802858536430727 -5.605075969302669 -1.7283856673091655 1.0
human.pedestrian.adult 0 0 0 461.683900383755 457.5085730329255 530.5688320720905 578.7871689492027 0.913 1.76 0.7 -18.87372260008906 0.33999195376944125 -4.672476675181903 -2.4714087283103856 1.0
movable_object.barrier 0 0 0 1330.9692767247668 521.0611345040217 1413.2179550333794 565.9429986470974 2.16 1.162 0.685 -33.5321297501948 1.2770321002385199 15.005946548888577 -1.5934437261905563 1.0
vehicle.car 0 0 0 1454.047544440002 486.26907012263274 1557.5986443661193 574.193474095183 4.01 1.631 1.708 -25.56307356700698 0.684252001943567 14.124013839289821 -1.8258467983568378 1.0
movable_object.barrier 0 0 0 1114.486652957521 513.7190264272735 1180.715757296711 560.3632469848455 2.404 1.341 0.721 -37.461306604706174 1.2296876764175977 10.105635869808538 -1.6933673150511002 1.0
human.pedestrian.adult 0 0 0 620.6741140808421 434.29219338243524 698.2146618825757 596.2067378472226 0.858 2.0 0.728 -16.11757156397096 0.255307830257575 -1.9053579452879519 -2.3613451928510187 1.0
human.pedestrian.construction_worker 0 0 0 75.34890896245952 416.43559150419526 208.26926501687626 655.2871145966337 0.687 1.766 0.626 -9.775013818038687 0.3043727307814307 -5.1598428315721145 2.7410281937128644 1.0
human.pedestrian.adult 0 0 0 551.1298521390764 444.58436512365745 612.1550930953258 580.0262245947408 1.002 1.914 0.685 -18.406975862197434 0.25005318381922015 -3.312217692367426 -2.3100014269262763 1.0
human.pedestrian.adult 0 0 0 571.9871235000969 440.9255852689937 661.4452306896455 629.0811529692583 0.78 1.812 0.72 -12.636825223840937 0.3911236177034194 -1.9248512146991468 -1.8867075294308862 1.0
movable_object.barrier 0 0 0 952.4537818525001 519.0996485426 1002.0694584040684 554.6203164580447 1.998 1.068 0.64 -39.428920832211794 1.2865859714267733 5.278260202249418 -1.8774478195464885 1.0
movable_object.barrier 0 0 0 -105.5233639559001 493.4454329343987 103.45747691243491 592.7680029842717 2.068 1.169 0.616 -15.523336853200984 0.5820379294935685 -9.903380047706005 -1.5948000559688094 1.0
human.pedestrian.adult 0 0 0 692.7859019226842 441.59072258392604 772.2867700379919 600.061894476307 0.837 1.916 0.759 -15.770863394752816 0.31797357570422435 -0.9512240711669504 -2.3105280872063885 1.0
movable_object.barrier 0 0 0 1394.700820371571 524.5638533640022 1466.8881653121766 565.1502752869768 2.001 1.077 0.626 -34.37475984415775 1.345813363658594 16.983909557276295 -1.6005224083352099 1.0
movable_object.barrier 0 0 0 -367.80511857929224 534.8415272587565 32.86007361353872 704.4509638366375 2.025 1.046 0.693 -8.578524153846695 0.8025827463065303 -6.524375082532948 -2.86295885450979 1.0
vehicle.car 0 0 0 -300.2051752316216 398.80802426836186 185.48087879862666 583.609967683259 4.956 2.17 2.135 -16.75097397759799 0.0016598689155563062 -11.117539179616532 -1.5971068168404967 1.0
movable_object.barrier 0 0 0 886.5171994381357 515.4700563635935 935.4422116463618 551.314665930454 2.535 1.2 0.676 -43.85642753432653 1.3084228627100045 3.562490825873374 -1.886210928429957 1.0
movable_object.barrier 0 0 0 1260.2087152284157 522.3914735261357 1335.3034135094824 563.9786716813136 2.089 1.076 0.646 -34.29438288524336 1.2859702112663793 13.296952906922503 -1.872905404477768 1.0
vehicle.truck 0 0 0 788.6959596266051 472.05999391478196 918.2818628510764 551.5185049513971 6.013 2.598 2.287 -44.441568976062264 0.5884156546393535 1.484272090155292 -1.8722106478940521 1.0
movable_object.barrier 0 0 0 918.417104816638 518.4150967827937 969.047248297869 555.410219102946 2.219 1.169 0.667 -41.47121284231859 1.3535484907061461 4.447621070937637 -1.8688648102160723 1.0
movable_object.barrier 0 0 0 1164.8846945707962 513.4535639839172 1220.418557145522 559.0573591014876 2.412 1.385 0.675 -39.544270687473414 1.273376701924223 12.079601902685486 -1.7221782453118548 1.0
human.pedestrian.adult 0 0 0 566.836929695387 442.2419239011273 644.173599137559 593.9332683950768 0.951 1.835 0.767 -15.832371283976624 0.2857958335298214 -2.5514997888080844 -2.3077277069448563 1.0
movable_object.barrier 0 0 0 983.0587074212066 519.3271225793752 1057.0081078646892 558.4234382374133 2.285 1.092 0.561 -36.95713804321543 1.2616609056149513 6.1965093977921315 -1.722954879343085 1.0
movable_object.barrier 0 0 0 1224.7748162789233 525.2608498423622 1263.3092417019407 564.0974115721532 2.055 1.093 0.626 -36.864156219803284 1.4265903002224318 12.76073187081276 -2.4252572034468862 1.0
movable_object.trafficcone 0 0 0 370.90850198037106 551.7530363731573 425.2963151095324 637.0764468019778 0.438 0.761 0.433 -11.714243453126969 0.9122455016146515 -3.802181195937162 -1.5705304763592292 1.0
human.pedestrian.adult 0 0 0 1036.45658354023 486.3380851060113 1083.3378525949247 551.8923385307934 1.03 1.876 0.838 -36.74925347155742 0.6904863698426748 7.34131184998718 -2.5658450360769063 1.0
movable_object.trafficcone 0 0 0 469.2108924294267 531.2424811100444 511.6412874602625 598.4036637529073 0.445 0.734 0.422 -14.161514985226068 0.7751578916109851 -3.5630263603999337 -1.5699430993543348 1.0
human.pedestrian.adult 0 0 0 491.63338067835997 437.43816019755985 565.6992505171012 621.1713365291333 0.914 1.905 0.695 -13.612118663266147 0.3620122897427297 -3.0249154117343284 -1.9222159307563098 1.0
