vehicle.car 0 0 0 530.7010086559029 460.4955937655312 1113.744224605144 749.8354415776554 4.345 1.442 1.818 -8.943811258347806 0.5342723718824023 0.3687696743280193 -2.545783679793886 1.0
vehicle.car 0 0 0 -171.3917926434352 476.0618846931614 172.72103862051208 603.4645269907908 3.514 1.437 1.701 -17.213145757397594 0.5171469170263748 -10.882226533191673 1.8158258435616066 1.0
vehicle.car 0 0 0 878.2076789632546 441.24114070467186 1442.4714250563036 815.1139018585302 4.745 1.463 1.858 -7.532748322878505 0.45039962575885995 2.43838817893276 -2.488727856472029 1.0
human.pedestrian.adult 0 0 0 608.2825058922638 395.26422963934374 657.6596328993676 489.98708049133876 0.643 1.758 0.638 -23.86347780732319 -0.9954590930104023 -3.3125519243241883 2.5089323037299955 1.0
vehicle.car 0 0 0 235.78883388296148 456.9727145697536 351.91823249244806 518.9407730660996 4.274 1.518 1.831 -33.988152305869065 -0.2340776961465552 -13.911204228603452 2.492558765871655 1.0
human.pedestrian.adult 0 0 0 79.48776075385076 458.5877367998475 117.43526201946291 519.2699058098789 0.898 1.842 0.9 -39.3211719451953 -0.2108760099726816 -22.128310727141642 -2.7562633538014865 1.0
vehicle.car 0 0 0 320.7350131657961 457.47907728712187 448.6431773922802 518.0418734829301 4.519 1.542 2.057 -35.50909069205987 -0.250830697407869 -11.980034955245976 2.492558765871655 1.0
vehicle.car 0 0 0 121.63950878696102 453.95872488615953 231.73404431625926 528.1277179141663 4.509 1.732 1.717 -32.379183099651755 -0.1527681317285318 -16.267153474274608 2.489540857138998 1.0
vehicle.car 0 0 0 229.62114529794636 457.8872831805813 710.4091607070847 657.0459182142583 4.533 1.501 1.717 -12.394262125170968 0.4400453051190573 -3.0441925398677663 1.819409864821723 1.0
vehicle.car 0 0 0 329.9274227147376 464.9933637082393 874.6917317058959 690.1566585882371 4.575 1.371 1.874 -10.687161586120288 0.4956059084879063 -1.4458797516670667 -2.5000820716055134 1.0
