movable_object.trafficcone 0 0 0 211.9188679878429 483.525555098369 228.2125164607044 506.847522673174 0.396 0.73 0.396 -40.58939029160036 -0.006910449561123078 -18.924187580609097 1.620527505061741 1.0
vehicle.car 0 0 0 -19.780921981775286 464.2913566857017 120.38298893930181 512.9546538154351 4.499 1.877 2.033 -52.40476051373871 -0.30146159454784593 -31.422679095059934 -3.096892595268553 1.0
movable_object.trafficcone 0 0 0 139.45517717394517 484.3472679297733 159.83930979755522 514.5097173400329 0.396 0.817 0.401 -35.08820935830042 0.11118965189400776 -18.318384225441843 1.6171884440652455 1.0
vehicle.car 0 0 0 311.84710056669235 452.1400268578574 407.1978311167774 485.8309996337589 4.522 1.727 2.018 -68.94772919455433 -1.454348670121518 -24.474403005516017 1.6062316047244956 1.0
human.pedestrian.adult 0 0 0 1413.432631275745 466.4395429236362 1486.2413482660138 520.6416487829604 0.855 0.86 0.852 -21.002301820400554 -0.04027552087507552 10.692070943948055 1.7371246731295553 1.0
human.pedestrian.adult 0 0 0 313.93673057890385 438.0218502294406 355.0120990208958 514.7350303399871 0.712 1.721 0.719 -28.882463824887754 -0.4406149744816862 -10.83916982626588 -3.0329076835991753 1.0
human.pedestrian.adult 0 0 0 140.15190510285547 472.4580179484055 180.4685744287601 511.8450181387668 0.753 1.104 0.764 -36.52787946011215 -0.09811414042981223 -18.75659983500861 -2.0937912712691285 1.0
human.pedestrian.adult 0 0 0 87.27723766498696 484.16493469432726 125.02660913303201 515.5458960921712 0.7 0.792 0.701 -33.43666226351758 0.11472169352536449 -18.6049879909378 1.6184888574947873 1.0
vehicle.car 0 0 0 526.5852338291546 449.74810622871263 609.0498023263345 478.74915564757356 4.543 1.601 2.106 -74.41059424345616 -1.8440630388617727 -14.13172447583697 -3.098966818971542 1.0
vehicle.car 0 0 0 -135.67655355104057 456.864710098674 32.292454537527306 503.5129874429554 4.708 1.596 2.013 -46.78101051362514 -0.5843145458717068 -31.811721694464158 -3.0847637393168608 1.0
vehicle.car 0 0 0 342.2326937271278 455.84320557561614 539.528182604006 515.4649360306845 4.586 1.425 2.013 -33.07042572122751 -0.27948232995717515 -9.539871390310928 -3.1237757219577365 1.0
vehicle.car 0 0 0 387.8504835442096 444.14408547488165 616.8168275208601 534.1770339282072 4.28 1.644 1.788 -25.59091050309197 -0.1871507291930719 -6.09941154064244 1.7812602999161884 1.0
movable_object.pushable_pullable 0 0 0 152.76742396341123 482.1595197319973 186.62176773478993 516.1481567631191 0.937 0.928 0.562 -36.04861812328201 0.10263538987681503 -18.241788998777125 -2.047334711466897 1.0
