vehicle.car 0 0 0 53.77269299321814 469.1872763037486 825.0338274375031 834.2029456748024 4.211 1.548 1.945 -7.640960396484453 0.6775854778273243 -1.863593401511019 2.4600613431866734 1.0
vehicle.car 0 0 0 551.6305897092323 488.93430574916823 824.3952810075019 603.1128932610685 4.222 1.624 2.078 -20.25466329793219 0.7358314881138031 -1.8085069576786332 1.773154370026444 1.0
vehicle.car 0 0 0 -466.31139301496336 494.3919990551396 124.18006468885079 670.4466835411392 4.471 1.497 1.968 -13.112041481862926 0.7560647759979984 -9.8923648366046 2.484569457436084 1.0
vehicle.car 0 0 0 1447.4517049582187 470.5753126674513 1760.720892020349 694.153165168592 4.764 1.798 2.26 -12.75408469642206 0.7162899171690467 8.03217705155441 1.7934647609211964 1.0
vehicle.car 0 0 0 820.758063069672 408.7719911336265 1832.0696560351464 1336.7309515316279 4.472 1.63 2.185 -4.668010561832224 0.6781205014178329 2.2402255509271676 2.4870791928160862 1.0
vehicle.car 0 0 0 -546.6959133515696 488.2718064548336 42.842036002031534 649.3060653495367 4.82 1.517 1.892 -14.398115942092966 0.7084945316553586 -11.767751344660283 2.472937584034229 1.0
vehicle.car 0 0 0 935.0524649708482 479.232723609705 1237.6340815984408 637.1254519683483 4.264 1.646 2.331 -15.572247039106887 0.6700146830748515 3.5796265899668374 1.801037835243478 1.0
vehicle.car 0 0 0 -392.52889758283686 493.62123467864893 207.81366030193792 697.3907984688121 4.114 1.52 1.838 -11.631560282940388 0.7614597897543076 -8.017497824397259 2.456123888028648 1.0
vehicle.car 0 0 0 228.56535398427843 500.589979824908 503.4147740759193 590.5756825542214 4.644 1.532 2.052 -24.00247803614776 0.8735493912783328 -8.262311763152804 1.7961116959513364 1.0
vehicle.car 0 0 0 359.478487583089 438.41732306349405 1163.935174996449 941.8503627760913 4.175 1.605 1.953 -6.303534100102562 0.6351735698703513 0.15454884615376174 2.4544112978264288 1.0
vehicle.car 0 0 0 628.210448813191 490.39142798367413 924.0068773245285 618.7733233866147 4.308 1.619 2.121 -18.27435748845484 0.7623015218672142 -0.3274282162664592 1.7786171744220605 1.0
vehicle.car 0 0 0 -285.28044494148236 483.6861877368638 377.07324853743455 726.5132822416703 4.174 1.545 2.029 -10.290590724429949 0.7131266579121831 -5.95592304973714 2.514218939754258 1.0
vehicle.car 0 0 0 -95.17420275528887 492.480718464932 134.68228962816877 561.5765806901105 4.469 1.623 2.152 -32.056822879288625 0.7602019880889112 -19.934128610326187 1.7713453887040709 1.0
vehicle.car 0 0 0 316.46380612025297 481.5754508730393 591.7525315819978 588.0409874075361 4.492 1.726 2.155 -22.911205590440144 0.6555127706644239 -6.290280708298386 1.7923909485370606 1.0
vehicle.car 0 0 0 37.0920326528681 483.31128245986525 294.3253490374795 571.3183213989889 4.463 1.772 2.395 -27.907808499011928 0.6596407789674965 -14.096648579056119 1.785990753468191 1.0
