vehicle.car 0 0 0 1166.4243618051516 467.41622779927053 1473.3305940554317 662.9894904383698 4.764 1.798 2.26 -14.198250028295407 0.6449527473210435 5.928042249144304 1.7952063161000194 1.0
vehicle.car 0 0 0 239.61339573583305 470.3590906991006 505.8147580885663 569.0216445338225 4.492 1.726 2.155 -24.5215929407609 0.4285027657994273 -8.332036450398398 1.7952063161000194 1.0
vehicle.car 0 0 0 -508.4496726062024 482.68303060509646 27.510346819266108 635.4796762489128 4.471 1.497 1.968 -14.734487405374828 0.6279171356628908 -11.995272881248296 2.4910521818460225 1.0
vehicle.car 0 0 0 -138.91130635215958 464.505313893919 562.682927478174 747.0236056628193 4.211 1.548 1.945 -9.194597917276267 0.6076136700536362 -4.017308088837902 2.466975028701148 1.0
vehicle.car 0 0 0 -4.168043135355175 474.1269409226211 242.2840951869915 556.7308784700533 4.463 1.772 2.395 -29.561929280246336 0.43315171969299915 -16.040676925351722 1.7878065542201806 1.0
vehicle.car 0 0 0 255.561521385985 429.4610228067522 1193.0757358496032 982.1318169312872 4.472 1.63 2.185 -6.164543725715673 0.6236439918635451 0.0151493039918951 2.492239364127528 1.0
vehicle.car 0 0 0 59.554683648369625 451.6658554638576 780.2644885534176 807.657614102813 4.175 1.605 1.953 -7.984680357393478 0.6068311443318368 -2.0678197236660916 2.4000497367785734 1.0
vehicle.car 0 0 0 -367.79794962641114 474.19878188067185 224.54863432503274 676.6332571239751 4.174 1.545 2.029 -11.882181010519847 0.6144652436836163 -8.059197643594455 2.520633496340894 1.0
vehicle.car 0 0 0 755.9061411866053 473.3297543029787 1058.8917626141172 614.9460037193971 4.264 1.646 2.331 -17.077526899582157 0.5686912103507219 1.4853576017206815 1.8027054105258236 1.0
vehicle.car 0 0 0 -443.1363376475596 482.0523187671691 95.92308112539801 654.9905775544272 4.114 1.52 1.838 -13.300247171799777 0.6457970312779542 -10.100484169616529 2.462671188864279 1.0
