vehicle.car 0 0 0 671.6757190374872 416.53715090234874 847.333351996707 498.3976600105003 4.691 2.06 1.826 -34.56886346520269 0.12082573973750269 -1.5372034261072345 1.693047675228855 1.0
vehicle.car 0 0 0 -144.4965192290604 470.69934629711673 52.46226268864305 537.160519741327 4.497 1.696 1.844 -37.505636647598074 1.5093227399056128 -25.69888218309112 -2.594851794712282 1.0
vehicle.car 0 0 0 126.9244169888648 451.80427057899095 394.1366084562539 564.1280158903945 3.981 1.727 1.667 -22.51105003159645 0.9378427685672802 -9.886848890134171 -2.594851794712282 1.0
vehicle.car 0 0 0 1129.3076274962302 401.86478872692936 1313.3174469789826 506.6056716796392 4.612 1.862 1.963 -24.891129866055962 0.01232823830802519 8.082351588347855 1.7510152122466485 1.0
vehicle.car 0 0 0 408.46092784531874 435.08141804635585 572.1577217889709 499.5152639226978 5.154 2.0 1.94 -43.37051650110266 0.49826343692816566 -11.222050230284033 1.7143865812023975 1.0
human.pedestrian.adult 0 0 0 13.663292418883774 493.1408974076777 110.9651429937809 585.5154520405762 1.041 1.282 0.672 -18.7530594455167 1.2845729395263097 -11.266146517001829 -2.563982926567167 1.0
vehicle.truck 0 0 0 526.5885100535866 422.4122343227483 711.1233049102801 500.8035438953217 5.429 2.214 2.173 -39.115459231011435 0.2603406309597764 -6.097363569946384 -2.586205020626023 1.0
vehicle.car 0 0 0 177.68970774888805 447.5719257594378 493.2722071735457 561.8587308920265 4.44 1.555 1.711 -20.476946755486942 0.7872818026639478 -7.731961594318699 -2.6067165463429127 1.0
vehicle.car 0 0 0 743.2867154013319 421.47878384784457 928.3703339766895 500.20391519074497 4.794 1.858 1.914 -32.89186778190302 0.20285185694030888 0.5419315368739229 1.693047675228855 1.0
vehicle.car 0 0 0 56.084889013472576 446.7463474493171 317.2629240725126 548.2998239647184 4.503 1.86 2.051 -26.720796782518214 0.9083676698731538 -13.336445607383837 -2.6424429024222142 1.0
vehicle.car 0 0 0 290.53736356428936 445.63274452030583 638.8947910530276 578.4838399687864 4.856 1.637 1.857 -18.84676736424692 0.8021445215849423 -5.099997260980712 -2.518038488011216 1.0
