vehicle.truck 0 0 0 966.054613321097 360.3204134556117 1167.8964054549213 484.5862169307695 5.429 2.214 2.173 -25.51504490453105 -0.5972590488927507 5.199214492791775 -2.4692340728934283 1.0
vehicle.car 0 0 0 818.9813241559903 372.4915918375826 1041.0867204127865 484.2741742865621 5.497 2.16 2.199 -27.323823339891142 -0.5291463586572325 2.579246318709278 -2.5218919569889735 1.0
vehicle.car 0 0 0 525.0299177310857 382.0733285858833 938.1570858543914 566.8228739994913 4.962 1.831 2.113 -15.05305457033675 0.16666833179846074 -0.8134926516029459 -2.535452793877707 1.0
vehicle.car 0 0 0 430.4439474173177 421.0925407588121 604.0956382921951 492.1993388613641 4.575 1.766 1.805 -34.64439584158426 0.09025910992572328 -8.187405440911458 -2.493624865008207 1.0
vehicle.car 0 0 0 1341.930469047646 347.86758348298287 1511.1835962634414 478.8051914783007 4.691 2.06 1.826 -22.37218069683918 -0.6754741950694707 10.9284633059362 1.7701596287120047 1.0
vehicle.car 0 0 0 -170.36527443600687 447.94076551325827 180.30822531376234 570.7939001964562 4.497 1.696 1.844 -20.988751088114856 0.8671117483186774 -13.378338049342235 -2.477617780315602 1.0
vehicle.car 0 0 0 1306.2507630458513 340.51128050918516 1632.4137180703424 651.9345729453341 3.981 1.727 1.667 -9.086764973073286 0.20694955351456196 4.855617319526807 -2.477617780315602 1.0
vehicle.car 0 0 0 520.8403264456899 413.35037910294176 696.7891584986293 492.32209222697765 4.329 1.882 1.9 -32.85767741044327 -0.012008174879912292 -5.383894846981192 1.7607917545620229 1.0
vehicle.car 0 0 0 267.86477387069266 433.64578129515604 443.22274056131704 501.0258002013559 4.58 1.759 1.898 -36.89652933244848 0.41267287490861787 -13.468169221225683 1.8065151330486247 1.0
vehicle.car 0 0 0 630.0817919728589 364.79168055395803 1069.7425687619052 598.9342821853664 4.503 1.86 2.051 -12.391663842198673 0.18973691835431206 0.5279149048449032 -2.523830291626475 1.0
vehicle.car 0 0 0 1520.643986400512 349.0451245098086 1682.9020680067056 475.16006130325945 4.794 1.858 1.914 -21.232251131229024 -0.6595830773901963 13.3336163276434 1.7701596287120047 1.0
