vehicle.car 0 0 0 990.7045763691495 437.6732978077934 1526.9901272031686 871.2537312520665 4.499 1.522 1.903 -6.971989335501351 0.8629803489840733 2.6246377984211784 1.9224845625665274 1.0
vehicle.car 0 0 0 1034.9291154331934 462.3091488355492 1115.9068745456682 525.3673453195032 4.152 1.391 1.861 -32.563614495379454 1.7784407834112628 8.660848105334889 1.9339056284066691 1.0
vehicle.car 0 0 0 1261.498044612458 462.71489277017685 1354.1205938841758 537.5426900059207 3.898 1.583 1.914 -30.8407720741882 1.827686620189783 13.766906256130316 1.889968269716463 1.0
vehicle.car 0 0 0 831.7113068568156 449.20208352116356 938.5883547812249 520.9727070193319 4.623 1.733 1.911 -34.39809521218228 1.6278924882367996 3.9681804513776355 1.9133108954379399 1.0
vehicle.car 0 0 0 -540.2260965791189 360.3884613538826 220.8389648351578 654.3803816955766 5.07 1.918 2.048 -10.94422894568023 0.5612881108180514 -7.245642859835655 2.3114662925684915 1.0
vehicle.car 0 0 0 1133.8554916359528 464.0483346895585 1221.0679221687485 529.2386628017115 4.308 1.394 1.843 -31.856055409916397 1.8054663967455558 11.059290882805763 1.8878248562780273 1.0
vehicle.car 0 0 0 1502.3352214477243 470.75967666428545 1623.0993094962557 545.4766463663786 3.776 1.419 1.724 -28.354113228010718 1.8579409934663311 18.374915420142933 -2.348808247210302 1.0
vehicle.truck 0 0 0 1069.729067818319 456.7246633602467 1136.3627509173607 514.9862275320487 4.641 1.834 2.002 -44.682245010905824 2.1760696094213974 12.838703026808137 1.9137751511580676 1.0
vehicle.truck 0 0 0 1376.9978490431954 449.1877530918523 1498.408733305415 537.0826944873388 4.564 1.818 2.043 -29.746252316345096 1.5722476703137007 16.305524668294073 1.8814261085476813 1.0
vehicle.car 0 0 0 444.49471023636033 437.138768427556 987.9240864216412 772.7059813487551 4.164 1.485 1.891 -7.984908113455606 0.8497009947714168 0.16487211689356573 1.880635549445146 1.0
vehicle.car 0 0 0 1493.6901933942424 471.9722301071205 1592.379383183339 528.431633491472 4.412 1.553 2.003 -40.83201138629104 2.453128692195726 25.870870739838004 1.880635549445146 1.0
vehicle.car 0 0 0 5.588903679650465 402.78235733296344 633.9200101059733 721.6184761128178 4.326 1.662 1.845 -8.912240245241321 0.7348331455432717 -2.579635032772749 1.8925024825738355 1.0
vehicle.car 0 0 0 -221.1516839931548 422.8777522165392 413.21840437912505 667.8300697151385 4.486 1.525 1.802 -10.304652454081774 0.7824368779207671 -4.867264182205905 1.8789282298069985 1.0
vehicle.truck 0 0 0 719.7247615142128 449.02998510662945 840.7109901169572 517.5982560064697 4.884 1.686 2.051 -35.26178515923717 1.6201267820597005 1.1415587276298294 1.9201799820995475 1.0
vehicle.car 0 0 0 931.2876451729518 464.14778550833677 1027.6127319466657 525.5787130571189 4.207 1.393 1.853 -33.578373395050264 1.8635509315751566 6.376259818965249 2.300374937090938 1.0
