vehicle.car 0 0 0 1293.4912759278168 461.5156580877939 1396.7056474881592 535.4732167271084 3.898 1.583 1.914 -30.66312933390624 1.7777441522958106 14.586573411419863 1.8932521326175706 1.0
vehicle.car 0 0 0 -79.65928728138847 433.5762464524288 542.7551845187968 701.2615641983203 4.486 1.525 1.802 -9.623980385798575 0.8518813487106619 -3.479683993152923 1.8820851297635564 1.0
vehicle.truck 0 0 0 746.1433558838653 453.09177227723836 860.7009280343372 521.7697897411716 4.884 1.686 2.051 -34.958766924381884 1.7206818014586225 1.7741304133256495 1.9260385215852214 1.0
vehicle.car 0 0 0 1290.3816485161258 443.0077425567978 2093.188814203971 929.3440297805046 4.499 1.522 1.903 -6.473547511595644 0.8857446190093351 4.103833593301712 1.917184176534608 1.0
vehicle.truck 0 0 0 1400.835825243229 449.91200524007206 1537.252079408119 536.9169187621196 4.564 1.818 2.043 -29.69277584706044 1.577335126358288 17.000330717547996 1.8932521326175706 1.0
vehicle.car 0 0 0 -446.2386299974022 363.8486480600803 318.77561374487095 684.8578859546319 5.07 1.918 2.048 -10.252652885282659 0.6304790488720088 -5.943793144554206 2.2931358868144596 1.0
vehicle.car 0 0 0 734.0576161638907 440.0149978851088 1194.2326790496213 809.2812689354771 4.164 1.485 1.891 -7.438446497212706 0.8595736046239109 1.5988527499493599 1.8861583019735058 1.0
vehicle.car 0 0 0 588.5964757445977 464.6437267260204 748.6260673468048 515.4940296213484 4.822 1.459 2.014 -39.91640698689825 2.099962976045881 -2.3890823846391247 1.5716908805925325 1.0
vehicle.car 0 0 0 1173.1058167789029 464.9014784897871 1257.3692840134233 529.8184419237933 4.308 1.394 1.843 -31.575310915815855 1.8071867801783528 11.876378050695928 1.8846120091897847 1.0
vehicle.car 0 0 0 860.9519099558901 451.596309511627 965.0373473305654 523.7403703378202 4.623 1.733 1.911 -33.92650097192098 1.6742196129849958 4.663635780760061 1.9070150539038044 1.0
vehicle.car 0 0 0 196.80433970205743 402.81954891935607 795.723387350966 761.0650263605622 4.326 1.662 1.845 -8.191856606331823 0.7590566643108978 -1.1998475827384192 1.8958150540077767 1.0
vehicle.car 0 0 0 -776.2568777718421 384.2819105783613 59.864852886169736 663.7735797223735 5.051 1.835 2.224 -11.023675272513842 0.6884839371101537 -8.999685307462974 1.8838122892017006 1.0
