vehicle.car 0 0 0 804.0238286142818 433.94843951111187 970.8547535652617 494.0167305673456 4.844 1.696 1.988 -38.04608944735364 1.2063606015803354 4.402927973817213 1.5773554330045805 1.0
vehicle.car 0 0 0 229.33166253365079 402.16621944380825 476.2795672518442 492.3156192901948 5.676 2.177 2.198 -32.31141901364717 0.5884804567077863 -9.965093502480341 -3.010169645687803 1.0
vehicle.car 0 0 0 -211.7152073688079 395.39601809334084 142.49060116075307 519.2031098642306 5.063 1.959 2.124 -21.584052604803748 0.541284794973776 -13.260075824121463 -3.0083370976141826 1.0
vehicle.car 0 0 0 656.3713524803469 414.15868452746287 763.4567321336933 455.249344499339 5.051 2.0 2.058 -63.621654060189705 0.5815086457893761 -1.6482833733426576 1.578802076102332 1.0
vehicle.car 0 0 0 820.2376313476759 419.4312497668858 1001.2942104994185 484.07171530193955 6.318 2.213 2.471 -45.74152902688253 1.0078525136358754 6.139932641872072 -2.9917637551229506 1.0
vehicle.truck 0 0 0 572.2538913323699 407.7076116778136 938.9084186687697 529.0119548128409 6.019 1.91 2.076 -21.765451999219366 0.7206970295946389 0.2664115436237994 -2.9834374660287697 1.0
vehicle.truck 0 0 0 279.2391696779549 393.3982945878891 867.059769676917 597.9179775053091 6.022 1.953 2.156 -13.838178843989683 0.684035255436085 -1.7953843329573749 -2.971120118562993 1.0
vehicle.car 0 0 0 547.3429129705316 415.0366220348421 886.4154784020114 541.0995258351151 4.732 1.705 1.875 -18.64273129465819 0.7592208305390407 -0.3176871792504542 1.575248883366906 1.0
vehicle.car 0 0 0 161.14298211757807 415.3409391071575 745.6028400523855 638.3200787964607 4.567 1.667 1.946 -10.988550283421429 0.7900388263657205 -2.4196970028141274 -2.9957608687256823 1.0
movable_object.debris 0 0 0 274.1165132494939 502.7618588558903 336.347782089049 527.5932916236046 0.717 0.419 1.198 -26.09359074324063 1.906544802317737 -9.063574794652913 -3.0179431562858134 1.0
vehicle.car 0 0 0 773.6504080340308 434.44179278630725 962.438466024202 490.46036321447315 5.05 1.442 1.89 -35.01433392392433 1.0677995826684663 3.5140403036398187 1.5773554330045805 1.0
vehicle.car 0 0 0 699.2236973537083 410.81097480766846 946.1224678590071 516.3365335227379 4.547 1.902 1.724 -24.242331994039013 0.7408955101193044 1.5770627224839935 1.5766367096658715 1.0
vehicle.car 0 0 0 810.8917086740882 419.6364249434806 970.536059684735 484.5288445661508 4.978 2.0 2.3 -41.026076067104086 0.9164378398251424 4.859486336270598 1.5773554330045805 1.0
vehicle.car 0 0 0 75.33318331297899 410.32959638164175 319.8337776206458 502.79939277378116 4.513 1.844 1.921 -26.8216361780275 0.6772458855019067 -11.58360396472245 -2.9836844923659616 1.0
vehicle.car 0 0 0 736.1066860320265 412.6555966261036 933.8979901664633 501.3928013479247 4.405 1.961 1.89 -29.506082680535535 0.7628216059218977 2.198004713920565 1.5773554330045805 1.0
vehicle.car 0 0 0 -28.399664092124123 405.279243937772 253.67566169660046 511.7115994607224 4.652 1.901 2.013 -24.202718722930303 0.636907528752353 -12.077880385727147 -2.9713670187787393 1.0
