vehicle.car 0 0 0 1084.2287202599048 414.59359570572616 1368.8680840471836 530.595844999167 4.547 1.902 1.724 -22.3792189720112 0.8191301792382562 8.513959844490424 1.599371297950853 1.0
vehicle.car 0 0 0 971.2624671335872 419.598485442007 1356.3729034189992 559.5759598015343 4.732 1.705 1.875 -17.201466242805665 0.8248144353130858 5.661928574599612 1.5966379459535291 1.0
vehicle.car 0 0 0 508.44848028493556 416.9232242125847 768.2570915955861 508.96611494460444 5.734 2.0 2.161 -29.655905355119945 0.8785571323956501 -2.4734673666049356 1.6028683573413316 1.0
vehicle.car 0 0 0 371.0793746942308 411.2942838359519 629.3395553820092 516.3577596432649 4.652 1.901 2.013 -24.678577384402992 0.7390232030666507 -4.764279788974978 -2.8455975497076142 1.0
vehicle.car 0 0 0 1137.4798384931996 438.6659667961392 1327.1159503418373 504.1553884581807 4.844 1.696 1.988 -35.46455575964685 1.3189179485150708 13.736034656270794 1.6007430821004638 1.0
vehicle.car 0 0 0 1136.958478794461 423.2201982961763 1342.7452792332913 493.12099639640314 6.318 2.213 2.471 -42.732329652964225 1.1392725800812034 16.805818227993406 -2.865865750665634 1.0
vehicle.car 0 0 0 581.600344019938 407.37954966935035 819.7966012261139 498.22466905131694 5.676 2.177 2.198 -32.23062299401519 0.7109123922377665 -1.0811285712471728 -2.88416746573051 1.0
vehicle.truck 0 0 0 965.1390976360457 411.7429042942114 1380.8866735405184 545.5114044750059 6.019 1.91 2.076 -20.17310545448597 0.7941364662157913 6.786074587274909 -2.857590261631599 1.0
movable_object.debris 0 0 0 650.5643434199011 499.9600929403271 705.7065070889474 524.7168158602897 0.717 0.419 1.198 -26.03119479769367 1.8429258663167924 -1.3304326690042236 -2.891900319305817 1.0
vehicle.car 0 0 0 937.9190484341531 418.00273708192145 1049.5279303833022 460.423771142036 5.051 2.0 2.058 -61.7088425732311 0.7768226685416832 12.300539496486865 1.603429734488171 1.0
vehicle.car 0 0 0 1137.4082623957265 423.497600027637 1317.9373547231644 493.61826194692105 4.978 2.0 2.3 -38.31778795439535 1.0366674792477035 14.71185314115953 1.6007430821004638 1.0
vehicle.car 0 0 0 1113.3141114919972 440.7101149469422 1327.5639981319782 502.1196845846823 5.05 1.442 1.89 -32.63793487399577 1.2132726130179048 12.3247673421562 1.6007430821004638 1.0
vehicle.car 0 0 0 1094.5385969117006 416.39378012491875 1317.1905770486405 512.8034647092377 4.405 1.961 1.89 -27.450217407775213 0.8549202803401266 10.055652074846726 1.6007430821004638 1.0
vehicle.car 0 0 0 226.54378865664907 402.18243068732477 539.0266339665912 523.0137254567917 5.063 1.959 2.124 -22.31448177165305 0.6380927926481054 -6.37805424224552 -2.8823447904303903 1.0
vehicle.car 0 0 0 717.0403235740986 421.27061665455824 1359.5171238358091 679.560046552445 4.567 1.667 1.946 -9.986754090004686 0.8375640900499234 2.283062048893763 -2.869839292296657 1.0
vehicle.truck 0 0 0 758.5356897896686 395.1306961598285 1420.030053061637 629.0423839653267 6.022 1.953 2.156 -12.735290460611637 0.738507435166431 3.355357529894698 -2.845352290294823 1.0
vehicle.car 0 0 0 -212.47208763125897 439.90893458315935 184.49119201168747 581.2663155144461 4.072 1.433 1.885 -14.814550405966756 0.9415502880803297 -8.887170831498695 -2.888095672850228 1.0
vehicle.car 0 0 0 448.6470129227045 415.8479716564996 675.8782989695976 507.59388443839197 4.513 1.844 1.921 -27.211023529575808 0.7854974226256017 -3.9076015128905737 -2.8578357477261687 1.0
vehicle.car 0 0 0 173.71615423218708 431.81680038949617 390.9363243085788 542.8984597238136 2.943 1.6 1.572 -19.712510377246424 0.9504923619755274 -7.2087932937977275 1.6135214715216497 1.0
