vehicle.truck 0 0 0 11.831486313932134 364.14466079489154 595.2930097020514 562.4901355199281 9.216 2.89 3.314 -21.363909817589157 0.5505483663766633 -7.432558069159831 1.591928180004694 1.0
vehicle.car 0 0 0 1348.9437515833781 479.7062765510637 1482.9750369255867 550.603850084726 4.186 1.386 1.914 -30.4423141752299 2.167382924077872 16.163644619666997 1.9592658545874837 1.0
vehicle.truck 0 0 0 1229.8323316979124 453.9368103708106 1336.9989052001113 544.044022645867 4.577 1.949 1.862 -31.261831312544995 1.8016722305236064 13.324965992159685 1.9460019607931311 1.0
vehicle.car 0 0 0 886.152853163127 468.4195633046385 957.6774427265137 515.6446891101835 4.412 1.553 2.003 -48.24665026912025 2.604434765593031 6.915439229234436 1.9320594374142246 1.0
vehicle.car 0 0 0 928.1527027778839 470.0644442099119 1006.6452227419043 535.7576989077709 4.268 1.459 1.783 -33.431271989128646 2.0653657029192676 6.02308281701888 1.9679456352268758 1.0
vehicle.car 0 0 0 885.4477946275039 403.69971294869316 1372.8613449592772 814.8772608388133 4.748 1.639 1.961 -7.611230759190967 0.758435688035038 2.2821264124993887 1.9358400940296319 1.0
vehicle.car 0 0 0 -1316.8800761963498 364.4974475559679 84.18792376684704 860.1613128537919 5.103 1.741 2.02 -7.121710433409322 0.6723974854313817 -6.380515059842522 2.1813703464616534 1.0
vehicle.car 0 0 0 1465.9451624300375 474.4394296739829 1603.410583180097 549.2102455777671 3.956 1.444 1.817 -29.338803913914838 2.008383834302577 18.344048571374824 1.9231441365659148 1.0
vehicle.truck 0 0 0 214.14644142809348 353.2801537541824 876.6086631557504 784.0550789253507 5.827 1.886 2.039 -8.59590800209494 0.6454725623874379 -0.701323781411993 2.2743453883756963 1.0
vehicle.car 0 0 0 16.886166519555506 379.4435398232176 563.9569483938757 685.209215118102 4.372 1.824 1.822 -9.868618148067174 0.6577971055070768 -3.14375822064992 1.9495724938681498 1.0
