vehicle.car 0 0 0 1274.7180913304692 463.91652296161334 1370.5128471213075 538.984006593996 3.898 1.583 1.914 -30.75414494963404 1.8544714223763878 14.087243739723299 1.8915228930927617 1.0
vehicle.truck 0 0 0 1390.1462907085745 450.0461069472595 1515.3822786200762 538.1308731848577 4.564 1.818 2.043 -29.677611185651475 1.5906972277369213 16.61912036176629 1.8829540301514038 1.0
vehicle.truck 0 0 0 1077.400683492481 456.5515666324699 1143.356962130261 514.7779868011269 4.641 1.834 2.002 -44.59449941805573 2.164945421183279 13.073044999583917 1.9131954424254376 1.0
vehicle.car 0 0 0 1517.6748435171087 471.56368655789413 1639.7753560453398 546.3978745026728 3.776 1.419 1.724 -28.29637226527976 1.8733169730378352 18.696222940941542 -2.3531182651613918 1.0
vehicle.car 0 0 0 1146.497558899574 464.3721090094656 1233.898993837496 529.6048468511411 4.308 1.394 1.843 -31.77876342086643 1.809590885886759 11.353974319074595 1.8829540301514038 1.0
vehicle.car 0 0 0 843.7883610292015 450.2684916208195 949.5842121350936 522.3737509280951 4.623 1.733 1.911 -34.24704151984205 1.653663126295178 4.264438102938511 1.9129756177546202 1.0
vehicle.truck 0 0 0 730.8875307056074 448.9587742388671 849.8220269811867 517.7031689527871 4.884 1.686 2.051 -35.087997379442996 1.612108037958778 1.4182971336899564 1.924049938573587 1.0
vehicle.car 0 0 0 524.7582971798056 438.56575203702323 1048.1278590688048 783.8111885074987 4.164 1.485 1.891 -7.83054858305185 0.8575265905283233 0.5949090409296482 1.8821609710901486 1.0
vehicle.car 0 0 0 64.43358755063421 401.5019436233253 682.378284409057 728.7823805592335 4.326 1.662 1.845 -8.743287459463943 0.7329860219925235 -2.1545540685287836 1.8940649200869135 1.0
vehicle.car 0 0 0 1110.8788655911262 438.83048417805696 1679.8299893814165 886.3318906754439 4.499 1.522 1.903 -6.830841152093179 0.8676761269127881 3.0600885555692687 1.924135929968771 1.0
vehicle.car 0 0 0 581.169380300387 460.7466863351151 738.668368306204 509.6849887839986 4.822 1.459 2.014 -40.29203078293146 1.972106885821852 -2.6919256297275167 1.5748122875362531 1.0
vehicle.car 0 0 0 1046.0245086551215 463.2239420186419 1127.9548127492174 526.4518997402449 4.152 1.391 1.861 -32.46090287731861 1.7981938042392784 8.932315204236112 1.9266172207839825 1.0
vehicle.car 0 0 0 -180.16438338225927 427.44959324256604 450.77951036680093 678.1369204717748 4.486 1.525 1.802 -10.127472469936015 0.8128173806888501 -4.459922978476478 1.880448235545109 1.0
vehicle.car 0 0 0 -790.8887597486674 375.3246382646371 14.286305990460576 635.808455695979 5.051 1.835 2.224 -11.625274341117208 0.5949418901609366 -9.842729757965392 1.8821609710901486 1.0
vehicle.car 0 0 0 942.9241493259192 465.14760302508665 1037.6417091695573 526.783250653108 4.207 1.393 1.853 -33.46646447408696 1.8862881338334059 6.642631762317112 2.297203963151098 1.0
vehicle.car 0 0 0 -508.9898939436311 359.96842462497204 253.01959465594075 661.0829972443895 5.07 1.918 2.048 -10.750309344485915 0.5704681107040845 -6.831599191419382 2.308290767670181 1.0
