movable_object.trafficcone 0 0 0 584.4830919800335 450.5760670673533 635.3696954290365 553.8184302057869 0.308 0.895 0.327 -11.250355892860101 0.7034210335901792 -1.186999605532389 1.9117122878525237 1.0
movable_object.trafficcone 0 0 0 861.7953280001469 417.40853899570016 937.0094837637681 589.5951823950697 0.603 1.257 0.468 -9.588732408691364 0.596716167974044 1.1999644638479214 2.2628885003408543 1.0
movable_object.barrier 0 0 0 1075.4065997904327 440.8880772544838 1168.4816868655078 597.6351566055779 0.595 1.064 0.605 -9.081495723482423 0.6772408244382957 2.7430249697518625 1.6155705112533258 1.0
movable_object.barrier 0 0 0 1257.5295233306667 451.14131851004504 1659.802346863248 625.4917185438019 2.216 1.025 0.631 -8.282082387545278 0.726554247285275 4.6005686447841985 1.6235351204326722 1.0
movable_object.trafficcone 0 0 0 546.1981728332104 433.1535590944724 599.091906600619 535.4553355812011 0.321 0.895 0.337 -11.316769811506 0.5472604028627858 -1.5291589964902845 1.9117122878525237 1.0
movable_object.trafficcone 0 0 0 507.3035425627075 438.92209411015637 561.3502922546113 541.9009126445286 0.333 0.906 0.339 -11.40521441771719 0.6064051517670451 -1.8882960877374202 1.9117122878525237 1.0
vehicle.truck 0 0 0 -737.3835136370859 323.38240318069796 237.77484079012825 696.647489661505 5.471 1.913 1.96 -8.080691247415558 0.4947628317255882 -6.271912366850158 1.6036609180891643 1.0
movable_object.trafficcone 0 0 0 999.5186654934367 415.4877507095663 1065.400724585707 594.9266881345021 0.433 1.291 0.422 -9.351667910183112 0.5984657456299991 2.156218803720896 2.2877481577331693 1.0
movable_object.barrier 0 0 0 574.0834580800881 451.95495485811347 871.3165992443094 596.8634217969843 2.249 1.043 0.614 -9.946731682682072 0.780314108530443 -0.17009185471907237 1.6183324692276342 1.0
movable_object.trafficcone 0 0 0 1170.976095602124 415.6019084136768 1246.1868706028777 604.9961989351806 0.428 1.277 0.454 -8.802446766471533 0.5960540223631497 3.259785439176391 2.3455063799624387 1.0
