vehicle.car 0 0 0 1510.7302485898927 392.0012813250819 1652.4556524388793 462.75724696682846 4.856 1.792 1.804 -35.15060413498583 0.09087022462624597 23.284961842926663 2.2768409852437106 1.0
vehicle.car 0 0 0 479.6569511215614 398.7642614527654 651.6094123786661 482.95886347695205 4.793 1.655 1.983 -27.832869435013542 0.3410490081796329 -3.780846817393843 2.2768409852437106 1.0
vehicle.car 0 0 0 549.3812289239776 398.8442914474471 666.1936075866456 460.1821098585246 4.842 1.931 2.077 -43.088490554355296 0.18539498717312491 -4.535818398872013 2.3145084179495123 1.0
movable_object.trafficcone 0 0 0 1595.614220456015 467.9313230775653 1662.2060189006654 549.7270808835843 0.325 0.716 0.404 -11.46805355843932 0.7795314176330703 8.069665133675006 -1.9022595042597663 1.0
vehicle.car 0 0 0 1029.7241649579516 393.9674274376951 1141.8669999548063 490.27042353895854 4.682 1.708 1.924 -25.23501537933911 0.3294613747970191 6.864282962565243 2.2768409852437106 1.0
vehicle.car 0 0 0 73.90358142805309 402.0727463461332 288.07945615242676 481.0013273680883 4.945 1.795 2.146 -31.83460017543575 0.41057122056198037 -14.043767441813918 2.3034765690473415 1.0
vehicle.car 0 0 0 875.2927288456324 403.8366879387442 1007.7430813095043 486.9136605025803 4.477 1.495 1.986 -25.520382501744027 0.39512272449477653 4.125676895127495 2.2987453830836664 1.0
vehicle.car 0 0 0 247.8467735266689 396.9214311441686 452.309974212332 480.0045324273101 4.854 1.748 2.145 -29.629822975066777 0.313063209401904 -9.088730743211736 2.3034765690473415 1.0
movable_object.trafficcone 0 0 0 934.8067761525739 467.613994761537 974.3316922732255 540.1900614278485 0.341 0.746 0.348 -13.43471537117705 0.8614331888118046 2.2617963839357325 2.3034765690473415 1.0
vehicle.car 0 0 0 -92.32484343700271 410.60627694829026 113.31956823163254 471.860022117602 4.604 1.454 1.908 -33.53530452358565 0.4414910192738378 -19.364698345916167 2.3034765690473415 1.0
movable_object.trafficcone 0 0 0 432.2247086601258 476.1843623545311 473.5893800846182 533.0499327381843 0.348 0.668 0.343 -15.435360422992117 0.99952881744511 -3.555632169471501 2.3034765690473415 1.0
vehicle.car 0 0 0 -131.17172317339853 399.1710993693725 594.6598275637019 688.8777771809356 4.846 1.668 2.106 -9.951259735414547 0.7179133615573541 -3.811972536006715 1.6872328050958973 1.0
movable_object.trafficcone 0 0 0 -19.97178814541616 452.76835197637115 16.981847544026163 499.0578821401268 0.345 0.691 0.36 -19.54125008657199 0.8193885643752402 -11.55823852988508 2.062767225877879 1.0
vehicle.car 0 0 0 365.2158823696643 392.27311927981907 557.0542950368197 481.9602979747535 4.748 1.841 2.135 -28.87786246348444 0.27750848029164715 -6.318800554514213 2.3034765690473415 1.0
vehicle.car 0 0 0 721.9714434562586 399.6843400653606 890.9327697217967 484.47877543259585 4.652 1.625 2.008 -26.943508285582364 0.3525831792031128 1.4758277691467148 2.376666633505394 1.0
