vehicle.car 0 0 0 433.96436278732904 434.4867488046693 812.121710217446 629.3130673440511 5.163 1.827 2.234 -14.632612535606 1.093707792886144 -1.0966191739132 1.8687035041905435 1.0
vehicle.car 0 0 0 -315.64858219937776 423.2189086579698 170.13683090988786 583.6671574463232 5.669 1.955 2.315 -18.41086249143441 1.0587708096458337 -11.497860094038353 1.8807974848923674 1.0
vehicle.car 0 0 0 723.9395572833592 423.2951095202595 1033.7433017771423 626.3610919519197 5.261 1.907 2.227 -14.691930127176667 1.0294470905212645 1.8324970725784588 1.8687035041905435 1.0
vehicle.car 0 0 0 1296.906262001574 421.1239375362549 1676.5564500429302 679.5333043151824 5.379 1.871 2.344 -12.062665321434357 0.9968609347855055 6.685134677401319 1.8687035041905435 1.0
vehicle.car 0 0 0 -71.06175765815513 426.01115149961 350.9198029268988 589.7917006038525 5.475 1.976 2.183 -18.14738059594673 1.1000906845812306 -8.328173207501084 1.8807974848923674 1.0
vehicle.car 0 0 0 1572.6712986865991 381.1956844659391 2176.603932928884 704.372493191269 5.255 2.088 2.241 -11.001489086364158 0.8453973901592541 9.203831323043923 1.8687035041905435 1.0
vehicle.car 0 0 0 -396.01483484615915 426.4915121731382 62.58368089959817 577.2774480728234 5.492 1.995 2.191 -19.622084590584322 1.1198044316887472 -13.777062130609718 -1.8902344666689013 1.0
vehicle.car 0 0 0 270.57113567452603 425.31116147267204 655.4700109313103 619.0410179981614 5.628 2.087 2.223 -16.60174768641674 1.1460295637490798 -3.3467538787999276 1.8807974848923674 1.0
vehicle.car 0 0 0 23.80355363933152 426.45115309300013 467.3284755691196 603.5764476016242 5.537 1.907 2.278 -16.55900028459015 1.067553526144391 -6.155950769578296 1.8807974848923674 1.0
vehicle.car 0 0 0 988.3961609703133 411.0467949296256 1268.2626161814176 655.8422008634649 5.33 2.0 2.274 -13.195615063204148 0.9760283298157705 4.240435332861222 1.8687035041905435 1.0
