vehicle.truck 0 0 0 861.5887934988579 434.6137370495038 985.0184257622581 524.8973790099345 5.988 1.996 2.009 -31.391107866646387 1.3157167102980178 4.354897089570388 2.081766749009045 1.0
vehicle.car 0 0 0 767.2112115408519 444.4853066773609 831.4534085756752 498.64490050603933 4.056 1.725 1.817 -43.47458702523006 1.6356280806939323 1.898882810466008 2.0716825522258624 1.0
vehicle.car 0 0 0 1045.860735333983 441.07593033875446 1141.344368056262 493.6414083395684 4.4 1.768 1.93 -45.70895564955261 1.5664058341369094 12.659204094295218 2.0571280047545546 1.0
vehicle.truck 0 0 0 1083.4198834288459 400.87653046143726 1270.5885246963426 488.30859874893423 7.036 3.566 2.957 -54.78521277417492 0.9304248979527971 18.79787087597936 1.5598228547890542 1.0
vehicle.truck 0 0 0 802.5198191538286 392.74690025709964 992.3469982996681 491.5371289783167 7.227 3.774 2.461 -51.11057216372733 0.7644550908153579 6.205763768462716 1.5608233670657459 1.0
vehicle.trailer 0 0 0 1480.8212224476508 407.6911131374223 1589.437235792647 472.59360682143404 6.496 3.873 2.531 -79.28297773145279 1.0759632019917658 49.77951634067379 2.084580727464129 1.0
vehicle.truck 0 0 0 798.113539413417 391.30926981762605 1064.4523323441956 491.94065716755756 10.981 4.027 2.946 -54.51081919443695 0.7974911141649574 8.020615484529896 1.5598228547890542 1.0
vehicle.car 0 0 0 926.5192071724111 442.8631487663628 1012.6014276600142 498.0992678822771 4.281 1.804 1.781 -44.38463087431511 1.6281329886808737 7.925915000220729 2.0319594561511742 1.0
vehicle.car 0 0 0 1357.5749175473718 423.7629383329159 1650.8548249516828 581.0965329792994 4.994 1.806 1.904 -17.096124009213572 0.9486105659986832 10.03462345573921 2.2362213772392856 1.0
vehicle.trailer 0 0 0 1557.4553934451949 388.53510006092694 1763.6710471121842 493.97544455162665 8.517 3.763 2.696 -49.73616494134614 0.7051452195058816 35.91231828301785 2.008232632397788 1.0
