vehicle.truck 0 0 0 898.8593055805363 416.1316678446881 1066.6915760202232 497.75825254436177 7.036 3.566 2.957 -57.5229160146744 1.535301899125158 10.870253814528082 1.5551997577973502 1.0
vehicle.trailer 0 0 0 1344.990053326257 426.9013615997232 1437.6741039690503 489.4311116058685 6.496 3.873 2.531 -81.69842677930451 2.2468000331125513 41.98307181088739 2.08277469273132 1.0
vehicle.truck 0 0 0 545.7590540804069 440.865277072864 645.2750040819338 525.2136442412481 5.988 1.996 2.009 -33.090318004874746 1.4839059990494876 -3.757622926577962 2.0799507083358186 1.0
vehicle.trailer 0 0 0 1344.4090577853005 409.0392383396718 1497.1535433225906 508.0346291669459 8.517 3.763 2.696 -52.329701156898814 1.4277323146942662 27.924019446360976 2.0045137983321 1.0
vehicle.car 0 0 0 748.599360951898 441.6504661819721 930.2996958197655 574.5931695116044 4.994 1.806 1.904 -19.856868785178364 1.2120902156270028 1.6777622418898102 2.256839748458292 1.0
vehicle.car 0 0 0 544.0650152333036 452.95185765319366 604.1633456219479 503.2771012784453 4.056 1.725 1.817 -46.45930066539674 1.9960352104617627 -6.1834795368251125 2.0675896581871047 1.0
vehicle.truck 0 0 0 623.4933548351759 403.56643229456114 871.2354778793635 496.5348983986035 10.981 4.027 2.946 -57.42401619818887 1.224181697332397 0.17790556700370352 1.5551997577973502 1.0
vehicle.car 0 0 0 831.8871411593399 453.08301619448406 900.1496551845623 502.5959248987089 4.4 1.768 1.93 -48.56637940623405 2.074707502246814 4.693772407044641 2.0552233396279354 1.0
vehicle.trailer 0 0 0 1482.1948963361222 396.7636759787445 1834.191309025796 506.8714297742756 15.788 4.172 3.334 -55.94432694974783 1.225219381520509 39.602860908148585 2.0574477273286567 1.0
vehicle.car 0 0 0 711.2399304919396 450.68431733114437 770.2938204458766 502.2104366338073 4.281 1.804 1.781 -47.30456468181867 1.966199578106222 -0.12848221415142125 2.0319317712682983 1.0
vehicle.truck 0 0 0 607.898353108414 405.1933947453341 780.9844063008176 496.8916180758842 7.227 3.774 2.461 -54.01732299040682 1.1888572018804182 -2.105702667364115 1.5561652201794622 1.0
