vehicle.truck 0 0 0 1036.4849145186593 431.3672928860563 1114.513618907528 500.6975027251 10.1 3.86 3.252 -75.65163755200815 2.483995755022385 19.83468121028676 2.174220110359675 1.0
vehicle.car 0 0 0 791.9584727447075 455.4938151097508 862.624845326486 504.80196211706215 5.274 1.88 2.479 -52.989996964100236 2.3621279691328194 3.621300621796161 2.188117674413453 1.0
vehicle.car 0 0 0 334.06058146056336 444.9101592334959 580.3045611352012 560.4255478020193 4.736 2.0 2.269 -24.896575594459225 1.4674758918579287 -5.495000075768547 2.3753717102781344 1.0
vehicle.car 0 0 0 669.2533545325196 453.1581364172071 739.6866197865539 505.63690360462914 5.237 2.0 2.219 -52.55592319790377 2.306423358264089 -1.5361835480126234 2.157601414906952 1.0
vehicle.car 0 0 0 516.3969806958827 457.61751797212145 602.3721709486714 504.19769143660784 4.847 1.787 2.155 -53.178979430582444 2.4094359200294733 -7.681772481795832 2.20018550059298 1.0
vehicle.truck 0 0 0 901.1871091733335 418.9841080577771 1053.1988766384736 499.77964557584124 6.909 3.698 2.936 -60.06903220817327 1.7340990597950094 11.149362238321844 1.5674116067571244 1.0
vehicle.truck 0 0 0 621.900001564999 407.87575869714067 864.1135996182526 488.1875692801737 11.481 3.747 3.64 -62.478654213367655 1.2664444915242106 0.06207523938220559 1.5692404748093134 1.0
vehicle.trailer 0 0 0 1528.7014467397785 399.3346172920916 1847.0056944669732 528.8252896369546 16.956 4.594 3.039 -53.31503754663254 1.5761895224371636 38.94739912386281 2.18437920923889 1.0
vehicle.trailer 0 0 0 1355.188485228748 416.7717581226488 1471.5870274926867 524.774628203036 8.893 4.009 3.0 -51.41033555964943 1.8362891752023285 27.177234914667885 1.88500792754495 1.0
vehicle.truck 0 0 0 425.2438580627686 446.0323681033088 562.6602378879977 514.7326377527471 6.175 2.0 2.273 -40.76732199572829 1.7833903943776677 -7.911554377600168 2.1983488581792354 1.0
