vehicle.car 0 0 0 -531.7085511239432 363.5113028017844 120.0526378328179 618.9685645375238 4.665 1.832 2.081 -10.710071443798693 0.47680578297323273 -7.996805335368146 2.9351705580378002 1.0
human.pedestrian.adult 0 0 0 502.0978766959789 359.166100771456 536.643907015846 403.79844317226514 0.581 1.06 0.586 -30.608431386428315 -1.0013852207678615 -5.435998831547256 2.8129518633439705 1.0
human.pedestrian.adult 0 0 0 1085.1652687388817 328.6234929000023 1130.2225019356126 420.20115004213807 0.718 1.885 0.715 -26.398267593129567 -1.00484298106225 7.64715223681142 2.105397494148429 1.0
vehicle.truck 0 0 0 1356.6292516648236 58.40949087785806 2322.048931030051 763.1166215966605 5.538 3.206 2.773 -8.73673000112976 -0.05457927001567002 6.459143076137248 -2.225470189518089 1.0
vehicle.car 0 0 0 384.92100388823786 422.44473978829643 656.81312378649 509.37035358313193 4.165 1.3 1.465 -20.60844255907526 0.6625922184763544 -3.6277249212944875 2.9350599213983406 1.0
vehicle.trailer 0 0 0 1234.7158695490587 117.72375552595729 1723.5928928251788 592.6428966124827 13.057 4.072 2.94 -17.45712226820304 -0.5578122342464322 8.920107377398011 -2.2685775804582473 1.0
vehicle.truck 0 0 0 -129.50634489706337 321.2489562480519 311.13992884182426 459.6196400666014 13.944 3.398 2.818 -37.9736923117473 -0.7714390280001246 -18.58437318925389 -2.266780281369183 1.0
vehicle.car 0 0 0 98.85091713153075 418.2646059294451 469.4420594586512 544.9463416686473 4.197 1.418 1.678 -15.793368812517809 0.6723353427942066 -5.731416174007767 2.935834391137946 1.0
vehicle.truck 0 0 0 281.02129240736974 401.95196639874325 625.4162982264978 522.1020545980034 4.507 1.557 1.8 -17.993501482479083 0.5034916202851637 -4.1230623472834145 2.9206827792122105 1.0
human.pedestrian.adult 0 0 0 1058.6306402692849 325.799158073722 1116.2419635678518 416.32639815659314 0.939 1.917 0.9 -27.42980236809906 -1.1091166937787156 7.512991881769478 2.7075270220645837 1.0
vehicle.car 0 0 0 334.1105120948923 379.52581365216145 501.61989831784155 457.6540426819847 5.199 2.018 2.21 -35.299714254571256 -0.10745664499863211 -8.972303082101899 -2.2532927149647533 1.0
vehicle.car 0 0 0 -133.07438244916102 414.8719948942799 334.4226740522229 575.1444550351933 4.491 1.467 1.712 -13.245408203410765 0.6716882938353345 -6.74143514203088 2.9206827792122105 1.0
human.pedestrian.adult 0 0 0 471.63877710030727 362.43374715127266 509.269143866735 423.4312192092562 0.712 1.477 0.61 -30.885049504499587 -0.7305602029883406 -6.193247289122007 1.5765996799846782 1.0
