vehicle.car 0 0 0 218.13594412962232 415.6698739390447 620.4841059512092 628.878733684614 4.692 1.816 1.737 -13.226725823086626 0.878840771758909 -3.09736413881425 2.308637615579033 1.0
vehicle.truck 0 0 0 826.0834339567444 411.415952041741 958.2801662408508 484.91087943609296 5.287 3.112 2.961 -55.96794908965245 1.1282806289193414 6.6684713316016495 2.8989058289646126 1.0
vehicle.car 0 0 0 997.3813592534814 401.34588266337687 1209.8957501057632 499.6056087286321 6.271 2.956 2.69 -40.268169746095346 0.8980697793612723 11.487802771579599 2.920238443821207 1.0
vehicle.car 0 0 0 -335.14207006745374 419.42848562495567 90.44894714518847 567.9197862320093 4.236 1.615 1.786 -15.980563466101128 0.8025439413048412 -10.695951509475986 1.9080775917882153 1.0
vehicle.car 0 0 0 496.2692552312203 433.40379781007124 691.2349038979635 534.1215520651875 5.476 2.0 1.864 -28.032510427068306 1.2558159219555463 -3.154861935575675 1.8692871977386343 1.0
vehicle.car 0 0 0 779.4892288609439 456.4738563757456 1046.884680383654 676.4880460549631 4.121 1.52 1.737 -11.351964669600573 1.1109124607666165 1.7183758197528864 1.9169899859750537 1.0
vehicle.car 0 0 0 -128.64267472971662 427.76267735022896 295.62669780037004 613.8414127485537 4.634 1.918 1.78 -15.459926153193305 1.0423071835079356 -7.7848856606679 2.3030551623441973 1.0
vehicle.car 0 0 0 385.8474657604408 426.37940644321856 575.4287447605611 531.2746508840794 5.183 2.186 1.925 -28.992252499510297 1.2026075758076722 -5.880945944971792 2.2894228129802894 1.0
vehicle.car 0 0 0 721.5231829912352 430.1056013536606 892.0222173312288 540.4948595903685 4.891 2.021 1.832 -25.66434383993441 1.174409031236853 1.4290046564757923 1.858071493173175 1.0
vehicle.car 0 0 0 622.8369175874709 450.68911904054096 792.4065484258791 540.4320589059045 5.051 1.654 1.722 -26.91855521222969 1.4693608477744313 -0.6194228524994277 2.3337112867919174 1.0
vehicle.trailer 0 0 0 961.524422789481 368.089957037277 1258.582169587482 493.5573242612875 11.632 4.94 3.409 -53.31561562405499 0.4278450238556687 15.412340163556367 2.8955629757449657 1.0
vehicle.car 0 0 0 248.76331496801444 430.72403952478095 454.0090064842838 528.458619754048 5.3 2.051 2.043 -29.23482448676658 1.2313234907993118 -8.909500588233925 1.9372927104364965 1.0
vehicle.car 0 0 0 826.9168721003379 431.9983715688845 941.2796282834929 522.0465679735747 4.153 2.0 2.007 -30.22953148027297 1.2374956820647751 3.469395521723696 1.9205639765258722 1.0
