vehicle.car 0 0 0 1519.0385673224287 408.3664505007378 1596.1899031647567 449.0892928861038 4.264 1.867 2.06 -60.56912595640809 0.273041481242262 39.14668395642673 1.9139117725675732 1.0
vehicle.car 0 0 0 707.1405339631617 391.43469680307595 1310.3909246168953 656.3291904560608 4.218 1.747 1.849 -9.856057133820064 0.696092203096642 2.032249410253291 1.596251243065117 1.0
vehicle.car 0 0 0 635.6400582443799 435.1928259768054 1481.2684025699025 774.5722095969871 4.047 1.484 1.631 -6.991740253462168 0.8422681465785166 1.6027387556191925 2.8988802847320603 1.0
vehicle.car 0 0 0 -172.35647040803977 421.1121616230456 142.03487863585457 536.2260200417786 4.655 1.766 1.924 -20.96646713148844 0.8887389501564321 -12.61256676867337 2.8988802847320603 1.0
vehicle.car 0 0 0 61.78012393288814 422.5116348568529 375.33230284761913 546.5641002875117 4.266 1.7 1.773 -18.852392757064408 0.8766869366411287 -7.847992990424987 2.8748182945805247 1.0
vehicle.car 0 0 0 -392.39395014428317 439.223665739827 76.92209796210396 590.543632905452 4.749 1.488 1.902 -14.251955108290392 0.9666281579323757 -10.177256611498265 2.8988802847320603 1.0
vehicle.car 0 0 0 1126.2593911947436 418.86386751210466 1327.3084736446062 483.29751274252664 4.762 1.603 1.93 -32.96724947181716 0.734896388424781 12.569619905367684 2.9050673307371433 1.0
vehicle.car 0 0 0 216.51873427016238 420.73459922981414 1701.213198026089 1031.484957123414 4.363 1.455 1.862 -4.597494413789117 0.7536866738265111 0.5193227773847829 1.597385933643201 1.0
vehicle.car 0 0 0 -124.84140774050694 428.9196273430974 250.31415303271655 566.7280518237827 4.518 1.642 1.893 -16.784395067684233 0.9362606008171739 -9.061413583317158 1.6023171181706726 1.0
vehicle.car 0 0 0 917.950498686445 427.6265706643858 1354.8058877496778 573.5442224296909 4.513 1.493 1.931 -14.594121950411349 0.8362399687435854 4.46302076880685 1.596251243065117 1.0
