vehicle.car 0 0 0 1547.6123751600235 401.66191883719506 1628.427471931491 442.8386441173743 4.264 1.867 2.06 -60.077926579810196 -0.032158866520881624 40.27714234474338 1.9180361783404996 1.0
vehicle.car 0 0 0 900.6458036598436 380.2752958293976 1583.1559106415796 664.3541686057454 4.218 1.747 1.849 -9.28207046100271 0.6414269565268762 3.44424932374381 1.596895856921595 1.0
vehicle.car 0 0 0 633.4252347627464 415.15881641555035 2663.375572947687 1148.0210318852724 4.363 1.455 1.862 -4.084116717819947 0.7433798420096869 2.0363915564697623 1.598010330344799 1.0
vehicle.car 0 0 0 1090.5761153555245 421.7734739487964 1430.7432287951226 526.728322371049 4.503 1.444 1.946 -18.965826339700047 0.7423573100434403 7.6261639744193435 2.912025787626014 1.0
vehicle.car 0 0 0 -108.7820386056387 421.0869854703162 215.83640574790383 540.2702284114724 4.655 1.766 1.924 -20.323394984692246 0.8922349450863333 -11.112492142513249 2.9031917003303533 1.0
vehicle.car 0 0 0 142.8365015671927 422.4382613557097 467.11245238402233 551.1513450070346 4.266 1.7 1.773 -18.24615725113858 0.8790699604361114 -6.339546607366219 2.8791436398716037 1.0
vehicle.car 0 0 0 -302.5245277368746 443.9601451431994 188.62341399377067 604.0567499460543 4.749 1.488 1.902 -13.629014862254474 1.014355020224951 -8.634690200557646 2.9031917003303533 1.0
vehicle.car 0 0 0 1184.645140191358 414.82622599089535 1393.5071826793405 480.50644838052403 4.762 1.603 1.93 -32.5086159106602 0.6373814997848787 13.974110391643789 2.909375069898066 1.0
vehicle.car 0 0 0 -41.633957236751975 427.14421378841143 348.27479134535207 570.7287941526906 4.518 1.642 1.893 -16.17302635120427 0.9139279152317075 -7.5631614138819865 1.6028577300138354 1.0
vehicle.car 0 0 0 899.2060452520772 429.4702970120047 1889.3361159858252 797.9426528298105 4.047 1.484 1.631 -6.525817114645857 0.8107253499269315 2.983273679388911 2.9031917003303533 1.0
