vehicle.trailer 0 0 0 1009.1975359752233 378.8836265438679 1318.568564045832 508.16913080289225 11.632 4.94 3.409 -52.41212095241077 0.9035842084642843 17.23423743632351 3.039578257769989 1.0
vehicle.car 0 0 0 557.1777091592163 438.5727760017223 705.1067680426701 562.024406352777 5.3 2.051 2.043 -23.997705169046874 1.3824107218181034 -1.9808306577590649 2.035562800754179 1.0
vehicle.car 0 0 0 117.21179145684282 459.72873612145503 538.3297350884859 692.6176266995002 4.395 1.608 1.774 -11.130018725771283 1.160467379781933 -3.3311838524704984 2.172632175924189 1.0
vehicle.car 0 0 0 442.3544044141782 460.8127270299252 777.838127379143 711.7678559765048 4.236 1.615 1.786 -10.468825000903056 1.1551625569453239 -0.8442486468309118 1.9888462555156803 1.0
vehicle.car 0 0 0 726.3789195126565 432.9058210133344 851.6129192167197 561.706650176538 5.183 2.186 1.925 -24.289379305979256 1.3505306865785696 1.0104165505467861 2.1659524156071033 1.0
movable_object.barrier 0 0 0 306.1434635317465 484.0242389477189 389.6929792980648 532.8133699395505 0.468 0.908 2.993 -27.010892813669045 1.8068026523873086 -8.431520598189095 3.028375276026857 1.0
vehicle.car 0 0 0 606.5290110995827 456.1579833482392 720.4785571342746 540.4688052619813 5.069 1.75 1.875 -29.31334412919549 1.6735390120902303 -1.7402568355052803 2.0158832861162903 1.0
movable_object.barrier 0 0 0 444.41482631060524 468.9609842469346 517.3376047542924 511.1523767412019 0.563 1.047 4.133 -35.18455942266462 1.843280836170358 -7.269683902651765 3.01588989839017 1.0
vehicle.car 0 0 0 1422.1195840936252 414.4885776579124 2091.892094356194 732.2259075957741 4.692 1.816 1.737 -9.6460190613718 0.9371996290858787 7.119579110469615 2.168361354190049 1.0
vehicle.car 0 0 0 1135.7438502651341 415.5295824466159 1375.5932119944298 518.9885819689212 6.271 2.956 2.69 -38.94370330349608 1.3676601584458166 15.713726815823593 3.0645675257670355 1.0
vehicle.car 0 0 0 886.8980956045211 441.0448600420137 1001.8766888536375 561.4436555007545 5.476 2.0 1.864 -23.923093465460834 1.3897233932067974 3.877545535225167 1.9651931802020774 1.0
movable_object.barrier 0 0 0 -92.79706726741534 480.29087361332756 172.92197314991228 566.3214128170835 0.545 0.941 4.714 -17.715325051453856 1.3341665196245756 -9.654193516051869 3.0307230116349135 1.0
vehicle.car 0 0 0 1040.8991038292497 461.7707886191879 1169.2391519257174 565.3556248989345 5.051 1.654 1.722 -23.373466272391006 1.5864710171235958 6.592183875984621 2.1978671005893595 1.0
movable_object.barrier 0 0 0 152.16305563809692 489.23551498553456 327.15821747178205 558.2505029574793 0.532 0.966 5.061 -22.917056994117374 1.767970582038067 -8.994884914478886 3.0307230116349135 1.0
movable_object.barrier 0 0 0 373.11804452814226 482.29407231611356 465.0270364067622 524.0675032451197 0.532 0.843 4.246 -30.769942848976232 1.928132242856788 -7.844541925209257 3.01588989839017 1.0
vehicle.truck 0 0 0 864.1609667676729 418.34852450540143 996.2784663873834 497.04382345289514 5.287 3.112 2.961 -53.10345044697619 1.4703129157091221 7.831507189085191 3.047374191366444 1.0
vehicle.car 0 0 0 1156.6220976457357 435.39867892496324 1332.5395829447446 563.4692688267655 4.891 2.021 1.832 -22.594302780452495 1.2894067550466026 8.828078121477247 1.9781045921195757 1.0
vehicle.car 0 0 0 1126.1769653329213 439.96198235195317 1277.9599687011666 541.1244705153614 4.153 2.0 2.007 -27.47087542340177 1.4191913382133268 9.893840393285782 2.022149477382225 1.0
vehicle.car 0 0 0 866.4261777337574 408.9596584693769 1145.726444764645 701.3590058453707 4.634 1.918 1.78 -10.6884000899801 0.9452032450141936 1.9688595749745965 2.15091841154476 1.0
