movable_object.barrier 0 0 0 861.5424263928122 457.38376496031117 893.293730306114 503.35380283403964 2.04 1.141 0.511 -32.24532452166338 -0.31798318928556085 2.2005792310936116 -2.2262540449653354 1.0
vehicle.truck 0 0 0 428.27631929939935 416.68121771846126 637.0076367259394 548.9437064028272 5.138 2.087 1.841 -22.526339445867183 -0.1838818176175393 -4.456341597530295 -2.2085350790276985 1.0
movable_object.barrier 0 0 0 696.4940354522317 477.52746618181277 776.9132571573059 561.9534635589995 2.126 1.154 0.671 -18.311642883570897 0.3593074474526933 -0.7763450880101012 -2.2167781583192436 1.0
movable_object.barrier 0 0 0 134.1148301521969 513.5577498660099 439.6011447105664 729.7347691665343 2.123 1.128 0.668 -8.001394408137184 0.7253546205132588 -3.102259712821167 -2.251316497164284 1.0
movable_object.barrier 0 0 0 917.3462575481851 539.4160922134538 1468.8792202593334 854.9335711988549 2.282 1.173 0.653 -5.73896481501537 0.8381166513721133 1.7660516022615524 -1.6229608604055743 1.0
movable_object.barrier 0 0 0 837.3030705521602 466.0621901479911 878.8634392836225 520.8785857982222 2.013 1.188 0.621 -28.298422210594012 0.005170157815168719 1.5005913303888736 -2.2223570369851906 1.0
movable_object.barrier 0 0 0 879.9977490925806 454.18058415287294 908.8146681309833 498.6725823058065 2.105 1.232 0.536 -35.88760352067676 -0.4631130189268475 2.932162463469777 -2.226094207339754 1.0
human.pedestrian.construction_worker 0 0 0 189.13218686436662 415.45403709914933 319.9904996034318 616.476756901429 0.62 1.926 1.013 -12.384798359886576 0.21785666271536858 -5.2827843328652 -2.140927228790374 1.0
movable_object.barrier 0 0 0 351.37210583849065 497.4091698639211 528.8062780024322 662.8505081488369 1.766 1.15 0.669 -9.8489426682117 0.624161441363611 -2.701123367934379 -2.1871976268905984 1.0
movable_object.barrier 0 0 0 732.7324519257614 476.21888078295575 806.0076068891304 551.7597313238746 2.238 1.156 0.717 -20.428430877710174 0.3146761262606751 -0.3399706696073659 -2.216905528802897 1.0
movable_object.barrier 0 0 0 211.42458582574412 497.0430923687653 432.05848067706637 627.7619168269965 2.199 1.004 0.67 -11.08378030643207 0.5545811992016394 -4.062740640568303 -2.253383997631281 1.0
movable_object.barrier 0 0 0 797.0488772621966 464.0046194413312 841.4463119065175 531.9887778360646 2.24 1.14 0.695 -22.234049777464104 0.07728542992675796 0.46029743930710587 -2.08811261473173 1.0
movable_object.barrier 0 0 0 813.0886422266324 462.35385308266666 865.5486374782615 529.2885265430034 2.187 1.342 0.664 -26.336147682849433 0.05013626963814455 1.0096140126315123 -2.241486472788293 1.0
movable_object.barrier 0 0 0 424.5502515405383 494.24235247277085 618.8470173220988 651.0148959069651 2.75 1.261 0.604 -11.746979955272716 0.6590312695702221 -2.4310279181267602 -2.2487344563659972 1.0
movable_object.barrier 0 0 0 850.6455807687597 456.1423833169322 886.650342268439 508.392304586732 1.913 1.216 0.555 -30.242910227701284 -0.25412289006807987 1.8541764921898591 -2.2312035693356718 1.0
movable_object.barrier 0 0 0 796.277061389863 468.0049819888699 852.1120654179199 540.0578495034116 1.994 1.335 0.664 -24.34074228774468 0.19885558266253045 0.6409666538718497 -2.241486472788293 1.0
human.pedestrian.adult 0 0 0 784.4976614991074 443.90483782442095 809.2364903676778 491.7434136301129 0.672 1.615 0.708 -42.83874589618789 -0.8471465269064326 0.16444373857684363 -2.230488252803334 1.0
movable_object.barrier 0 0 0 1427.8379603992935 565.8704728981901 2104.007746789206 871.5993934670057 2.145 1.063 0.565 -5.056565398790243 0.8578119782099685 3.8018902822251675 -1.584787712371507 1.0
vehicle.construction 0 0 0 1126.899960816182 324.8324662698019 1349.0184887561713 474.4495816051805 7.364 4.601 5.583 -42.969706007109494 -2.955476696514344 14.89196299150164 -2.0406799078193476 1.0
movable_object.barrier 0 0 0 642.634676668113 472.33687382607775 744.4738877862893 577.6624818027636 2.243 1.261 0.659 -16.223757838646797 0.37559605843262284 -1.2313557695711874 -2.233970715854813 1.0
movable_object.barrier 0 0 0 558.8321885768366 483.02320849682235 691.9057476326237 597.6087927239828 2.12 1.193 0.75 -14.250211324578952 0.4882514475657176 -1.8416859426003953 -2.249250656503092 1.0
movable_object.barrier 0 0 0 492.71095910432416 520.6866050196825 951.5677423650449 794.32869634873 2.194 1.21 0.705 -6.325439165615331 0.767111281671187 -0.3324740882083407 -1.5910502038555503 1.0
movable_object.barrier 0 0 0 176.4633065901884 533.8964038487493 576.9592314947938 786.8901964577956 2.096 1.186 0.661 -6.841843841082373 0.8473636697496862 -2.2661746248383103 -1.6066402188550617 1.0
