movable_object.barrier 0 0 0 1302.904803104446 425.5526049130833 1519.6417119463604 536.2715967681445 0.355 1.094 2.02 -13.253969595878567 -0.15490761470887707 6.477978929972322 -2.601549377714397 1.0
movable_object.trafficcone 0 0 0 495.46230077340334 452.7403520156608 558.9923715831687 554.8562776090545 0.417 0.849 0.31 -10.725026409050297 0.08660503394697969 -2.257781311605797 2.9298310019043274 1.0
vehicle.truck 0 0 0 541.3593653812686 95.35553439681358 910.5181401480528 568.2730329541646 10.004 4.1 2.934 -16.15255352353876 -1.6622018597552193 -1.4980906705991661 -2.0045032069798756 1.0
movable_object.trafficcone 0 0 0 411.3986652348079 467.80458640823656 459.9743592172532 566.5443350812593 0.278 0.782 0.238 -10.194645480056062 0.1927085848689487 -2.8894799000486517 2.9373497122010868 1.0
movable_object.barrier 0 0 0 1523.0188262371898 417.68537576288134 1802.931413536346 539.1162310909269 0.356 1.065 2.113 -11.801846307389402 -0.1614399284872124 8.114989706938548 -2.533096253425322 1.0
movable_object.trafficcone 0 0 0 451.3705580418615 469.37969955514495 500.0967505604014 560.2462748497785 0.279 0.732 0.268 -10.410425600782842 0.17717952956728655 -2.6186851660884987 2.9373497122010868 1.0
vehicle.car 0 0 0 1004.301793403699 372.6634257801618 1121.998250714359 495.98607726441145 4.3 2.0 1.876 -22.682364102098465 -1.0642005330006077 4.8103151677506615 -2.233072006776056 1.0
movable_object.barrier 0 0 0 1135.9890121633025 429.0794470249574 1310.383086126967 529.5507758643931 0.348 1.113 2.102 -14.881856400991724 -0.19337226094980528 5.05200241518384 -2.7019515516867587 1.0
movable_object.trafficcone 0 0 0 396.15587496923087 445.74301178660085 441.74851061544416 552.1292258373029 0.245 0.884 0.266 -10.641845391173796 0.046598853428309384 -3.157748768675973 2.9373497122010868 1.0
movable_object.barrier 0 0 0 1014.4105255732013 430.4831106666112 1152.4826647345296 516.4779149072036 0.389 1.071 2.286 -16.788852130572085 -0.29439641191410626 3.839938304551049 -2.8135788461932982 1.0
