vehicle.car 0 0 0 113.61730651505879 410.0892324371455 361.4317979560549 488.4068967137402 4.538 1.516 1.752 -27.051613728604295 -0.9125760812262822 -11.859957518269336 -1.56710104491924 1.0
vehicle.car 0 0 0 531.1288461554097 416.6206292019343 674.1053702098881 481.9916914868828 4.367 1.671 1.807 -36.31782242316299 -1.2090068466193893 -5.390106265712423 -1.848808660814682 1.0
vehicle.car 0 0 0 -178.2077973899295 420.9839977752266 45.017171076198515 500.7736010805449 4.123 1.731 1.658 -29.56033530682958 -0.7280273190203539 -20.131392931625268 3.130580981223904 1.0
vehicle.car 0 0 0 -37.59830666228845 433.4801057990434 150.25614076689314 490.7685044694774 4.162 1.428 1.686 -34.47430342313616 -0.8234626241812887 -20.126347691160216 3.1318545093103127 1.0
vehicle.car 0 0 0 177.32978624404353 407.473580507858 408.0105427362341 484.27811041333564 4.679 1.626 1.781 -29.52368067259087 -1.0775382332928025 -11.659641485873532 -1.56710104491924 1.0
vehicle.car 0 0 0 53.013789082652316 404.78778991040537 338.76267750199196 487.31172714518146 4.763 1.443 1.781 -24.717001600166714 -0.8929771658352337 -11.63558931137004 -1.56710104491924 1.0
vehicle.car 0 0 0 267.0358147056929 413.41461195841595 452.0422142542031 478.8653717223703 4.378 1.61 1.773 -34.19647298052597 -1.2482642537722999 -11.711513181756303 -1.56710104491924 1.0
vehicle.car 0 0 0 367.814478389981 423.27940592107143 528.6208988957474 476.8575766833754 4.484 1.499 1.679 -39.02545916917882 -1.3102684942656888 -10.63080329285878 -1.56710104491924 1.0
vehicle.bus.rigid 0 0 0 1188.0265848261781 407.94559783565484 1382.296851676554 524.6692526700183 10.606 3.189 2.712 -40.254501526842695 -0.7121105755769854 15.37676270220073 -2.0636023879701435 1.0
vehicle.car 0 0 0 1374.7543428703934 423.20752619185015 1561.377009392069 524.1354371778098 4.661 2.0 1.719 -27.7191167595961 -0.3765179720529512 14.733870532750274 -2.082840879087681 1.0
vehicle.car 0 0 0 1070.7346753357992 473.43511214220877 1119.0954401663605 503.3826354601846 4.291 1.539 1.744 -68.4325902619608 -0.22044697021040105 16.446373442126834 -2.0796489969358083 1.0
human.pedestrian.adult 0 0 0 957.6881910874996 451.45703314459615 981.1927657347297 507.20077215163803 0.61 1.747 0.654 -40.01679390774085 -0.423838840266209 5.643423321780577 -2.113257032913814 1.0
vehicle.car 0 0 0 1102.8372775512712 471.7074369885339 1160.2887417382733 506.5627881621297 4.336 1.569 1.703 -60.17235633217662 -0.15831456970450042 16.202537452066924 -2.082660045239213 1.0
