vehicle.car 0 0 0 1342.8010322503014 425.6604615008763 1511.7246753969268 520.0291921614818 4.661 2.0 1.719 -29.48490055666974 -0.4213292526534815 14.742934090816606 -2.082928091615356 1.0
human.pedestrian.adult 0 0 0 961.3186334455588 450.71269543409505 984.5893186606819 507.25753833544564 0.61 1.747 0.654 -39.44578494852803 -0.4284822424712492 5.673063917171797 -2.1338278913403252 1.0
vehicle.car 0 0 0 52.66044571480385 404.61680538941346 338.4257699520475 487.1586340984361 4.763 1.443 1.781 -24.71760892646373 -0.8961798056699113 -11.642670951798245 -1.56719346041982 1.0
vehicle.car 0 0 0 -177.8876707955971 420.7934766645807 45.389620538580324 500.62106618420705 4.123 1.731 1.658 -29.5510261935306 -0.7317852209677704 -20.116883242208566 3.1306221931020346 1.0
vehicle.car 0 0 0 1070.4945602138473 473.42668316380747 1118.707570487695 503.3752452482455 4.291 1.539 1.744 -68.43433176173029 -0.22099076335201007 16.429795760295594 -2.0787339021108027 1.0
vehicle.car 0 0 0 1099.569690767452 471.9036743860624 1156.1326344559013 506.37024131685246 4.336 1.569 1.703 -60.83112856122462 -0.160324648741067 16.201581575029664 -2.0827472654666703 1.0
vehicle.car 0 0 0 177.2061441792916 407.31525635900346 407.8922363794941 484.1346034303474 4.679 1.626 1.781 -29.524078444263907 -1.0810923245224684 -11.662649310845255 -1.56719346041982 1.0
vehicle.car 0 0 0 267.09553660476746 413.2679951764594 452.09494886020775 478.72897059283554 4.378 1.61 1.773 -34.197661696821754 -1.2521545068237687 -11.710401914929577 -1.56719346041982 1.0
vehicle.car 0 0 0 -37.524585554211384 433.31198647474116 150.31971177708445 490.61082707606033 4.162 1.428 1.686 -34.47564843327831 -0.8279600306786146 -20.1252618912311 3.1318956623977243 1.0
vehicle.car 0 0 0 518.4840462556084 416.99040501263727 670.2870376534428 483.2580630032913 4.367 1.671 1.807 -35.85433181721516 -1.1684193576546733 -5.55865756580469 -1.8131408971564138 1.0
vehicle.car 0 0 0 367.86540965628456 423.1386587513472 528.6672063660983 476.7261121833984 4.484 1.499 1.679 -39.02662710204529 -1.3145311092059848 -10.629620588929917 -1.56719346041982 1.0
vehicle.car 0 0 0 112.8582626806569 409.91615221044026 360.6985888760676 488.2455083124404 4.538 1.516 1.752 -27.05370313606371 -0.9162434769927973 -11.876942787421928 -1.56719346041982 1.0
vehicle.bus.rigid 0 0 0 1174.6853837857775 412.2589363783725 1355.564288034983 523.3165901997909 10.606 3.189 2.712 -42.043573592242176 -0.7067138200779619 15.437000538832924 -2.0636904179141142 1.0
