vehicle.truck 0 0 0 509.7655425923414 314.13153339097454 769.3108176654409 490.99559852303054 6.286 3.42 2.521 -27.843199282678498 -1.8219944150884335 -3.1509080693096223 -2.4095700576291907 1.0
movable_object.barrier 0 0 0 960.7714163113716 450.6339635105743 1108.6145242878588 553.6949523684851 0.473 1.037 2.036 -13.521518681780687 0.07215796645607905 2.642343739593327 1.7406489961497265 1.0
movable_object.barrier 0 0 0 813.7447058677635 488.43637439056585 1160.6716907827763 676.3094241487086 0.394 1.078 2.098 -7.85554829222715 0.5263337342230626 1.1862744017264781 1.8741715834849106 1.0
movable_object.barrier 0 0 0 834.253579372348 463.3321154984421 1010.1647664942436 583.0793022278326 0.426 1.059 2.102 -12.127796105405862 0.2556041616505461 1.2966878127040369 1.741186118959198 1.0
human.pedestrian.adult 0 0 0 700.5440551179141 395.0918404043274 775.9774656202903 546.9970747706869 0.603 1.807 0.663 -15.384719065202862 -0.26238429207874636 -0.6568591654232255 1.7991771511045958 1.0
movable_object.barrier 0 0 0 1076.0052547500782 441.6100850216355 1181.024434382508 541.6991810531551 0.396 1.125 2.056 -15.045028359025087 -0.03434338218097971 4.055696040359514 1.7016108059930213 1.0
movable_object.barrier 0 0 0 386.98377217228114 478.0139842226227 677.8712573416816 657.4255796204171 0.517 1.193 2.076 -9.3895587007922 0.5040968958477301 -1.893059712888755 1.7984851704473241 1.0
human.pedestrian.adult 0 0 0 933.2983402380692 387.3976770129094 989.0220028264156 505.27430075355056 0.635 1.835 0.631 -20.010844042544438 -0.7278280749787154 2.6937508952935785 1.7900483003968901 1.0
human.pedestrian.adult 0 0 0 888.5441656579549 384.8406370777544 942.4446416054419 509.3257702541216 0.539 2.0 0.675 -20.608325636190038 -0.7375198426719283 2.0243550371544905 1.8001432094036103 1.0
movable_object.barrier 0 0 0 1207.367836023264 421.6793094828289 1273.4716694751805 504.14107044553583 0.426 1.142 2.018 -18.36970455745618 -0.4343328942686154 6.572123978093129 1.6724903377905607 1.0
movable_object.barrier 0 0 0 640.839435310542 473.3112162203355 864.716556316359 611.1684927330383 0.491 1.05 2.081 -10.680599737625228 0.3748105414780015 -0.28598034963775393 1.7475877780283238 1.0
movable_object.barrier 0 0 0 539.7907748873748 488.29218517633507 837.6765508092495 655.8984991683644 0.341 1.071 2.124 -8.654409328667304 0.5187947479445627 -0.7439290093532313 1.8741715834849106 1.0
movable_object.barrier 0 0 0 1147.9314410442717 435.2770572877355 1240.3735928329327 525.7984238571777 0.405 1.133 2.141 -16.68664412691969 -0.1758602365259757 5.364339861472002 1.7016108059930213 1.0
human.pedestrian.adult 0 0 0 987.7763764918353 398.95274455636326 1046.07265325025 502.7468245219669 0.634 1.584 0.67 -19.640484600170442 -0.6450620166901724 3.515204888551695 1.7900483003968901 1.0
