vehicle.car 0 0 0 -68.64212300636413 429.94018728007967 119.65243230331062 487.84876155113864 4.162 1.428 1.686 -34.722054471968974 -0.9184546364348511 -21.122278966691518 3.1373620306255905 1.0
vehicle.car 0 0 0 338.3479858993282 425.96960022555754 499.38200310583835 479.89682400238803 4.484 1.499 1.679 -39.301257128149274 -1.229850644923351 -11.623579447308419 -1.5644052221268927 1.0
vehicle.car 0 0 0 1189.74505699094 455.4844710094012 1297.0576938095194 526.5186888950365 4.661 2.0 1.719 -38.563149614080224 -0.03482276210500068 13.74728761822492 -2.0857911858066265 1.0
vehicle.car 0 0 0 -213.78369658995467 420.6546002712163 8.810919604708639 500.26618466826085 4.123 1.731 1.658 -29.972350298534046 -0.7470192130143661 -21.26833430021775 3.136086810031511 1.0
vehicle.car 0 0 0 142.94561069115176 409.1158144697729 373.024708994173 486.01853601515995 4.679 1.626 1.781 -29.897519458150857 -1.0510759055941086 -12.6327149319834 -1.5644052221268927 1.0
human.pedestrian.adult 0 0 0 932.5529822013453 451.34275722849935 956.9973521692681 512.2774682889317 0.61 1.747 0.654 -36.67495000672884 -0.3154556476827122 4.45652890720829 -2.148506806205262 1.0
vehicle.car 0 0 0 4.951528829789739 404.2882695302117 291.13796021823254 487.31354455436554 4.763 1.443 1.781 -24.993082381546795 -0.9078629399407134 -12.716881481756413 -1.5644052221268927 1.0
vehicle.bus.rigid 0 0 0 1091.8703617845604 429.9390329049352 1225.3884689123825 520.7419788413968 10.606 3.189 2.712 -50.44716270661375 -0.5873241348247454 14.427845514097744 -2.0764722984825257 1.0
vehicle.car 0 0 0 1048.8660321596872 478.43406587222734 1094.9571962568639 508.37640743314154 4.291 1.539 1.744 -68.78925471280601 0.049871004361029314 15.275064606763125 -2.0755492479183104 1.0
vehicle.car 0 0 0 234.92070151903394 414.056154452397 420.2705459553569 479.89320345618654 4.378 1.61 1.773 -34.4688757120456 -1.2352431231236294 -12.680646507846527 -1.5644052221268927 1.0
vehicle.truck 0 0 0 1390.3710312674755 473.1723531955667 1496.5783483900975 529.3118450336509 4.921 2.0 1.885 -48.41426355307509 0.32993386450477935 24.985831107676145 -2.1296583335879467 1.0
vehicle.car 0 0 0 432.7616047245652 418.62558140665743 606.3620816673929 487.51480012936315 4.367 1.671 1.807 -34.86648656442422 -1.0535160604844394 -7.5004143813124236 -1.7184426494750413 1.0
vehicle.car 0 0 0 72.0053437529148 409.9237302491238 320.20183047706234 488.676681030482 4.538 1.516 1.752 -27.32497732309325 -0.9206271957625387 -12.880212603602237 -1.5644052221268927 1.0
