movable_object.barrier 0 0 0 1262.2686783714619 561.3359326244762 1678.0386920078417 801.006548036117 0.336 1.117 2.12 -6.502858560001279 0.9404550562096006 3.509983620785207 -1.9921642746843604 1.0
movable_object.barrier 0 0 0 263.30998120723575 520.2608812502294 322.58871782456185 627.4806537073597 0.534 1.042 1.99 -13.333609943604372 0.8185378967803295 -5.31533142977483 -1.5901246291334283 1.0
movable_object.barrier 0 0 0 252.67635937834868 500.2916938924414 306.2180511537777 607.3453992210152 0.496 1.202 2.008 -15.177365664016447 0.7105598872967367 -6.208730888536524 -1.5971136622495195 1.0
movable_object.barrier 0 0 0 252.14556751993456 481.5033543276742 281.3862398130474 544.3529856840731 0.441 1.171 2.058 -24.452333110941638 0.39759368285684427 -10.23154085339396 -1.596778019376364 1.0
movable_object.barrier 0 0 0 869.1801722920527 581.3363713857226 1300.3155443544856 879.3530719118964 0.478 1.124 2.09 -5.819955175927316 1.0193492011003777 1.3948683326927582 -2.355976721778104 1.0
vehicle.construction 0 0 0 449.2583765504431 364.8594627584664 662.2780068939478 486.4097732504882 7.117 3.684 5.252 -44.43835036518162 -2.163169773789463 -8.50616731924994 -2.40990333759151 1.0
movable_object.barrier 0 0 0 249.70108835820372 487.24448235212327 286.4132720424824 582.9164492970857 0.427 1.217 2.08 -17.054947635837728 0.5613905452192767 -7.116692587330068 -1.5901246291334283 1.0
movable_object.barrier 0 0 0 1597.679437366789 561.4672792428715 1884.9792196361857 773.9836247977242 0.387 1.028 2.083 -7.140305665520378 0.9395285256351295 5.424909553871418 -1.8459121100528861 1.0
movable_object.barrier 0 0 0 245.75428852734396 482.81435367651073 271.304600263962 541.276315083377 0.445 1.174 1.977 -26.267674004966903 0.4083729287024584 -11.142584346504172 -1.586549589071642 1.0
movable_object.barrier 0 0 0 242.17526039251314 555.1713769539068 360.5168408293967 784.3214776440652 0.443 1.11 2.115 -7.460792445183236 0.9546054627598286 -2.9536209801797213 -1.6046702935705648 1.0
movable_object.barrier 0 0 0 267.8577383363524 523.9285327989785 323.8103985124461 652.9478531153213 0.433 1.072 2.007 -11.546971245039222 0.8265242484947108 -4.56553320426651 -1.5868454500232625 1.0
movable_object.barrier 0 0 0 254.91419195683798 539.3731575942838 331.5082806032134 707.8497715924217 0.477 1.096 2.07 -9.490468053232213 0.9172483864369295 -3.7899548698073633 -1.5901246291334283 1.0
movable_object.barrier 0 0 0 263.9327384802135 495.3181332589533 340.04365658998626 567.3143232602201 0.534 1.04 2.002 -19.125705937634446 0.5802135596050539 -7.478337094642806 -1.653893300245116 1.0
movable_object.barrier 0 0 0 254.1646479006937 501.5568968125501 288.5698309831006 574.4940252142072 0.436 1.141 2.012 -20.73100451923405 0.733138442471191 -8.60151225645625 -1.596778019376364 1.0
movable_object.barrier 0 0 0 400.01968547182344 605.0938207943901 926.6884068591701 928.516289545773 0.472 1.067 2.038 -5.060679417774385 1.0358288124382737 -0.5036905274670083 -2.250877471776522 1.0
movable_object.barrier 0 0 0 273.60279312825566 575.3359768911519 420.9311175935518 901.9777162269272 0.479 1.064 2.114 -5.542667840852136 0.9445545859615514 -2.0140647114361103 -1.5901246291334283 1.0
