movable_object.barrier 0 0 0 -32.30904000984696 473.2356335009066 179.923822161901 611.4296914384644 0.394 1.078 2.098 -10.447816331583233 0.392114611022257 -5.994565346329907 1.860412606342213 1.0
movable_object.barrier 0 0 0 -175.63499053915254 475.72732727843 8.37039031623821 601.8320846749771 0.341 1.071 2.124 -11.304623682154071 0.397130090013463 -7.899588708123236 1.860412606342213 1.0
movable_object.barrier 0 0 0 785.0886140017493 429.58917629025757 859.4153284442274 488.74892474469993 0.423 0.999 2.072 -22.311021750227443 -0.5894478514888909 0.5593997380476249 1.6456744271610173 1.0
movable_object.barrier 0 0 0 515.3231873217679 443.70066951711925 649.9774742279883 528.7429186644553 0.396 1.125 2.056 -17.530279660782544 -0.10664352089215923 -2.8866233397287204 1.7097431951907938 1.0
movable_object.barrier 0 0 0 -25.621045765134156 463.2954940256053 207.60312638807022 570.2699374016486 0.491 1.05 2.081 -13.31572986521501 0.22163041827440888 -7.381021657807047 1.757157105463551 1.0
human.pedestrian.adult 0 0 0 313.6104953260782 394.06911039765026 378.6770861087376 519.195552425255 0.603 1.807 0.663 -18.590654019709707 -0.5261287685507668 -6.595418473721245 1.7868289300685332 1.0
vehicle.truck 0 0 0 245.35576312572516 323.79451700030535 521.2075577757578 482.9651770994883 6.286 3.42 2.521 -30.578904370511623 -1.99996485596906 -9.71096187960122 -2.423485761088445 1.0
human.pedestrian.adult 0 0 0 589.5023779859085 389.3877338466426 639.78912724301 490.2507650390249 0.635 1.835 0.631 -23.35210125793783 -0.9715112553797798 -3.296038889921041 1.7778995049198132 1.0
movable_object.barrier 0 0 0 366.17747171600075 451.23939679879936 532.0973300598199 537.0688126108508 0.473 1.037 2.036 -16.044253836643634 -0.0036903354925282295 -4.344101261211095 1.7500212596444964 1.0
human.pedestrian.adult 0 0 0 567.102394674335 384.84421182875116 614.1407462001839 490.9700024495953 0.539 2.0 0.675 -24.146528944099153 -1.0411232089345437 -3.870659484211292 1.787774292945298 1.0
movable_object.barrier 0 0 0 726.0697435063826 428.37680898229 819.7698368114427 500.6952359389452 0.426 1.142 2.018 -20.796877170878712 -0.4649854244641298 -0.2911814145108973 1.6795046270470255 1.0
movable_object.barrier 0 0 0 684.9523261772075 530.7696829886656 1023.449822403347 739.4397189853878 0.313 1.111 2.111 -7.555215317481172 0.8008323373382542 0.3207252402869118 1.8253094980479743 1.0
movable_object.barrier 0 0 0 628.4684357601402 438.23827700252116 749.0130250380771 516.5324000337254 0.405 1.133 2.141 -19.128270425074216 -0.24352527905868296 -1.5404903962496959 1.7097431951907938 1.0
movable_object.barrier 0 0 0 196.65230861271627 454.9320232238877 392.94562037873993 551.1317497564341 0.426 1.059 2.102 -14.697895119742942 0.09189814370927751 -5.772375411390053 1.7505738568203926 1.0
human.pedestrian.adult 0 0 0 638.0143632899793 401.4700611110424 689.7203153513549 489.3989426180697 0.634 1.584 0.67 -23.149464159842523 -0.8613693654556667 -2.3609918480244967 1.7778995049198132 1.0
