vehicle.car 0 0 0 -78.70570061798719 424.75116726536464 389.21555574184856 604.2994644113242 4.042 1.489 1.794 -12.744791588220556 0.07604866881960484 -6.156317593341946 1.9371916294844702 1.0
vehicle.car 0 0 0 780.5600866418008 422.20449976270686 973.8863084732108 520.8078369117272 4.477 1.489 1.907 -21.61925953029166 -0.4485421197471484 1.5954379013638185 -2.3776706845244346 1.0
vehicle.car 0 0 0 -1062.7146154606132 378.25633708677543 63.871528824289186 798.7593953550547 4.551 1.842 1.762 -7.905589675510029 0.2930723850613378 -7.2531728958353705 1.957636457324302 1.0
vehicle.car 0 0 0 -753.7993720103836 403.83692372990447 330.43234574371587 879.1049070946843 4.198 1.701 1.773 -6.723872024901115 0.4149602449926281 -4.595725860833403 1.966117591862309 1.0
vehicle.car 0 0 0 414.66275510045114 423.98185212880236 621.9954286310194 516.1379407928185 4.445 1.635 1.766 -24.975813564141358 -0.5275222690707595 -5.296262625636739 -2.366523772630094 1.0
human.pedestrian.adult 0 0 0 491.6386942825591 385.37667772413613 580.2914635995356 548.3827955895647 0.675 1.884 0.741 -15.018984422787407 -0.32345803598849027 -3.0578995544036993 1.7580664352957482 1.0
vehicle.car 0 0 0 -446.02971624676553 423.35404504330126 48.989256786313 579.3752580277046 3.956 1.467 1.808 -14.065208391406335 -0.02471277823558468 -10.763238972815685 1.957636457324302 1.0
vehicle.car 0 0 0 198.84379655434824 409.7455195552701 662.8807335633438 628.8557212044244 4.662 1.606 1.815 -11.679288494967064 0.062147145652136915 -2.9912905941015246 1.957636457324302 1.0
vehicle.car 0 0 0 281.2310003049884 423.83068425119995 486.04643363165155 511.3840975051278 3.933 1.588 1.856 -25.184178363915734 -0.5674656131721816 -8.056004939599593 -2.3315529755122997 1.0
vehicle.car 0 0 0 651.9786075009498 423.4508067952343 847.211926994387 521.8715186378529 4.456 1.579 1.854 -22.818939986828937 -0.4474056678677002 -0.6361730662287772 -2.3639812452913613 1.0
