vehicle.car 0 0 0 123.019086433768 440.0035044575092 545.15475070174 649.6084329500985 4.092 1.703 1.767 -12.414880475291762 0.3700104036844701 -4.239347437086152 1.942519632400816 1.0
vehicle.car 0 0 0 1225.3317532770354 460.0681729011594 1375.117784306962 575.59511780811 3.933 1.588 1.856 -19.417364537649615 0.2926212019202492 7.7209855795096844 -2.2947087677745133 1.0
vehicle.car 0 0 0 366.2784056083132 462.6231888621365 566.2105292672677 547.0602767794414 4.366 1.52 1.645 -24.965378991076985 0.16197227039405182 -6.331437573856165 -2.3184342093222963 1.0
vehicle.car 0 0 0 1365.7698288447973 452.1354972727645 1878.9494664492909 740.5696362909986 3.956 1.467 1.808 -8.529454243378725 0.4753192549021675 5.1917871204428225 1.9543387407426165 1.0
vehicle.car 0 0 0 446.84374627714834 465.1518979135397 630.8294545263851 561.5846255649682 3.427 1.615 1.863 -23.065253197804243 0.3051645253356733 -4.548672320698983 -2.2947087677745133 1.0
vehicle.car 0 0 0 584.9853388694273 464.7858151669117 761.7070861779522 567.1299065295084 3.979 1.626 1.666 -22.207880678914204 0.32296583660887324 -1.982303392199217 -2.2947087677745133 1.0
vehicle.car 0 0 0 -911.8542250906652 440.22372499347955 446.3249935708464 1054.2629337340875 4.847 1.691 1.788 -6.020442397564112 0.6394842155049955 -3.7841468935343228 -2.2820116723064965 1.0
vehicle.car 0 0 0 983.1808004876683 452.82893136676904 1310.1111512486098 724.7578896998217 4.417 1.498 1.783 -9.277976813167616 0.4721678599145276 2.6092296610188703 1.9543387407426165 1.0
vehicle.car 0 0 0 1393.4886404985348 457.3231240503484 1560.3418535253008 576.4627945745154 4.445 1.635 1.766 -19.624367609031772 0.2735406777093852 10.533359249923041 -2.3382895906905183 1.0
vehicle.car 0 0 0 617.3907800239824 446.81220382681425 983.6264647393201 690.5170201880563 4.315 1.532 1.751 -10.207819268330198 0.42159118386750655 0.32790789317961183 1.9413334785785015 1.0
human.pedestrian.adult 0 0 0 86.37832804878104 408.7251867775548 125.1296922587331 473.178857516039 0.664 1.683 0.581 -33.214877184717395 -1.3627767444759473 -18.136950057216477 2.9312439447765746 1.0
vehicle.motorcycle 0 0 0 -113.59815426464844 539.5822413350302 959.3268017601808 1424.7313954048252 2.135 1.392 0.805 -2.7487391031017974 0.8390064754281078 -0.759368319688019 2.9521974777969717 1.0
vehicle.motorcycle 0 0 0 303.32764713012705 529.0315323022032 1097.8156916585988 1074.700967996066 2.392 1.37 0.828 -4.031007647720105 0.8388362624407375 -0.2677461573417378 2.9521974777969717 1.0
vehicle.car 0 0 0 898.8158212271667 466.6083069328636 1050.6683070774402 570.5397427116728 3.923 1.518 1.834 -20.67009211864141 0.3362621896753037 3.098330382330223 -2.2947087677745133 1.0
vehicle.car 0 0 0 -336.728879137762 454.1717982143372 157.7909297037277 634.2440271456059 3.962 1.6 1.84 -13.318795500907767 0.40512845411858134 -9.023266891780118 1.942519632400816 1.0
human.pedestrian.adult 0 0 0 72.81069997064505 401.39596172953327 112.70418368931503 473.58555879333994 0.608 1.849 0.64 -32.61099830256525 -1.4261195286572752 -18.143731456992615 2.9266999324965983 1.0
vehicle.motorcycle 0 0 0 1561.687023189939 541.1954141453767 2486.6226951936655 975.8385346274351 2.206 1.232 0.971 -4.616135896642448 0.8425465719946261 4.230202171164953 1.6165459985442547 1.0
human.pedestrian.adult 0 0 0 44.60548803732067 405.28318159948594 83.87722042073632 478.5504833573311 0.611 1.835 0.58 -31.868207331051565 -1.283020648700014 -18.454065604634472 2.919129251489334 1.0
vehicle.car 0 0 0 1556.1383852432734 462.8879715292893 1814.9158589305785 582.1451486387821 4.167 1.521 1.888 -18.31189817691291 0.32641737030553525 12.782041985467053 -2.2947087677745133 1.0
vehicle.car 0 0 0 -174.9848715223967 453.7488677468353 328.81429661784654 647.4941657354346 4.185 1.568 1.817 -12.425834813145945 0.4137961462140906 -6.7238793469704925 1.942519632400816 1.0
