vehicle.car 0 0 0 740.2886553617918 465.76790827240745 949.641744362153 537.7443516265463 4.387 1.477 1.927 -27.340376404488207 0.16791022662174843 1.1009363977370934 1.5919204160845126 1.0
vehicle.car 0 0 0 684.3104649899918 465.69259363987123 1027.9359740550472 590.497548436768 4.216 1.513 1.879 -16.41035515609799 0.4189468186123134 0.8112173282572671 1.5923056870025656 1.0
vehicle.car 0 0 0 603.4778023035814 467.1533255317542 1238.236799124253 650.7340888740587 5.306 1.522 1.992 -11.555495780242234 0.5463309492831123 1.101595915481692 1.592682660887598 1.0
human.pedestrian.personal_mobility 0 0 0 1315.4300889046474 442.88776300658736 1369.0189360323873 541.8747903056858 0.826 1.849 0.775 -23.95053832298322 -0.014536444530260484 10.473161960183056 2.2279497575493803 1.0
movable_object.barrier 0 0 0 1580.8450337621753 486.1732344072069 1756.2367407172126 575.7344535643678 0.6 0.999 2.203 -15.664626306340976 0.4367583180093962 10.8471687646249 -3.1298719901431085 1.0
movable_object.barrier 0 0 0 1509.493254575137 479.7455239236834 1641.9512273267833 556.2736226541167 0.599 0.996 2.198 -17.897305398447386 0.3266930273734744 11.100274875709347 3.103131364893297 1.0
vehicle.car 0 0 0 588.7051080745401 480.5355770030095 1311.863254015451 709.2993210646723 4.762 1.471 1.836 -9.257490591729097 0.6721357997881473 1.068636953784622 1.5932354017076324 1.0
human.pedestrian.adult 0 0 0 1175.0522656025805 445.6597290532457 1253.3307807837348 549.0272336705391 0.981 1.821 0.93 -22.769909308318677 0.06658033874392083 7.638773102385937 1.9114792712695152 1.0
vehicle.car 0 0 0 687.4901039666377 465.6922972597369 827.5529577769116 514.1626805557443 4.347 1.499 1.909 -40.51833440771443 -0.10723580939556365 -1.0689611860374018 3.0920227790193175 1.0
human.pedestrian.adult 0 0 0 1103.0320463379396 450.49318781440394 1169.654439024156 556.5400025230252 0.876 1.725 0.914 -20.92846443335364 0.16781582549702023 5.720502488346579 2.15200811939045 1.0
human.pedestrian.adult 0 0 0 1589.269493398845 421.7343663426507 1750.9948342935566 622.8329111073417 0.905 1.747 0.783 -11.44278562502179 0.24433929297279977 7.971093456090306 1.9783627596674709 1.0
