vehicle.car 0 0 0 1398.6659931902793 407.2345282639834 1907.4197434026264 584.3525822461839 4.8 1.86 2.085 -15.203842951038279 -0.0005581795325529659 10.024686745187552 -2.8067070949574253 1.0
vehicle.car 0 0 0 844.3525964157075 447.9302760560936 1209.8850255428924 591.700730484928 4.303 1.627 1.804 -16.301029244517668 0.26821118082332807 2.9593207767231586 -2.667998114970726 1.0
vehicle.car 0 0 0 426.7597914040286 451.025672456433 634.2396321883174 561.8222519402723 3.839 2.0 1.898 -24.686028472047177 0.21170283643185206 -5.169997753224124 -2.6832381882316954 1.0
vehicle.car 0 0 0 -168.78792083668682 466.0172238108647 107.20689907611184 605.6070532299309 4.257 1.617 1.971 -16.93249708010512 0.47496977377649885 -11.155528930477384 1.722493177237177 1.0
vehicle.car 0 0 0 1441.8332071896011 413.98192456350984 1853.2369983733272 566.4286142974516 4.485 1.863 1.928 -17.402932611310653 -0.06985069127371482 11.63051245612252 1.6863220907897762 1.0
vehicle.car 0 0 0 541.0813006088223 467.8680367118678 752.7632106255835 557.4660105980796 4.317 1.719 1.929 -26.6013338840518 0.35939768982758086 -3.119879364197239 -2.6714395896610306 1.0
vehicle.car 0 0 0 717.071809532306 417.79949725134543 1092.1282813485625 608.6400004451368 3.996 1.945 1.809 -14.714217600465739 0.1703742012909156 1.251312073075194 -2.6898302172919575 1.0
vehicle.car 0 0 0 1236.4555286092107 429.5203566138937 1468.9357546941585 504.79812357970474 4.549 1.631 2.315 -29.558797052236745 -0.6061870696873777 13.137408930011627 -2.6640715767528924 1.0
vehicle.car 0 0 0 255.9890745920344 465.8251697864063 514.700778997901 572.9006094236594 4.776 1.628 2.067 -21.787127065216286 0.3759880686711628 -7.130710632750875 1.7240351592987642 1.0
vehicle.car 0 0 0 557.9269868066525 454.97363567406444 1013.8809022487242 643.2337879414247 4.219 1.577 1.855 -12.542162856780708 0.4439056735838476 -0.1336889103542831 -2.719435447749299 1.0
vehicle.motorcycle 0 0 0 110.91571792296489 492.15801924763036 213.2138414747546 584.6929769678181 2.061 1.339 0.583 -19.463223750945566 0.6754885728596127 -9.773961440735699 -2.6627566873143476 1.0
