vehicle.motorcycle 0 0 0 198.46798162935642 465.99782489976815 309.2121498305867 562.7584821988067 2.061 1.339 0.583 -18.748936390675112 0.2900939397424566 -8.046902956115108 -2.6924483385145255 1.0
vehicle.car 0 0 0 -75.17696262604491 438.38244697309926 228.62449351374494 585.4896489157111 4.257 1.617 1.971 -16.019966754388857 0.1298038014932804 -9.188134657308023 1.7192741890313998 1.0
vehicle.car 0 0 0 1549.4856228981682 441.90920098762524 1894.002803220655 569.6835161280206 4.481 1.943 2.092 -21.41714672771115 0.12268466108204662 15.587929510622468 -2.752693756578667 1.0
vehicle.car 0 0 0 611.2794318577571 447.7552918258792 832.6193265702047 540.284267370425 4.317 1.719 1.929 -25.857960837202878 -0.047835077038623164 -1.4936931015256993 -2.701113584293646 1.0
vehicle.car 0 0 0 501.8992942868687 434.40311820169967 718.5579370942485 548.9117293252149 3.839 2.0 1.898 -23.897729506406773 -0.09637365804956244 -3.4917246668215745 -2.712887157604004 1.0
vehicle.car 0 0 0 756.2729192770281 446.71124160508987 1258.7480652643424 652.0203877828608 4.219 1.577 1.855 -11.74880350614373 0.3757497572428495 1.9325686070404113 -2.7490003540347745 1.0
vehicle.car 0 0 0 1588.4734598110756 428.6513474582027 2042.6920258461614 585.731575068396 4.485 1.863 1.928 -16.912062970363813 0.08370782486617451 13.41124828786067 1.6853662374767122 1.0
vehicle.car 0 0 0 334.56242748340395 446.3340098322389 615.438008447697 558.3643399514938 4.776 1.628 2.067 -20.921292995601576 0.061099471866287725 -5.353976236964657 1.7143309383772207 1.0
vehicle.car 0 0 0 1568.6352828193242 411.0948467618053 2157.96672241889 595.4916066993804 4.8 1.86 2.085 -14.64350635308231 0.01854373895807848 12.008394939824546 -2.836025881010187 1.0
vehicle.car 0 0 0 894.608160182835 448.473278251861 1066.6468104987794 512.1034461188071 4.262 1.628 2.073 -34.987641765381014 -0.39999390989716127 5.2062474434418515 1.7216216818300367 1.0
vehicle.car 0 0 0 989.3936873535563 443.6177966665634 1385.5081956084164 596.2976822501874 4.303 1.627 1.804 -15.599021329984323 0.22030763166937217 4.808759569855163 -2.6976791853124826 1.0
vehicle.car 0 0 0 1307.241389761548 435.6313892785854 1545.7818644727292 512.4023564850346 4.549 1.631 2.315 -29.13975655081199 -0.4934584457407273 14.662600276207998 -2.6976791853124826 1.0
vehicle.car 0 0 0 882.8281039263214 410.99090692840485 1289.6937073050126 612.7068005466656 3.996 1.945 1.809 -14.007578176794377 0.10405439998165594 3.2001776240759203 -2.713570583781703 1.0
