vehicle.car 0 0 0 59.674810058704466 433.44990472292466 295.55563364599715 520.6465009914657 4.311 1.664 2.012 -26.76379588752417 -0.4043418644367421 -12.921118036688243 1.9476762038169877 1.0
human.pedestrian.adult 0 0 0 867.9335707485127 398.45594726579 901.0005231331279 503.61804431038075 0.491 1.904 0.381 -23.03208542914226 -0.7656687401472084 1.6942389874727712 1.6613458665161316 1.0
vehicle.car 0 0 0 106.6086761443162 391.50389401048585 456.526494414709 535.2460349257373 4.927 2.102 1.914 -20.640472347066318 -0.5581407602035029 -8.2722699300562 -2.698596287939637 1.0
vehicle.car 0 0 0 1501.1351789126554 412.15459559156886 1754.6063322310995 540.8657860701262 4.381 1.559 1.789 -17.56724271232589 -0.3111827640601963 11.441053111995698 1.9555070483104293 1.0
human.pedestrian.adult 0 0 0 1077.1341434062203 415.4665142455495 1216.0523906562187 627.5335436660547 0.879 1.538 0.5 -9.51212576783582 0.19255611680970522 2.6764639516020536 1.6440195240983924 1.0
human.pedestrian.adult 0 0 0 879.4087233516775 409.04636059298025 920.4657327640883 513.6713321382181 0.541 1.767 0.576 -21.570879851229833 -0.5438599767468854 1.8541268592968727 -2.3217006773616866 1.0
vehicle.car 0 0 0 251.8268467768436 424.089702926083 499.5124573509228 519.4169551324495 4.616 1.684 2.158 -24.758523474956583 -0.4943980399659813 -8.025487082802488 -2.3457865457948284 1.0
vehicle.car 0 0 0 -24.57899683642791 433.62199282937877 227.572578476445 515.681524319509 4.774 1.626 2.002 -27.98923308706803 -0.4755419245294234 -15.18211211483549 -2.3217006773616866 1.0
vehicle.truck 0 0 0 590.893237232179 387.20948408931923 820.2268484246844 538.5746264562243 5.146 2.0 1.951 -19.335653487310296 -0.5257512508670366 -1.1227650057338256 1.9813066619448652 1.0
vehicle.car 0 0 0 -134.81144750609369 432.46358713223134 118.71413957853099 513.835906461515 4.537 1.635 1.91 -28.130065782456093 -0.5066085730093279 -17.72022598447609 -2.3217006773616866 1.0
human.pedestrian.adult 0 0 0 930.5966437972387 411.41894991632734 959.9597479666372 509.98490634563154 0.416 1.701 0.423 -21.951096325703663 -0.5634179233421561 2.6773072279061383 1.9476762038169877 1.0
human.pedestrian.adult 0 0 0 915.510051405856 401.7212200436625 946.3773918043709 494.22587508699775 0.466 1.67 0.472 -22.989478872009222 -0.8203078946558375 2.5420362769729383 -2.3036605306637945 1.0
vehicle.bicycle 0 0 0 964.2404363007064 450.00574095974616 1013.8442364244163 520.4972256180737 1.645 1.188 0.633 -22.605410113478136 -0.15690099823696274 3.5563791571196237 -2.3118980095361312 1.0
