vehicle.car 0 0 0 541.1197893775114 447.50803093832076 743.5615457880554 552.0195824948343 4.199 1.662 1.958 -22.47375440955835 0.043105506234280555 -2.540793451314336 -2.315154201596183 1.0
vehicle.car 0 0 0 -213.05358325433858 462.1315477473614 52.41899755947955 546.0667038182681 4.618 1.651 1.919 -28.231721589938875 0.18087180988531948 -19.396536134306345 -2.315154201596183 1.0
vehicle.car 0 0 0 -273.51049543507014 450.44101912120516 290.77819679885147 646.2945945537043 4.724 1.583 1.798 -12.867379726853693 0.38519045593817164 -7.594192341435299 1.9152076389358674 1.0
vehicle.car 0 0 0 212.87462881447627 443.6493530226126 674.4770650204501 673.4438968167161 3.963 1.592 1.952 -10.89328760071875 0.3863499633321216 -2.7253706222639233 1.9404483766550813 1.0
vehicle.car 0 0 0 1094.5593429195678 389.06809028160205 1604.03972343148 596.4646071150297 4.927 2.102 1.914 -14.173343875188454 -0.047524042841701614 6.131224840049904 -3.0910018523020604 1.0
vehicle.car 0 0 0 286.57510295429995 436.7700289487118 506.23893132711635 538.7382737366013 4.235 1.773 1.847 -24.13891960806066 -0.16563015014757698 -7.448115764699856 -2.315154201596183 1.0
vehicle.car 0 0 0 486.45338782391974 349.28977305506 1392.8564171745584 1308.6047642042133 4.385 1.765 1.844 -4.654301370262059 0.542539176607268 0.8605660400082819 1.9481699908515493 1.0
vehicle.car 0 0 0 689.2450457436701 439.2934948282288 876.774822724731 543.655110142689 4.537 1.635 1.91 -22.128219581812964 -0.10454190562681348 -0.02041432812954948 -2.315154201596183 1.0
vehicle.motorcycle 0 0 0 -128.28761912168014 506.22339313267867 362.61869467151695 765.1038206752763 2.622 1.233 0.758 -6.933021220039386 0.7108548395026819 -3.729888804977666 1.6334664847066254 1.0
vehicle.car 0 0 0 1336.8430428398024 436.1980643008365 1846.415627787251 758.1171604448572 4.783 1.581 1.691 -8.680224640836236 0.42561600235811814 5.003342499192657 1.9568144397379728 1.0
vehicle.car 0 0 0 1482.051739309958 398.17827115206535 4318.8183483495895 1864.0326378402558 4.064 1.589 1.742 -3.5298575544503836 0.6204892318931031 3.414225354396914 1.9568144397379728 1.0
vehicle.car 0 0 0 846.8855273449997 448.9514065578955 1018.2861911293637 555.8343855905864 4.774 1.626 2.002 -21.969933309051235 0.07213174908788306 2.590185770618802 -2.315154201596183 1.0
vehicle.car 0 0 0 -101.88085446410797 445.11162827723473 435.55374349377297 663.0444184874495 4.421 1.616 1.938 -11.742353447809435 0.3805557375702048 -5.445992539078528 1.9490223176732613 1.0
