vehicle.motorcycle 0 0 0 -172.43981938016037 585.0176567143984 826.8020864170479 1487.2134544216826 2.063 1.323 0.688 -2.699193058096848 0.9208066425485663 -1.017326760537594 2.8714670355475764 1.0
vehicle.car 0 0 0 -865.0418032633082 474.2400891990973 464.0180309833023 1025.3980846611867 4.992 1.526 1.721 -6.237230459734207 0.704426603162441 -3.827258436427719 -2.3187388206237127 1.0
vehicle.car 0 0 0 926.8291052241652 461.2817849736182 1102.9100422277056 574.9156613929453 4.071 1.648 2.105 -20.601011878603487 0.32071733984087075 3.7597096373279 -2.3327019511998808 1.0
vehicle.car 0 0 0 616.2537773181231 454.5626993815164 1036.6406447253846 709.4646417307514 4.724 1.583 1.798 -10.311890327652243 0.491436342851166 0.5868239268490867 1.890124709010487 1.0
vehicle.car 0 0 0 -88.63156546394258 446.9083944500519 414.4198000924495 649.857122690591 4.776 1.729 1.828 -13.246733910173987 0.4118123328348662 -6.239142610071484 1.923546017528663 1.0
vehicle.motorcycle 0 0 0 303.54189285828784 541.3726153356631 1045.276739446997 1069.9473426727047 2.212 1.31 0.739 -3.973323722927694 0.8451834677526553 -0.36750587416072955 2.9112944319486616 1.0
vehicle.car 0 0 0 1434.743294061493 459.8210985864847 1650.7431703478173 584.796258243111 4.774 1.626 2.002 -18.991157351860217 0.326347268240034 11.119106467682323 -2.3327019511998808 1.0
vehicle.car 0 0 0 -406.5989447158007 464.5994746718652 80.03964544396082 612.5406116015946 4.114 1.428 1.8 -14.535378594579493 0.40427820851123236 -10.740415998161156 1.9066686355576898 1.0
vehicle.car 0 0 0 626.1955879691822 466.13575103092967 817.6182620069566 563.951517823516 4.235 1.536 1.812 -22.353394398683793 0.31258032631142574 -1.1214056340345528 -2.3327019511998808 1.0
vehicle.car 0 0 0 968.3163257617916 443.8343935110945 1329.4568600718032 746.6374338921111 4.421 1.616 1.938 -9.097821272771382 0.4895019554611276 2.6859905681918628 1.923546017528663 1.0
vehicle.car 0 0 0 1406.3223052690198 445.97691462179347 1958.0525480490355 783.0376276817664 3.963 1.592 1.952 -8.117002998923251 0.5231398356393001 5.262091887376074 1.915066259771546 1.0
vehicle.car 0 0 0 172.1340418472234 457.6105952440091 575.5008162071457 649.3606736686417 3.723 1.602 1.796 -12.547150095287076 0.4576903054355185 -3.9525915615317215 1.8983543731628743 1.0
vehicle.car 0 0 0 485.34755427402223 461.5386379718159 699.1728274083669 561.9087077042842 4.341 1.71 2.119 -23.948343164187982 0.27345988998251386 -3.6664154624788647 -2.3327019511998808 1.0
vehicle.motorcycle 0 0 0 1569.1195032121082 561.2354523777389 2780.512729583212 1064.7142572286236 2.622 1.233 0.758 -4.1604624221854705 0.8987902779960266 4.17477619734645 1.6288679972588778 1.0
vehicle.car 0 0 0 1282.839482017457 459.46042573621804 1439.1223161633034 582.1194072637946 4.537 1.635 1.91 -19.25054476668771 0.31749626463672287 8.559652262433806 -2.3327019511998808 1.0
vehicle.car 0 0 0 -269.82001217312086 463.1800615823115 216.1422124600548 640.6330460564402 4.151 1.608 1.735 -13.743874796921848 0.4949670942081732 -8.65171514253233 1.890124709010487 1.0
