vehicle.car 0 0 0 386.1899662259086 457.9758710034217 583.5069443243386 535.3842685042038 4.398 1.677 1.969 -29.646202711403106 0.022127950349607017 -7.139519054186898 -2.4467585893322514 1.0
vehicle.car 0 0 0 76.5043560553813 464.1719568167831 270.3400021104085 525.3378583370876 4.577 1.563 1.903 -35.016879858271636 -0.0037290118907886693 -17.115546540195957 1.859058070739783 1.0
vehicle.car 0 0 0 66.45420593500253 469.56025667876065 424.76295709363376 592.1335427029554 4.173 1.409 1.863 -17.098044037432867 0.40797126421309465 -7.238725052061068 1.8474276254574207 1.0
vehicle.bus.rigid 0 0 0 -1719.0237451286926 -562.0407011821574 7.243133839591445 1299.9666826049804 11.115 3.414 3.013 -6.172560901269714 -0.28470800899798654 -8.787781431241077 1.6511607793953296 1.0
vehicle.car 0 0 0 743.262662613791 453.54752486331375 1104.3737134970625 653.4975080818916 4.514 1.626 1.872 -12.619420331073648 0.4294712106137991 1.5315865985669745 1.8360213520912483 1.0
vehicle.car 0 0 0 1320.0078824475374 459.7546577171212 1642.3248731337267 694.1983841886495 4.114 1.428 1.8 -9.916380675874912 0.45903475771148017 5.229774211318112 1.882912853382451 1.0
vehicle.car 0 0 0 37.11163856205468 453.955419782465 225.43748292054138 518.5908891166794 4.76 1.779 1.847 -37.12964701632327 -0.24667703921043094 -19.3892035486033 1.884701572689334 1.0
vehicle.car 0 0 0 501.03553024443426 455.73383636339173 879.6301158012038 635.4353674108785 4.472 1.638 2.089 -13.902349397483789 0.4161660713431622 -0.8987321014863707 1.859058070739783 1.0
vehicle.car 0 0 0 -180.96054143668263 452.251880177988 168.11856696759673 561.8154084519888 4.104 1.457 1.655 -18.89057414202229 0.13106567936629931 -11.811758522441682 1.841747614822773 1.0
vehicle.car 0 0 0 1475.0538679457607 440.47625206259556 1640.6742202845746 572.8005250028352 4.36 1.785 1.941 -19.317106221625853 0.12418161664345073 11.645619719696777 -2.422825419731935 1.0
vehicle.car 0 0 0 -4.922249424998198 462.7277784600661 763.1478662960122 845.6327183826519 4.316 1.572 1.708 -7.493017535412636 0.61620003190298 -2.0081411768331523 1.8488267926459567 1.0
vehicle.car 0 0 0 804.1521513809189 460.17433702411745 992.0351081661578 557.1292397717006 4.464 1.67 1.92 -24.163723189253798 0.21497518702800855 2.148586577884639 -2.422825419731935 1.0
vehicle.car 0 0 0 988.9096916214061 444.9255532440152 1330.900861644689 668.1984090553584 4.193 1.643 1.735 -11.447057765174934 0.4100896985811775 3.513374773693348 1.8066379970113324 1.0
