movable_object.trafficcone 0 0 0 251.51924946854794 667.200456543184 386.2707598917175 882.8776054226757 0.332 0.734 0.358 -4.928742381754319 1.0884669686430697 -1.8515097099514655 1.8785511807912298 1.0
movable_object.trafficcone 0 0 0 1551.7248697775074 650.1991001007593 1705.824127700977 926.5268015359553 0.316 0.759 0.326 -3.9275076871877177 0.9024589838894035 2.601285829482602 2.9069546942168367 1.0
movable_object.trafficcone 0 0 0 1426.0148444220602 571.6493871492077 1506.4108443814077 712.8279125303928 0.448 0.817 0.344 -8.001412369898176 0.9365379410445165 4.293157060063977 1.7691385335253624 1.0
vehicle.car 0 0 0 452.4426651410829 459.5550993323417 1087.397080441631 710.5997155874365 4.277 1.523 1.881 -9.164495672898168 0.5267742062309644 -0.24274736043636866 1.622487815441377 1.0
movable_object.trafficcone 0 0 0 1149.3675577433876 616.0405161656963 1240.7756678300912 757.4406668322188 0.327 0.714 0.375 -6.891030005017786 1.0543336506813126 2.203630756196565 2.1530493657790792 1.0
movable_object.trafficcone 0 0 0 600.5286160807022 725.4633352407371 730.2937485842631 989.704660679838 0.309 0.74 0.312 -4.11174153405261 1.1734120432142392 -0.4096099391070479 1.6419745958463006 1.0
movable_object.trafficcone 0 0 0 163.9221807852552 661.5156097863251 283.6445379939586 862.5847481838289 0.419 0.735 0.378 -5.318885408792389 1.1208858826710246 -2.3930061849785886 2.2475376555953854 1.0
movable_object.barrier 0 0 0 790.4908430421762 595.9572811815674 1701.4225105645814 1206.3439914374983 2.232 1.114 0.584 -3.4845261723161696 0.9370256276080577 1.1036869096698292 2.770570010082203 1.0
vehicle.car 0 0 0 452.1216938065661 451.1347694094583 595.456333325732 526.9195252195202 4.175 1.656 1.635 -29.70649429551516 -0.15376953906816915 -6.236876805079374 1.9821322624539714 1.0
vehicle.car 0 0 0 720.9486975284186 454.31121826956104 1021.0501831854601 559.0465257348782 4.699 1.608 1.403 -20.398695110037206 0.1854581853280156 1.2871249807935294 1.6075315890221296 1.0
human.pedestrian.adult 0 0 0 1168.415107044757 432.748516983274 1250.2708456105554 570.9164870124788 0.805 1.675 0.548 -15.703852224085596 0.09549298087247499 5.2045876211023785 2.377070531512958 1.0
movable_object.barrier 0 0 0 1352.7962608210603 476.11011610302324 1471.7696031064927 562.0073034130161 2.252 1.034 0.424 -16.423040983497817 0.31491444676728436 8.127976707187162 1.704185517550492 1.0
movable_object.trafficcone 0 0 0 415.76522804906085 683.8420584593762 554.3533300238878 934.6872838162982 0.348 0.788 0.341 -4.574369914736011 1.1301800510737292 -1.1124811764200355 1.8785511807912298 1.0
movable_object.barrier 0 0 0 437.85575571936806 450.676336483188 690.5141552200985 606.5459170440947 0.579 1.419 2.338 -12.200745915875972 0.3029331699452579 -2.1845971621695486 2.39031033723378 1.0
movable_object.barrier 0 0 0 1266.8189406641368 478.34506204355415 1318.1517153083837 559.0379724499834 1.962 1.012 0.614 -17.449454022651757 0.3274706436013931 6.941267132364644 1.917578954853048 1.0
