human.pedestrian.adult 0 0 0 1162.5748159308469 325.91664846905877 1283.4875783714401 562.0091598344218 0.583 1.861 0.742 -10.356018637077128 -0.40504756688951926 3.5407615112657536 2.926887713547603 1.0
human.pedestrian.adult 0 0 0 211.33663790706186 418.2462354743254 296.8626901169267 542.9932821140848 0.526 1.414 0.686 -14.610126998078703 -0.1467251709244834 -6.2500881756918885 2.38550082504344 1.0
human.pedestrian.adult 0 0 0 379.6227335515565 319.60696346622535 523.9529486327317 622.556583832843 0.523 1.953 0.769 -8.543073292326648 -0.15047440095242484 -2.3135538782681397 2.5643638965947755 1.0
human.pedestrian.adult 0 0 0 855.2997916875627 340.89748051989426 977.2612579371937 584.2780896983661 0.756 1.858 0.552 -10.025648760895164 -0.24052304656342846 0.9940688664569644 -2.735628840009369 1.0
human.pedestrian.adult 0 0 0 1085.930898415374 335.9551669362428 1177.859015336185 554.8832231871471 0.457 1.815 0.676 -10.762707719720774 -0.397736284683323 2.9142756493255875 2.373664650617645 1.0
human.pedestrian.adult 0 0 0 453.1541427930415 370.0104197630074 549.765019077608 552.1564131264189 0.514 1.858 0.762 -13.201368004699756 -0.3299178966637229 -3.0482350366785034 2.3774738159554563 1.0
human.pedestrian.adult 0 0 0 1011.0507960256442 337.0559729552031 1114.264665075099 564.2823130797318 0.58 1.745 0.683 -10.086905087368418 -0.34015511521411357 2.1607046765379385 1.6172230151168483 1.0
human.pedestrian.adult 0 0 0 1123.423263478093 338.8011492057074 1235.0286405847587 569.1336461711641 0.512 1.669 0.744 -9.457812918680762 -0.2858900998717122 2.9000985846857126 1.9820138149115145 1.0
human.pedestrian.adult 0 0 0 813.3070310502509 320.15034780778956 957.1298932977685 585.3501210426311 0.766 1.886 0.72 -9.453869856272927 -0.3001711550987014 0.7064145819814752 -2.688630929980498 1.0
human.pedestrian.adult 0 0 0 119.03421494839309 418.6870285671991 205.11200955982352 547.9106348064589 0.644 1.526 0.577 -15.235179912124963 -0.12413169327521334 -7.630508180404286 2.382263524013231 1.0
