movable_object.barrier 0 0 0 1344.5576448746658 446.0983744183655 1564.6892543514562 544.6940375911057 2.148 1.057 0.515 -14.034157326785817 0.302677651323809 6.940060854776959 -2.92181916743767 1.0
movable_object.barrier 0 0 0 489.1986589286855 451.1901159319013 644.0454572634154 536.2988429805081 2.136 1.153 0.552 -17.65617482182351 0.36110587894360646 -3.7040759072091234 -2.9048516007613774 1.0
movable_object.barrier 0 0 0 1227.0486156845113 446.6249108726898 1326.2091923869486 512.1900663944241 1.649 1.142 0.375 -22.356486502908012 0.21240986093546865 7.958936122060763 -2.8727971431185537 1.0
movable_object.trafficcone 0 0 0 1354.9754167040862 433.71066883775774 1416.9128601546347 586.1779327717865 0.426 1.317 0.411 -11.126279206208475 0.36515903157575136 4.933902607531794 1.7771028242741949 1.0
vehicle.truck 0 0 0 -641.6061902867087 -20.31639876293694 921.4317787676978 814.0315658706138 12.004 4.174 2.936 -9.54167342365823 -0.34932806325826393 -5.512755169251137 1.6135576166586745 1.0
movable_object.barrier 0 0 0 933.0563722407788 456.2703213794757 1138.6022574518825 557.5524697448705 2.453 1.198 0.528 -15.557326174139222 0.4736229816027941 2.545004045530184 -2.900989784637188 1.0
movable_object.barrier 0 0 0 1008.8067022211555 444.25025982684804 1122.0886662758999 503.3021871432066 2.039 1.082 0.448 -23.56382084202139 0.1200910021190934 4.423037930383652 -2.892989915202712 1.0
movable_object.barrier 0 0 0 1123.697659474399 449.33980288470764 1225.7082890737615 507.06066104646584 1.754 1.032 0.434 -23.073426075013558 0.19551894490036015 6.33783207021663 -2.816603110603138 1.0
movable_object.barrier 0 0 0 1329.7721173806265 448.17530918322456 1434.511044280165 512.0848232369269 1.636 1.083 0.386 -21.75081955168288 0.21959115374268776 9.55817405721219 -2.8970560923526163 1.0
movable_object.barrier 0 0 0 1555.1884341061982 454.86937729788843 1794.6792451560902 562.4755855138271 2.035 1.091 0.559 -13.344920685645802 0.42381045789137517 8.934044479504799 -2.925293269962329 1.0
movable_object.barrier 0 0 0 783.3119338780111 453.96413338242604 940.3268720613158 557.032540161923 1.949 1.284 0.548 -16.263196029220698 0.4794377541480319 0.4146545586831866 -2.901099068159496 1.0
vehicle.truck 0 0 0 225.33665406141753 390.50556277477386 795.6292750488132 628.1018816874042 5.109 1.994 2.029 -12.300818612453046 0.3431856847636622 -3.0905478007645675 1.6150117640929906 1.0
movable_object.barrier 0 0 0 1137.5757716141675 448.1289993019249 1339.887352404527 545.6566462304347 2.22 1.097 0.51 -14.744779131784288 0.3346454922754404 4.783818589305225 -2.900989784637188 1.0
movable_object.trafficcone 0 0 0 929.0006578543695 446.18040272380114 974.5361691443916 573.4047768649675 0.378 1.35 0.415 -13.55798345110079 0.45061861007840576 1.3224851398586175 -1.942804163158006 1.0
movable_object.barrier 0 0 0 1435.0286632650445 444.3848974613154 1541.2508236789342 511.09137484915453 1.546 1.102 0.401 -21.187824969258703 0.17354673860392694 11.099471566454259 -2.8970560923526163 1.0
movable_object.barrier 0 0 0 1538.8208007197868 441.6279662840596 1650.6798627884407 508.66482753730793 1.532 1.083 0.361 -20.69483677897105 0.12768161912744946 12.598377178910091 -2.8970560923526163 1.0
movable_object.barrier 0 0 0 629.5954938287401 450.7255373808935 798.5607761704346 544.4736588062628 2.243 1.219 0.536 -16.978426560495947 0.39678202747715224 -1.56964237423283 -2.901099068159496 1.0
