vehicle.car 0 0 0 1057.1768895367798 465.45157096590344 1230.3899521215737 522.4367389578233 4.034 1.411 1.876 -33.18415501865638 1.4480247909404618 9.317465469053479 3.1313064247544595 1.0
vehicle.car 0 0 0 464.49017839611236 434.52147692126175 577.7833421237574 475.53852750374244 4.359 1.666 1.89 -53.172453516532464 0.7185857336148822 -11.137845597304167 -3.134871987633307 1.0
vehicle.car 0 0 0 1538.5578669810427 474.2525188711206 1798.4866637712414 553.5194809775963 4.956 1.856 2.212 -32.07031087534772 1.8844853481164077 22.25432839661233 -1.5584208743676458 1.0
vehicle.car 0 0 0 1040.5029276474318 458.4903986639996 1220.1733776854915 514.9444797407664 4.579 1.525 1.842 -35.79153577380773 1.360955069158543 9.677768759649048 1.5561592269894344 1.0
vehicle.truck 0 0 0 -34.740980561904195 406.403085921955 370.39041632804555 535.7832302031887 5.743 2.044 2.375 -21.55425380387427 0.5456358505048512 -10.386790161002475 -1.5562693700733865 1.0
vehicle.car 0 0 0 332.07043288468384 439.1814575094696 503.5862139619758 514.1604813288518 4.453 2.136 2.221 -37.59342303393015 1.1346059817176564 -10.901072762468408 -3.122440277810586 1.0
vehicle.car 0 0 0 134.66119464976 423.5962744262553 398.68471758105557 513.7387774035299 4.795 1.825 2.036 -27.054986772370796 0.6472631497573617 -11.032389650891087 -3.134871987633307 1.0
vehicle.car 0 0 0 1151.012363996945 448.39729687887996 1427.3603259560798 542.7676913081984 4.551 1.712 1.969 -24.368482085898425 1.078864177657116 9.584826992542586 3.1313064247544595 1.0
vehicle.car 0 0 0 1094.4140098361952 456.01677312964426 1291.918393264936 521.8081390342849 4.054 1.466 1.844 -29.656076271171536 1.1710431082206645 9.471421628340382 1.556105873214273 1.0
vehicle.truck 0 0 0 -643.3330895654916 393.35273184872693 70.19265732867673 589.2793021486467 5.588 1.846 2.262 -13.297399626463022 0.5267289052392756 -10.98810174444888 1.5560616072090632 1.0
vehicle.car 0 0 0 209.40958897344663 458.91444590747176 445.8918005115745 527.8474964355299 4.78 1.513 1.928 -29.362147691423758 1.261491462893437 -10.581206680316392 1.5560755507407134 1.0
vehicle.car 0 0 0 274.5773526976326 455.79078921006936 478.88526320955975 518.7356726551126 4.525 1.521 2.048 -32.176802813971165 1.2305094918166992 -10.361400723650908 -3.134871987633307 1.0
vehicle.truck 0 0 0 -184.3105255977881 422.3088147174088 279.77776925820126 567.6620083868709 5.926 2.0 1.971 -18.870938634390683 0.8054677704361288 -10.911462510762592 -1.5580409217149223 1.0
vehicle.car 0 0 0 1123.6159347526286 466.8394449266647 1348.2351595510477 538.1661968293693 4.125 1.422 1.921 -26.98586729218043 1.3499814526852343 9.511894797202718 3.1313064247544595 1.0
vehicle.car 0 0 0 -259.9596939612494 454.79446941166503 200.91442822397192 583.6479416480706 4.612 1.466 1.937 -15.841789418848409 0.9614937934763844 -10.095773286783047 -1.5575042243252355 1.0
vehicle.car 0 0 0 1179.163735371605 461.26495478098985 1496.6351553140662 561.2663853346334 4.505 1.599 2.121 -21.60759448887981 1.217325502549825 9.317837970039657 -3.0897246659470916 1.0
