vehicle.car 0 0 0 297.26023968118113 449.30668172394627 481.3971851405097 507.1291593684428 4.488 1.515 2.054 -35.525022912037656 1.111718312783016 -11.10825479253934 -1.557027659000406 1.0
vehicle.car 0 0 0 -467.82383622493256 398.253290175289 78.01446156787253 569.851442438433 4.795 1.825 2.036 -14.92188208039826 0.5230488792735785 -11.36704847422395 -3.1193937730333268 1.0
vehicle.car 0 0 0 -29.491600359900787 454.1902160073729 280.7297147279321 550.8912166780875 4.516 1.609 1.921 -22.673809172050365 1.1267250844536973 -11.735659929564099 -3.0945441378396517 1.0
vehicle.car 0 0 0 -248.99518105503648 452.5381465623404 194.79707508843921 574.4377139821049 4.78 1.513 1.928 -17.286300056456426 0.9905228555438842 -10.961077150108583 1.5571603455111367 1.0
vehicle.car 0 0 0 -83.03038102288043 441.11598051831544 274.5638243514633 545.9512109137544 4.525 1.521 2.048 -20.070990941438126 0.8529597406076476 -10.829255055955361 -3.1193937730333268 1.0
vehicle.truck 0 0 0 802.0907261069937 400.9305983242765 843.8819304236193 454.96785162013066 10.675 3.888 2.99 -97.27438657270963 -0.6604659998389053 2.7555263751010397 2.082025219151248 1.0
vehicle.car 0 0 0 345.18239734521126 430.4452957732386 496.57660599633965 484.75736557922033 4.359 1.666 1.89 -41.06753726215724 0.6365914955186699 -11.836456815494415 -3.1193937730333268 1.0
vehicle.car 0 0 0 1582.7973435876522 470.3582996090984 2401.1673682299393 711.0981713785659 4.505 1.599 2.121 -9.781576245562604 1.0925804759278508 9.052983251627095 -3.074271905547487 1.0
vehicle.car 0 0 0 78.1514502127133 424.0861643763774 350.4825248845372 537.8816471969552 4.453 2.136 2.221 -25.46190996974245 0.8468266487439532 -11.410832579120731 -3.1069683051141803 1.0
vehicle.car 0 0 0 238.26446611742372 435.36793287038427 438.98567853368735 494.7618983885998 4.588 1.448 1.794 -33.010421601559905 0.7014872932298017 -11.637068332397975 -3.1193937730333268 1.0
vehicle.car 0 0 0 1175.8702507267715 471.45235462425876 1461.715064812302 563.7258128848704 4.034 1.411 1.876 -21.35684535732627 1.3111132522134228 8.892704070382589 -3.136393070780036 1.0
vehicle.car 0 0 0 1445.6806599439667 458.0025535000453 2056.7883535061037 652.7125914940061 4.551 1.712 1.969 -12.54328595070028 1.0878736255710912 9.341725957348682 -3.136393070780036 1.0
human.pedestrian.adult 0 0 0 935.0595862419561 429.07190045749667 960.2507777366195 486.83939801571853 0.839 1.778 0.734 -39.5047193123616 0.6231168392775304 5.039540325102502 2.0036926309578735 1.0
vehicle.car 0 0 0 1260.7576366590301 459.1809099647554 1615.2413968628005 573.1105033272174 4.054 1.466 1.844 -17.869066825157944 1.06330518011729 9.08657018384369 1.5569274562574007 1.0
vehicle.car 0 0 0 1341.5616205995163 477.54670604919556 1783.4001784021941 611.9675447933153 4.125 1.422 1.921 -15.194118679030325 1.2322901858799038 9.165857530610516 -3.136393070780036 1.0
vehicle.car 0 0 0 1137.149294019915 460.440147158238 1416.8169359553415 547.665496471494 4.579 1.525 1.842 -23.960314479338948 1.223577161857727 9.209415237868907 1.5573655037140366 1.0
