vehicle.car 0 0 0 341.01733809775715 407.11198912173194 581.4610436313262 508.1041769908372 4.453 1.686 1.824 -26.695372558758702 0.4198734363611338 -6.800398313026352 -3.1110935292353137 1.0
vehicle.truck 0 0 0 968.23996128489 410.028398997561 1036.5117665620166 480.5135953685234 5.899 2.97 2.102 -59.18088304869858 0.39606292807929655 10.028964546799532 2.115647578834273 1.0
vehicle.car 0 0 0 1028.1014135904181 412.438153701646 1205.5472395354711 503.4978283803474 5.415 2.629 2.089 -43.849746669719494 0.6997239004452319 11.39439793697191 3.073478028757764 1.0
vehicle.car 0 0 0 498.61713770615904 421.64863640524294 659.4887829187136 481.54453284517535 4.741 1.461 1.638 -40.13476993877161 0.44155904839373367 -6.544226893200564 3.073478028757764 1.0
vehicle.car 0 0 0 391.19806841643816 407.0105521535272 601.3478385596529 498.9563825969435 4.288 1.714 1.791 -29.358811359131575 0.35732154021804396 -6.689659805914972 -3.1358650542825686 1.0
vehicle.car 0 0 0 327.2033764026267 406.69358467731627 595.334094808769 515.0468294878264 4.442 1.565 1.738 -23.511091085790653 0.4297091465992694 -5.9568428852583 3.0568290240533678 1.0
vehicle.truck 0 0 0 520.0898693400485 409.68061308927554 689.8461632813967 478.6122134219438 5.717 1.955 2.042 -45.743396548015504 0.2403423189199822 -6.510383343484547 3.073478028758287 1.0
vehicle.car 0 0 0 -503.2839520579429 336.04344220797816 316.98103618304873 642.9579292932209 4.647 1.652 1.8 -9.32286324723637 0.3626325991340286 -6.193275831461344 3.0761722548219126 1.0
vehicle.car 0 0 0 46.51160512869637 378.9054425711235 489.6104464939798 565.2944282236369 4.329 1.688 1.768 -14.809679931655884 0.395080756983781 -5.921760107003947 3.0761722548219126 1.0
vehicle.car 0 0 0 505.8461324946534 416.335107749401 656.5008891800625 480.9970675847165 4.707 1.757 1.855 -43.047267409955495 0.3763064355741067 -6.947604603128906 3.073478028757764 1.0
