vehicle.construction 0 0 0 832.495794315844 365.30919564719443 1028.6319892404654 483.3659025622818 9.981 4.208 7.368 -54.28794356672888 -0.5494130426690325 5.788468927203873 2.083169414193052 1.0
vehicle.car 0 0 0 -220.0706293153116 381.4086726784204 393.5798783209353 606.4747931336263 4.544 1.636 1.707 -11.445307302464121 0.4645095200331859 -6.1429316596821755 3.109834895917748 1.0
vehicle.car 0 0 0 296.94958061187896 410.28481895002983 572.6795247904989 525.9935459798077 4.256 1.711 1.751 -22.07157203139 0.5036119830650255 -6.050330859605989 3.0889881924146323 1.0
vehicle.car 0 0 0 364.24009983351834 410.45981090175474 609.8330076351302 513.2932983610125 4.415 1.749 1.882 -25.369695045524676 0.4591492783467428 -5.924550688185688 3.0889881924146323 1.0
movable_object.trafficcone 0 0 0 1012.4428422679186 448.262290267644 1033.1054747004819 493.65517202955874 0.439 1.3 0.48 -37.19314647160989 0.9668545069294079 6.951705358347386 3.0889881924146323 1.0
movable_object.trafficcone 0 0 0 1170.0205454203117 455.6074334882983 1204.2393102489837 516.537615169859 0.516 1.297 0.505 -27.872102111351403 1.0553649934233498 8.835176602587504 3.0889881924146323 1.0
human.pedestrian.construction_worker 0 0 0 815.1833827629303 431.66591273598874 848.0169371676117 471.1336836964447 0.789 1.755 1.19 -58.62146727291518 0.622213457675994 2.0849632053762006 1.808604248041508 1.0
human.pedestrian.construction_worker 0 0 0 807.8656128913573 430.21317040563304 826.0315537457823 470.28369455215477 0.542 1.858 0.69 -59.970525038900526 0.5786365505852459 1.435854433903381 1.6169698771543608 1.0
vehicle.car 0 0 0 -627.737886839279 357.09213686946634 236.94391881168463 686.6658524121597 4.529 1.777 1.695 -8.625247681031837 0.510061622686229 -6.430338579414614 3.11281509326035 1.0
vehicle.car 0 0 0 198.85156132107974 412.48086897522745 516.015932772703 542.6938892867616 4.197 1.692 1.864 -19.57029830440901 0.580966752514602 -6.5350348748143325 1.5756788056154676 1.0
movable_object.trafficcone 0 0 0 1078.292500173995 455.4284477463952 1110.6900644275452 513.2673327253667 0.546 1.279 0.49 -28.976996370912417 1.0583385153449445 7.060103693280272 3.0889881924146323 1.0
movable_object.trafficcone 0 0 0 1044.6400717214804 453.10212575497155 1070.4191128929053 505.94712398049006 0.471 1.293 0.471 -31.890558939038346 1.0441461219736694 6.837598103268592 3.0889881924146323 1.0
movable_object.trafficcone 0 0 0 822.3260023295206 456.1363055113445 834.972392684968 477.626111240038 0.425 0.791 0.438 -48.42589886696909 1.1059740029042249 1.6104933806785737 3.1305773437188567 1.0
movable_object.trafficcone 0 0 0 1029.6790708346766 451.3906364167551 1052.7359454528344 498.15215083949164 0.477 1.283 0.481 -35.74149964722093 1.0367355291377511 7.20179962053044 3.0889881924146323 1.0
vehicle.car 0 0 0 -1270.5234804368667 391.70853176934247 109.1398684172578 818.4338728818329 4.386 1.422 1.854 -5.872901086545415 0.6464283913673038 -5.872111628954933 3.11281509326035 1.0
vehicle.car 0 0 0 -5.761500761837396 400.3620602475753 450.7322859236741 573.8019547469705 4.253 1.584 1.692 -14.075772634174651 0.5113206076591961 -6.135592671684711 3.100931698594291 1.0
vehicle.truck 0 0 0 548.4056888172952 411.5750810937112 619.7734900851115 468.04425828979356 5.471 1.913 1.96 -47.86623694534008 0.048211403610597725 -7.60068123589529 2.1557152221903007 1.0
vehicle.construction 0 0 0 1080.583457777859 396.6188558002313 1287.286416109108 507.0061472016152 5.996 2.78 3.928 -37.22411772162226 0.36056662746035406 11.46870356389073 2.145184825810146 1.0
vehicle.truck 0 0 0 387.7794682407895 408.15550569672706 663.3150643239458 508.2188809509335 5.546 1.825 2.211 -28.00747699560279 0.4251874309533 -5.676176018049653 3.113615570727129 1.0
vehicle.car 0 0 0 637.5653131260992 423.4973206249471 708.4975804242647 452.3471317295595 4.621 1.761 1.918 -89.17171181927458 -0.005838062746138961 -8.004763027051403 3.1108478146561396 1.0
vehicle.trailer 0 0 0 842.2518487591468 387.08095505682627 924.511583951233 467.29321461900474 14.832 4.013 2.67 -72.82929777350955 -0.6077278096795229 5.337771060943857 2.158403162582415 1.0
movable_object.trafficcone 0 0 0 883.9668468566672 445.96926753138735 904.8624628800771 486.36893724175445 0.489 1.262 0.521 -40.603753325397754 0.9023697748073193 3.465463311641697 1.9806668416293949 1.0
