human.pedestrian.adult 0 0 0 1500.9795709586915 468.6217962191083 1557.6900949852825 555.88911982244 0.613 1.807 0.787 -27.00711827512903 1.577811168848426 15.876681743745456 -2.0355602200743608 1.0
vehicle.truck 0 0 0 -2759.3586570424295 144.37962140763955 244.34877559001043 1517.0830978136967 5.251 1.871 1.923 -4.422554533826613 0.597785581655263 -4.005884651554144 -2.053609796001685 1.0
vehicle.car 0 0 0 1514.8425376050427 425.2514643126709 1860.7087520120915 582.4936769329566 5.606 2.988 2.449 -27.129187570626073 1.370654020665609 19.197266632444087 1.5554247663593932 1.0
vehicle.car 0 0 0 1115.923217882016 426.92270297029967 1488.0429653548456 565.7622677243289 4.594 1.744 2.021 -18.59606806334776 0.8318517273841725 7.457106941738821 -3.0786228939013913 1.0
vehicle.car 0 0 0 965.4082470985873 414.7800962655818 1153.073442746118 499.1349311628607 4.589 2.066 2.279 -34.983266443884325 0.5269783990617618 7.472933837007504 1.5562133744240878 1.0
vehicle.car 0 0 0 1255.5970350779503 433.0892954561859 1789.179143594946 620.1132174483629 4.303 1.6 1.981 -13.02129986682925 0.8603833298029594 7.384501826561247 -3.103494831056178 1.0
vehicle.car 0 0 0 378.0889224782081 425.0331700652015 498.81842489170174 503.53386886374113 4.392 1.728 1.81 -31.214316196333517 0.6370812728761177 -8.500646143343356 -2.043823744558968 1.0
vehicle.car 0 0 0 1340.885681646786 432.4263786933703 2068.7615451058637 674.6252352685495 4.497 1.635 2.172 -10.567247191005753 0.8883932186412622 7.392242008127057 -3.0910579149682818 1.0
vehicle.car 0 0 0 447.29947865879757 424.4942538638075 543.3262250997965 480.8458877252257 4.609 1.542 1.772 -38.5282435146498 0.4582898163042077 -8.801693975828776 -2.0641495751766508 1.0
vehicle.car 0 0 0 249.92531836009778 421.77830406344214 426.1497228413978 513.2230168431632 4.749 1.516 1.76 -24.329082723273764 0.5486720770447655 -8.47523284859664 -2.043823744558968 1.0
human.pedestrian.adult 0 0 0 849.0394973101143 438.0615792212739 859.2841978191046 465.4298528960606 0.637 1.821 0.532 -85.34746419265775 0.9324185602516478 4.562009516771958 1.9991884322435878 1.0
human.pedestrian.adult 0 0 0 873.3520416169007 419.2304815727848 899.4928668875721 475.98713947429854 0.709 1.869 0.796 -42.64154130432272 0.32799842337772517 3.370229103389191 -2.1106511224884468 1.0
vehicle.car 0 0 0 515.6110585412638 421.62426879255054 589.354438982844 469.0410724831469 4.578 1.699 2.113 -49.91647673864045 0.31116087337486403 -9.189245404862174 -2.0441516234818913 1.0
vehicle.car 0 0 0 1171.2672217667878 387.5516853165016 1633.9183855976369 580.2135522034213 4.606 2.015 2.101 -15.504819372135925 0.5484255951116608 7.397239115436288 1.5573043891858642 1.0
