vehicle.car 0 0 0 1057.1192295928688 440.8395375957254 1171.2453268716595 477.02312079390396 4.58 1.485 1.979 -56.873377653617695 0.9309622437805911 14.706862104793789 -3.1125875647260894 1.0
vehicle.car 0 0 0 1330.6284027040167 469.29257152866774 1442.379810309245 504.5349371916529 4.222 1.446 1.852 -58.0458753995279 2.235343985387869 27.52881134459331 -1.566641279412254 1.0
vehicle.car 0 0 0 480.0007591275442 426.56953598925145 567.5858835360743 461.36369639534865 3.814 1.531 1.897 -60.03330303744639 0.28371794249431986 -12.460018860511903 -3.075410885701679 1.0
vehicle.car 0 0 0 1418.9106856202513 460.7528319027175 1569.7874924935143 513.0664015916395 4.723 1.859 2.042 -49.546128885341965 1.8972518894401689 27.701964251698655 -3.136628067976517 1.0
vehicle.car 0 0 0 1302.5691908219662 464.58597608805445 1407.4369737445186 500.44303254965155 4.202 1.564 1.823 -60.91839611276186 2.1343810919138684 27.376859884633408 -1.566641279412254 1.0
vehicle.car 0 0 0 1101.0896534681626 422.17557664619744 1392.4907383235018 537.5539466489879 4.434 1.849 1.808 -22.22245657309617 0.7188940704489541 8.020539246800352 1.570942366411165 1.0
human.pedestrian.adult 0 0 0 1003.679323930092 425.7601058401759 1021.7559479405348 475.5905394969882 0.637 1.821 0.532 -46.8014070079316 0.4683350985707084 8.374990546008528 2.084553940818835 1.0
vehicle.car 0 0 0 1094.9718567849454 447.84075483952364 1229.2897314142479 495.1454067106714 4.639 1.697 1.982 -49.626582841914654 1.2988253416945854 14.704475000776918 -3.1104977707328256 1.0
vehicle.car 0 0 0 -75.16529902668492 431.5493734742622 301.61410781274145 593.3142294185793 4.755 1.57 1.86 -15.013692054605729 0.754624612953116 -7.653155864604903 -2.083519213757456 1.0
human.pedestrian.adult 0 0 0 783.993909468429 432.28556608730736 797.9252568283331 456.5654172428042 1.004 1.835 0.749 -97.12208663355146 0.4945168986407088 0.3272833241306918 -3.105906116104588 1.0
vehicle.car 0 0 0 926.3924024789643 423.4123373205315 1038.256590083352 502.8198747430109 4.681 1.815 1.844 -31.92296171137335 0.5967688207126746 4.84443983311145 2.1359117636048213 1.0
