vehicle.truck 0 0 0 1031.5903084443858 339.7709867342166 1255.108264706319 451.85758425101045 10.768 3.95 2.578 -50.098302952493285 -1.5101257961994545 13.745144528855581 1.895178498152764 1.0
vehicle.truck 0 0 0 890.6456729955102 393.01048262276106 1000.0963409818286 447.3068589085142 9.94 3.814 3.464 -94.300561482569 -1.2775608909161198 11.683288713047958 2.3542231574679793 1.0
movable_object.barrier 0 0 0 1141.0133017741443 427.5225222785178 1250.1666011955215 458.2551951216246 2.973 0.864 0.61 -36.899038934345405 0.14089188250639523 11.932699770021388 3.1212869462623924 1.0
vehicle.trailer 0 0 0 336.86955337294467 391.5950497226018 569.1687757920799 449.9079362125926 16.44 4.088 3.187 -93.93773010952249 -1.2311270201251598 -24.56092035944219 -3.004642506670753 1.0
vehicle.truck 0 0 0 1174.3115630829814 335.4960686913612 1414.294416639651 457.20904914888587 10.477 3.998 2.437 -46.95881276005729 -1.386733312632178 18.425568615046586 1.946627858149812 1.0
vehicle.truck 0 0 0 823.6659315183167 412.79555808197085 863.3083138580818 452.3951163774485 5.532 2.057 2.057 -68.92745360438352 -0.28708590259891387 3.065483197751121 2.081811459354615 1.0
vehicle.car 0 0 0 186.6938050144096 421.76824421853536 339.61453630773093 471.5515195767633 4.994 1.806 1.904 -47.73666751340012 0.32418718234369426 -19.71635208963975 1.5760796027000135 1.0
movable_object.barrier 0 0 0 1034.8354369914698 428.23791041354826 1142.0640466271218 459.0098910839851 2.979 0.867 0.647 -36.99872464561939 0.16252650073486952 8.825391336302186 3.1212869462623924 1.0
vehicle.car 0 0 0 768.6144858580927 374.34291098307983 843.8165331928436 475.9878001154694 5.241 2.808 2.066 -37.728637278800576 -0.36108190417156516 0.5610835742307565 2.0964424619106907 1.0
vehicle.truck 0 0 0 233.63976285102137 405.9790588070659 302.11955592685626 453.5563170117416 5.687 3.2 2.367 -88.32206542600785 -0.5613307065862405 -36.2086693720496 2.097788339597402 1.0
