movable_object.trafficcone 0 0 0 461.23106015335003 481.29365757468855 478.96675380998073 517.3780979055609 0.329 0.761 0.436 -27.213692826577528 1.3185132217383098 -6.820598567572055 -3.0277708251953017 1.0
vehicle.trailer 0 0 0 328.3986266165845 333.61540516279524 495.32192485841483 499.0809383300804 8.893 4.009 3.0 -35.18169026335864 -0.4612361492993211 -10.136862432788565 -2.160727564619238 1.0
vehicle.trailer 0 0 0 674.1391251863082 313.35388589402163 933.399607031879 487.26531611290284 16.956 4.594 3.039 -41.8529828415385 -0.885653051210366 -0.2028890771923165 -1.9044396143321638 1.0
vehicle.truck 0 0 0 65.80742417073733 379.8010099962102 188.62042150011612 481.0523628308154 10.1 3.86 3.252 -53.43501353835028 -0.21821566550514804 -27.645781458905205 -1.8960376109881523 1.0
vehicle.trailer 0 0 0 645.8511988882462 370.93599956912584 798.7663074565038 460.1431791730995 13.766 3.902 4.116 -62.48068316683784 -0.8903240248853851 -3.5413443294985703 -1.913325435589769 1.0
vehicle.truck 0 0 0 827.9589110750192 328.65329887400134 1031.120624161324 503.97092314246606 5.106 3.943 3.108 -31.311589261966038 -0.44801622800658214 3.3909341532301767 -1.903900173475047 1.0
vehicle.truck 0 0 0 587.2207622062692 380.62108380633936 659.7967086248268 449.880788062852 3.624 4.006 3.337 -75.79513991144782 -1.3009447581225122 -9.819117040368667 -1.8476001419170833 1.0
vehicle.truck 0 0 0 1452.8805209633308 370.12989182354596 1586.4316365281086 518.7438964971232 4.008 4.352 2.888 -39.43884108144662 0.22092163186416452 22.92010902065306 -2.539645505673912 1.0
vehicle.trailer 0 0 0 547.183778465025 380.1693850224362 637.2324106140998 446.433404613327 14.12 4.075 2.822 -86.38549871810734 -1.504183104246536 -13.515822535924714 -1.8744739079365003 1.0
vehicle.trailer 0 0 0 1449.6156648407075 360.5377243128991 1625.1809349448895 499.1524383207763 13.369 4.256 3.802 -45.21916243355743 -0.15728160736481822 27.16723056072787 -2.5008780690559735 1.0
