movable_object.barrier 0 0 0 32.679785082971094 452.6053502694613 83.77738769948849 500.90673345184973 0.514 0.892 3.03 -26.27670215230652 0.7808324683892347 -15.178640954819969 -2.6788430444034628 1.0
movable_object.barrier 0 0 0 53.48628447661802 456.616848902691 110.92693063002795 509.78466188575953 0.53 0.874 3.159 -23.917370221760542 0.826436967196326 -13.367593724294075 -2.689597668277429 1.0
movable_object.barrier 0 0 0 80.71455965503218 460.7252801182787 140.76037103469415 520.4926510235426 0.48 0.864 3.132 -21.38692414430632 0.8579050523593779 -11.474460498999914 -2.701558354351282 1.0
movable_object.barrier 0 0 0 17.256745400686963 449.49644251339834 54.22634725087616 490.24496878123875 0.444 0.825 3.3 -28.872979614564297 0.7052875231270728 -17.187158144245277 -2.704073479490778 1.0
movable_object.barrier 0 0 0 187.13470487875574 481.44672637623916 370.96657331646253 578.2048352547482 0.509 0.846 3.066 -13.694741382466423 0.9501847964240584 -5.564570330199131 -2.5464074083691095 1.0
movable_object.trafficcone 0 0 0 315.9891918834447 438.2489275035597 379.52516494594494 574.3616658783371 0.345 1.332 0.547 -12.59743135160631 0.6709628047323564 -4.373288761664839 2.1997080230465134 1.0
movable_object.barrier 0 0 0 149.13595105081023 470.8038600043307 238.85176260625744 556.5413245509797 0.462 0.879 3.179 -15.925893627933828 0.9061160878130091 -7.51590515704653 -2.7065111777499222 1.0
movable_object.trafficcone 0 0 0 643.9455772599774 432.4383987460232 695.086600674986 563.3288571702267 0.504 1.366 0.41 -13.439535405892656 0.6258324661061994 -1.2502111106465743 -1.587881200142311 1.0
movable_object.barrier 0 0 0 107.36038704738345 466.27421626125647 184.49128854393393 536.6928215653021 0.486 0.849 3.431 -18.592146808148104 0.8921796997830815 -9.471736631403608 -2.7021089842029653 1.0
movable_object.barrier 0 0 0 2.9646641989897304 449.42649015995295 39.47383427352548 484.7300209455411 0.486 0.788 2.973 -31.437432329979902 0.7055596509347006 -19.071011959259824 -2.689597668277429 1.0
