vehicle.car 0 0 0 410.6605828672875 405.2535832014537 600.1990215517854 525.1325208242677 4.906 1.851 2.054 -22.107103814852938 0.45775955618601893 -4.7413305578971245 -2.102337263183924 1.0
movable_object.barrier 0 0 0 876.9069893574128 457.63092768980476 912.6292341645398 505.1306824784335 2.992 0.972 0.559 -27.511248344932174 0.9169809722880985 2.3337032645666844 2.0815138786740865 1.0
movable_object.trafficcone 0 0 0 1072.1783826662788 455.487967812556 1082.0381324873874 496.6587042477926 0.291 1.361 0.251 -41.954115356032084 1.2628802374905344 9.648384747585329 -2.0696043728681 1.0
vehicle.car 0 0 0 34.52167918614041 412.52968779601923 331.5890434111766 563.1050716211952 4.309 1.645 1.961 -16.031302992846836 0.5820742903811358 -7.4000250153652125 2.13552830361908 1.0
movable_object.barrier 0 0 0 1027.917244018609 515.0115647288669 1204.4786498871467 688.6395051374461 2.935 0.958 0.575 -9.46609801206 1.1266264912718347 2.367867872087838 2.0856498306797153 1.0
movable_object.barrier 0 0 0 938.8327028165396 479.4924170719223 1019.3289033053999 571.0261328222329 2.963 0.956 0.583 -15.481483005750576 1.0157692530150237 2.3116179795752494 2.0793691253263926 1.0
vehicle.car 0 0 0 211.26436290664356 413.38137584402887 435.5656572190137 536.6779742843636 5.029 1.834 2.017 -21.44006124614243 0.5920461002399642 -7.639300422408264 2.100155551986944 1.0
movable_object.barrier 0 0 0 1178.2855809795847 462.1502657380196 1275.6020554496522 490.7638080568836 2.951 0.907 0.668 -41.45331080769849 1.2584186615406225 14.438019378609784 -1.556198971264564 1.0
vehicle.car 0 0 0 -231.7964011846666 413.03726525638115 37.49023434649419 519.5316420095153 4.266 1.7 1.773 -22.439712461768856 0.48589468854592005 -15.476602976533025 -2.081530062623126 1.0
movable_object.barrier 0 0 0 1312.5839816347652 654.7253155860061 2564.1771773698238 1633.1659987050307 2.987 0.91 0.598 -3.2965759820526293 1.2590905144714455 2.260066184663067 2.075505318087618 1.0
movable_object.barrier 0 0 0 866.5756393809951 457.3595898312217 933.111901367496 489.0621773399414 3.284 0.869 0.526 -36.298929506357204 0.9978903245652302 3.2866295376072054 1.8083484077775829 1.0
vehicle.car 0 0 0 -192.3033084711393 429.8347031429201 147.77311416138517 569.8233254966701 4.166 1.563 1.697 -16.295437697758686 0.7260399963983787 -10.156629399957266 2.0903156596738253 1.0
movable_object.barrier 0 0 0 971.7686082822812 493.4515081726315 1085.4767856223061 611.6402978813516 2.954 0.936 0.565 -12.453841708609739 1.0602658773961144 2.319817142092525 2.0871431520598183 1.0
vehicle.car 0 0 0 270.4731571275479 426.77060494708434 501.8590153531164 559.665192380473 4.46 1.534 1.933 -16.898528817700136 0.6763213285283158 -5.148691884860521 2.129964883559503 1.0
movable_object.barrier 0 0 0 914.6958719312294 472.1296058451494 978.7563035321641 546.0180374963402 2.994 0.956 0.577 -18.545173641886976 0.999869874552632 2.3125644544795634 2.085792272511468 1.0
movable_object.barrier 0 0 0 899.1796583842436 468.3923052290037 950.0263420186699 530.2105635886968 2.886 0.949 0.585 -21.473451606164286 1.0069998236755835 2.3163496563794066 2.0815138786740865 1.0
movable_object.barrier 0 0 0 1083.8579825054526 461.52841373418903 1180.53422192376 491.31459713402813 2.996 0.947 0.642 -41.51368265326024 1.2590538969781107 11.344901883793392 -1.556198971264564 1.0
