vehicle.car 0 0 0 1163.8288562493412 391.9574871967932 1385.6069969517662 567.9317225969281 3.689 1.912 1.871 -15.703807677577009 0.4870724707593186 5.89418492317849 -2.1967283932566657 1.0
human.pedestrian.adult 0 0 0 388.00210178570063 400.2089624724853 469.9803304481009 532.4773797928227 0.839 1.79 0.911 -17.59303167662265 0.39005360806822453 -4.969558033174536 -2.0971111806005895 1.0
vehicle.car 0 0 0 849.6852921547716 419.34213606251393 894.447704066281 456.27039166722443 5.262 2.164 2.258 -77.44543495590747 0.02260774352741901 5.2793479196807676 -1.9929939560678136 1.0
vehicle.car 0 0 0 1111.0408494028636 423.25005370369246 1278.7785690670905 538.7033422977813 4.67 1.738 2.01 -21.48166921356449 0.6854451256741396 6.779907995441946 -2.1882251064957634 1.0
vehicle.car 0 0 0 1098.9530276672758 417.0538476761163 1192.019729205563 502.8398120808096 3.926 1.836 1.748 -29.162072604490966 0.501322661476259 8.208222971496001 -1.9695417464741638 1.0
vehicle.truck 0 0 0 1011.2484097545469 381.1271134715839 1074.8555702335943 448.7608407901222 7.87 3.637 2.997 -73.05353673026073 -1.2242127108709056 14.727523284800398 -2.0092709528448047 1.0
vehicle.truck 0 0 0 515.2055051382661 368.9412404798911 714.265374106272 496.71932281023726 6.06 2.514 2.726 -28.148434590796075 -0.05691854374167066 -3.6155450291875515 -1.9904146873439759 1.0
vehicle.truck 0 0 0 -354.8366739979001 381.5311765802863 172.12214254316416 556.4132239748216 5.588 1.99 2.311 -16.086032147444204 0.3972906016145727 -11.070475099073938 -1.56956478771985 1.0
vehicle.construction 0 0 0 686.4748858034179 397.0404901016486 799.2127017771319 483.26798570782694 7.246 2.671 2.468 -43.08074468747128 0.11649482949354417 -1.3453124466723305 -2.187476925915454 1.0
human.pedestrian.adult 0 0 0 288.9649842372797 396.41838883460844 389.99156084368036 531.8470087234751 0.876 1.857 1.131 -17.854705048638746 0.364686412581901 -6.304965668232513 -2.1056029465547255 1.0
