movable_object.barrier 0 0 0 1056.1730504397967 533.8465937760917 1340.9463225139368 798.4254424131885 2.992 0.972 0.559 -7.052866072351095 1.1173349849289953 2.1330687507702435 2.1029572681646798 1.0
vehicle.car 0 0 0 -101.0465774108483 431.11518339173927 240.43335611773847 586.0519593436753 4.047 1.484 1.631 -14.251815244650828 0.7123531677299111 -7.813388233622746 -2.0614826784241 1.0
vehicle.car 0 0 0 -457.07050752341104 392.7947197895884 15.773369939452142 583.8456857936833 4.218 1.747 1.849 -13.782391534735583 0.4955190911235421 -10.591596354658993 2.1114660572716595 1.0
vehicle.car 0 0 0 1141.3710561169935 433.66947807092447 1235.43499118508 469.9921942068685 4.753 1.522 1.968 -55.294830135987176 0.6238943292886769 17.62785860420833 -2.57898551991732 1.0
movable_object.barrier 0 0 0 1329.1741381615805 487.8989899307446 1530.3181143383085 548.887975549671 2.996 0.947 0.642 -21.04887368309907 1.3311476442141679 10.690031828089927 -1.5568481272121169 1.0
vehicle.car 0 0 0 144.96695255532234 423.77740536571264 437.9847517452022 577.7889169163799 4.363 1.455 1.862 -14.234551479509742 0.632200996548141 -5.32011075370444 2.138662816423107 1.0
movable_object.trafficcone 0 0 0 1175.179371393538 459.59530367698846 1205.0754123128365 558.8134535839449 0.387 1.316 0.265 -17.003656863111384 0.9510423419055 5.430265498827345 -2.069350077375071 1.0
movable_object.barrier 0 0 0 976.6935194168808 506.108001423522 1128.7169646110774 664.9409158822168 2.877 0.96 0.546 -10.037764271247207 1.0821576815495915 2.0287121527334095 2.1029572681646798 1.0
movable_object.barrier 0 0 0 1207.7708625748817 560.2669597251593 2013.9516218435956 1181.0616845937716 2.976 0.975 0.603 -3.9947358153161066 1.0013249456650133 2.133111145147301 2.092720603464157 1.0
movable_object.barrier 0 0 0 929.4613076577585 492.020960492619 1032.8193020999643 604.7128975313012 2.75 0.953 0.54 -13.011228669479598 1.0760817925781068 1.9480489268045733 2.1132508825252625 1.0
movable_object.barrier 0 0 0 927.1029934948483 489.14548340673304 1063.5125707814188 570.9403035494005 3.284 0.869 0.526 -16.021515435275376 1.117755015703252 2.7159121503991313 1.8093610634458637 1.0
movable_object.barrier 0 0 0 1520.3426939945184 507.7361235931889 1727.1331862334298 567.2869689549356 2.951 0.907 0.668 -20.972121305009324 1.6436948855673532 13.870831144988122 -1.5568481272121169 1.0
