vehicle.trailer 0 0 0 1135.3758060193618 380.5340701607757 1505.897295279868 522.3063182960428 12.158 4.283 3.129 -41.6672674105853 0.5416532158188007 17.68425688752827 -2.901209810849986 1.0
vehicle.car 0 0 0 -239.71999147689056 393.48683816224434 129.23514919427458 549.1986900419859 5.755 2.892 2.015 -25.299800791540278 0.6877379490814644 -16.595468399077546 -2.905713758584083 1.0
vehicle.truck 0 0 0 -206.6672831226441 390.5445614321927 155.98609764239305 539.532609820282 8.057 3.881 2.405 -35.16717349485737 0.7991634528681577 -22.28374988744788 1.5812580178753688 1.0
vehicle.truck 0 0 0 -96.1984845590764 392.27718741649124 226.33469672335755 509.2200510752299 9.695 3.924 2.746 -45.64543931832315 0.5275477534634883 -25.71204220938118 1.5897551901719016 1.0
vehicle.car 0 0 0 1148.0520877424865 420.5516275223057 1531.906422674705 577.9820901187448 4.909 1.873 1.996 -17.678397465402867 0.7611542181781081 7.457373145982688 -1.8725272344548909 1.0
vehicle.truck 0 0 0 868.0977571253082 408.0313996902468 975.9787373730582 484.58600679026114 4.056 3.404 3.207 -59.029714239709875 0.40508843466725625 6.285495938794722 -2.935073485034505 1.0
vehicle.trailer 0 0 0 927.9365745982208 406.7302736819436 1139.0350448840882 503.0358731360442 10.726 4.687 2.638 -65.22073636826424 0.9271289445889359 12.788045339587788 -2.897158308014056 1.0
vehicle.trailer 0 0 0 1261.7361385821296 354.5236243402702 1561.7375675411918 509.020230550876 8.109 4.232 3.13 -37.63653832647963 -0.09278266073663743 18.6076810420119 -2.9001657697545227 1.0
vehicle.truck 0 0 0 158.7599474847148 402.9921594644341 281.5102289911579 510.03673490326145 5.433 5.201 3.703 -64.2044167126458 0.9649428501331552 -28.808423097842827 1.6139731317353805 1.0
vehicle.truck 0 0 0 -15.108928623408161 422.09373677005027 185.11892632568092 531.2055495227332 4.969 3.183 2.317 -38.74447454427997 1.1883574868210096 -21.375859362254623 1.5892532520255784 1.0
vehicle.trailer 0 0 0 990.861941068811 277.3826059612047 1555.4165000641642 568.4099477160088 14.095 4.889 3.136 -28.34792509009009 -0.19016643220006746 9.580470479173217 -1.879893373341666 1.0
vehicle.trailer 0 0 0 1432.575847054035 313.2944016152922 1867.1682205642423 519.3033596584285 10.089 4.359 3.256 -29.990520319873934 -0.34059488600008125 20.54435647782246 -2.87553135102553 1.0
vehicle.truck 0 0 0 1431.7823901057857 305.5841970130077 1805.727979783664 570.8730314142674 3.739 3.689 3.149 -19.85902738449781 0.044790981111512196 12.9114300643259 -1.882755867130884 1.0
vehicle.trailer 0 0 0 975.0916926094256 403.3439585640298 1185.6772209537664 501.8656315760875 9.801 4.501 2.836 -61.380916691206274 0.7582120447536584 14.285171228959914 -2.916536679335742 1.0
vehicle.truck 0 0 0 850.9968706891779 412.17614917307355 945.4199411097026 482.3585018444091 4.028 3.356 2.363 -62.94023970734477 0.4773533939903831 5.540285000447102 -2.9094874391636143 1.0
