vehicle.car 0 0 0 1075.679125478578 411.75562031263405 1154.5543942017675 453.35973430971126 4.759 2.775 2.177 -86.0782393884989 -0.38672298069144184 22.35459281136113 1.5921169924321683 1.0
vehicle.truck 0 0 0 1277.0190770433635 364.3416144911558 1462.9012233030987 489.2570966846245 4.028 3.356 2.363 -35.28700795972683 -0.31779381862125733 16.22156307724664 -3.080872717058008 1.0
vehicle.car 0 0 0 165.81928220517977 449.9255700541905 312.37470647849017 502.33271333683433 3.996 1.581 1.562 -40.343829099464664 1.2042336518855268 -17.44326192363102 1.5923750357366382 1.0
vehicle.truck 0 0 0 604.3132363143006 378.78875167820445 664.0808817711659 473.96309156175795 6.204 4.254 2.647 -59.68074857402969 -0.5805551927803981 -7.209852080663836 -2.0355062690715586 1.0
vehicle.truck 0 0 0 1325.690271405782 348.8310136968615 1559.8384392885928 493.49094029350005 4.056 3.404 3.207 -31.49295251002374 -0.4227389569121286 16.223225162620025 -3.089900626537869 1.0
vehicle.truck 0 0 0 -429.5760052757054 341.56169381369614 158.17648707724825 547.025641083655 9.695 3.924 2.746 -25.826818765692835 0.11373602778804123 -18.454999488912442 1.5933723910391437 1.0
vehicle.truck 0 0 0 195.31539433599642 350.64861542747474 378.3691025097482 506.1870095170755 5.433 5.201 3.703 -44.58113597334141 -0.3537157299240016 -17.47092381646355 1.6023833993658263 1.0
vehicle.trailer 0 0 0 1411.6975033150713 322.4127851557386 1837.6745324736319 495.03841916799877 10.726 4.687 2.638 -36.05655819094613 -0.8003021370318703 23.770721849208865 -3.080872717058008 1.0
vehicle.truck 0 0 0 806.5435901194547 402.2744994656761 932.8304137633866 459.2649230827569 8.029 3.633 4.363 -83.64148860246165 -0.51037590285767 5.388332953584988 -3.133257915720888 1.0
vehicle.car 0 0 0 21.516857938473482 449.76706580829125 236.92924855969184 521.7670005946891 4.375 1.662 1.708 -31.088112190700397 1.153031817002746 -16.094692356674596 1.594108426170612 1.0
vehicle.car 0 0 0 88.04082753898119 440.4037769284674 273.0115223937447 506.68612588748056 4.495 1.837 1.966 -37.206520211651736 1.0235206561245331 -17.78249452173027 -3.123404343264263 1.0
vehicle.trailer 0 0 0 1511.1038217707812 308.4878069899142 1968.703159530095 496.07126434629896 9.801 4.501 2.836 -32.1267383807349 -0.866801413035542 24.055879885327105 -3.0826162473429157 1.0
