movable_object.barrier 0 0 0 1265.1046635947848 445.9300740883774 1369.5900692024481 502.5336122592749 0.653 1.161 1.948 -27.12682818727277 0.7720973447316626 11.386181205820781 -2.092555325345864 1.0
movable_object.barrier 0 0 0 1441.593741149409 447.34513303220876 1530.1680713398894 498.6713738091048 0.645 1.068 1.554 -27.45065482897376 0.7558473368247329 15.188706845887932 -2.075555185924613 1.0
vehicle.truck 0 0 0 23.544938800008286 438.4416940014943 306.44832781441664 525.8014820387656 5.843 1.984 2.293 -31.204559517425928 1.0569198652518763 -15.185035200864297 1.6056382027301987 1.0
vehicle.car 0 0 0 1568.8859726293904 425.10532261741145 1752.0763219653616 493.7369756173113 4.623 2.079 1.754 -40.59829361600811 0.666464537808013 28.027447050476 1.5999601426491399 1.0
vehicle.car 0 0 0 913.5961675011245 433.9991723502339 975.7307081728521 473.760583781358 4.512 1.588 1.965 -56.962343621406994 0.6826517704832652 7.071836264953704 2.1519515971179395 1.0
vehicle.truck 0 0 0 991.2783676919352 364.9622555920301 1262.9575474268786 486.69779958358464 7.52 3.493 2.828 -38.558438203944036 -0.4045827073514141 10.217405144391002 3.1142924923487048 1.0
movable_object.barrier 0 0 0 1172.5547771528654 448.1341751135876 1275.9741748017318 504.78614860901837 0.657 1.161 1.972 -27.136667562474333 0.8202200358662859 9.390110968255557 -2.092555325345864 1.0
vehicle.trailer 0 0 0 544.8813701247018 405.784870624342 579.9166589633392 475.4079634804597 3.005 2.87 1.417 -53.93780202076415 0.07508064526593416 -9.573128392076361 -2.010887609341803 1.0
movable_object.barrier 0 0 0 976.6932061170481 443.71020201183035 1044.5142301645863 481.05073355075893 0.613 1.14 2.018 -40.11025475618786 0.771151485068094 7.105072980730063 2.1441039564921667 1.0
movable_object.barrier 0 0 0 1348.3159018234087 446.041769181401 1449.8333805678524 501.033349009045 0.65 1.141 1.878 -27.31280712506819 0.7636980074744382 13.234406107133013 -2.0635287757895604 1.0
movable_object.barrier 0 0 0 1078.8140703988565 449.0346747340789 1180.3365123588674 505.55402431064886 0.645 1.156 1.979 -27.0826078840361 0.8366128769782615 7.341133948880514 -2.092555325345864 1.0
vehicle.bus.bendy 0 0 0 594.5518567198376 398.13877985444503 801.4065031205268 465.0123036727035 11.397 3.617 3.646 -73.3277437527841 -0.4385870445406117 -5.095712381327035 1.6075412220769358 1.0
