movable_object.barrier 0 0 0 950.0057851994204 493.3297911801009 978.0072791564809 539.051401313799 0.518 1.105 2.101 -32.48539881524363 0.6140980539102615 3.7779732985360543 -1.5770339601490804 1.0
movable_object.barrier 0 0 0 899.7928977016736 491.60563996730787 924.7521950046379 533.902325102634 0.514 1.119 1.996 -35.35043474293825 0.5764633177632694 2.669998226770678 3.1204823668808928 1.0
movable_object.barrier 0 0 0 903.4469305152542 491.72136470511686 932.0955980210331 543.7402160432367 0.504 1.143 2.108 -29.559694486355557 0.5904215571806124 2.357214837914269 3.132784864162928 1.0
movable_object.barrier 0 0 0 917.6230662115959 500.9623672386519 956.94623635232 566.3054918991567 0.524 1.098 2.108 -23.187058935945636 0.7440769416444596 2.1992396358171997 3.132784864162928 1.0
human.pedestrian.adult 0 0 0 613.4668258268946 457.5290279792802 631.4667642047374 494.0328540266339 0.702 1.578 0.702 -55.866625381448294 -0.6921451266637264 -8.546587140400485 3.047057272449523 1.0
movable_object.trafficcone 0 0 0 1082.893035778519 555.5044061176458 1136.053219632487 635.3254762922292 0.402 0.719 0.395 -12.162455155679462 0.9916199590691223 2.811616107168172 -1.5770464622048515 1.0
movable_object.barrier 0 0 0 1013.3872100279594 515.7130542556516 1078.4994780053028 609.253947341404 0.511 1.089 2.103 -16.708886677177833 0.89744422394503 3.002983166087371 -1.5770227710671154 1.0
movable_object.barrier 0 0 0 972.6253610378509 502.69555576635946 1018.5742416666394 578.8753165292047 0.531 1.258 2.1 -22.74104683845851 0.8532625905894622 3.2010583334664293 -1.5770493863034734 1.0
movable_object.barrier 0 0 0 954.9048762388994 496.48165293715425 983.7067672389235 549.2813910217158 0.489 1.2 2.038 -30.607112521822856 0.736918797939407 3.6869531645890667 -1.5770339601490804 1.0
movable_object.barrier 0 0 0 997.5298004396354 504.3699626299877 1053.9053802805472 585.703735220269 0.52 1.087 2.103 -18.73718767002036 0.758074987578603 3.0752486377124133 -1.5770227710671154 1.0
movable_object.barrier 0 0 0 933.5345348836764 504.86265058685245 984.781884767075 590.3933755847331 0.527 1.159 2.105 -18.963277178171047 0.8047882145249828 2.11819147707242 3.1307426135901615 1.0
movable_object.barrier 0 0 0 973.742608532618 518.882269365627 1056.9088899192 642.312961078885 0.504 1.063 2.1 -12.707308643934589 0.8427332033278478 1.9626476682370966 3.1307426135901615 1.0
movable_object.barrier 0 0 0 957.1143230725731 512.4780251096511 1028.4102000862995 621.5170696815317 0.504 1.122 2.097 -14.811980852278273 0.8379536437976537 2.0346757963250877 3.1184402179546993 1.0
movable_object.barrier 0 0 0 1113.9358447545374 572.3794875211936 1336.540657201109 862.0017368531802 0.527 1.126 1.643 -6.312938001666196 1.0317651374110146 1.9663916224540297 3.112067896068922 1.0
movable_object.barrier 0 0 0 932.5993091240392 493.2296528454829 961.278656674927 533.3231619772018 0.519 1.09 2.395 -36.7343487269432 0.6126064648455649 3.776780390430087 -1.5775342423502225 1.0
movable_object.barrier 0 0 0 145.70229659419903 492.17765738521456 352.69859150063684 597.3383914275099 0.587 1.084 2.206 -14.43916380169799 0.5857949180649212 -6.461248486755228 2.2042189218022923 1.0
human.pedestrian.adult 0 0 0 1353.0919803334873 520.3191089571508 1387.4486791269912 555.5030933084487 0.67 1.018 0.771 -38.580821111177556 1.4084088001932944 16.872226559893537 3.1124984495550017 1.0
human.pedestrian.adult 0 0 0 868.4660380908064 470.6812642757407 894.0640127046463 506.6653542065611 0.949 1.67 0.949 -60.233622891577426 -0.13834769623022383 3.0877095788933 2.9706850687037463 1.0
movable_object.barrier 0 0 0 1373.01549741477 674.6443129256832 2701.9641244493473 1801.790277482981 0.532 0.956 2.126 -2.5094263571617925 1.0090592143246897 1.8619425383228532 3.112067896068922 1.0
human.pedestrian.adult 0 0 0 613.8589011138907 461.50065576459787 641.4715914909617 498.2437467210178 0.894 1.733 0.899 -61.11904759057506 -0.5606983273834389 -9.101686839583312 -1.7666123284735198 1.0
movable_object.barrier 0 0 0 940.5968852097084 511.77084503042454 1000.3508428492443 602.5708076763509 0.541 1.073 2.098 -16.88663155605093 0.837928386716919 2.0312910218598423 3.1307426135901615 1.0
movable_object.barrier 0 0 0 902.1397579927411 496.84024960941 927.622161447397 541.934211941739 0.516 1.052 2.088 -31.591282739546656 0.676795199847887 2.449338468693198 -3.1380976082547853 1.0
human.pedestrian.adult 0 0 0 636.107768241054 463.0999295446667 658.8017945929485 498.60131667091593 0.796 1.662 0.795 -60.472010026641975 -0.5110829522239719 -8.062382887215449 -2.4198994489566843 1.0
movable_object.trafficcone 0 0 0 1075.0963206785702 552.7379838554872 1123.437935753525 628.6755108737976 0.397 0.736 0.401 -13.05402602459289 1.0163598652787513 2.9131016861722903 -1.577036030975444 1.0
movable_object.barrier 0 0 0 941.9938644183953 501.7148207046437 969.726098040815 544.2112167981285 0.486 1.076 2.228 -34.56570846234558 0.8399098276983836 3.7978180709613656 -1.5772161638078428 1.0
movable_object.barrier 0 0 0 275.36681723758073 492.5742182531626 439.156953233999 574.2159602682848 0.606 1.014 2.012 -17.204583330489324 0.5551878158798813 -6.22508956764391 -2.0412358851711607 1.0
movable_object.barrier 0 0 0 925.4815888031673 500.29813080925044 973.7620926699246 579.2943930249706 0.599 1.202 2.099 -21.038179933050426 0.7693353541199568 2.1951112566059305 3.138407246203043 1.0
movable_object.barrier 0 0 0 1034.0221781817122 520.0190311957591 1115.5610983740899 630.9335127405411 0.513 1.12 2.108 -14.704556988518387 0.9287965150616498 2.9675920231296855 -1.577082848403994 1.0
vehicle.car 0 0 0 1488.1507986040865 273.54866805377355 3918.4009893222797 1379.756979919555 4.74 2.019 2.043 -4.765889547957632 0.6136447946699345 4.799194026587405 2.092793876154757 1.0
movable_object.barrier 0 0 0 968.4908048133009 500.076656173252 1004.5526678195233 565.751556455688 0.498 1.187 2.115 -24.71284573049224 0.7803705312372262 3.3070624704536518 -1.577169889999344 1.0
movable_object.barrier 0 0 0 340.04417691718317 498.8477487477369 461.3779517679043 592.2653592970684 0.62 1.031 2.298 -15.72876481982629 0.628517419688696 -5.107072352754311 -1.577094217929047 1.0
movable_object.barrier 0 0 0 1186.8388321475056 593.0930425931745 1601.9628755098731 1044.0788577396354 0.506 1.064 2.027 -4.530856085342643 0.9907628332581819 1.9021432406289789 3.112067896068922 1.0
movable_object.trafficcone 0 0 0 1005.7483092601256 556.5087985106331 1059.1248914583407 648.9960317348576 0.402 0.784 0.397 -11.426247439780854 0.996253491956518 1.9459829692717974 -3.135083416070679 1.0
