movable_object.barrier 0 0 0 950.8881830963994 516.4678227862372 1021.246619197321 625.8897595329213 0.516 1.052 2.088 -13.972564770647692 0.8338046142056661 1.844190342292248 3.1396069241290325 1.0
movable_object.barrier 0 0 0 1023.3435897714629 514.2054787136207 1095.2044623974937 605.3512081715397 0.486 1.076 2.228 -16.962602726130655 0.8745408156159876 3.223252192488163 -1.5766613322544645 1.0
human.pedestrian.adult 0 0 0 503.04229140553235 456.031257619277 541.9914648730693 507.6362413811127 0.894 1.733 0.899 -43.33695192561549 -0.32971071614448205 -10.051323942059245 -1.7691512515065995 1.0
movable_object.barrier 0 0 0 1052.9290414160973 512.7919885934381 1134.3714912950445 619.379442308105 0.518 1.105 2.101 -14.88329043347304 0.8321278673130224 3.225807856509264 -1.57634409006919 1.0
movable_object.barrier 0 0 0 899.9930265924451 486.0454684518246 920.0567699242349 522.4682656890144 0.535 1.104 2.298 -40.02575854121744 0.3863320954383018 2.9540550629179694 -3.1291299745117636 1.0
movable_object.barrier 0 0 0 990.3473459034082 531.1115381784027 1104.6924395349547 697.5919755164094 0.52 1.061 2.108 -9.811421629324585 0.8822586720944575 1.7436271199191125 3.1396069241290325 1.0
movable_object.barrier 0 0 0 1072.4350278418751 562.1126337304853 1344.4609814552427 910.179091002193 0.524 1.098 2.108 -5.564636051474066 0.9303053025527142 1.609549615985617 3.1272999851273333 1.0
movable_object.barrier 0 0 0 918.0717152477937 487.16702397152335 940.678850228174 522.6613265592607 0.581 1.072 2.283 -40.01069615205538 0.40746075182099417 3.5631796021644098 -1.5764215796740748 1.0
movable_object.barrier 0 0 0 1579.430434829547 608.514198401409 2650.6108062954117 1455.6133305130045 0.508 1.179 2.098 -3.1397790466452036 0.9883930554165908 2.7723373520318098 -1.57634409006919 1.0
human.pedestrian.adult 0 0 0 404.44720437783997 444.8923108057149 438.67001228224626 498.5810608485175 0.702 1.578 0.702 -37.96112210585851 -0.5887492807836662 -11.827620305575753 -3.0448032641296514 1.0
movable_object.barrier 0 0 0 1113.5684530937833 523.610039900222 1233.0344782303414 676.1265282736161 0.512 1.132 2.075 -11.068998367799795 0.8842326940183387 3.071068964251077 -1.5764126498079758 1.0
movable_object.barrier 0 0 0 1019.2453909090597 545.4369358191118 1178.9858999936896 770.2590887080244 0.519 1.064 2.094 -7.680253848136152 0.9155959820808101 1.6487666318999241 3.1396069241290325 1.0
movable_object.barrier 0 0 0 961.5169951604802 518.8051766469047 1050.403838653019 659.8619949931417 0.504 1.143 2.108 -11.93905664206834 0.8636472887622911 1.751168270839925 3.1272999851273333 1.0
movable_object.barrier 0 0 0 1226.1454978268512 542.0877892432915 1463.4000590595062 813.3939193433571 0.498 1.187 2.115 -7.10457995285719 0.9308072616912985 2.8646338875108097 -1.5764126498079758 1.0
movable_object.barrier 0 0 0 1080.6740649329008 514.9585529631952 1175.5726065751016 648.1620146999032 0.489 1.2 2.038 -13.003435325582187 0.8709322232400726 3.1635824975493403 -1.57634409006919 1.0
movable_object.barrier 0 0 0 1212.6509230502502 608.9448615968267 1879.6918876206464 1358.8694858084957 0.599 1.202 2.099 -3.4533563633937527 1.031752075877687 1.712007562878768 3.1329242167656925 1.0
human.pedestrian.adult 0 0 0 776.479920385745 468.35923635503036 815.5588051360903 520.060913844737 0.949 1.67 0.949 -41.80894138054327 0.08485613227230684 -0.6721988174890654 2.82679564076867 1.0
human.pedestrian.adult 0 0 0 533.7059113786295 457.2508281890341 565.0056810514973 507.4956349739577 0.796 1.662 0.795 -42.70413613907733 -0.308574636385464 -9.00235995486014 -2.4247168896147624 1.0
movable_object.barrier 0 0 0 919.151413440375 500.78278691353864 973.7289450495368 575.8950094747859 0.51 1.055 1.798 -19.31757242064174 0.6883225178993664 1.9665798073651213 3.0780824175782175 1.0
movable_object.barrier 0 0 0 994.6737917789048 502.2242743819448 1061.5612743607276 582.5565463896448 0.519 1.09 2.395 -19.13126197781886 0.731025315022062 3.1688338944919687 -1.5770470383900674 1.0
movable_object.barrier 0 0 0 1156.0545324439063 532.5111301166694 1315.857189330163 726.3568869807075 0.501 1.137 2.105 -9.080173142672809 0.90787449334287 2.941936128677376 -1.5764126498079758 1.0
human.pedestrian.adult 0 0 0 533.6935564710185 450.45612048419633 568.3268371192222 506.7937886589525 0.899 1.921 0.898 -44.066531999755206 -0.4472361548818697 -9.23227407381696 2.758165255512303 1.0
movable_object.barrier 0 0 0 933.0779309581632 506.9499896772421 989.7987908758189 595.269271347522 0.514 1.119 1.996 -17.739248129174314 0.8002917441461799 2.011125551696446 3.1149935934185624 1.0
movable_object.barrier 0 0 0 948.1381892061416 509.3674660874648 1005.5940504985236 609.875962075048 0.514 1.134 2.093 -16.000094743285846 0.818785300982219 2.005002749415101 -3.131271368016648 1.0
movable_object.barrier 0 0 0 1330.4164766013253 572.7196061475992 1766.5707215089626 1012.2927857964645 0.531 1.258 2.1 -5.1316812782013015 1.0377020812220799 2.7853034576684315 -1.5764269925643442 1.0
