movable_object.barrier 0 0 0 1524.1900077876794 543.4125564848518 1608.5998482599352 600.5053271183305 0.537 1.055 2.215 -26.03416814120364 1.6283819383299563 15.383481027787772 -3.1119092439701497 1.0
movable_object.barrier 0 0 0 848.555142297948 513.2342481283499 867.3360989962325 546.6627194040229 0.513 1.079 2.422 -42.76485985979328 1.2820335190874284 1.398512726428966 3.1192712376860534 1.0
vehicle.motorcycle 0 0 0 132.74307142301666 467.640927922377 260.58941164438465 546.2713957596393 2.41 1.726 1.005 -29.290422422638535 0.3583751755804717 -14.304737256191645 -1.5555485648807457 1.0
vehicle.car 0 0 0 894.9177134030953 482.581622921872 1131.2087960710828 641.7382855335097 4.523 1.564 2.036 -15.196636540388672 0.7584992745675775 2.532476088382345 -1.921391706780974 1.0
human.pedestrian.adult 0 0 0 1348.9840307305583 523.862833512993 1391.3029635286027 588.0031596086426 0.838 1.614 0.826 -32.89667179229733 1.6612711784106613 14.389508726054423 2.458475337604325 1.0
human.pedestrian.adult 0 0 0 1370.183211167302 519.9456028677552 1413.607719367981 586.2960148015355 0.72 1.675 0.703 -32.744323775122496 1.5854641589005412 14.878835178901364 2.989075681265792 1.0
movable_object.trafficcone 0 0 0 1526.4069687416174 557.07800338812 1563.0357274327641 597.7273915761338 0.467 0.804 0.494 -26.252529889761295 1.7764479538435496 15.097127047866268 3.1397524787987106 1.0
human.pedestrian.adult 0 0 0 595.800250305136 495.4477950047593 620.4404742512763 510.3936504208966 1.15 0.903 1.088 -79.95059525586446 0.7226199265113995 -13.137041975261011 -2.9528612552338336 1.0
movable_object.barrier 0 0 0 -406.80411787188797 554.561478548625 65.20803277203544 867.5882594293903 0.498 1.105 2.273 -5.9803805877913385 0.8967849866396298 -4.4460906181878554 -1.556596795205487 1.0
vehicle.car 0 0 0 1164.8395417900904 487.2041286446282 1368.1514394806081 598.2086405926085 4.598 2.0 2.001 -25.26407765084035 0.9907772562624066 9.05641726123238 -1.7135014814530614 1.0
vehicle.car 0 0 0 -172.6915060118108 447.5145596240518 227.0916582229901 601.6225845067495 4.45 1.644 2.03 -15.43903278633409 0.3447638009170602 -9.626775534057014 -2.8391697953442456 1.0
human.pedestrian.construction_worker 0 0 0 1437.3864791509448 501.3933601505388 1504.289598014549 583.951286792236 0.994 2.0 1.05 -31.454247898685338 1.2586841991288098 16.248698343938923 2.9120134346605333 1.0
movable_object.debris 0 0 0 1556.043605851744 535.1603613169101 1657.0360119467325 602.2685997353711 0.988 1.204 1.298 -24.21945547645605 1.4629968697333413 15.093833442798694 2.940527147926721 1.0
movable_object.barrier 0 0 0 -395.9123847088152 545.1725072041157 62.33754185129333 764.6904248825025 0.73 1.118 2.096 -7.3195717288034405 0.9070796516508149 -5.625077517057826 -2.0675436100838827 1.0
human.pedestrian.adult 0 0 0 304.27570102480394 476.37945784807164 353.96927481209104 541.8241603372919 0.939 1.905 0.94 -37.661653959313554 0.5234409257970549 -14.483168916731954 -1.6127301401193455 1.0
movable_object.trafficcone 0 0 0 1551.28342650015 558.148476931742 1585.0845227410243 599.6987719464497 0.404 0.773 0.398 -24.53787467262813 1.6904455087808736 14.566465134967498 3.114881736527783 1.0
