movable_object.barrier 0 0 0 282.1183407217835 467.0081314968673 373.4381649422215 510.6100606986579 2.145 1.063 0.565 -32.94139203117017 -0.07355527655843178 -12.693083370128432 -3.0930601276117633 1.0
movable_object.trafficcone 0 0 0 807.4496937343011 543.9688000686322 856.0163049721409 616.9181334121064 0.499 0.735 0.329 -13.648533302151764 0.9541498927273151 0.16922202770585992 3.131054961964251 1.0
movable_object.barrier 0 0 0 280.8520821778148 469.3349196232302 406.83779023528473 600.2649747666591 1.994 1.335 0.664 -14.837109573925908 0.45728263328319896 -5.484941250151204 2.12152620393276 1.0
human.pedestrian.construction_worker 0 0 0 680.6093456099812 440.8714240710478 734.5650957948327 535.7029425409685 0.62 1.926 1.013 -26.65957037603058 -0.08682672319020988 -2.292791568370033 -2.6373028287414666 1.0
movable_object.barrier 0 0 0 360.12461571563597 466.95072765901534 453.57866479510307 516.5628125309814 2.282 1.173 0.653 -32.77881730569295 -0.0038627291832728505 -10.595125456471543 3.007934058809983 1.0
vehicle.truck 0 0 0 673.8719881600593 439.89211399862404 836.2784429396883 631.5490052138449 5.138 2.087 1.841 -17.22934627223118 0.414839625115457 -0.7966464460312866 2.1613737158590975 1.0
movable_object.barrier 0 0 0 573.274809552005 475.3076436067292 612.8009116484344 531.3689038070944 1.766 1.15 0.669 -29.02293041850068 0.2528256373714003 -5.10236014443671 2.171517875014864 1.0
movable_object.barrier 0 0 0 468.60738973694123 482.1209609414812 543.7537001699958 566.5811831214696 2.243 1.261 0.659 -21.975667697377006 0.5334591519471488 -5.3491839073878875 2.118663752581071 1.0
human.pedestrian.adult 0 0 0 725.2204338737391 464.53694363824343 791.7625069340322 608.5898925977223 0.7 1.587 0.688 -14.627975320840685 0.5027722353280404 -0.6597010944395626 -2.133932902940569 1.0
movable_object.trafficcone 0 0 0 1511.7222867671403 534.4253140172414 1549.5643615716715 577.2674615863073 0.481 0.803 0.441 -25.455206384526367 1.2896659757932172 14.35520615584924 3.1113603361247755 1.0
vehicle.car 0 0 0 963.068262681486 456.438248272075 1116.8513025456737 518.0028820437718 5.341 2.186 2.038 -48.339179668318174 -0.17198726596989738 8.509343897162061 1.6455167420533208 1.0
movable_object.barrier 0 0 0 444.68541795253475 475.53716560852865 537.0913198554616 526.0595449389349 2.194 1.21 0.705 -32.65756495458029 0.23316038759814672 -8.37945627776704 -3.131896432390457 1.0
movable_object.barrier 0 0 0 180.18951791381733 459.56756164770434 347.72107890876293 614.059285794645 2.187 1.342 0.664 -12.808332736515085 0.393449118370493 -5.511938034388792 2.12152620393276 1.0
movable_object.barrier 0 0 0 576.7625149542023 487.0134630645837 623.7025149900421 540.3665640977922 2.123 1.128 0.668 -30.988317510491513 0.5208691463767672 -5.267563824528144 2.1127539991010362 1.0
movable_object.barrier 0 0 0 376.19803056016383 491.2515498075921 476.70411148048896 590.8194768161255 2.238 1.156 0.717 -17.679502194187634 0.6489599602613481 -5.398958725157774 2.1438332945794034 1.0
movable_object.barrier 0 0 0 64.0417666856004 472.3119694309021 260.04917271685287 637.5657682858365 2.013 1.188 0.621 -10.872718208903862 0.4812997284591529 -5.536344402566182 2.1388398330714278 1.0
movable_object.barrier 0 0 0 543.5009082141415 478.80857348236566 602.9464951840757 548.162238210287 2.75 1.261 0.604 -27.109041093410696 0.4335889071785263 -5.171680355017705 2.11505005557191 1.0
human.pedestrian.adult 0 0 0 1049.2284259496012 462.8445750398759 1096.323917229454 537.0879515661661 0.998 1.849 0.769 -32.70867508264858 0.20893686531329014 6.616893844038524 -1.6320367060963603 1.0
human.pedestrian.adult 0 0 0 382.95217192345433 426.4129301655389 459.2275361973331 590.8088124719325 0.554 1.862 0.711 -14.819822687831351 0.18001112285504994 -4.626711285005443 -1.823234852896877 1.0
movable_object.barrier 0 0 0 427.42501806502924 485.6944734572167 508.9986074729944 572.3286396049702 2.126 1.154 0.671 -19.82983711759242 0.5520776945204027 -5.416973823555171 2.137463537019439 1.0
movable_object.barrier 0 0 0 -114.55299533836084 468.15675239413014 143.63175302579955 675.330858708058 1.913 1.216 0.555 -8.91764979007804 0.4895075081532544 -5.544953122711467 2.1307928994615715 1.0
movable_object.barrier 0 0 0 507.7579396816278 474.74128794515417 576.1497508296809 545.7865559568066 2.12 1.193 0.75 -24.358954165502485 0.3316425156848013 -5.249235639880793 2.11459056726076 1.0
