movable_object.barrier 0 0 0 965.1956985206722 486.3344687244253 1098.1957480665455 556.988768939396 0.576 1.05 2.084 -21.205733353779312 0.4898149815018579 3.5907797972360838 -2.4135371517078923 1.0
vehicle.car 0 0 0 1087.8804708537361 457.25528950691586 1347.1405251138149 567.8592802155472 3.898 1.644 1.785 -21.98125171411259 0.3267950280599389 6.93721263946766 -1.6383479801811465 1.0
human.pedestrian.construction_worker 0 0 0 1067.9996707522694 460.0421949913758 1193.2460682403764 619.4296059539654 0.935 1.676 0.953 -14.044863979938603 0.515921719630358 3.468332873982717 -1.5963338559379157 1.0
movable_object.trafficcone 0 0 0 437.21233420597247 480.7149512227348 464.18813961048744 514.4054178211477 0.389 0.734 0.389 -28.49071108668628 0.1371321110362667 -8.223476515538382 -1.847819137233346 1.0
movable_object.barrier 0 0 0 1563.2699471957512 511.15824158871374 1667.2243702588746 649.0415924601793 0.457 1.326 1.189 -13.13587902583433 0.884984808027251 8.261467212804737 3.0380006291261576 1.0
movable_object.barrier 0 0 0 1217.4130064131089 496.97896778890834 1376.9555537875779 575.3129870757265 0.599 1.021 2.099 -18.915038135880987 0.6466442906823562 7.161196437696945 -2.436327400596695 1.0
vehicle.car 0 0 0 -222.02002945180433 435.92953289188216 34.58242575134618 540.4300156424958 4.571 1.504 1.782 -21.445486848416863 -0.08433795862719665 -15.449647316228255 2.8037724893974127 1.0
human.pedestrian.adult 0 0 0 1556.7695765839792 430.9979693944315 1827.88471950346 803.7932251015516 0.759 1.752 0.795 -6.450728562072596 0.5982514445275563 4.442478177062118 -1.8491845202233899 1.0
movable_object.barrier 0 0 0 1263.2249985375015 530.7368844818038 1535.4883465520193 663.390898508371 0.611 0.985 2.144 -11.465330647880943 0.9156888605894664 5.241597947741528 -1.8711654130560111 1.0
vehicle.car 0 0 0 307.91028524713784 436.6436977519542 492.0918384781054 509.2967104602572 4.503 1.635 2.001 -32.596693271773255 -0.48635284369792997 -10.738535522195656 -1.6383479801811465 1.0
vehicle.car 0 0 0 477.7664068958578 447.02651922936866 689.402259681321 524.102419270445 4.687 1.535 1.896 -29.31858839868323 -0.15143316726578984 -5.422269233590243 -1.6383479801811465 1.0
human.pedestrian.adult 0 0 0 1587.4832504116173 403.96711544933476 1872.535819019229 868.0390793830531 0.606 1.818 0.699 -5.396033589128563 0.5695240334584587 3.8713895237870215 -1.6343633992102315 1.0
human.pedestrian.construction_worker 0 0 0 1394.4885173738198 381.9746469083311 1671.1385266417124 733.5477215864331 0.901 1.865 1.061 -7.402898159627009 0.34856178293236195 4.1730006633699555 -1.7002215670613925 1.0
human.pedestrian.adult 0 0 0 1485.0735290276994 433.7395808848266 1750.8738632297525 833.8542281265352 0.673 1.704 0.804 -5.9083139397906494 0.6145940103292814 3.6949453697033263 -1.5772780899822072 1.0
human.pedestrian.construction_worker 0 0 0 1033.776325700735 438.76012891202333 1125.1947630972022 623.3472379436365 0.63 1.848 1.035 -13.386893950744843 0.39896397054584515 2.7638810831469534 -1.5787452079398747 1.0
movable_object.barrier 0 0 0 1353.2993539826234 505.9609980536297 1505.9705667730634 590.1297780439379 0.584 0.998 2.084 -17.25373774903297 0.7397950948326965 8.300881461001257 -2.909565694539971 1.0
vehicle.construction 0 0 0 661.8922126372477 314.4844469963586 1064.208206568434 613.6991819022875 2.883 3.154 3.861 -15.629530341821368 -0.33829120510849625 0.5837889237668843 -1.8076879930804566 1.0
movable_object.barrier 0 0 0 1051.1030177375533 512.5347506792692 1278.1568909208315 632.2558673927061 0.588 0.998 2.026 -12.472413269736496 0.7621115037484372 3.407215330013648 -1.846812560860041 1.0
vehicle.truck 0 0 0 -81.50168527108664 304.41859202929794 279.1273240947709 520.002692475573 7.704 3.834 2.841 -25.739240946303866 -1.5578540291174243 -14.695989478157331 2.793004655791999 1.0
movable_object.barrier 0 0 0 594.4777948697753 494.82491259278225 754.6290293066611 593.3765340253643 0.576 1.046 1.975 -15.381458019058874 0.6141080699400895 -1.740691393113871 -1.8232793624931078 1.0
movable_object.trafficcone 0 0 0 449.27509163190416 510.6380304886272 488.8121397807703 564.4997214583072 0.346 0.706 0.346 -17.24669769316203 0.6241066527301993 -4.728031679471236 -1.8118992465035477 1.0
movable_object.barrier 0 0 0 469.07194331110605 485.10552949877376 628.9563998158699 578.3575535792467 0.586 1.057 2.136 -16.386668797237004 0.4984941749238119 -3.476254621208338 -1.8490353397967834 1.0
movable_object.barrier 0 0 0 723.3223722182406 499.0699253373885 901.8898887997354 604.5336056801908 0.599 1.043 1.926 -14.371788422089805 0.6581547861091975 -0.05561834076529415 -1.8629588923821574 1.0
movable_object.barrier 0 0 0 879.4938157014523 503.0329963554583 1083.114903179497 619.5907900476078 0.611 1.072 2.001 -13.442359591734965 0.7112179581310415 1.7405048034205353 -1.8963029744959057 1.0
human.pedestrian.construction_worker 0 0 0 1545.1943944800646 458.2898800254464 1652.9723910614596 637.1246738421586 0.701 1.741 0.791 -12.94399461335775 0.5569290701588354 8.002438633107262 2.634658644677332 1.0
movable_object.trafficcone 0 0 0 333.4430504916446 508.29139942114006 370.15986485861333 557.8460304308962 0.344 0.705 0.342 -18.68298164384438 0.610652099397691 -6.851498747265513 -1.8118992465035477 1.0
human.pedestrian.construction_worker 0 0 0 1174.5522944078155 446.1744919907837 1265.8220467063609 610.3552390810086 0.701 1.802 0.791 -14.556031231324313 0.40803661201864405 4.646578537953755 -2.3762846511456894 1.0
movable_object.trafficcone 0 0 0 94.02045381232814 484.98890009130986 132.86767507629528 529.3071972343026 0.415 0.734 0.392 -21.704883041277828 0.2684573480967687 -12.044473299135664 -1.8354828176939417 1.0
vehicle.car 0 0 0 302.05700685788963 436.6935060648914 476.14871562454056 501.80106140401716 4.919 1.65 2.028 -36.97570249511369 -0.6595131050458541 -12.49831583399306 -1.6342364557096039 1.0
vehicle.truck 0 0 0 -244.7322887823631 366.4905374825686 9.364822976704403 501.9579887882939 6.279 2.95 2.299 -30.293911361802774 -1.3940767100872675 -22.38753590237847 2.8342950958406483 1.0
