movable_object.barrier 0 0 0 1187.7417807824754 494.17486898422777 1206.1549279576234 518.9583022044175 0.39 0.937 2.008 -50.77784116859192 0.5938920580802709 15.25619384036154 -1.5887564062866746 1.0
movable_object.barrier 0 0 0 1386.7835918165752 513.7278721081776 1458.8509665514657 587.6603862540745 0.44 1.052 2.103 -20.30655036924019 0.9179405834720566 9.695057663775675 -1.5898608422724134 1.0
vehicle.car 0 0 0 1107.4730949495372 478.6782460922693 1162.1981860677795 524.1717076784988 4.297 1.607 1.627 -48.537089152223466 0.342220884878242 12.160642351253312 -2.030963067845197 1.0
vehicle.truck 0 0 0 1339.8737510350331 477.5749305744585 1447.3186042247928 545.4258245057968 5.323 2.008 1.886 -41.45827249826686 0.5870584655306512 18.780950300191012 -2.188614874349418 1.0
movable_object.barrier 0 0 0 1293.2659526477653 505.61348551560684 1333.0584012640495 555.9547455907048 0.439 1.032 1.987 -28.318265063390363 0.8582088833536441 11.094939367183834 -1.5916776850876557 1.0
human.pedestrian.adult 0 0 0 1307.4675955632385 489.1090788065906 1322.3990626985162 521.4280254351422 0.518 1.655 0.546 -66.0333316240192 0.7140371719704699 25.99961550740865 -2.0602733523488235 1.0
vehicle.truck 0 0 0 1117.2617432306267 462.32400691121285 1186.6082372360108 505.5225674585035 9.692 2.911 2.536 -92.72465578077382 -0.5952596039763245 24.443220084793012 -2.0915236711980096 1.0
movable_object.barrier 0 0 0 1232.659266333595 500.2964675952685 1262.8737484540268 539.6663311872418 0.458 1.048 2.032 -36.29824585945353 0.8000946817055964 12.355209669156089 -1.5897741234952258 1.0
movable_object.barrier 0 0 0 1173.9316935709357 492.75009323647134 1190.8613392028392 518.969238020573 0.438 1.077 2.051 -54.7591084796596 0.6098351579548646 15.82416075435395 -1.5900452469300435 1.0
movable_object.barrier 0 0 0 1275.345416383612 503.16855340094753 1315.7209950277627 550.465572921864 0.463 1.04 1.975 -30.272560009563772 0.8253173609994902 11.44018625148314 -1.5889368828058732 1.0
movable_object.barrier 0 0 0 1328.9643402049694 507.57398023338135 1381.638479781724 567.5450045946827 0.435 1.046 2.031 -24.36615703959318 0.8616774026495073 10.349408591420309 -1.589959776266154 1.0
movable_object.barrier 0 0 0 1179.953314897123 491.8464507862612 1198.5237074558263 520.4929226702683 0.405 1.136 1.986 -52.73800676380353 0.5992617883133786 15.524352385527575 -1.588029884269961 1.0
vehicle.car 0 0 0 1031.3363046639358 476.5992828286222 1072.746436373709 516.5810778684215 4.692 1.657 1.691 -56.76718034128951 0.19796285134292557 10.590138725208806 -2.0145436171433575 1.0
movable_object.trafficcone 0 0 0 1586.6094805901932 549.3567444371486 1638.9399087733598 619.2248514666869 0.436 0.742 0.419 -14.433430678762969 1.049353815114672 9.078349739488553 2.7021287584048093 1.0
movable_object.barrier 0 0 0 1204.8805002288586 494.4538718323868 1229.8852688576383 521.9611006711656 0.458 0.952 2.011 -46.8082970635946 0.6062210073127811 14.815542509385129 -1.5868798200390994 1.0
movable_object.barrier 0 0 0 1484.4393128972342 517.9178519152201 1587.6867427643149 609.580245736987 0.337 1.028 2.033 -16.27692918602802 0.8915549294123385 9.209108163243616 3.089703060416264 1.0
human.pedestrian.adult 0 0 0 1328.4169186634285 494.74549277298394 1341.865090073612 525.0591626641872 0.459 1.539 0.478 -65.47437739627912 0.9481351008674883 26.82462298069476 -2.0602733523488235 1.0
movable_object.barrier 0 0 0 1311.6629094313448 506.72574864627796 1354.2078990200398 561.7661187217016 0.438 1.047 2.025 -26.37278321137062 0.8676842660622123 10.741945627035797 -1.593408986339231 1.0
movable_object.barrier 0 0 0 1246.4268212454244 500.64557667673483 1277.2573550979794 541.9710244105817 0.402 1.037 2.052 -34.26006399919723 0.7892804205266616 12.041216426747642 -1.5897741234952258 1.0
vehicle.construction 0 0 0 732.6265618587024 443.7626791884964 784.8424045827654 494.1246364331519 2.244 2.895 2.492 -75.9214236671655 -1.34547844199656 -3.433281278026627 -1.9875678723545303 1.0
human.pedestrian.adult 0 0 0 1338.226449640446 482.1990389667098 1353.351992531139 518.8468776046147 0.553 1.871 0.518 -65.60608344314635 0.46287480724896896 27.429727901064656 -2.0602733523488235 1.0
movable_object.barrier 0 0 0 1354.6588275113359 508.2419560082447 1411.0983993250086 575.3082869960365 0.417 1.074 2.0 -22.380709008579103 0.8615303235162353 9.990489248795278 -1.5911797024439052 1.0
movable_object.barrier 0 0 0 1258.223723307798 501.2771006757659 1295.925846300646 546.6916883839267 0.446 1.069 1.998 -32.246046604222876 0.8088097762858832 11.717985028204808 -1.587965364499139 1.0
movable_object.barrier 0 0 0 1429.493746695441 515.9331326662013 1517.031159926115 596.8536552163511 0.418 1.026 2.028 -18.24679744637851 0.9021483406569597 9.430175611099365 -1.587893514649898 1.0
