human.pedestrian.adult 0 0 0 1427.0634642162875 450.6044056173556 1601.2979179648005 727.3850013301758 0.75 1.692 0.508 -8.183085273330933 0.608403642030483 4.490879704733021 -1.5772404840593452 1.0
movable_object.trafficcone 0 0 0 1536.4038016728298 623.433168720615 1640.9594339531143 787.6358533947414 0.303 0.69 0.34 -5.9475098079720325 0.9920305916685129 3.61898194570542 -1.9197660162397785 1.0
movable_object.trafficcone 0 0 0 130.03307259000346 472.71515118376266 167.55736279357131 521.9405271403393 0.368 0.803 0.374 -21.33700113843815 0.09881713029452599 -11.244344475453833 -1.9186826133549166 1.0
human.pedestrian.adult 0 0 0 999.1103181366645 435.60552233066625 1093.2368565934487 666.1129510360947 0.471 1.86 0.565 -10.640522070304373 0.4824630431401505 1.9346251488579007 -1.8829659165101518 1.0
human.pedestrian.adult 0 0 0 1155.058987693838 476.5774170022315 1262.3804555667111 716.5323375147991 0.384 1.54 0.464 -8.396739938033104 0.6843268487690448 2.596225290089094 2.27147068397991 1.0
human.pedestrian.adult 0 0 0 1193.133841172614 448.5466744260506 1281.2793069297663 680.3059699412889 0.47 1.766 0.512 -10.06245263401616 0.5619570818968501 3.347935243858837 -1.8896534161111331 1.0
movable_object.barrier 0 0 0 893.2871176291536 497.1458803636728 1053.192422468365 587.7000709983279 0.429 1.049 1.997 -16.744857372957537 0.6566032194442808 2.068881291275654 -1.9581602436008687 1.0
movable_object.barrier 0 0 0 379.9055762074122 472.04000034667666 509.6044352167719 549.107430604352 0.449 1.045 1.976 -19.311016583212904 0.28017305021567984 -5.6724005945179865 -1.9318491935860491 1.0
vehicle.car 0 0 0 1076.859151486986 471.5855025176172 1565.8183813149335 625.9443678389156 4.856 1.462 2.224 -14.822397671447687 0.6399663276637394 5.814034146621061 -2.932255448145532 1.0
human.pedestrian.adult 0 0 0 1058.697338085862 447.1989759253825 1142.2240186796812 685.872128218496 0.407 1.687 0.561 -9.339709115762428 0.5353501906291833 2.0862879555253326 -1.5773317872346126 1.0
movable_object.barrier 0 0 0 749.257415896036 487.5129389948592 906.7447953100765 576.0034933429009 0.387 1.065 2.079 -17.342886888768923 0.5365261561207794 0.15211651773604956 -1.9581602436008687 1.0
movable_object.barrier 0 0 0 610.7453459516144 483.90005428242716 759.7717636675255 567.8659253618022 0.43 1.052 2.011 -17.936690606102033 0.47541824478518335 -1.8560199239564952 -2.0090505976193374 1.0
vehicle.car 0 0 0 -177.47305746665506 425.851150251905 153.57916265893235 543.656590589009 4.335 1.473 1.787 -19.187047331124592 -0.117891421118546 -12.520996750022967 2.9695429536790847 1.0
movable_object.trafficcone 0 0 0 250.2274364999413 484.2071689415364 287.247725983291 531.9145979051651 0.341 0.745 0.387 -20.5122818640876 0.2673724628659924 -8.8671889865604 -1.9186826133549166 1.0
movable_object.barrier 0 0 0 485.7968889243263 475.4987608296294 628.7003190912241 555.4227662306328 0.422 1.029 2.046 -18.468518127184677 0.33810709854742166 -3.7838879528780454 -1.9581602436008687 1.0
human.pedestrian.adult 0 0 0 786.0843300888234 410.8347071320755 929.3989806734185 704.4341273954149 0.779 1.839 0.748 -8.503134584166881 0.41950220218617795 0.2958613871736978 -1.5791531889844608 1.0
vehicle.car 0 0 0 71.41378957807025 416.1259886210059 251.00515404384242 485.3268598831847 4.103 1.598 1.946 -34.08331735745253 -1.0911191593172136 -17.613746603719736 -1.5971886907156891 1.0
human.pedestrian.adult 0 0 0 1058.251962728693 462.11999394651747 1181.4466964972603 709.7348529038209 0.427 1.615 0.628 -8.715101920860464 0.6256264081054648 2.0892973798729457 -1.8300423578405782 1.0
vehicle.truck 0 0 0 -353.8863975264955 314.56515649899836 60.18439144554253 512.5249212535962 7.609 3.664 3.19 -26.54359253115955 -1.6227852287307198 -20.160603241698666 2.9310708217430204 1.0
vehicle.construction 0 0 0 480.949351903979 350.1994238443515 708.6947872745452 554.1678885821075 2.244 2.895 2.492 -19.612816169378817 -0.5981126315533533 -3.3840884936476394 -1.9026583435996827 1.0
movable_object.barrier 0 0 0 266.43571729857865 466.1242302144329 400.352965443008 541.6835660619686 0.553 1.057 2.005 -19.92073124799577 0.18659121924707323 -7.597559410943641 -1.9632493070976418 1.0
human.pedestrian.adult 0 0 0 1370.7683361178308 457.4804972303356 1466.5068370015717 692.7489227211382 0.435 1.756 0.568 -9.880811197745288 0.632447817697356 4.699627311156662 -1.8818209660630707 1.0
human.pedestrian.adult 0 0 0 1132.408966279405 467.8467869229724 1216.7859277298319 667.0028749101451 0.371 1.604 0.464 -10.563518793334989 0.6195414476941689 2.9874109800415143 -1.7343345314088872 1.0
vehicle.car 0 0 0 243.6762394328522 430.4583792868895 432.52452386179175 498.9721242617166 4.249 1.479 1.835 -32.19150278115702 -0.6770209752375529 -12.144332987722239 -1.5977708719397397 1.0
human.pedestrian.adult 0 0 0 1541.8423173720412 430.52730575753685 1738.8727474249986 739.629521426934 0.76 1.732 0.603 -7.526288962158462 0.5319728529448142 4.89035178149175 -1.649630983289101 1.0
