vehicle.construction 0 0 0 355.3856102253359 341.677787831591 563.228971721146 524.9234743045494 2.244 2.895 2.492 -21.85038225654245 -0.9797436530955732 -6.103046772327266 -1.9726915785166943 1.0
movable_object.trafficcone 0 0 0 1139.1871200685323 553.0225237660964 1194.9384288255426 656.2337999529697 0.303 0.69 0.34 -9.111392387452282 0.8063440924150663 2.5218467157426594 -1.9907265260657896 1.0
vehicle.car 0 0 0 1357.0846845973954 467.99622302287844 1557.459087518365 563.1199163315497 4.856 1.462 2.224 -23.291577886387145 0.4346487682478568 11.881590344805828 -2.4926825719593086 1.0
human.pedestrian.adult 0 0 0 851.8903502312878 434.27635629930097 911.2124582760306 612.3768410130074 0.407 1.687 0.561 -12.400303160206613 0.30054478864501766 0.6328043675763383 -1.593961009814941 1.0
human.pedestrian.adult 0 0 0 840.443831332697 449.75056668650075 930.5448600023116 631.0937247787529 0.427 1.615 0.628 -11.77430925938971 0.4404784645389066 0.6450600801634551 -1.8954871653026002 1.0
human.pedestrian.adult 0 0 0 955.568858769624 417.88423766119973 1089.2766953185853 640.7444188999128 0.76 1.732 0.603 -10.257657910597063 0.29863368052643313 1.663553940456186 -1.6516437221598679 1.0
movable_object.barrier 0 0 0 148.97309060900957 444.29890411833446 277.80662905362726 513.4126947660427 0.553 1.057 2.005 -21.70978731144594 -0.22075133255772278 -10.330639671221164 -2.0363535648678797 1.0
movable_object.barrier 0 0 0 254.6057837331114 448.2736017753286 378.10712243164534 518.0842889681833 0.449 1.045 1.976 -21.21388753758109 -0.14496789094227713 -8.374889614527373 -2.0080862049810726 1.0
movable_object.barrier 0 0 0 479.2623366038293 461.02615741223264 611.712798408491 533.8428357491748 0.43 1.052 2.011 -20.524239317066094 0.09002607279465255 -4.382559446699601 -2.084127608293314 1.0
human.pedestrian.adult 0 0 0 911.6904588202464 452.41338791681017 986.0489687590928 625.5118313303586 0.384 1.54 0.464 -11.555511160562672 0.4271526003919062 1.206631814935012 2.354031990813766 1.0
movable_object.trafficcone 0 0 0 9.326668384980051 451.49604360754745 45.851165265487445 497.82124411606117 0.368 0.803 0.374 -22.666944893485468 -0.3003362656666515 -14.114391856759415 -1.9895858985504908 1.0
human.pedestrian.adult 0 0 0 1266.951579331087 452.3396448955727 1388.6898611968234 643.8678561648388 0.747 1.573 0.547 -10.943812027003503 0.47245381831640537 4.405867031304354 -1.5883580552298353 1.0
human.pedestrian.adult 0 0 0 1257.4949598780431 440.6089899231553 1367.89972860476 639.9807615652322 0.74 1.744 0.508 -11.601749359683863 0.43210274792908904 4.534070999199894 -1.5897542698035014 1.0
human.pedestrian.adult 0 0 0 952.831059974336 437.23985992327334 1019.8414846536726 611.9030075002856 0.47 1.766 0.512 -13.250123279103866 0.33591478839486677 1.7826972880845964 -1.9589463876611033 1.0
human.pedestrian.adult 0 0 0 803.6239258355718 422.05224870066974 876.8265970507506 600.3408040284392 0.471 1.86 0.565 -13.665947009900849 0.20410404724288517 0.26176416877162345 -1.9518656151170415 1.0
human.pedestrian.adult 0 0 0 926.4479598763446 425.4947837784697 1037.2885989385243 632.5160052900521 0.75 1.692 0.508 -10.820450999959514 0.31108558020173577 1.4046217316438214 -1.5934112159265306 1.0
human.pedestrian.adult 0 0 0 1047.425323821495 451.55551516263074 1145.249402349733 641.8926330584818 0.469 1.683 0.637 -11.638307431629975 0.49200965377250006 2.5674890227728198 -1.6758414540382676 1.0
vehicle.truck 0 0 0 1501.4730427005757 434.7430115458073 1813.303021932507 563.4547907572542 9.692 2.911 2.536 -34.87471391723845 0.11109492342139132 22.553885861717365 -2.111410540189204 1.0
movable_object.barrier 0 0 0 361.5568127598493 456.3949281840461 492.72379090553983 527.2137868895318 0.422 1.029 2.046 -20.73662695365494 -0.00168051906034912 -6.37132951707841 -2.03102818578762 1.0
vehicle.car 0 0 0 487.2351062743563 436.5007851121398 820.1121353521933 564.1551075432116 4.335 1.473 1.787 -18.000557817620496 0.09893632531734868 -2.2216137516954797 3.1178589724864993 1.0
vehicle.car 0 0 0 106.41073540990463 408.61332019749824 297.7931447218188 475.3850513447071 4.249 1.479 1.835 -33.26442496584343 -1.2888397417092399 -16.100827608005616 -1.5951028905821936 1.0
human.pedestrian.adult 0 0 0 1108.0975794459255 440.8334463195546 1178.1267570564862 616.2854429969398 0.435 1.756 0.568 -13.133911783434659 0.37333401357067897 3.392403997352356 -1.9565758909799325 1.0
movable_object.trafficcone 0 0 0 130.79299449334056 462.5058291160536 166.25267978710764 506.8200983369466 0.341 0.745 0.387 -22.060251939631847 -0.11944641948625706 -11.630217240655865 -1.9895858985504908 1.0
human.pedestrian.adult 0 0 0 238.5596048880497 396.0683531239343 372.3491117884811 625.7429582097735 0.779 1.839 0.748 -10.72373301493164 0.15462522055869798 -4.304943907459804 -1.593019194178388 1.0
