human.pedestrian.adult 0 0 0 654.6673041064072 470.2707116193211 696.2987311010223 554.3824661600461 0.683 1.7 0.691 -26.04040219259176 0.4240844584642933 -2.889889679411153 -2.1610905508048113 1.0
human.pedestrian.adult 0 0 0 1574.8811017128992 508.1227277350862 1645.9184977143957 656.5051414313173 0.648 1.557 0.492 -13.728681242111772 0.961708069755873 8.598358842016903 -1.9351420661611236 1.0
human.pedestrian.adult 0 0 0 1500.0701532337155 493.51328407941133 1544.5590818262485 586.3457025588535 0.729 1.609 0.444 -22.394900164592652 0.8446588490512965 12.478771457650742 -2.0196880493122453 1.0
human.pedestrian.adult 0 0 0 1508.8181427828183 488.107192604497 1595.7754759632921 650.2232912786073 0.784 1.891 0.619 -15.233217024864258 0.9116923973436323 8.83943043082506 -2.049718866800025 1.0
human.pedestrian.adult 0 0 0 1200.6253467284073 486.4894282759277 1230.212751871499 524.3114705154364 0.75 1.406 0.901 -47.730968434093775 0.5224200094639032 15.03931666784308 -2.1207008073315006 1.0
human.pedestrian.adult 0 0 0 1529.5700202184223 485.6389012223013 1577.7914748159433 595.846604400436 0.688 1.905 0.527 -22.32217739593117 0.8556889557146292 12.990630555123083 -1.9909055820240047 1.0
human.pedestrian.adult 0 0 0 1514.1156702783105 487.2042182712682 1579.1076885996906 607.5924803476252 0.569 1.546 0.634 -16.670247217505597 0.7218491587845529 9.604433548603724 -1.9189827064728142 1.0
vehicle.car 0 0 0 505.0259104631821 447.5212993846022 723.9401069666045 552.212708336388 4.806 2.123 1.894 -28.165386358785227 0.19669060168889602 -4.371490950782102 -1.7655114802819032 1.0
human.pedestrian.adult 0 0 0 677.4356781302479 468.79564173585237 728.3680966929586 554.7551265465326 0.754 1.735 0.873 -26.065434758469348 0.4124081703218496 -2.3269589243970192 -2.1735635673877587 1.0
human.pedestrian.adult 0 0 0 1519.9761425558788 489.39286540634316 1609.9322566892788 646.9068555061206 0.79 1.671 0.637 -13.930866691625404 0.8189791946048204 8.219762074726038 -1.9679281967541904 1.0
vehicle.car 0 0 0 834.9631844765465 472.8988433532055 864.3453109986075 507.214773420199 4.93 2.096 1.789 -80.39583810696976 -0.06818605838079478 2.1058065980033707 -2.0826299137001882 1.0
human.pedestrian.adult 0 0 0 1568.6599631587544 503.83615310067137 1635.4243705625383 646.8524726604327 0.479 1.721 0.593 -15.611464074056972 1.015535473313859 9.678295607924724 -1.9279340529678786 1.0
