human.pedestrian.adult 0 0 0 697.3063301996318 456.87064685806587 727.1851614364352 551.7648370941022 0.407 1.687 0.561 -22.883190258570274 0.22463753576703738 -1.8823743459806488 -1.6059483459953316 1.0
human.pedestrian.adult 0 0 0 689.9855281433264 464.7518583345214 734.7520602378547 558.6176136170914 0.427 1.615 0.628 -22.286056355375 0.3472608340207265 -1.8266551537729596 -1.9559603708591675 1.0
movable_object.barrier 0 0 0 600.4984548356274 479.3027047124159 689.0041701945456 526.697058621762 0.429 1.049 1.997 -29.850142295391212 0.2663594058160592 -4.036817105070704 -2.099226112563027 1.0
human.pedestrian.adult 0 0 0 664.6756681775443 450.7341814647853 703.321016999929 550.4896272842282 0.471 1.86 0.565 -24.06119662333584 0.16717774286339615 -2.5106238002355004 -2.0065487822653933 1.0
movable_object.barrier 0 0 0 176.9444106076169 467.9160805459926 271.6244284965922 514.7345631837802 0.553 1.057 2.005 -30.40693776423448 -0.009069613435656737 -14.204633815713684 -2.104802299954202 1.0
vehicle.car 0 0 0 1217.983945331469 455.8629077826299 1539.2329280057997 649.3899493104254 4.692 1.657 1.691 -13.543296369053618 0.5031192454915923 5.705610041847015 -2.065864323728589 1.0
vehicle.car 0 0 0 400.666191342172 457.0744739784311 614.2864828347283 533.4223438444102 4.214 1.513 1.928 -28.03266564758308 0.06387421866849635 -6.756769013406211 -3.128830601124469 1.0
human.pedestrian.adult 0 0 0 730.0124805705594 467.6239730377523 765.9822552960586 557.1575410096725 0.384 1.54 0.464 -22.109798324573916 0.36110355544526584 -1.1928535399839384 2.4330123105133623 1.0
vehicle.car 0 0 0 900.6487300248086 464.71711213144505 1064.553898757646 530.148485323352 4.335 1.473 1.787 -31.296218397727234 0.13881708769743292 4.172898594229798 -2.555815114710155 1.0
vehicle.car 0 0 0 60.59943564043251 438.88273162314084 222.09494848139582 489.50733651272833 4.249 1.479 1.835 -40.86337745882561 -0.8777600420333206 -21.72959334069705 -1.5879618411107943 1.0
human.pedestrian.adult 0 0 0 750.3618616629501 455.379973529669 784.7547511759082 550.7859821981459 0.47 1.766 0.512 -23.876355153467117 0.21229893338353914 -0.9159850608393877 -2.0233912046124534 1.0
human.pedestrian.adult 0 0 0 601.7358352434055 453.1340997076975 658.4739133328867 563.3605326876377 0.76 1.732 0.603 -20.318423909662375 0.26326161073280013 -2.9907563903780834 -1.6185423040916058 1.0
movable_object.barrier 0 0 0 342.18279756790105 471.29502769178055 434.9268055912181 517.4719777616489 0.422 1.029 2.046 -30.03717189378802 0.06391142920251064 -10.138546757070092 -2.099226112563027 1.0
human.pedestrian.adult 0 0 0 56.350919792604095 425.6368673679548 134.6432091879481 556.1353711747879 0.779 1.839 0.748 -18.380164910984742 -0.011927429635988848 -10.447353606676282 -1.6042150263290162 1.0
vehicle.car 0 0 0 1097.04219163622 474.58797794738877 1161.6048594530328 514.4042492152403 4.856 1.462 2.224 -51.072857710846456 0.0847786469495383 12.55873798726062 -2.197582625087408 1.0
movable_object.barrier 0 0 0 259.60861162616067 469.75779669671283 349.55074300417806 516.3521386324758 0.449 1.045 1.976 -30.198182879965437 0.032119103070356425 -12.196516317177716 -2.075164516947428 1.0
vehicle.truck 0 0 0 1165.3310356071618 434.047108517524 1340.0247285754342 520.5968617535661 9.692 2.911 2.536 -48.43487690225558 -0.5760880549540539 16.363349459647875 -2.0416852552452065 1.0
vehicle.construction 0 0 0 337.60123296914486 388.76917088629585 478.1570934330047 513.5130548549428 2.244 2.895 2.492 -31.150566729663268 -0.9792194951594106 -9.995131924899685 -2.03790782116962 1.0
human.pedestrian.adult 0 0 0 839.2426353803329 456.10512777956524 874.4782069611406 550.5141019646329 0.435 1.756 0.568 -23.99684878951702 0.2179099665727422 0.7713651695449497 -2.033508833922867 1.0
human.pedestrian.adult 0 0 0 640.1368312715264 457.13020932996164 687.7075759909413 560.6392053034414 0.469 1.683 0.637 -21.049745350966983 0.27992779872575674 -2.5341962216533966 -1.712884094094699 1.0
human.pedestrian.adult 0 0 0 758.4950863615483 457.28473953459445 811.3185081954801 553.9323837278365 0.747 1.573 0.547 -21.076993543016016 0.22911899367766714 -0.5261419391800027 -1.6016074579471722 1.0
vehicle.car 0 0 0 1427.1229720287122 472.4463171922693 1793.3950060098143 624.9353899011903 4.356 1.415 1.718 -14.3901947733602 0.5173333109420202 8.69488119935789 -2.0652223343688725 1.0
human.pedestrian.adult 0 0 0 584.8921458250169 456.99104359888014 637.6051045410994 560.9945603773018 0.75 1.692 0.508 -20.986327173487325 0.2855460844599754 -3.400326448369085 -1.61659439224628 1.0
movable_object.trafficcone 0 0 0 832.4725126152584 511.144002475348 857.0275504931045 556.671940594398 0.303 0.69 0.34 -19.884281757076455 0.6628017673934674 0.44843686597777577 -2.056913040206136 1.0
