human.pedestrian.adult 0 0 0 1421.0099882805894 492.5416285343283 1453.302128742872 588.5714960834505 0.427 1.587 0.412 -21.217714291408047 0.8119569821293824 10.399091812888015 -1.9462049212831705 1.0
human.pedestrian.adult 0 0 0 760.6072065488406 459.9344939287985 798.1709848552085 525.1980246592889 0.754 1.735 0.873 -34.11531165262374 0.02650728389646706 -0.9891168732710525 -2.200994406757159 1.0
human.pedestrian.adult 0 0 0 1365.3675312286302 470.0487297222237 1421.9148937407642 588.0879461155619 0.784 1.891 0.619 -20.707923448131208 0.6002816500958783 9.431507268819866 -2.0386665907182433 1.0
human.pedestrian.adult 0 0 0 1359.9318388612965 471.24416543987826 1402.1572650028004 560.6548493101691 0.569 1.546 0.634 -22.271188658819465 0.4213724115306299 9.925879967709504 -1.9108078586111201 1.0
human.pedestrian.adult 0 0 0 1353.9546004200402 482.6559465872273 1393.6309251228693 585.9121912944246 0.648 1.557 0.492 -19.478398368371888 0.6437985673892104 8.56909184911071 -1.92657207865504 1.0
human.pedestrian.adult 0 0 0 1424.6447632622585 468.8818960168595 1459.763172242527 557.6133181707613 0.688 1.905 0.527 -27.57867184095205 0.4654815367067278 13.625521390395821 -1.981063255458725 1.0
vehicle.car 0 0 0 602.1824000670889 443.94088716907663 773.8479667885769 526.5520485635236 4.806 2.123 1.894 -35.01263002567069 -0.16697743021813385 -3.4590950923645867 -1.761910107549034 1.0
human.pedestrian.adult 0 0 0 1370.6108644862854 483.4519694699729 1412.134857118369 587.2627948306166 0.479 1.721 0.593 -21.317221550601918 0.7258189747455647 9.67522473320292 -1.9137092147574872 1.0
human.pedestrian.adult 0 0 0 744.2898169730355 461.4400422233015 774.6133940597933 525.1832235179031 0.683 1.7 0.691 -34.16662695438522 0.046724147664406634 -1.529473254027806 -2.1898965748959975 1.0
human.pedestrian.adult 0 0 0 1399.6696258667168 473.49368218993675 1448.9071155136025 585.2631601351743 0.808 1.655 0.553 -19.217336943280902 0.5593107984395198 9.217340836173168 -1.936140934819269 1.0
human.pedestrian.adult 0 0 0 1326.5171596364153 472.1469112674247 1378.7678477633297 581.7076068489841 0.79 1.671 0.637 -19.775260307109765 0.5387064085034448 8.365994267959366 -1.9585939968529456 1.0
human.pedestrian.adult 0 0 0 1470.2048232878844 468.8301689479748 1529.2030408760602 590.599216543173 0.582 1.75 0.62 -18.62203431807894 0.5479995446246265 10.049266217421199 -2.555093733539268 1.0
vehicle.car 0 0 0 866.4576350504008 459.447851564409 893.3140225407384 490.8455938383958 4.93 2.096 1.789 -87.0588254693884 -1.100271139489348 4.360320211004698 -2.0709510215811866 1.0
human.pedestrian.adult 0 0 0 1389.7088474932045 477.77873176629475 1421.5656048679323 552.4203563406088 0.729 1.609 0.444 -27.692295818421325 0.5072811272628497 12.882557470697638 -2.0092381962864465 1.0
