movable_object.barrier 0 0 0 980.3049663854324 489.3559402604391 1001.1387396682929 521.0715349278305 0.337 1.028 2.033 -43.858861831835796 0.4621305184307382 6.0333779085151935 -3.0887700839693757 1.0
human.pedestrian.adult 0 0 0 295.6334677869262 415.55336375910804 387.3069760055188 601.581518632336 0.635 1.771 0.673 -12.562598791915521 0.16133578511181756 -4.697063660428696 -1.5920540585820877 1.0
human.pedestrian.adult 0 0 0 511.07964710075936 437.1251022058843 579.8416678329069 572.4453763692712 0.567 1.811 0.652 -17.412895934355827 0.17778419931987854 -3.723683940224343 -1.7327595182873106 1.0
human.pedestrian.adult 0 0 0 219.7173819632096 422.8320310376298 268.1196049759745 499.414125491337 0.793 1.642 0.594 -27.974377088443383 -0.6663878354475432 -12.636156010731257 -2.068429732722773 1.0
human.pedestrian.adult 0 0 0 403.8482635465588 435.72852922755453 515.8108188949756 622.0509228060557 0.75 1.661 0.569 -11.84289147962058 0.33305266171724607 -3.32904476475575 -1.619969423645121 1.0
movable_object.trafficcone 0 0 0 991.2196422892282 499.5755486165179 1009.4072756865668 522.7482190270949 0.436 0.742 0.419 -42.013183805097945 0.6504544507499248 6.106177071510617 2.804884546649438 1.0
movable_object.trafficcone 0 0 0 1140.9252824649295 522.5165034126909 1170.579694139223 565.9234271088752 0.355 0.72 0.361 -22.03698356215748 0.9146406576688567 5.905482024188154 -2.0210978396606336 1.0
human.pedestrian.adult 0 0 0 249.46651270907006 390.54599825920985 358.72437494432035 610.5773956991978 0.7 1.945 0.689 -11.701034553562275 0.07870433305090596 -4.716482885982716 -1.5920540585820877 1.0
movable_object.trafficcone 0 0 0 1168.7969363562388 523.231012302414 1191.5885818062238 565.4350314440926 0.327 0.698 0.336 -21.937604959399476 0.9118391368965432 6.302281778214307 -2.2233124793272676 1.0
movable_object.barrier 0 0 0 958.3749866407943 485.52630935031004 973.7748094559549 514.1974539054243 0.417 1.074 2.0 -50.00920346765276 0.3185952651086437 5.909537713950953 -1.5863312176081132 1.0
movable_object.barrier 0 0 0 1115.4158170350327 504.45813629240945 1176.0111901280686 567.5458650606303 0.554 1.031 1.991 -23.197743508431497 0.7904016322256451 6.010624839838568 -3.113328415766004 1.0
human.pedestrian.adult 0 0 0 1160.8028677886332 467.14017652166916 1242.6249897328055 577.0826845065037 0.985 1.68 0.734 -20.208025812548716 0.4744770299422094 6.1387019439463675 -3.0885007888865585 1.0
movable_object.barrier 0 0 0 969.7560165661146 487.9834774889775 990.1538446623948 518.2282783499385 0.418 1.026 2.028 -45.838185456191596 0.40782194870706096 5.916490914707586 -1.5869969434418412 1.0
movable_object.barrier 0 0 0 -244.90892245027553 409.39698633209326 167.81433773795436 757.2904316552648 0.847 1.414 1.261 -5.691744060476524 0.3895310278688341 -3.7573444520234287 -1.978901277978828 1.0
human.pedestrian.adult 0 0 0 427.78163506162184 431.3760665250559 527.057842840923 622.9036875294555 0.664 1.766 0.6 -12.187784873085473 0.329315516012667 -3.251956627625226 -1.5892608960627834 1.0
movable_object.barrier 0 0 0 954.3319650724314 486.4043632766392 970.2951990056912 513.3580177780952 0.435 1.046 2.031 -52.02540923835368 0.33322933150293477 5.99321647047493 -1.5863904561548363 1.0
human.pedestrian.adult 0 0 0 765.7400746933723 466.8501171481158 775.2399861834434 490.77492495419614 0.435 1.756 0.568 -94.49073667668345 -0.9473609923413714 -3.414906029679233 -2.064664311222299 1.0
human.pedestrian.adult 0 0 0 428.3823349428573 427.1338440896843 553.5736294657148 614.4990527548425 0.958 1.776 0.64 -12.643968625037978 0.2778695790050639 -3.237000023069469 -1.5905228100434217 1.0
movable_object.barrier 0 0 0 28.80330348025808 448.4057893024756 156.99659680057994 570.816625239293 0.412 1.187 2.047 -13.456988460375257 0.15732632331028829 -7.634248034138973 -1.594794849138335 1.0
human.pedestrian.adult 0 0 0 160.94763895577165 418.0212249350106 212.79057712939772 508.8549620816384 0.741 1.667 0.719 -24.04085957378606 -0.5313344108610374 -11.93889025480249 -2.870937435174622 1.0
human.pedestrian.adult 0 0 0 610.6443551145509 455.07570343287034 663.368021198348 568.8208578591745 0.67 1.63 0.488 -18.695485319381156 0.29491523038469997 -2.6409864797203553 -1.5902580645297828 1.0
human.pedestrian.adult 0 0 0 459.8867582940225 438.5334023005803 536.7421105128402 570.2614988060699 0.839 1.67 0.582 -16.677645882871754 0.1638516731408707 -4.177439652592779 -1.5920540585820877 1.0
movable_object.barrier 0 0 0 145.91420307337992 448.49406092031563 231.0214120640553 552.2809189979213 0.399 1.216 1.967 -15.989439980513858 0.08373006862593955 -7.893027649727239 -1.5995149937119022 1.0
