human.pedestrian.adult 0 0 0 689.9728032071426 473.81554510537336 733.814244174516 552.5921356742481 0.753 1.885 0.699 -30.795373974331152 0.5261552990645378 -2.536256756417476 -1.638988249044683 1.0
human.pedestrian.adult 0 0 0 1414.6216613945876 482.54789927448127 1464.6740832214007 571.1752529130564 0.674 1.741 0.69 -25.413133929003717 0.7031165039801712 12.501563159595332 -1.9866671154112892 1.0
movable_object.barrier 0 0 0 1360.3178568565686 499.3387877868119 1397.2767493993729 534.2005354083738 0.536 1.055 2.028 -39.92194897048083 0.7831114024208133 17.717656899975047 -3.0118467883210283 1.0
vehicle.truck 0 0 0 905.5658154157032 436.51918528995145 996.5617173753438 525.2691073142249 8.336 3.059 2.389 -48.62156697597396 -0.33970730183112746 5.025874294056972 2.0938133135192656 1.0
human.pedestrian.adult 0 0 0 678.7632966378984 480.50116864701556 714.0162532933869 554.953282106697 0.743 1.73 0.604 -30.033588057837093 0.6176727393071479 -2.83877911189347 -1.5631282040006695 1.0
human.pedestrian.adult 0 0 0 632.6596079358928 488.0730147365381 666.7235220401695 557.2488503852796 0.679 1.572 0.554 -29.35448500815513 0.7172860205004911 -3.8574460064780256 -1.5632498585246086 1.0
movable_object.barrier 0 0 0 1438.5835207001812 507.1244382268608 1525.6913086649063 549.8431275501938 0.54 1.036 1.997 -32.58128092372001 0.944885996432022 17.125286569863164 2.041791168648257 1.0
movable_object.barrier 0 0 0 1288.7694123117592 489.82485998519604 1333.7011566590554 520.7544172805106 0.561 1.092 2.005 -46.255264507152674 0.5035692716551479 18.06163293123111 3.0454174596858667 1.0
movable_object.barrier 0 0 0 1510.9637499445123 504.6115333329391 1597.3488679390107 545.8983159438412 0.536 1.009 2.002 -32.84738922521322 0.8689572906394206 19.134089000047055 2.029200964832257 1.0
movable_object.barrier 0 0 0 1387.227064987807 505.28471697691816 1420.9650423841708 543.3935679412778 0.525 1.024 2.024 -35.969622862292475 0.9188623864992456 16.681934927216812 -2.93082607949676 1.0
movable_object.barrier 0 0 0 1397.7734581738448 503.71580587680097 1430.4204560381427 545.4577536454378 0.547 1.06 2.013 -33.98480344547042 0.873413054138138 16.029533792335613 -2.8903482462891184 1.0
