human.pedestrian.adult 0 0 0 1468.54330906547 468.433127840461 1593.5408561506586 707.7529051763426 0.533 1.557 0.684 -8.704350635529465 0.6326908884915661 4.892933876293563 -1.5907018342469819 1.0
human.pedestrian.adult 0 0 0 1093.3093912555685 476.5580438280325 1134.3090796143483 564.3816465137515 0.639 1.668 0.568 -24.6269845671678 0.5542187610960017 5.780992322715244 -3.1150457643003726 1.0
human.pedestrian.adult 0 0 0 1588.402372065132 467.65668444089476 1714.8866981996482 736.6596985703743 0.595 1.624 0.548 -8.084328449745122 0.6726787585074776 5.313042742406599 -1.880144949113273 1.0
human.pedestrian.adult 0 0 0 1226.2824360611269 492.04322578188027 1244.5728446789597 537.890612962299 0.439 1.569 0.577 -44.11272738613247 0.8117072697866428 14.598210277436536 -1.5813005379649585 1.0
human.pedestrian.adult 0 0 0 1142.393431393228 477.9318898705417 1183.8401785323756 566.9727161064534 0.658 1.735 0.52 -25.237269947312345 0.6079253313875714 6.907209601525012 -3.101879472832599 1.0
human.pedestrian.adult 0 0 0 1246.7537577840008 488.71308840156007 1265.612475899703 533.9370560669898 0.423 1.524 0.552 -43.42942778201906 0.6752498392910071 15.083924206288662 -1.947220334667091 1.0
human.pedestrian.adult 0 0 0 951.7497032451761 475.45480552636786 994.4627506511858 550.1497965069473 0.844 1.564 0.554 -27.25522802932404 0.45097904121549914 3.3700091490137263 -3.100882941090701 1.0
vehicle.motorcycle 0 0 0 1068.4846792677502 496.4444234901247 1089.8684010203563 522.9207663182182 1.485 1.179 0.603 -58.99432583267839 0.8390917296720142 12.241059716458631 2.0624168723883045 1.0
human.pedestrian.adult 0 0 0 1359.2284673963873 483.1459549814616 1404.7090714251856 571.7959279085862 0.632 1.771 0.539 -25.855652504495698 0.7248339623855153 11.544452789559138 -2.1968169175180634 1.0
vehicle.car 0 0 0 1101.0888242970032 495.9874822227345 1196.8251475548964 553.8601941582301 4.302 1.397 1.808 -34.22109594210603 0.8516694357018829 9.050410317015887 2.331423154840274 1.0
human.pedestrian.adult 0 0 0 1251.2752746459266 484.3726204016877 1272.8326084788787 529.936252130731 0.452 1.56 0.536 -44.07148440955936 0.5406216772774554 15.511470162911257 2.996470433974264 1.0
human.pedestrian.adult 0 0 0 1156.523947893395 482.16817384728074 1200.9703533219881 570.6681459365001 0.71 1.663 0.539 -24.418364674171837 0.6629737655432398 6.983359608220951 -3.0527716928898077 1.0
