movable_object.barrier 0 0 0 352.32355902910683 500.88291954303645 457.21996097829486 593.4547324310529 0.458 1.06 1.944 -16.68276809205817 0.6975459892417987 -5.382035714722174 3.0300967864868635 1.0
movable_object.barrier 0 0 0 259.1068313085873 494.94240204817817 386.1339713528617 605.0969306036422 0.503 1.115 1.974 -14.743983923980615 0.6382181263686422 -5.69852766453914 3.0663923913812425 1.0
movable_object.barrier 0 0 0 860.6226591732245 490.57334194818503 874.3892058137202 517.1816491464457 0.425 1.277 2.03 -65.32663964405391 0.6274786425229886 2.648199835986416 3.0277085790175065 1.0
movable_object.barrier 0 0 0 139.01601359684497 493.4080209709198 305.32306434954756 627.7990893974206 0.509 1.164 2.036 -12.754600224027156 0.6418319951302781 -5.917654190345431 3.0663923913812425 1.0
movable_object.barrier 0 0 0 554.9899067557253 497.49627219322434 626.0542118814769 564.0777942460182 0.466 1.041 2.163 -22.612655707609477 0.6728073134637563 -4.003038664380372 -1.6168979751218977 1.0
vehicle.construction 0 0 0 663.5211351783942 423.12902996137626 778.8444941209177 492.88315661142303 7.117 3.684 5.252 -71.55541025658611 -1.9309497408938676 -5.227626905593339 -2.172123592301956 1.0
movable_object.barrier 0 0 0 541.3982723158514 494.76518261589587 590.9938115550003 572.9512043825117 0.33 1.122 2.05 -20.521808404518683 0.6551499895863906 -4.032767002227779 3.1263155747635505 1.0
vehicle.car 0 0 0 1477.6285494878332 487.71313632751986 1685.9353039504203 608.5597285374699 4.505 1.961 1.904 -24.685895582167824 0.992089887636847 14.72338077608864 -2.2067437017668734 1.0
movable_object.barrier 0 0 0 431.9249225043429 495.7005585550851 559.9987321963217 580.1122625572882 0.429 1.106 2.007 -18.494411379673206 0.646964579082952 -4.6435601772899995 2.7203327939482707 1.0
movable_object.barrier 0 0 0 598.6533049242902 499.40146211779853 634.3805827916729 564.3960732969985 1.873 1.138 0.553 -24.70853787997257 0.7652883206229145 -3.884046299559138 -2.061890189490482 1.0
movable_object.barrier 0 0 0 805.4447814714024 490.8371567355617 830.7929919892765 521.0794258703766 0.555 1.135 2.013 -51.700057227116204 0.5777497319785792 0.08449028343153603 2.979955599121787 1.0
movable_object.barrier 0 0 0 832.8458518715262 494.4093340677499 851.0727911829285 521.0934034828917 0.488 1.111 1.977 -57.49470061425685 0.7269930740446164 1.1729219260793278 3.0175990854655126 1.0
movable_object.barrier 0 0 0 657.6615225876267 492.4413705820016 703.497483374368 543.8918174898399 0.507 1.121 2.19 -30.77004690921312 0.6253755000444254 -3.278473272523854 3.026454689111006 1.0
movable_object.barrier 0 0 0 630.0211635731201 494.0508198169844 678.4324365770497 549.7674557383091 0.478 1.129 2.072 -28.574399355773732 0.6630795433389078 -3.637860565280342 3.026454689111006 1.0
human.pedestrian.construction_worker 0 0 0 864.8376525125113 480.48235636379746 883.5132362547558 519.3126910531713 0.643 1.849 0.872 -61.51805320505482 0.40275985448775 2.814896575535046 2.0863091111425804 1.0
movable_object.barrier 0 0 0 -19.30075201556519 486.6150822005001 191.1397896620008 635.4836934706689 0.521 1.092 1.881 -10.793507670081443 0.5372092757888249 -6.148025806340963 3.0663923913812425 1.0
movable_object.barrier 0 0 0 -270.89676643393267 494.192895636365 34.61985693696584 677.5405321938453 0.4 1.047 2.054 -8.8200240516048 0.5830765740524967 -6.385341205239029 3.0663923913812425 1.0
movable_object.barrier 0 0 0 735.5474854705558 498.54483935720407 765.6692607053778 537.5525666029099 0.524 1.08 2.105 -39.12361700566743 0.8036540393372363 -2.016695001174019 3.0506457281721984 1.0
vehicle.bicycle 0 0 0 755.563369663414 499.9134337916177 803.9138340758461 550.1457949912644 1.648 1.128 0.518 -31.178062563704678 0.8088373963692095 -0.9114010390915747 -1.8682765873345861 1.0
human.pedestrian.construction_worker 0 0 0 716.370974832125 462.56895902911054 754.9677888448393 537.3803356089288 0.565 1.821 0.769 -31.488860944802877 0.19933310917676622 -2.0029434753717106 1.9066291283680652 1.0
movable_object.barrier 0 0 0 610.609594885959 492.3488179492901 653.1284095189828 550.368711895214 0.436 1.097 1.951 -26.572658004803873 0.604138134729092 -3.8535048885739704 3.086958085958356 1.0
movable_object.barrier 0 0 0 820.0855121197226 494.052232413547 840.4052633546296 522.3729016756619 0.469 1.098 1.998 -53.6372271591437 0.6962991515298864 0.5993258781341605 3.0059693426475658 1.0
movable_object.barrier 0 0 0 685.7377930578729 494.49085286112773 722.8703258285292 538.6512177568845 0.503 1.029 2.031 -32.90084314425329 0.6333423413607508 -2.894806836439075 3.0506457281721984 1.0
movable_object.barrier 0 0 0 704.2593967830963 492.0896575249993 738.6686759849966 535.2441049210753 0.479 1.079 2.04 -34.98971984879007 0.5947945374033892 -2.606414430065633 3.038548167620581 1.0
human.pedestrian.construction_worker 0 0 0 785.5217351424074 474.4681680895148 804.9073697872336 526.8742778510313 0.68 1.794 0.592 -44.21962688473731 0.31313684035733697 -0.7329465094797735 2.073862023812463 1.0
