human.pedestrian.adult 0 0 0 1019.4248594388692 494.07724779774395 1038.2846819581275 525.7391618836468 0.812 1.67 0.505 -68.49106707073436 0.9898328649069384 11.49676770484789 -1.689819724722259 1.0
human.pedestrian.adult 0 0 0 889.760264418224 485.4978072544875 904.9611516377552 517.7737718299473 0.52 1.759 0.658 -70.07005054844144 0.5553547814736233 4.487436711654231 2.7320539038573886 1.0
vehicle.car 0 0 0 795.6295305000998 486.94611883219545 830.6019294533489 518.0656386849906 4.557 1.759 1.867 -79.90914034361354 0.6671343366040463 -0.22963879480032653 2.1637829685780874 1.0
human.pedestrian.adult 0 0 0 1231.998304824466 487.07015249036533 1268.1474343757877 540.4877975962881 1.079 1.972 0.611 -48.17107980875667 0.8362560770224616 16.49838192860501 2.64151232270663 1.0
human.pedestrian.adult 0 0 0 985.8302258615877 490.16925346285285 1003.8875295303241 522.9117969100723 0.718 1.664 0.509 -65.72882209036972 0.7760490563303417 9.268346929580833 2.586649910518516 1.0
human.pedestrian.adult 0 0 0 1313.7879640368712 489.17473325258095 1347.847916408734 549.8743370281086 0.897 1.821 0.641 -39.19030800347838 0.8562163944345963 15.924427777780481 2.873696572211113 1.0
human.pedestrian.adult 0 0 0 778.1146328111537 486.67990133239 794.4311744396874 515.524633803459 0.579 1.557 0.637 -69.6031295849104 0.5232024804608644 -1.6482295963643785 2.6819266597718965 1.0
human.pedestrian.adult 0 0 0 1278.1069831540053 499.41259898625003 1304.6216163669394 541.0530026480861 0.838 1.737 0.575 -54.33123592386512 1.2244720015561255 20.381037982574977 2.5974521681412712 1.0
human.pedestrian.adult 0 0 0 1025.3697363913325 492.5074574098914 1044.6289392156586 525.8770428059906 0.801 1.777 0.578 -69.03887253164375 0.9581430715854612 11.923895243174574 -1.6918226431670513 1.0
human.pedestrian.adult 0 0 0 979.4149156362873 490.7250192460406 1000.353866516656 522.3968195430467 0.924 1.679 0.608 -69.05997434228794 0.8150598504450293 9.467858414172337 -1.6492295332116038 1.0
human.pedestrian.adult 0 0 0 359.8087568394009 417.8432351597495 456.02009945280963 612.4858478355849 0.58 1.713 0.585 -11.542691498534902 0.19847634651676718 -3.7213538463985634 -2.5219115083073653 1.0
human.pedestrian.adult 0 0 0 876.0397388265906 487.55727076297075 894.6293654231667 518.5800473253507 0.716 1.668 0.676 -69.5440233525218 0.6291974434350712 3.7930156215170023 2.7117839374436024 1.0
human.pedestrian.adult 0 0 0 1322.5093253743748 492.5982614023698 1339.828416534267 535.188854796796 0.606 1.833 0.505 -55.60774028538669 0.9772950701372475 22.609557262184424 2.8415384671366652 1.0
