human.pedestrian.construction_worker 0 0 0 990.2645388280744 481.0212790572713 1030.890465720842 550.4657366238347 1.022 1.692 0.759 -31.830749732469236 0.6067291215529825 4.889545789304591 -2.286366454896994 1.0
vehicle.truck 0 0 0 1110.6195635087865 479.85899877554556 1273.2696008978735 544.2022320105012 4.865 1.906 2.13 -41.18538450637453 0.6707094625578065 12.226106070717519 -1.6228070272559378 1.0
human.pedestrian.construction_worker 0 0 0 631.8357615990732 489.6369094093465 664.2937839590501 538.9545625227628 0.527 1.147 0.646 -30.249659048992555 0.5428671221775235 -4.014415289656882 -1.5729459377208617 1.0
vehicle.car 0 0 0 951.5981590950671 487.66835681046894 1011.9213321056039 535.6702902819243 4.306 1.477 1.875 -42.871220999650546 0.6755001029034624 5.627075280692016 2.028074149082652 1.0
vehicle.truck 0 0 0 761.9173942151052 459.2083290014892 875.0565015483276 558.5493350910614 4.972 1.949 1.962 -28.203890562870075 0.37935205786373705 0.15578172306703933 2.0508078248574373 1.0
movable_object.barrier 0 0 0 784.388405314897 498.74046174722685 886.4880513117794 542.8989502917841 2.569 1.033 0.542 -32.56262756681453 0.7489759200122136 0.5010003943107202 -1.5621901407511896 1.0
movable_object.barrier 0 0 0 1100.1406155818947 509.6960096623842 1170.646148219206 548.1154544858907 2.141 1.064 0.546 -37.270418766623536 1.1041229369037686 9.398486927899619 -1.623646629217423 1.0
human.pedestrian.construction_worker 0 0 0 731.4460129724193 462.3593949939991 767.505521303881 546.6770547891916 0.833 1.734 0.686 -26.81110147403315 0.274443619678145 -1.4078214150772668 2.1308621221103135 1.0
movable_object.pushable_pullable 0 0 0 665.4031632107307 488.7617763977412 735.7643207402093 551.0163160354375 1.331 1.176 0.814 -25.257953959833962 0.560489788543699 -2.294705504693453 -1.5643443543265843 1.0
movable_object.barrier 0 0 0 1158.140043789906 513.5444734153265 1224.2987202171223 550.1153802518407 2.238 1.052 0.52 -38.55301943472833 1.232522024581456 11.423787695800526 -1.642862314059406 1.0
