movable_object.barrier 0 0 0 -219.32549812529626 482.24209586503963 39.36773515078773 643.1182977206889 2.04 0.956 0.332 -8.77409321882293 0.42905419834498015 -6.173419792054092 -2.1014121113477913 1.0
vehicle.bicycle 0 0 0 -384.4055399871099 467.55352439234713 104.40426432247415 726.5886078989228 1.737 1.146 0.727 -5.983590853791147 0.464374028994149 -4.442848192750841 -1.5925425151375112 1.0
movable_object.barrier 0 0 0 532.8909180820157 519.8712461439618 627.4997553089511 654.9078839921062 2.001 0.944 0.41 -10.680558822353383 0.7557798583884169 -1.9536337494182807 2.1050534020931764 1.0
movable_object.trafficcone 0 0 0 1008.9068261206219 550.6804023566077 1055.505333077886 624.2984485507561 0.417 0.757 0.367 -13.625045472053197 1.0272467582817193 2.319927539717731 -1.5933360014819602 1.0
movable_object.barrier 0 0 0 1022.7578923129665 494.3360022673992 1048.9923237243165 530.0503465500902 1.996 0.978 0.314 -37.37880210437369 0.5967835035498661 6.471481253548 -2.0733683031503425 1.0
movable_object.barrier 0 0 0 624.8760731839543 499.745280715571 682.3521224629468 606.6596862551557 2.114 1.096 0.453 -14.740056760390642 0.674258299060541 -1.8693026967978716 2.1250100096018762 1.0
human.pedestrian.adult 0 0 0 385.40051689362656 426.02935165041686 451.0515456007585 541.802481334711 0.924 1.89 0.803 -21.168781749584426 -0.1331507637144326 -6.6409268038147875 2.1103322258592705 1.0
movable_object.trafficcone 0 0 0 1427.3045812023101 537.2991735980586 1486.2784146356714 623.7087022056277 0.503 1.134 0.555 -17.350841386698157 1.2104986730330052 8.769060236302169 -1.5926506897605908 1.0
movable_object.trafficcone 0 0 0 936.3908625701004 518.996460710998 959.2292195822866 561.9448008732893 0.385 0.762 0.404 -23.229978424596577 0.8947473634720403 2.4109488972234434 -1.5926612859451232 1.0
movable_object.barrier 0 0 0 467.05097456507485 523.7821735435875 582.1429737218534 721.9040083493259 2.12 1.08 0.384 -8.593935955458615 0.8090367962554473 -1.9302519205527835 2.135074009072035 1.0
movable_object.barrier 0 0 0 902.1712963312415 489.95632303378903 947.3922547338525 513.9645774282932 2.068 1.095 0.47 -59.78183881157402 0.4885912878402703 5.120931091469295 -1.6129867160106457 1.0
vehicle.bicycle 0 0 0 -117.34665689134218 476.8204219618798 250.62477437093236 707.6734452299836 1.659 1.139 0.625 -6.751880247248183 0.49865905398540944 -3.9681504521171926 -1.5977485249067254 1.0
movable_object.barrier 0 0 0 148.26873683380168 489.1348737751711 270.74773737689026 609.868176730217 1.953 1.104 0.321 -12.959805199014944 0.5475604735187513 -6.161399741276721 -2.1014121113477913 1.0
movable_object.barrier 0 0 0 -266.6231969680305 482.8863356724026 98.32054956798312 668.7454045343737 2.012 1.03 0.369 -7.426800373621282 0.4728352036074228 -5.270055960120071 3.059205490754027 1.0
human.pedestrian.adult 0 0 0 475.12135532503163 447.734190986484 513.697949919996 531.6200678866189 0.708 1.735 0.655 -26.57063924016645 -0.04443943474965237 -6.746954873474523 2.1380016742922345 1.0
movable_object.barrier 0 0 0 956.9003214147909 488.07160909054795 1002.9865940915508 510.00214469277444 2.196 1.062 0.454 -62.324210509365216 0.36928798613817365 8.051910087039365 -3.095714921416386 1.0
movable_object.barrier 0 0 0 238.3458403598026 481.76288824135304 337.38567216533283 580.2558051558847 2.012 1.057 0.336 -14.961496017954412 0.42805334345170204 -6.202738720906628 -2.1014121113477913 1.0
movable_object.barrier 0 0 0 583.2751065318594 500.11508679464464 659.0615044316553 624.0807149164453 1.928 1.091 0.447 -12.673437533451613 0.6597533918119536 -1.9239797350457928 2.1050534020931764 1.0
movable_object.barrier 0 0 0 53.75093673628592 486.6843255268963 443.7551289071691 728.5688936241215 2.132 1.255 0.417 -7.082073312812675 0.6117327378540792 -3.171316164784107 3.010451262478565 1.0
movable_object.trafficcone 0 0 0 1160.471406083089 610.3158416655918 1263.5931844533159 748.0931507261879 0.433 0.717 0.432 -7.264154059248523 1.0646590242742144 2.261508733999783 -1.5933318128248644 1.0
movable_object.barrier 0 0 0 1.8134322768002848 478.8625626838851 181.33076359762092 628.7819635527318 2.118 1.14 0.334 -10.895197742798977 0.47422760274761117 -6.158690165350633 -2.1014121113477913 1.0
vehicle.construction 0 0 0 885.652597619388 441.15429492678527 942.805372033156 524.4297383729117 3.896 4.642 2.837 -72.68587464395621 -0.526039978443079 5.578482870044787 2.127536300562653 1.0
movable_object.trafficcone 0 0 0 381.2484263366381 560.2047184457297 453.53541105873137 685.6512106192183 0.318 0.742 0.309 -7.95418396884695 0.8165928089361133 -2.501786960859698 2.98407995912002 1.0
movable_object.barrier 0 0 0 497.9653302767151 495.0979473745142 665.5145680044704 585.6905723770116 2.072 1.113 0.319 -16.046288905292748 0.6115875284030889 -2.965858649829797 3.095564938201294 1.0
movable_object.barrier 0 0 0 1313.9995616221408 491.1191803742165 1382.0723519178002 518.3829174105225 2.163 0.934 0.48 -44.78875215406909 0.4647749511063184 18.797231697358775 -1.5946698684882605 1.0
movable_object.barrier 0 0 0 335.92169356667443 486.1797148542567 498.5019965889725 569.2258405635274 1.92 1.017 0.329 -15.917069093108553 0.44522317198585604 -4.993542585026116 -3.0142550698811243 1.0
movable_object.trafficcone 0 0 0 905.2682294524498 512.4213496372038 919.5436681060294 539.4088293475696 0.351 0.681 0.346 -32.81334562764509 0.8896973182499084 2.4899460400585345 -1.5926612859451232 1.0
human.pedestrian.construction_worker 0 0 0 980.2169245410997 471.50083073591253 998.9098948124914 516.9383370783597 0.653 1.726 0.791 -48.71359727369525 0.09716580296132044 6.662736639831793 3.0924914912184525 1.0
movable_object.barrier 0 0 0 1047.2485461511667 493.7009457398463 1124.7286953846453 532.8161277268125 2.121 1.085 0.354 -36.05347382946855 0.6152654196382638 7.670079761187009 -1.5941470855306132 1.0
human.pedestrian.adult 0 0 0 629.4069475061787 456.9924740629176 647.5392958398485 497.59693542157686 0.583 1.642 0.624 -51.59456801183902 -0.5820190556981863 -7.241619387461612 -2.1427370354440036 1.0
