vehicle.truck 0 0 0 667.6067876904992 420.20840274732893 776.8356884220387 529.6798484143524 9.983 3.286 3.01 -43.331290575314284 -0.5036408552204323 -3.0023180541660444 -2.1027044848033274 1.0
movable_object.pushable_pullable 0 0 0 381.0347468992088 480.17400132687294 484.79798917462597 560.2129038825141 0.786 1.17 1.326 -19.256772674437507 0.4202355622472516 -5.827199503998667 -2.38058684291377 1.0
movable_object.trafficcone 0 0 0 330.53207344255026 539.8183793669214 386.5926894202902 622.1403059243354 0.411 0.796 0.355 -12.726926831539313 0.8927997706586966 -4.596240391390326 -3.0826641995854764 1.0
movable_object.pushable_pullable 0 0 0 311.73175346861365 474.5785371920618 421.84599502966984 564.3480174371779 0.788 1.271 1.375 -18.64093925473724 0.39416722191083176 -6.614473688011086 -2.380586842913771 1.0
vehicle.truck 0 0 0 630.9129390220511 424.8304407131031 735.6923719355542 552.9909370854867 5.192 2.786 1.884 -30.298116502454157 -0.05821545278021942 -3.0741219355784914 -2.0940516370569897 1.0
vehicle.car 0 0 0 804.2941978556006 482.6777224257012 889.6160941131196 548.6027681233795 4.776 1.537 1.999 -32.26940982600339 0.5683312666444224 0.7195280009480735 -2.101187152192713 1.0
human.pedestrian.construction_worker 0 0 0 548.9342186392739 458.65851335708203 570.5584765150666 514.4961581748338 0.59 1.807 0.591 -41.40366994357243 -0.15999967504845675 -8.383952605059715 -1.571870921007143 1.0
movable_object.pushable_pullable 0 0 0 69.47322980787604 480.2360057414183 256.36260595734916 610.7454537057689 1.407 1.246 0.887 -12.738673367806454 0.5195557158415367 -6.546915375704565 -3.0476422849110367 1.0
vehicle.bicycle 0 0 0 413.2773002278014 496.88437854571464 503.1575976331629 558.3977912913433 1.573 1.099 0.527 -23.479150655435088 0.6576999324556685 -6.638347368736416 -1.5965509937651357 1.0
vehicle.motorcycle 0 0 0 205.69514365543375 473.7684189390917 305.98959261385585 563.8306139689352 1.989 1.191 0.636 -17.809046029478335 0.3620972187082341 -7.84087785331009 -2.051508344631083 1.0
movable_object.trafficcone 0 0 0 281.3432702158195 529.0644197260619 351.28053685418104 619.0808502784568 0.49 0.874 0.475 -12.832323519931297 0.8274152176857106 -5.060036034220811 -3.0826641995854764 1.0
human.pedestrian.adult 0 0 0 604.8623135178559 463.48462533618414 649.1216221491793 538.1060645702831 0.624 1.626 0.831 -28.04569028123532 0.20245156556187596 -4.186850933814302 -2.0491978367911923 1.0
