human.pedestrian.adult 0 0 0 1078.9819668919308 487.3748906890042 1107.5655013518076 545.286813279637 0.684 1.648 0.604 -36.67563252102054 0.7123425096518123 8.018529466267914 -3.119783733432641 1.0
vehicle.car 0 0 0 243.31816812000523 469.78345134678483 449.6422762456382 531.4456617345131 4.421 1.394 1.864 -31.548581335422192 0.21845840818595433 -11.626457009537363 -1.5730482648016437 1.0
vehicle.car 0 0 0 -266.98862170866875 438.2260918580682 21.96815245098895 526.6954518333608 4.422 1.579 1.72 -24.837642658082142 -0.17514604275130435 -18.32321223913799 -1.5729192504146061 1.0
vehicle.truck 0 0 0 -303.96369781375273 387.30470628141575 50.01239214155751 528.8101114040661 7.037 3.225 2.278 -31.36619968115395 -0.8023190561280504 -23.208268452508378 -1.572899130469942 1.0
vehicle.truck 0 0 0 1505.8972444472488 449.27417399135845 1982.2348374204355 617.5277003195549 4.92 2.0 1.832 -16.78361867656232 0.5227563009305913 12.122027520532047 3.1280061686426865 1.0
human.pedestrian.adult 0 0 0 687.6240808973928 471.9228344626727 720.314435259265 534.6216971764553 0.784 1.705 0.781 -35.17252084996309 0.3223396813595154 -3.1139852136350736 -1.5728672197679225 1.0
vehicle.car 0 0 0 -643.7117065985473 445.6176560684422 487.2984927423462 1110.218347104043 3.567 1.554 1.583 -4.86524838097928 0.6797296554977367 -2.6771981978398682 -2.0547863705990217 1.0
human.pedestrian.adult 0 0 0 459.7739496454308 465.595503039249 480.8791702177126 528.1455978059762 0.339 1.711 0.505 -35.007236943799974 0.14774678765429658 -9.560959430415434 1.9744631385761338 1.0
movable_object.barrier 0 0 0 1461.8898395826793 516.7422017513383 1530.677300976047 575.022835153833 0.837 1.182 0.97 -26.92432194657348 1.1470970518383745 14.446693478544375 2.9814024254124547 1.0
human.pedestrian.adult 0 0 0 713.4948457558102 431.0262185224708 860.1225033221456 697.0815700034043 0.902 1.807 0.709 -9.080494900503 0.49359631237857005 -0.19498846491579402 -3.0500554606655728 1.0
human.pedestrian.adult 0 0 0 434.93896979138174 467.40705336478334 453.944025484758 528.7181582911967 0.339 1.67 0.439 -34.835165595362646 0.1794691623015852 -10.226197840305932 1.9744631385761338 1.0
human.pedestrian.adult 0 0 0 760.1882231916252 449.66923350981983 868.364991433155 668.5080521471361 0.743 1.777 0.688 -10.761038270608823 0.5502874636506561 -0.006274144948777355 -2.9959075568562303 1.0
movable_object.trafficcone 0 0 0 1455.1173866471515 537.3245071750841 1475.774624051519 574.3309797556008 0.232 0.762 0.305 -26.738414109885458 1.3562168676352915 13.70537156540609 2.9775791200424866 1.0
vehicle.car 0 0 0 1235.019587985915 500.196678793846 1460.981294946629 569.0384165097172 4.764 1.533 1.976 -31.521923213800832 1.043776788459175 13.138822494553258 -1.572931055094748 1.0
vehicle.motorcycle 0 0 0 852.4757617969069 479.2212414980862 941.9155797944425 545.0110931334651 2.16 1.59 0.664 -31.828535684937084 0.512363416047319 2.02299874549333 -1.5733364665403018 1.0
vehicle.car 0 0 0 350.39417361468907 460.204167875848 697.1830456206179 591.3476475518171 4.375 1.63 1.627 -17.486044106418987 0.44901788864836484 -3.9289435143320524 3.1300539036477506 1.0
human.pedestrian.adult 0 0 0 744.4936090717223 477.85424073246753 778.2819773951011 535.6727655902376 0.884 1.615 0.731 -36.161372039659895 0.43047205923457577 -1.5622930039844458 3.1404172363137945 1.0
human.pedestrian.adult 0 0 0 831.8661598460595 475.8923354707299 860.5138881585842 539.0018728979629 0.772 1.77 0.658 -36.18337149470738 0.4506068291038169 0.8537690016395745 3.1404172363137945 1.0
human.pedestrian.adult 0 0 0 745.4752932750952 477.1359957440871 776.9005118802517 532.4717430139475 0.849 1.582 0.748 -36.99845821683071 0.3837994633032155 -1.604535172235824 3.128088768170805 1.0
