human.pedestrian.adult 0 0 0 374.2521177845698 426.7109387529628 548.494317878806 702.7020334806359 0.902 1.807 0.709 -8.764516251646599 0.4780146801018496 -2.438563426756975 -3.0097375644301056 1.0
vehicle.car 0 0 0 -1076.7062364705198 443.225659256857 445.57589767333747 1314.2805497392383 3.567 1.554 1.583 -4.145592839453222 0.7030458968627332 -2.682541835176697 -2.0513206916713376 1.0
movable_object.trafficcone 0 0 0 1474.237580773184 540.5559970705607 1495.5759800550627 578.6875732845667 0.232 0.762 0.305 -25.933171435213346 1.3929402204759824 13.691078740487672 2.9797683790457308 1.0
human.pedestrian.construction_worker 0 0 0 1539.5499393848643 488.58614677342416 1578.754296686467 578.6164361278652 0.398 1.842 0.573 -26.306118004373698 0.8667510611762501 15.427393753723175 -1.9958558654132146 1.0
human.pedestrian.adult 0 0 0 426.6268303153688 472.2654427613945 446.0708800864407 534.9730202240638 0.339 1.67 0.439 -34.039974601531675 0.3244606614845118 -10.21019693372241 1.9745776727424031 1.0
movable_object.trafficcone 0 0 0 1482.4667145914168 536.0844232935073 1504.917749472127 579.572397110694 0.254 0.841 0.283 -24.999014310658307 1.307254004320092 13.371350200936142 2.9797683790457308 1.0
human.pedestrian.adult 0 0 0 525.7176206503034 448.11969992130565 646.0327934603264 671.852702934988 0.743 1.777 0.688 -10.520443214445141 0.5453206184178485 -1.9016356737167852 -3.005632024862953 1.0
vehicle.car 0 0 0 624.0120949731532 481.926804324344 812.6201114961746 544.6434534916133 4.421 1.394 1.864 -30.80314191654487 0.5142890856844607 -2.3136555807776773 -1.5704450664729466 1.0
vehicle.truck 0 0 0 14.218082055783588 398.2217424978412 352.91641848566934 541.9288254401347 7.037 3.225 2.278 -30.74611793012181 -0.5025018698859058 -15.2135195497365 -1.5703217517182528 1.0
vehicle.truck 0 0 0 660.7494103285245 431.07278982851915 1070.219134592548 604.1463730115632 4.92 2.0 1.832 -16.255913836663275 0.31474191319619216 0.6026189463987013 3.1365688816408532 1.0
human.pedestrian.adult 0 0 0 1085.2718701557653 490.04147082441676 1114.4157730401778 549.2012159214397 0.684 1.648 0.604 -35.874661866593364 0.7897425262622448 8.029396521882015 -3.1173478899311347 1.0
vehicle.motorcycle 0 0 0 1266.6192877741 500.62046462349576 1366.8794663262127 568.1718303798035 2.16 1.59 0.664 -31.039956064567622 1.0414401864033993 12.25237533969984 -1.5703421201801255 1.0
human.pedestrian.adult 0 0 0 451.03425030476245 471.25539763726186 472.62498245428526 535.2075136884761 0.339 1.711 0.505 -34.215717700467 0.3158982435008485 -9.57425428837231 1.9745776727424031 1.0
vehicle.car 0 0 0 22.014052586836264 454.7737496486842 300.3288465148818 545.4422018650332 4.422 1.579 1.72 -24.128715017174297 0.15501116814159083 -12.400335358728615 -1.5706219572264288 1.0
movable_object.barrier 0 0 0 1575.8141321639707 523.7165583988949 1706.1297840897619 585.7163294021726 0.392 1.036 2.057 -23.46357245790108 1.1477403700773248 15.238690747620815 -1.6402976910242115 1.0
movable_object.barrier 0 0 0 1481.0600412499746 519.3082920503989 1552.364812906889 579.2896795233215 0.837 1.182 0.97 -26.1123580810204 1.1823720905030877 14.431567233716356 2.9835969937917426 1.0
