movable_object.barrier 0 0 0 1269.4897943963085 489.35393301693347 1339.038829491448 522.1026650551637 0.622 1.039 2.122 -43.78325880162214 0.48180730344983846 16.86135373577419 2.462623333816831 1.0
movable_object.barrier 0 0 0 504.00795322781346 484.56040117030915 581.3043001052009 544.7241782659369 0.705 1.017 2.105 -23.320956191422923 0.4003985073123683 -5.008293392072744 -1.5910540615554316 1.0
movable_object.barrier 0 0 0 465.0062603865692 484.91775931378737 543.1349462879898 553.2746186296343 0.7 1.032 2.226 -21.117477314904967 0.4301431248180118 -5.171973257874172 -1.5888442117701969 1.0
movable_object.barrier 0 0 0 60.32107947049415 515.1860196183342 273.8626240429145 666.4360643405336 0.686 1.028 2.053 -10.418191796114192 0.756231286876535 -5.254634602875335 -1.5890267581865203 1.0
movable_object.barrier 0 0 0 296.99425692725606 497.97075684274853 420.73713883133723 599.7492373808249 0.698 1.031 1.976 -14.625756496106161 0.6231019544803298 -5.234612708928276 -1.58906186945112 1.0
movable_object.barrier 0 0 0 363.64875523013274 494.0342898716954 469.5634292827669 581.6087786745336 0.702 1.018 2.147 -16.70077002547775 0.5740253922282 -5.2259326189166 -1.58906186945112 1.0
vehicle.car 0 0 0 565.5731201952862 428.20816905627544 725.1009817103152 559.9932068073339 4.861 1.959 1.8 -21.773953140526388 -0.0017722769887243695 -2.7899867809905188 -2.092903532959453 1.0
movable_object.barrier 0 0 0 420.3232341047584 488.9558141893734 508.59456407307346 565.6677715961249 0.7 1.025 2.157 -18.896552439265616 0.501917082266837 -5.212112961385915 -1.58906186945112 1.0
human.pedestrian.adult 0 0 0 1097.4165052505732 466.18217071983906 1117.1402413127796 510.54655694299885 0.745 1.794 0.579 -52.04849089199108 -0.13465047785470882 11.957252564692691 2.0877389273684663 1.0
human.pedestrian.adult 0 0 0 1133.1726436543852 467.87758824249215 1153.6166400676689 513.2480088059524 0.713 1.794 0.599 -50.91245106295566 -0.04360098963893999 13.148070979708516 2.110173649891678 1.0
movable_object.barrier 0 0 0 1223.709666189072 489.17150340530526 1280.6622463533074 519.7087990298892 0.603 1.005 1.996 -45.196578497580894 0.45293570434466 15.54081336616013 2.766479111820585 1.0
vehicle.construction 0 0 0 1378.640879306929 418.3830420956797 1468.2827975284729 528.5685601955203 6.571 3.937 2.566 -49.144443818664335 -0.6938902129683642 23.436673086416427 2.314710526860308 1.0
vehicle.car 0 0 0 1432.0828599939182 472.724274094211 1617.262417440306 526.7153004827918 4.458 1.443 1.869 -38.02221170323743 0.22679468800023145 21.199042624589865 3.122708099197859 1.0
movable_object.barrier 0 0 0 313.1139097220974 464.3430970107452 404.47743141346893 509.3965163640607 0.584 1.001 1.972 -29.751800652375387 -0.1068446023359256 -10.743718916543715 -2.3616845761154543 1.0
human.pedestrian.adult 0 0 0 1287.260985591355 461.74629719544333 1334.471101374836 542.8216632845133 0.637 1.794 0.681 -28.529323609645154 0.2389884826635889 11.139314747857537 -2.4034585880336383 1.0
human.pedestrian.adult 0 0 0 1273.2534575507218 462.27147967082493 1305.6297794997463 525.5251825326211 0.567 1.832 0.68 -37.3484034952044 0.06530321879185211 13.950696330147274 -2.115761427631293 1.0
vehicle.car 0 0 0 769.5437848343062 458.7141041247234 853.5106725810982 497.7931046551813 3.871 1.494 1.809 -51.87184021876966 -0.5354017455866511 -0.1513727479124213 2.3766431337940697 1.0
movable_object.barrier 0 0 0 214.94776682953955 459.9873743945337 313.99605511049776 507.94338204591764 0.601 1.041 2.01 -29.13275192615105 -0.17333581213299099 -12.671426776562864 -2.2957369614514587 1.0
vehicle.car 0 0 0 1344.594105124522 477.73798782487376 1505.8590530570002 527.9737518261877 4.33 1.457 1.791 -41.16953137053331 0.3516874000708271 19.73942804452972 3.116556847522599 1.0
human.pedestrian.adult 0 0 0 1247.6209569723346 468.7532514556072 1273.909899079673 523.0490115385873 0.602 1.684 0.538 -39.93448701235278 0.13272345983718611 14.01342234891578 -2.1504074162581137 1.0
movable_object.barrier 0 0 0 -161.6127132807451 528.5205585295215 153.29421303041292 726.5208214707503 0.693 1.02 2.101 -8.324000832102108 0.8126658543704481 -5.263021845704129 -1.5890267581865203 1.0
movable_object.barrier 0 0 0 430.5607532320809 469.9393546034799 531.8733815994103 507.53379420009884 0.569 0.854 2.324 -30.963977958607956 -0.06520735072018952 -8.185784297064002 -2.3506399706465615 1.0
human.pedestrian.construction_worker 0 0 0 1162.427822067588 470.9613662045699 1183.0732129202372 512.7207316540505 0.682 1.784 0.624 -55.02192394411189 0.009361201152137233 15.4853019578936 2.065704398068588 1.0
movable_object.barrier 0 0 0 200.26252093035671 505.2381579493167 363.30124746791773 626.2099692266733 0.705 1.015 2.143 -12.547157478138544 0.6847408217278755 -5.226881438096622 -1.5891549766465856 1.0
vehicle.construction 0 0 0 336.27982878276447 393.0711751208356 465.27571690715666 526.5715654599476 2.051 2.341 2.158 -23.81492247510115 -0.5804109102710446 -7.764656067224334 -2.293585487892253 1.0
