movable_object.barrier 0 0 0 -402.7582992566066 456.73312219485774 5.153143093850966 708.9137603667527 1.944 1.056 0.54 -6.648209485124552 0.385496160739862 -5.168122305446342 2.1381329136977607 1.0
movable_object.barrier 0 0 0 436.4212043672873 468.8968570034256 516.9757797072278 555.5174987069244 2.134 1.108 0.513 -18.75911649636438 0.2709943016107125 -4.997524270996876 2.1233259512986677 1.0
movable_object.barrier 0 0 0 577.855466672462 468.48325355848 622.7886435316252 528.671647126933 1.979 1.159 0.521 -27.390855064467253 0.13002755259451143 -4.653915965513297 2.1227191954484326 1.0
vehicle.car 0 0 0 660.1439290246187 450.9496534288507 769.2648617947025 500.71330162966484 4.65 2.0 1.785 -56.14656349353716 -0.7040204016184914 -4.527805885064683 -1.639495368225739 1.0
movable_object.barrier 0 0 0 381.39764284330477 466.766687381884 476.22119253719853 562.9417473252279 2.043 1.091 0.521 -16.64109823414326 0.2689238279803785 -5.0548335550340315 2.1233259512986677 1.0
movable_object.barrier 0 0 0 232.71121390205644 463.15544796426894 374.3297120057789 590.9423310866622 2.05 1.101 0.512 -12.81621822604389 0.3092240774529529 -5.134362251325034 2.1233259512986677 1.0
movable_object.barrier 0 0 0 518.1931862321065 466.9334344004014 573.894422066543 537.7758016423809 1.946 1.129 0.481 -22.774943890851436 0.16859814893869252 -4.839273313320826 2.1233259512986677 1.0
movable_object.barrier 0 0 0 -80.63945997507977 454.3427915191006 190.04292881776556 643.2708345174996 2.111 1.086 0.536 -8.847457428651367 0.3233611450598838 -5.207272308247503 2.1233259512986677 1.0
movable_object.barrier 0 0 0 111.10203072993089 462.5933937950593 275.5968636026284 614.7292065451588 1.903 1.1 0.38 -10.751356996496089 0.34481860621513877 -5.228882790005724 2.1233259512986677 1.0
movable_object.barrier 0 0 0 483.60039719378926 467.8523975777674 547.5686359032613 540.834635273497 1.934 1.045 0.485 -20.693638216938968 0.18256676677624553 -4.889954369497597 2.1233259512986677 1.0
movable_object.barrier 0 0 0 324.93920157482233 464.931880927081 435.14046145400357 576.2094242405111 1.899 1.127 0.541 -14.767607616187298 0.298280763290851 -5.047617269276068 2.1233259512986677 1.0
movable_object.barrier 0 0 0 532.8284953782015 466.9257196162827 589.1751985692291 536.1706930876832 1.937 1.179 0.537 -24.20025370027651 0.1659836854846423 -4.857661128234449 2.11008926843871 1.0
