movable_object.trafficcone 0 0 0 999.7767441401949 508.7213047355714 1037.7273475711274 548.8914403356858 0.525 0.736 0.514 -24.771471508061733 0.7268226430913758 3.9579452034345155 -1.913166238570187 1.0
vehicle.bicycle 0 0 0 240.30612843534172 448.13838742313663 333.6684940114856 500.16110735611124 1.843 1.067 0.567 -28.77036747798857 -0.3925315309347135 -12.005817706819292 -1.6038538783147773 1.0
movable_object.trafficcone 0 0 0 1457.5225883103676 552.6186198399455 1525.2739535747926 626.4262835566492 0.427 0.723 0.407 -13.323422034186072 1.0269916919741016 7.098728670308129 -1.915107977117131 1.0
movable_object.trafficcone 0 0 0 729.7237330411131 538.7386472668094 795.4912595449039 624.8140487779667 0.499 0.789 0.492 -12.500098175457799 0.8855455835292332 -0.5340106690153057 -1.9065181402880933 1.0
movable_object.trafficcone 0 0 0 952.8002029711081 506.39805771831993 984.2793612801569 541.4312408997002 0.481 0.706 0.477 -27.131713616667906 0.6921070349950454 3.2602339341282964 -1.913166238570187 1.0
movable_object.trafficcone 0 0 0 777.2762931932442 489.33466408384635 794.9812467964988 514.8262135872841 0.431 0.795 0.434 -41.236280208374005 0.3428640993337152 -0.9823832571842052 -1.9144861743691894 1.0
movable_object.trafficcone 0 0 0 1085.374015289999 513.7600022318217 1126.258008249923 562.5860180344516 0.463 0.785 0.466 -21.563995592616614 0.7916943447156782 4.927749263112374 -1.913166238570187 1.0
movable_object.trafficcone 0 0 0 923.9663979164578 501.80869275889506 952.7943165466522 536.8719151631634 0.456 0.754 0.471 -28.744833764967332 0.6297145964095067 2.7699395625943777 -1.913166238570187 1.0
vehicle.truck 0 0 0 1404.9731215959741 330.9462772265874 2012.1589205976848 633.7958832993988 6.452 3.236 2.508 -17.197747497640037 -0.1401210328973778 11.447929067010186 -1.9239180982023036 1.0
vehicle.bicycle 0 0 0 262.8691424315272 449.03763774810983 350.6252392382432 503.774009300357 1.791 1.167 0.458 -29.548517929980175 -0.35049632713752543 -11.87433038534998 -1.59807345062337 1.0
movable_object.trafficcone 0 0 0 887.1194808695918 597.370832079293 1000.599543152806 732.8988936210571 0.476 0.739 0.51 -7.67592870136378 1.0436027265769192 0.7656788418874745 -1.9338757786908358 1.0
vehicle.car 0 0 0 351.0714054474789 360.51852638067857 740.5976891043967 748.2015747731841 4.727 1.957 1.907 -8.918263748290386 0.30537674205604415 -2.076953393727166 2.316510985954279 1.0
