human.pedestrian.adult 0 0 0 894.5559703319886 449.4953208104813 920.0236323631751 512.867591913054 0.902 1.807 0.694 -36.82035621125789 -0.3038630191596058 2.6494456425299013 -2.070130839581836 1.0
human.pedestrian.adult 0 0 0 990.9996223648582 456.9715308340693 1046.469315407078 551.9461335061039 0.958 1.757 0.777 -24.073078522710816 0.23517092518403018 3.8388622801798724 -1.5893540986445442 1.0
vehicle.car 0 0 0 597.3454470174551 437.1335778556341 759.6949434481586 507.1537374722242 4.956 2.17 2.135 -41.97690838346532 -0.6492113528823568 -4.5186633287187465 -1.5905908292435287 1.0
movable_object.barrier 0 0 0 1288.0621205184068 486.29209093382616 1317.019822230286 514.3125478756325 2.219 1.169 0.667 -55.60172287671377 0.3736082691352443 21.336540249002013 -2.1714743400141687 1.0
movable_object.barrier 0 0 0 1306.2528506075757 487.7259440874065 1353.4049504490226 516.745903307718 2.285 1.092 0.561 -50.81834006583601 0.4184366668076137 20.58804222003901 -1.9849238735604606 1.0
movable_object.barrier 0 0 0 1348.7499539491025 488.49784675841033 1412.2182306467269 518.714116070914 2.143 1.109 0.699 -49.28626181257207 0.46378863954888916 21.942791061870828 -1.6008582214897995 1.0
movable_object.barrier 0 0 0 761.8184913599921 471.70083424366743 804.9007793471372 509.04806027604747 1.827 1.066 0.619 -37.73775806367815 -0.044107769786243145 -0.9928589921208495 -1.87797454441435 1.0
movable_object.trafficcone 0 0 0 817.8814627279395 486.55640825635857 836.9159607821314 516.3234463697479 0.444 0.803 0.382 -34.92210450035699 0.2712568392345197 0.3079769601549407 -1.5963583876279843 1.0
human.pedestrian.construction_worker 0 0 0 536.0173135906236 438.3817623023288 570.2953074351908 496.50708529750625 0.851 1.76 0.703 -39.025908592782216 -0.7404209542753607 -8.103859284869824 -2.2450856178901404 1.0
vehicle.construction 0 0 0 386.67877101868385 395.0293793106827 571.5962889524382 509.4483233768006 3.992 2.916 3.016 -34.516808103055105 -1.055977596952263 -9.099172692196401 -1.5905908292435287 1.0
movable_object.trafficcone 0 0 0 780.3928672341449 488.4164777863045 801.3370832198256 517.5068605106461 0.438 0.761 0.433 -33.96774734234708 0.30421645076895537 -0.6801764079832154 -1.6052043112610717 1.0
human.pedestrian.adult 0 0 0 855.6192333258074 449.7816792153956 880.7406872042186 509.58149998662225 0.78 1.812 0.72 -39.047222373033954 -0.367343232828531 1.6040948114643236 -2.1312762641875445 1.0
human.pedestrian.adult 0 0 0 866.9076547225516 465.6538261406763 907.7238627991601 550.6358331608154 0.709 1.609 0.648 -24.478085041036447 0.312379948880253 1.3679512160633331 -1.5882611155285016 1.0
vehicle.truck 0 0 0 1391.0081791537866 446.09520628639245 1512.4095904327892 542.2847212264346 4.535 2.059 1.787 -29.557423128093028 0.032745280393805365 14.893161086876999 -1.8016893123109625 1.0
movable_object.barrier 0 0 0 373.04300442605785 470.5886684607721 455.3383864165904 512.6011895348515 1.974 1.054 0.626 -33.30950565442873 -0.004342010925365514 -10.570221430934472 3.055478319877288 1.0
movable_object.barrier 0 0 0 302.19208419788674 470.3849986638908 384.39970088322656 512.9849138671452 1.991 1.079 0.59 -33.59070545196818 -0.0017436255085203356 -12.54055767692327 3.055478319877288 1.0
vehicle.truck 0 0 0 10.427506028358586 391.9198701498232 212.79474561468953 482.11688220818775 6.452 3.236 2.508 -48.07875031659449 -2.046658433927946 -26.68640524526912 -1.5905908292435287 1.0
vehicle.bus.rigid 0 0 0 1162.360373909195 442.79325736492376 1266.3714033892127 508.83964424301575 11.084 3.32 3.523 -70.43577729433298 -0.890643523639675 21.905570072100595 -2.166017984868179 1.0
human.pedestrian.adult 0 0 0 1339.0076036876817 465.9088313659386 1375.3391589151104 514.0295116121318 1.03 1.876 0.838 -50.210186448611154 -0.06851533744569574 21.43939286660614 -2.2432946129037266 1.0
human.pedestrian.adult 0 0 0 910.2659927624322 448.84582043763913 943.143000063053 528.174507388089 0.837 1.916 0.759 -31.236821328161874 -0.07994015229662337 2.728304750739549 -2.0592503213895466 1.0
human.pedestrian.adult 0 0 0 835.2831576360688 446.0636718421625 861.357162351096 508.21845931862435 0.936 1.856 0.749 -38.56521019194666 -0.4397854242470942 0.9767054696788701 -2.1090286419084174 1.0
human.pedestrian.adult 0 0 0 881.839368059672 441.71262423263056 914.3104664281922 521.8918276628353 0.858 2.0 0.728 -32.23499344758448 -0.25096048983726693 2.0869230670635512 -2.040013711372165 1.0
human.pedestrian.construction_worker 0 0 0 696.1291110395019 445.3891613000704 735.3352080443939 526.1292882782363 0.837 1.746 0.775 -28.023046626935354 -0.13193671287501074 -2.218339215369653 -2.117945476033994 1.0
human.pedestrian.adult 0 0 0 852.9314280318619 447.9350160664932 889.8221539371501 521.2227982025744 0.951 1.835 0.767 -32.43963407759672 -0.18287701106456217 1.4170784190544141 -2.0023355353787826 1.0
vehicle.car 0 0 0 517.9643260021201 442.2245540573935 700.7773211742419 574.5972588693089 4.727 1.957 1.907 -21.259960626390214 0.20597460303829984 -3.6037679186257825 2.3628236950665684 1.0
movable_object.barrier 0 0 0 716.8057942026348 470.78842210385073 774.4761317574073 511.2329948928189 1.877 1.203 0.621 -39.35679178871249 -0.02525760638002089 -2.2040152448567 -1.7065056322628642 1.0
movable_object.barrier 0 0 0 518.9569190062409 474.9307635100946 605.8579958506571 519.1682139984606 2.086 1.091 0.677 -32.827360796435656 0.1361942257905707 -6.57260978120159 3.0870741885987227 1.0
vehicle.car 0 0 0 1418.7534795560427 453.0950973827899 1732.1266185086401 615.7946575292455 4.01 1.631 1.708 -15.006809584450044 0.4060405136555437 8.734257680232886 -2.038533705488309 1.0
movable_object.barrier 0 0 0 444.24177713292045 471.91541594273446 527.5253775692524 515.2556127575937 1.981 1.078 0.675 -33.040152697742435 0.04662254629613491 -8.613437437073326 3.055478319877288 1.0
vehicle.truck 0 0 0 1211.9899763028463 452.79057534961805 1289.2117923638416 511.92569437032387 6.013 2.598 2.287 -59.571945646455845 -0.45509132425332194 20.334640981341543 -2.1755166881150734 1.0
vehicle.truck 0 0 0 246.4829624848526 386.97081916878545 544.5988369070818 492.5133770371341 10.107 3.608 2.853 -46.662044853291526 -1.891795552847743 -15.40168105199306 -1.5897656791955281 1.0
movable_object.trafficcone 0 0 0 832.8948572130828 485.8930940297346 852.4419068914742 512.3627526546439 0.445 0.734 0.422 -35.96208443049852 0.21369603139673995 0.7507336634400422 -1.6058193175652509 1.0
vehicle.construction 0 0 0 1314.9840789337186 459.38595545349335 1416.306456969888 507.6054769031009 3.715 2.033 2.333 -56.160130357514504 -0.377131744386302 24.29962859015612 -1.973237135557067 1.0
human.pedestrian.adult 0 0 0 259.57146363399863 439.8822757593333 316.1467148109745 537.3882575061782 0.761 1.73 0.69 -23.010207074459295 -0.0572539597812335 -9.59276550542921 -2.09436759971464 1.0
movable_object.barrier 0 0 0 674.3631638122341 476.0277394447944 757.9413246865141 523.5133353688346 2.056 1.181 0.613 -32.619114199557664 0.2119201881425409 -2.580945474986135 -2.9644361304087417 1.0
human.pedestrian.adult 0 0 0 872.2239848075756 451.1173612733045 901.8346337323318 514.9504530427597 0.913 1.76 0.7 -35.63890177016561 -0.2428021487333593 1.9957607232254544 -2.021416055036866 1.0
