human.pedestrian.construction_worker 0 0 0 1547.8519691370648 407.4204162667873 1616.9437817569049 527.691326622632 0.708 1.835 0.77 -20.00149978519449 -0.382324396244141 12.088101506075567 2.374480644591702 1.0
vehicle.bus.rigid 0 0 0 733.5560313377142 446.2854331593659 791.0645598582812 510.8016260227353 10.695 3.309 2.574 -73.01187878385463 -0.875085241537451 -2.98844976295667 2.0763229786524597 1.0
human.pedestrian.adult 0 0 0 1447.3454238068175 402.1898699499959 1529.0770143269012 562.1659439174147 0.834 1.967 0.85 -16.163684821402743 -0.12578152264930775 8.569838005752844 2.7661936373771603 1.0
human.pedestrian.construction_worker 0 0 0 1479.0596624015523 418.87091156284686 1551.1471087363743 538.059385471265 0.745 1.725 0.757 -19.0335586115281 -0.20425010921482373 10.490641512016142 1.6327408583615224 1.0
human.pedestrian.construction_worker 0 0 0 1589.4394047265016 401.0424681485042 1682.071932966604 531.9347498790083 0.782 1.876 0.842 -18.969318237833107 -0.3790651700736305 12.260509831661542 3.0945638988044637 1.0
vehicle.bus.rigid 0 0 0 900.3451073892683 429.1196287858758 966.3959802029693 498.22259736196554 12.088 3.624 2.726 -75.16798329614532 -1.7255431434299249 6.794344198340272 2.0763229786524597 1.0
human.pedestrian.adult 0 0 0 1303.9804560244886 471.8242433734157 1376.8773656794033 539.8324142820618 0.851 1.063 0.879 -21.38380509888765 0.23111915332557648 8.837873816939476 3.066192871226642 1.0
human.pedestrian.adult 0 0 0 1357.2991343051506 427.3060191001703 1452.0032951427186 573.7884785082392 0.706 1.812 0.772 -16.397652974927084 0.10474089182839515 7.611318668671026 1.6318836699945347 1.0
human.pedestrian.adult 0 0 0 1.7579495734486028 482.53847274220067 140.81452935008159 653.7701027042605 0.891 1.849 0.882 -14.49626667085632 0.8590734286427791 -8.509268248268373 2.3185439083664505 1.0
human.pedestrian.adult 0 0 0 1046.4090903184015 446.0287179866831 1072.257550987761 486.7838397789773 0.95 2.0 0.917 -64.17174140926814 -1.2747739860967449 12.312951679587997 2.175424551045489 1.0
human.pedestrian.construction_worker 0 0 0 1548.9684738897834 402.7735256668789 1639.8468946890334 538.5643303624194 0.745 1.87 0.786 -18.19507346389346 -0.30415862074892436 11.167382190946382 2.0737293777302988 1.0
human.pedestrian.adult 0 0 0 591.7362596569496 464.59886108974246 641.0856144413457 547.7828281438152 0.637 1.759 0.801 -27.81886834053791 0.31558419075947036 -4.384862085036901 1.655506998567854 1.0
human.pedestrian.adult 0 0 0 1408.7458262595412 415.2714250121885 1508.2650861590287 555.6026398250117 0.797 1.821 0.89 -17.265403453332674 -0.09365412550360391 8.740960436810214 -3.12069528574591 1.0
human.pedestrian.adult 0 0 0 -116.47262713505206 450.2083460350819 26.75036680190684 635.6232170561609 0.824 1.931 0.836 -13.862295115114929 0.5392172179769611 -9.404116319736017 2.0120800245297685 1.0
human.pedestrian.adult 0 0 0 1098.4505946143618 449.788538723294 1130.3986447117763 498.7920793573216 0.972 1.823 0.998 -49.07046702316442 -0.6749234593659164 11.546533868476844 2.0297050996991253 1.0
human.pedestrian.adult 0 0 0 1324.886806053963 421.5005566421935 1422.6570486566618 567.4857076621555 0.845 1.917 0.877 -17.433618688168735 0.03000142958527942 7.673399694526774 1.816206758616623 1.0
human.pedestrian.adult 0 0 0 -93.49285563727295 473.9050386162761 49.95888435633403 684.2532156736656 0.735 1.926 0.785 -12.276461254990517 0.8228470580676666 -8.112629160724046 2.7522882723730957 1.0
vehicle.car 0 0 0 1565.500661429924 397.90693407378234 1816.3948666990052 505.51551054866815 4.657 2.0 2.112 -27.238569925302833 -0.8601514990095345 18.585737849163312 2.146446773903257 1.0
