human.pedestrian.adult 0 0 0 1005.7532228085594 425.2214464843633 1240.2880856764941 780.7973229086494 1.046 1.884 0.82 -7.332470399704672 0.5895438857712594 1.7690733759223265 1.6479051546391883 1.0
vehicle.car 0 0 0 1458.6596325480557 481.7700534503396 1646.976313066586 546.8486695243067 4.624 1.877 1.842 -37.650128375238516 0.655408443796182 21.844533887166925 -3.077711508728557 1.0
vehicle.car 0 0 0 1036.3540085646207 486.43993332562576 1282.6875657658957 573.3858856951688 4.144 1.616 2.204 -24.899540540885702 0.7109379069334575 6.668744604326364 1.5774435895040284 1.0
vehicle.car 0 0 0 846.3426403244152 481.1277288102965 947.880635827192 518.4720595745914 4.23 1.605 1.97 -55.54169500501696 0.35414969996266477 3.511393820570018 1.5741171587534053 1.0
vehicle.car 0 0 0 855.0393588130433 488.02002496178403 981.1554503681936 529.4170252060817 4.546 1.545 1.964 -48.43474568010913 0.6399673499355147 3.855368476839978 -3.08134614790853 1.0
vehicle.car 0 0 0 805.7590820465072 480.61439823241335 883.6991009816995 511.1888631401353 4.335 1.779 1.798 -74.9688521972293 0.25302906037293166 1.6698911609680187 1.5816720160157036 1.0
vehicle.car 0 0 0 703.7833524825501 479.08080673159486 777.031535092766 528.4380675800357 4.421 1.587 1.97 -43.06970763043513 0.3885320960255032 -2.6377230086267995 2.2026649897571344 1.0
vehicle.truck 0 0 0 463.1918041424225 423.7890283948837 671.0419285224991 600.1883847512099 6.89 2.312 2.238 -20.090073586867717 0.26054940412597793 -3.6656357745230386 2.1222655427263994 1.0
vehicle.car 0 0 0 1590.2369099053965 491.55297196984066 1802.5068383210341 552.8032419644796 4.312 1.551 1.889 -33.20963927769158 0.7790749416405915 23.008910188831358 -3.1067935548948746 1.0
vehicle.car 0 0 0 1221.045662492811 495.6727003460257 1425.1359870140034 560.3711341068952 3.797 1.397 2.03 -28.782844406138025 0.7995808111763161 11.451771629719843 1.575362710968574 1.0
vehicle.car 0 0 0 1275.5691620355008 486.7111564630125 1562.1600707499665 564.9483756192634 4.698 1.485 2.212 -25.328069363790185 0.6488103651634024 11.948359667614017 1.5747915567621131 1.0
vehicle.car 0 0 0 1007.2976690001236 483.12704193403874 1225.1278360313577 565.473490751328 4.234 1.736 2.038 -28.003954306690556 0.6886008572240417 6.571373012516168 1.5781557590675277 1.0
vehicle.car 0 0 0 1515.259892201747 490.5808100488861 1705.4644630605712 546.9379203597656 4.217 1.524 1.889 -35.43192357060876 0.7376922781600568 22.159733530757897 -3.082147028125968 1.0
vehicle.motorcycle 0 0 0 929.3420279393883 496.98053044836877 971.1613617645402 550.1746765742687 2.302 1.314 0.63 -32.82930075189773 0.8067009244041272 3.45483694536428 2.1519835307447304 1.0
vehicle.bus.rigid 0 0 0 754.2739586914689 434.79503383111535 835.975398960387 518.581602844414 10.898 3.632 2.778 -60.47531546751005 -0.6552719523933324 -1.1788059683328476 2.027229686313264 1.0
vehicle.truck 0 0 0 -526.5032098699138 210.30855613047584 533.8060717635922 1046.4124610122174 5.74 2.255 2.023 -6.358310249600294 0.36306838370699823 -2.8465170358141934 2.1440777447158395 1.0
vehicle.car 0 0 0 323.8853632428082 427.4740390672035 594.8478875157653 680.1603277354592 4.92 1.903 1.812 -12.094616177231774 0.46349336180445433 -3.1345693373051398 2.1739984818629496 1.0
vehicle.motorcycle 0 0 0 910.0022184965251 501.2098126057771 941.9816184492217 543.058174107328 2.166 1.167 0.577 -37.083660592352985 0.8786259850575144 3.1996563552488384 2.143922839999445 1.0
vehicle.motorcycle 0 0 0 954.7972592232732 490.185043442302 1000.5824746988413 551.4041112499018 2.378 1.544 0.662 -33.2206612462392 0.7389047811916972 4.213664756158207 2.157444587651786 1.0
