vehicle.car 0 0 0 616.7746429195546 475.0344112936774 668.749971019562 518.7801232438982 4.364 1.646 1.832 -50.2465081705973 0.18398097174508837 -6.924796188355884 -1.9929943295308163 1.0
vehicle.car 0 0 0 918.9852530544805 488.02567967128726 1035.9931602997053 524.0277955472782 4.352 1.329 1.909 -49.851105110923136 0.5579546925050087 6.301581096319632 -3.1363394983894857 1.0
vehicle.car 0 0 0 1124.9318943298558 483.85130795478665 1776.2851060249793 701.9503417144218 4.747 1.718 2.229 -11.454299205533209 0.819768531276786 5.442747132366357 -3.1406636627538553 1.0
vehicle.car 0 0 0 1092.978322839102 457.1844760575145 1539.7682434804867 625.565009238509 4.194 1.699 1.924 -14.10325130101268 0.5078835369271746 5.394637402011947 -3.1406636627538553 1.0
vehicle.car 0 0 0 970.9433236027681 491.05592096326683 1197.7525485173558 563.8848818326888 4.712 1.485 2.025 -28.261551992985577 0.7683455776306715 5.874749931561013 3.093388101077399 1.0
movable_object.trafficcone 0 0 0 289.35303681440956 557.5159151014722 373.5242805212236 726.8777135327205 0.353 1.043 0.386 -8.186888283798734 0.9616582650347573 -3.129059105060214 -2.1404395449416462 1.0
movable_object.trafficcone 0 0 0 -65.14359074365038 574.5874218592754 64.84838795830895 734.9638812953486 0.505 0.948 0.497 -8.051692093273981 1.0229329919871453 -5.1778317615314124 1.5802467136126221 1.0
vehicle.car 0 0 0 959.7074884720948 480.7017852138773 1171.40744175798 555.2925243049525 4.837 1.68 2.042 -30.687346131242755 0.6057454040737933 5.935528072015067 1.5818034498545082 1.0
vehicle.car 0 0 0 1343.8315738825627 484.7752764833049 1527.1244179495009 545.872913299317 3.831 1.489 1.89 -32.94561922480711 0.5942223468270293 16.03155456039331 1.5805718707949525 1.0
vehicle.car 0 0 0 998.8397047171961 491.77609799063026 1266.9357033435074 578.8158794453788 4.557 1.503 1.963 -23.885561617524928 0.7913911910995137 5.863973402636225 3.1403822268274553 1.0
vehicle.car 0 0 0 1037.9814634896902 484.4968034390957 1412.2588799408456 628.8703821676492 4.302 1.75 2.038 -16.85668698535233 0.8094603507432725 5.289127413984415 -3.1362874489459918 1.0
vehicle.car 0 0 0 1382.5644090224669 485.4974949954376 1597.6518404006545 552.3870154271472 4.107 1.499 2.019 -30.600676460363708 0.6314093561181364 16.17965100810463 3.0824711346428035 1.0
