vehicle.car 0 0 0 -110.14438549186369 458.13988829162355 238.98090201303538 564.2810428867032 4.724 1.583 1.798 -20.484672252773812 0.2832326344388466 -12.075438389559512 3.0703278643339207 1.0
vehicle.car 0 0 0 -385.8480861125317 477.6735570643852 318.28805174338055 678.1381191653853 4.571 1.389 1.722 -10.09502127858272 0.6077486250710196 -6.585989873878326 -1.5853303674017232 1.0
vehicle.motorcycle 0 0 0 446.54135494246674 480.43746844254315 526.7614610783111 562.4852826548654 2.212 1.31 0.739 -21.5867586278948 0.47479035139208237 -5.58399646477512 -2.1095299792944466 1.0
vehicle.car 0 0 0 1459.559264010287 448.6224403779512 1698.9590313538197 566.5587647471283 5.295 2.0 2.097 -24.38704593429989 0.23823919465610968 14.428636509219869 -2.190543920395359 1.0
vehicle.car 0 0 0 51.700991819663116 445.9187136950227 226.88077621863204 536.696266757385 4.927 2.102 1.914 -32.023967452714935 -0.03689484951546454 -16.947375856587612 -2.0792003357888724 1.0
vehicle.car 0 0 0 300.6382813795546 466.3406628182024 499.73040986273645 528.4961859811111 4.783 1.581 1.691 -34.0170884318687 0.14245612167815133 -11.115525722060106 3.13038960474136 1.0
vehicle.car 0 0 0 518.0021388434344 475.2584383974988 682.6321088681295 537.8976448374304 4.064 1.589 1.742 -33.8290053658417 0.38003754813537904 -5.71599159159323 3.13038960474136 1.0
vehicle.car 0 0 0 118.14767456824782 471.1731080034209 525.6083013771731 591.0061597120592 4.992 1.526 1.721 -17.576830979288612 0.5067289976528562 -6.742273709573923 -1.584508429851792 1.0
vehicle.car 0 0 0 457.0020705676031 465.04134716755647 653.153368546829 541.2196892215208 4.385 1.765 1.844 -30.98660869107316 0.2624623560723497 -6.32461891391465 3.13038960474136 1.0
vehicle.car 0 0 0 244.26088964461758 473.2537490088456 449.6017968938594 539.0596404368202 4.362 1.501 1.701 -30.72559604804728 0.3296141551117204 -11.33705395449785 3.0770658480869075 1.0
vehicle.truck 0 0 0 680.9428865669995 458.99866090362457 806.944998318487 523.9023201899377 5.146 2.0 1.951 -41.72606317438396 -0.04243760968555421 -2.4680997046046946 2.4426434361449942 1.0
vehicle.car 0 0 0 883.5546201372182 472.15564031989567 975.3487212195574 552.1483260895978 4.477 1.576 1.808 -27.4953225067914 0.38167956094889843 2.3839520961595175 -2.1297893843138613 1.0
vehicle.motorcycle 0 0 0 556.56866042195 476.06128778530183 616.5572393998178 555.5816141023666 2.151 1.536 0.69 -25.673796170362415 0.4588678289042609 -4.632077035549138 -2.132967020000753 1.0
human.pedestrian.adult 0 0 0 1076.3099872551034 455.00451303947386 1131.409007976822 549.4394929241198 0.798 1.8 0.648 -24.643811504725402 0.1982895559887885 5.592680054584372 -1.8077294547366591 1.0
vehicle.car 0 0 0 1157.2160430003682 470.45553145231895 1679.424888634872 658.4254581986023 4.455 1.551 1.707 -11.928349186831852 0.5996424260969728 5.64005004386997 -2.919202260983277 1.0
vehicle.car 0 0 0 1239.2066667082397 479.7466807820615 1372.3433994824184 564.4874536449023 4.435 1.458 1.687 -24.518002046699262 0.514557921781066 9.353275393233675 -2.217918676786648 1.0
vehicle.motorcycle 0 0 0 532.2043731691771 484.11905216554044 605.5743850675813 566.9902140952174 2.063 1.323 0.688 -21.583865135849656 0.5460359075613255 -4.187388538967115 -2.1428899469167826 1.0
vehicle.motorcycle 0 0 0 610.3313908771017 483.420164063453 660.7008681611987 552.3417641126051 2.12 1.316 0.792 -25.636475424617604 0.5057710720655225 -3.6377826889304736 -2.0730377384099956 1.0
