vehicle.car 0 0 0 1010.7974476806626 486.92289254555374 1127.5104815042157 576.8993223344137 4.124 1.617 1.795 -25.30830001937272 0.732018745022971 4.955489920525034 -2.1356037530858583 1.0
vehicle.truck 0 0 0 1119.4324620014304 471.57148877856457 1229.3802170637618 559.1652997430756 5.328 2.022 1.736 -32.31948286307936 0.5455324151368246 9.0209424145137 -2.143658182866064 1.0
vehicle.motorcycle 0 0 0 354.2525537978239 506.670503281054 586.6401949443319 776.2302390748036 2.12 1.316 0.792 -7.465980366129968 0.7719746947601699 -1.9414565714806162 -2.08306809896989 1.0
vehicle.car 0 0 0 1102.8805369601753 482.13540404472906 1404.2373500309925 670.5866951562474 4.209 1.666 1.767 -13.485788795468308 0.7509383781742409 4.404553982202053 -2.095044999849091 1.0
vehicle.car 0 0 0 135.2411582847893 460.36040357076564 633.3419399539662 656.5401633528032 4.385 1.765 1.844 -12.837100864485231 0.6162921872564425 -4.223369485902393 3.1120032784873537 1.0
vehicle.car 0 0 0 -128.3199522988367 472.30654644985015 319.8800512934064 610.6646843273386 4.783 1.581 1.691 -16.09277362358373 0.5906163507059483 -9.031096353880788 3.1120032784873537 1.0
human.pedestrian.adult 0 0 0 607.0216367630769 482.7062832219021 640.1623629270133 565.1561958728415 0.879 1.538 0.5 -24.14467440866904 0.6061332277356393 -3.678128861576264 2.2703278057008136 1.0
vehicle.car 0 0 0 -394.64043171575787 477.6328947343386 142.24930103097824 646.8192427601967 4.362 1.501 1.701 -12.803796809934585 0.648096319192791 -9.40374440835175 3.0707758042167237 1.0
vehicle.motorcycle 0 0 0 -297.226345092036 519.0355416988622 148.8045463588863 770.3968336009293 2.622 1.233 0.758 -7.9556487812414955 0.8297194874051874 -5.371089114795425 2.0524713277898368 1.0
vehicle.truck 0 0 0 303.4658287353754 450.4509618143137 575.2890442209265 553.725020323574 5.146 2.0 1.951 -26.335127234821645 0.21835952434752795 -7.698777188819124 -3.0401680114984266 1.0
vehicle.motorcycle 0 0 0 -905.8599455290016 549.5361760552136 181.55978122339195 1393.5590918264377 2.063 1.323 0.688 -3.21837261993516 0.8667969046335725 -2.5726801317034185 -2.1538867735281864 1.0
vehicle.motorcycle 0 0 0 1269.4857709880155 507.37647181545964 1352.799073408828 588.5162558953954 2.098 1.267 0.711 -21.577281325336905 0.9273990889938292 8.39634897400937 -2.129983653260763 1.0
vehicle.motorcycle 0 0 0 135.08083961737455 475.93849445349196 444.6540763435097 794.015084818286 2.151 1.536 0.69 -7.254357225861926 0.6926140103429361 -2.888994184597795 -2.14383320323505 1.0
vehicle.car 0 0 0 165.11946240410234 474.04988697715066 334.0058121096024 528.3089371232275 4.381 1.559 1.789 -38.9017058205763 0.28391669685454846 -17.355399108786 3.1199899714441095 1.0
vehicle.car 0 0 0 326.0213729624154 480.446564013231 692.9192829257958 622.5963886517702 4.064 1.589 1.742 -15.684043860582149 0.6917200089285223 -3.6910761262851626 3.1120032784873537 1.0
