vehicle.car 0 0 0 -20.518446947062838 462.23197372064334 352.12575167622464 593.4033217408949 4.514 1.803 1.901 -18.59915338235172 0.8219730027944259 -9.673700895119472 -3.134355521309079 1.0
human.pedestrian.adult 0 0 0 923.5426316225311 471.8539495522331 937.7661614638611 499.1106097764461 0.865 1.77 0.808 -82.12398980408032 1.0149544854174386 6.819430455232939 2.0550608330009412 1.0
human.pedestrian.adult 0 0 0 907.4945405901447 475.7949475260492 919.2299783027817 501.5152538639589 0.728 1.67 0.669 -82.00083879455137 1.22031401858922 5.678080249999026 2.053072880389589 1.0
vehicle.car 0 0 0 186.313880943995 468.44781552639364 460.110463198106 572.8158786813538 4.523 1.902 1.85 -24.168002804839112 0.9534625036393032 -9.595370691291132 3.097016966670745 1.0
vehicle.car 0 0 0 303.34901193404016 424.96398984425156 587.3340746963534 553.9858890876226 5.975 2.9 2.495 -29.945282024993244 0.4539313683624244 -8.980868895308623 -3.1246300412135035 1.0
human.pedestrian.adult 0 0 0 656.3465756213578 447.17651771596684 672.3779120714787 487.91928876095784 0.626 1.805 0.643 -55.999867861054575 -0.1051110782263166 -7.249226191335706 2.121247725558261 1.0
vehicle.truck 0 0 0 598.3946745759356 469.3164727839496 657.1009205967033 511.2953512571508 5.109 1.994 2.029 -62.62341200834737 1.0007711595241704 -9.879564079343695 2.0847030104335156 1.0
vehicle.car 0 0 0 270.59895461219935 472.63185416868794 506.3237641651587 562.6816294817866 4.393 1.827 1.859 -26.9665705010304 0.9977351003487375 -9.349188265001164 -3.1244067559063353 1.0
human.pedestrian.adult 0 0 0 897.3489348053985 474.09096501258085 913.3684165504988 505.31861147275174 1.088 1.752 0.789 -71.1179988235106 1.116412991995098 4.468214661849465 2.1149956967623975 1.0
vehicle.car 0 0 0 -171.37708924745257 462.78654244981726 272.18432794732485 610.441571803167 4.414 1.722 1.839 -15.828593885646717 0.805625143352267 -9.630598427558976 3.1136826692369812 1.0
vehicle.car 0 0 0 -741.5583334512191 483.1882219586153 31.266680981255135 683.4599163880043 4.737 1.498 1.771 -10.499718914045104 0.8814803642992199 -9.617051380299785 3.123945227846172 1.0
movable_object.debris 0 0 0 983.0223821644154 434.98680118863393 1267.8768524947088 594.8080730882888 7.583 2.086 2.983 -20.374036621116087 0.6316303989106303 4.426371628874857 2.079153415671641 1.0
human.pedestrian.adult 0 0 0 922.0761629877609 473.1057035587644 933.7095806168684 502.06752700456565 0.702 1.766 0.666 -77.01799778451597 1.0806289367846136 6.229277625382692 2.1587955274787793 1.0
vehicle.truck 0 0 0 517.0491962902661 464.3768583996495 607.2766577582145 525.9574727192369 6.067 2.143 2.201 -47.03358322924518 0.9156249396973908 -9.816716966994944 2.10591940946272 1.0
vehicle.car 0 0 0 68.54510624158489 472.15866249243714 392.79149006212594 590.3359340807004 4.622 1.881 1.884 -21.383831762360302 1.0063979555154667 -10.055974039256284 1.5604891152787381 1.0
vehicle.car 0 0 0 -417.2538876781316 468.10158120165687 159.97386915747035 641.835477772203 4.697 1.703 1.783 -13.387517121928806 0.8641951068199281 -9.97301307826157 3.0991377609251494 1.0
vehicle.truck 0 0 0 644.0835558925731 421.1087580863543 733.3084542801103 516.095903579885 12.004 4.174 2.936 -61.39723947147128 0.00030365610814941935 -6.543594252678772 2.090016479818278 1.0
