movable_object.barrier 0 0 0 -39.85060369012154 474.6622840513346 35.43629733670455 513.3061213238442 2.295 1.038 0.477 -35.139947061133086 0.6642540866887904 -23.21245604033412 2.101739800761422 1.0
human.pedestrian.adult 0 0 0 1015.5388805522247 462.26741223975995 1062.389067829772 559.3001563405821 1.088 1.752 0.789 -23.412082508908735 0.7498054110494187 3.957921506096352 2.025871903283588 1.0
movable_object.trafficcone 0 0 0 462.08947691725695 470.2872707517011 474.33983842983054 507.53372352504795 0.327 1.39 0.327 -47.15363944469534 0.7115210992548224 -13.487720201111314 -3.1387047697547708 1.0
movable_object.debris 0 0 0 1003.3807311880448 477.57675976402714 1090.7880144214346 518.6395837082924 4.553 1.606 2.542 -52.99641714158984 1.1772300630795753 9.381410651321382 1.8693774657081335 1.0
movable_object.debris 0 0 0 978.9913831947968 470.05301519145195 1052.4349268327499 514.2091154119115 6.973 2.0 2.311 -61.648500957576175 1.0632014940802512 9.205725914943878 2.1197966483294355 1.0
movable_object.trafficcone 0 0 0 1.5861627298817256 461.27156663703477 43.831089414172624 536.8888325470652 0.416 1.316 0.443 -22.17995003356292 0.5120214240999201 -14.228361191001193 3.1108405357104623 1.0
movable_object.barrier 0 0 0 156.17270676193834 472.87571512855345 217.45893435347114 506.4040551567288 3.17 1.163 0.475 -45.42757796540277 0.705656686288743 -23.15973790055564 2.095126343985858 1.0
movable_object.trafficcone 0 0 0 289.6435771073349 463.4141679665856 316.0396538767555 512.9463015496387 0.408 1.293 0.457 -33.126097854544994 0.48060987954825185 -13.847279577591522 2.836530107359473 1.0
human.pedestrian.adult 0 0 0 645.290486131941 471.1043492306164 661.4294376421108 505.51749828829384 0.675 1.752 0.692 -64.66484444755869 0.9444735965427333 -8.93908848578198 2.0940311746100893 1.0
movable_object.trafficcone 0 0 0 196.5850650152536 467.53510357868873 223.221188781397 526.6535068258966 0.372 1.33 0.403 -28.557948358842754 0.6155784169552856 -14.05516098326508 3.128624880743823 1.0
human.pedestrian.adult 0 0 0 1479.522784821194 442.1634677865623 1653.9752523407246 689.2695012023632 0.865 1.77 0.808 -9.514234895037806 0.6960915139967406 5.590120795057564 2.105888856199991 1.0
movable_object.trafficcone 0 0 0 969.7638303368275 484.774128938528 979.538771459573 511.98597519717293 0.416 1.305 0.394 -60.709063211879716 1.3736756388984155 7.174097866466513 2.106648673518122 1.0
human.pedestrian.adult 0 0 0 1373.8676879989735 455.04808079174387 1510.3583835043953 686.7189008934185 0.728 1.67 0.669 -9.491194541129904 0.737045722556075 4.64295243890696 2.103840453295261 1.0
movable_object.barrier 0 0 0 116.09357645001386 476.91150931772904 174.71431428575252 513.2376001750613 2.59 1.184 0.47 -42.48561774647585 0.8394270333361131 -23.07019704673843 2.095126343985858 1.0
movable_object.barrier 0 0 0 17.547437823037292 475.9410752774964 85.6088878264592 511.7123733562431 2.428 1.028 0.438 -37.55455750863001 0.7052011308829317 -23.198938407016588 2.095126343985858 1.0
movable_object.barrier 0 0 0 71.79461321676328 479.72507127251436 130.4641776359968 513.0117469128967 2.322 1.022 0.431 -39.984497758670294 0.8306319364060013 -23.126450516571406 2.095126343985858 1.0
