human.pedestrian.adult 0 0 0 131.47071377835965 517.8159842404132 160.10282636341518 551.6921861816866 0.592 1.061 0.58 -40.33547274771554 2.081268335005103 -21.915932077067968 1.5446428866323583 1.0
movable_object.barrier 0 0 0 995.3097531835623 501.429113782991 1043.1453971330977 546.126316879474 0.604 0.893 3.03 -26.96083280414372 1.1319866817425783 4.1163894621763175 1.5447516220270625 1.0
movable_object.trafficcone 0 0 0 1059.3239644636492 518.1095797055965 1115.5664662130794 661.9219344752909 0.359 1.144 0.359 -10.274003589606787 0.9733972879608209 2.1347683659379837 1.5447516220270625 1.0
movable_object.barrier 0 0 0 1136.0201155396228 600.2202347416156 1570.9655332950001 947.9896172582434 0.655 0.854 3.138 -5.588698833786945 1.1384167036575463 2.075086396010542 1.5447516220270625 1.0
movable_object.barrier 0 0 0 1154.7922991325595 527.6904409468624 1327.4595624893607 657.86883499149 0.626 0.981 3.054 -11.70917349408214 1.068007945998983 3.767928544448786 1.5446803143526022 1.0
movable_object.barrier 0 0 0 971.4672050047651 499.9601170176464 1006.5231445611507 538.565594901126 0.581 0.955 2.906 -32.907873367980685 1.2750225926721632 4.245394346818412 1.5447516220270625 1.0
vehicle.car 0 0 0 326.9388281307492 480.09956784673386 441.19150394779297 547.0458081211738 4.859 2.0 1.928 -40.73861371162334 1.3964193685550523 -14.280722501923842 2.0990228963244224 1.0
movable_object.barrier 0 0 0 1246.9182053564205 549.9448406639035 1512.042878996496 733.7595053941093 0.656 0.946 2.822 -8.699504871543935 1.0899747028078877 3.6875466801751244 1.5451405149188586 1.0
vehicle.car 0 0 0 734.869292811483 468.55837084378805 788.6967875077057 511.97107917507407 3.873 1.745 2.104 -53.74882189174834 0.8900629379621461 -2.7389939366260143 2.070602915369406 1.0
movable_object.barrier 0 0 0 1034.584480336831 515.8166661552525 1101.8518639760473 575.4057083865187 0.584 0.877 2.992 -20.901460957194036 1.2260394846027889 3.9906441216369597 1.5447516220270625 1.0
movable_object.barrier 0 0 0 959.5741784694764 524.9146573057167 1027.454680822317 592.7198552097574 0.608 0.823 3.128 -18.07724101577793 1.239376081337747 2.3658137127343144 1.5447516220270625 1.0
movable_object.barrier 0 0 0 933.5608246616051 511.47317582353065 983.4338385432932 560.4277189661943 0.682 0.846 3.089 -24.18117006428783 1.2430036753519373 2.5149512711160398 1.5447516220270625 1.0
movable_object.barrier 0 0 0 1006.1248231802933 539.7377582327431 1132.3833410775521 652.460174921204 0.645 0.832 3.167 -12.052606159658689 1.1418928530891859 2.2538991442324074 1.5447516220270625 1.0
movable_object.trafficcone 0 0 0 1157.603236571727 512.0230578519058 1246.9701997642421 730.9835781786554 0.392 1.271 0.37 -7.541456770055502 0.894819817288832 2.2542148395683697 1.5447516220270625 1.0
vehicle.car 0 0 0 824.1882189482642 473.42787664381996 875.3688634016139 516.6762775638957 4.219 1.512 1.804 -47.176673083437514 0.9567616461569352 0.8764136923620497 2.05346561445391 1.0
movable_object.barrier 0 0 0 1099.2176931138474 529.5025512557494 1214.7924396365438 621.6218773836264 0.626 0.902 2.882 -14.76156159072256 1.1908122098385168 3.8259631916059873 1.5446803143526022 1.0
movable_object.trafficcone 0 0 0 986.507532486742 499.69630745938025 1022.8473111656785 597.27270628285 0.392 1.243 0.37 -16.278530324314186 1.0127481327015126 2.31103578551081 1.5447516220270625 1.0
vehicle.car 0 0 0 196.58693417445838 495.35252772891346 387.0609728830012 576.0686946730955 5.164 1.522 1.92 -26.953102852171977 1.346931588530804 -11.309487690676022 2.086922886384645 1.0
movable_object.barrier 0 0 0 1013.1725844314088 510.57853531905744 1067.3195239399781 560.3397967137649 0.56 0.857 3.016 -23.914828071104072 1.2197988888758844 4.045550330488304 1.5447516220270625 1.0
vehicle.car 0 0 0 -396.00401139223493 510.2523096049474 9.538184806676192 647.2969500457714 4.857 1.682 2.0 -18.519256426668576 1.4747123419603716 -14.686084135334376 2.099489443211205 1.0
movable_object.trafficcone 0 0 0 904.059056525621 480.49885740638325 915.0951581848217 519.7914352357735 0.324 1.311 0.304 -42.20286502371277 1.016083509011771 2.794845943343099 1.5447516220270625 1.0
movable_object.trafficcone 0 0 0 1430.722399476952 547.6922475672452 1649.3587692319893 1004.709895191689 0.392 1.271 0.381 -3.7534969159107687 0.8804035330709458 2.119087809937053 1.5447516220270625 1.0
movable_object.trafficcone 0 0 0 914.2865550979697 488.01291125249537 926.5200820082523 530.7171993653818 0.329 1.317 0.329 -39.04145723441035 1.2260909241507865 2.922660947644344 1.5447516220270625 1.0
movable_object.trafficcone 0 0 0 1004.2620575367494 496.1013648366544 1044.303221564829 618.9424083282175 0.359 1.339 0.348 -13.931785258529608 0.9651469826077052 2.1953174778622433 1.5447516220270625 1.0
movable_object.barrier 0 0 0 1061.9524466160738 523.0914527975542 1150.308762206625 593.934317133676 0.611 0.858 3.032 -17.831484960079766 1.2170321889209619 3.924740815442882 1.5446803143526022 1.0
movable_object.barrier 0 0 0 925.6615216389365 519.5634911599892 966.2304071084696 556.9965609411265 0.746 0.815 3.177 -30.912536264696207 1.6613943618272349 2.919085295256116 1.5447516220270625 1.0
movable_object.barrier 0 0 0 1400.5900579573927 583.2571687351 2056.1090271493117 938.0239159239054 0.679 0.924 3.169 -5.632730135155649 1.0817239405891668 3.6352146519930897 1.5446803143526022 1.0
