vehicle.car 0 0 0 787.8399055745354 455.7562393628687 952.558166213101 611.7177894688468 4.595 1.858 1.963 -17.413937560214023 0.8172089442495125 0.5708295821546598 2.0634116408623404 1.0
vehicle.car 0 0 0 8.871951589512301 513.2395582987841 218.2362117594579 579.1434778315482 4.924 1.759 2.281 -35.7783899398351 2.1551849806364727 -20.312955010746116 1.562267942031486 1.0
vehicle.truck 0 0 0 1147.605577407073 410.59699557441064 1403.83851415874 506.07195473469955 8.131 3.239 3.046 -45.36880780465467 -0.373634797067896 16.09558126455676 3.1157915506534346 1.0
vehicle.car 0 0 0 710.315145111714 472.40242964137906 1045.309209856376 713.2495080785621 4.813 1.469 2.06 -10.182816448086585 0.8124486886554719 0.3364841070288111 2.070075746465622 1.0
vehicle.car 0 0 0 1441.8643625705342 441.7751459626011 1614.5018482288122 495.85303172455036 4.866 1.814 2.189 -44.46921775841458 -0.0189182852120644 24.828572730539182 3.1407326085579763 1.0
vehicle.car 0 0 0 298.8853722408218 467.1975133437944 611.7470242027292 670.7358181631198 4.131 1.657 1.816 -12.404350856710655 0.8597032324716833 -3.4218914568801226 2.067512458155683 1.0
human.pedestrian.adult 0 0 0 1036.637946601576 453.08894189195956 1084.62063041849 550.8382533377373 0.869 1.851 0.905 -24.2976960171225 0.6195533011838409 4.5356545157053585 1.5591770698885465 1.0
vehicle.car 0 0 0 943.7235465576474 456.25237334353875 1127.8106253134997 525.237292813398 4.926 1.924 2.493 -37.244332696394395 0.6422873291035874 6.231279137755456 1.5921302524636438 1.0
vehicle.car 0 0 0 595.0611375088087 467.5653470857049 737.4886350196787 583.0029585572235 4.799 1.876 2.148 -23.070004316381148 0.9614672774923765 -2.814831857368086 2.0954574893349154 1.0
vehicle.car 0 0 0 1398.8779563784258 443.86485819338674 1518.886699650718 486.4058321444242 4.533 1.867 1.98 -58.245396370260174 -0.20571402301804326 29.338854784565388 3.0710220163826154 1.0
vehicle.car 0 0 0 140.93414303322888 495.2391095465138 346.3848101388285 582.2360775912629 6.056 1.928 2.373 -31.244592397876712 1.6116589925724154 -14.290037582387273 2.0808648804223484 1.0
vehicle.car 0 0 0 1365.8322268951506 444.33164674267493 1861.3877994544398 770.9959925855962 4.671 1.753 2.145 -9.297595042065147 0.7944854467054703 5.330630919474295 1.884893255546638 1.0
vehicle.truck 0 0 0 1111.6156609049124 419.5493439259091 1339.3720784501193 505.76535582820776 8.539 3.357 2.484 -51.66083896363699 -0.2634702724043488 16.314242353688808 3.097910964637464 1.0
vehicle.car 0 0 0 585.4961835591091 496.3927027436509 642.317633009872 536.6337064706865 4.846 1.665 2.211 -55.27718138020866 2.017273136557608 -9.432556962509286 1.9650024685437781 1.0
human.pedestrian.adult 0 0 0 1010.977878763274 458.25948133883014 1055.3920030266872 547.879260187109 0.807 1.788 0.961 -25.588429989411967 0.6745429751395299 4.226037092849559 1.5643586676002972 1.0
