vehicle.car 0 0 0 1441.7992953288872 441.23913980216804 1614.418405186686 495.31601464824945 4.866 1.814 2.189 -44.47006714698931 -0.037959983848531276 24.826445592285907 3.1408043251480384 1.0
vehicle.car 0 0 0 593.0217005053121 470.1864714717546 739.1255731899116 585.604800371602 4.799 1.876 2.148 -23.067274469415295 1.0040137387793195 -2.815480287835585 2.0871256610973177 1.0
vehicle.car 0 0 0 710.2507736271439 471.967526507106 1045.2361563695185 712.7958571114151 4.813 1.469 2.06 -10.18263679552107 0.808986656211714 0.33597056050899093 2.0703041301121328 1.0
human.pedestrian.adult 0 0 0 74.81392808647225 510.7143097204164 97.52551399303798 546.7655083510302 0.815 1.73 0.672 -61.20056451006933 2.8636717738644593 -36.165691631512 1.5691064239802746 1.0
vehicle.car 0 0 0 336.34936268868415 467.89257940810865 622.8518415553848 657.8738323673225 4.131 1.657 1.816 -13.143358817191638 0.8635745835072869 -3.407122047026635 2.0698348833867257 1.0
human.pedestrian.adult 0 0 0 1242.3312277944033 438.56377951428817 1291.2681833154493 532.3716540815061 0.807 1.788 0.961 -24.49024210797893 0.3083719981439641 8.593836942756678 1.5701534745501275 1.0
vehicle.car 0 0 0 787.9818985852991 455.48161454332967 952.1753460473617 610.9453552937525 4.595 1.858 1.963 -17.461257996377647 0.8126251495484654 0.570939017558025 2.0636410909784075 1.0
human.pedestrian.adult 0 0 0 1263.4271237009907 431.8627432617855 1320.2750651027652 533.8425000807628 0.869 1.851 0.905 -23.32808367792011 0.24648873144280947 8.650628181039975 1.567586653024061 1.0
vehicle.car 0 0 0 1365.585080114168 434.42859356080356 1863.0051074826345 762.4068615443268 4.671 1.753 2.145 -9.269416033398919 0.7411412074136987 5.316127770347346 1.8851517823778527 1.0
vehicle.truck 0 0 0 1147.5308469287716 408.82119521785097 1403.7370257934083 504.28422740426936 8.131 3.239 3.046 -45.37004619773082 -0.43643836733156116 16.09291699920726 3.1158668355130015 1.0
vehicle.truck 0 0 0 1111.5628865844942 419.2005664902813 1339.3033251997242 505.4038497132285 8.539 3.357 2.484 -51.66107888860443 -0.2781135959277494 16.31188263376831 3.0979888017049486 1.0
vehicle.car 0 0 0 901.2434235980271 469.6173066892542 1081.2394099007329 528.6480624835643 4.846 1.665 2.211 -37.439237709447916 0.885247273321111 4.909700431981628 1.610090154395568 1.0
vehicle.car 0 0 0 122.28943059165603 505.79133538217 304.7346999539131 578.3992125246111 4.924 1.759 2.281 -33.26020542185038 1.858512502430647 -16.314115198885204 1.6486851244996545 1.0
