vehicle.car 0 0 0 710.3888847614189 472.4564948038851 1045.2340022671701 713.0935466064416 4.813 1.469 2.06 -10.182795929173055 0.812012952061839 0.3363462206923594 2.07050705041336 1.0
vehicle.truck 0 0 0 1111.6030454860552 419.8073299090615 1339.3034257643226 505.88511502744717 8.539 3.357 2.484 -51.66151196107034 -0.25591415609828017 16.312840205195574 3.0984027832224736 1.0
vehicle.car 0 0 0 209.72134790915115 511.7204939385149 332.6890093841939 551.3791591288586 4.599 1.538 2.039 -53.29081119899879 2.5865263823241618 -23.61279264863415 -2.782270961370557 1.0
vehicle.car 0 0 0 787.9047228979065 455.8012312858201 952.3551821981265 611.4988868816664 4.595 1.858 1.963 -17.42954524507106 0.8168582106102557 0.570410049595996 2.0638416293014643 1.0
vehicle.car 0 0 0 418.9149725390407 497.5911514756497 495.7704567029792 548.3413318799162 4.887 1.56 1.761 -41.5751806108341 1.7079832819746774 -12.176050239080478 2.006453536196914 1.0
vehicle.car 0 0 0 1366.247820265673 444.65126369754756 1866.9892122212416 772.8589254260194 4.671 1.753 2.145 -9.265433606841288 0.7966546394518632 5.327472796105872 1.8867396087150512 1.0
vehicle.car 0 0 0 1398.8408234945878 444.2385879224818 1518.8195626032673 486.7028831607526 4.533 1.867 1.98 -58.24668559903984 -0.19016219881712348 29.337103172362248 3.071514378541222 1.0
vehicle.truck 0 0 0 1147.5771687589324 409.4672167324346 1403.7402463792246 504.793440621776 8.131 3.239 3.046 -45.37051686349921 -0.41586227432888484 16.093974306048178 3.1162829608013327 1.0
human.pedestrian.adult 0 0 0 201.74044617869916 507.8693254207612 224.5573944816271 543.3597892381135 0.815 1.73 0.672 -62.01189607765125 2.748250868062076 -30.360996686009628 1.5502263562582321 1.0
vehicle.car 0 0 0 426.9660977326111 472.75433598282046 652.0919550868626 626.8844136443106 4.131 1.657 1.816 -15.708097923741395 0.9122219351214088 -3.416335224425832 2.0679641041144627 1.0
vehicle.car 0 0 0 595.1468360896249 470.4327698493493 740.759577085906 585.7461735285856 4.799 1.876 2.148 -23.072765151749437 1.0080006961080623 -2.782052125448966 2.0873344868950348 1.0
vehicle.car 0 0 0 1441.891791363061 445.0926213387837 1614.5007201971341 499.0518857666869 4.866 1.814 2.189 -44.46820021053273 0.09446137497599527 24.82849320698019 3.141223386293121 1.0
vehicle.car 0 0 0 878.1282603306139 470.2174524547801 1052.3062890156943 529.6778506256945 4.824 1.718 2.119 -38.25942845788255 0.9275723460072722 4.2201394533821945 1.6102799740193516 1.0
human.pedestrian.adult 0 0 0 1595.0022943464683 419.70881896670176 1668.2332890944992 523.7285229299692 0.807 1.788 0.961 -22.150300276604277 0.04202770340106961 14.216021051575755 1.5705914858184151 1.0
