vehicle.car 0 0 0 1366.2272713954198 444.5465325570329 1862.2605303057883 771.2803920376209 4.671 1.753 2.145 -9.296244563342283 0.795972449683285 5.333977556374328 1.8848627075672457 1.0
vehicle.car 0 0 0 825.3648385019527 460.33071205250127 1004.5854777355642 526.294664054781 4.926 1.924 2.493 -38.771538477536815 0.7467958363465147 2.733954607911536 1.6073512544382353 1.0
human.pedestrian.adult 0 0 0 1011.8439741138686 455.3555185073967 1059.767124843773 552.4103629655186 0.869 1.851 0.905 -24.463620958539 0.6607746385466805 4.091891875638009 1.5603699761154681 1.0
vehicle.car 0 0 0 246.39591689525275 490.27860015361915 405.37610412238 561.9883649131019 6.056 1.928 2.373 -37.24532216044416 1.5973064527697634 -14.693693783216558 2.080729640732801 1.0
vehicle.car 0 0 0 787.7256679971741 455.9119314159218 952.5216921631509 611.9476572878084 4.595 1.858 1.963 -17.406249606890693 0.8194150600083768 0.5694863308983207 2.063404997889057 1.0
vehicle.truck 0 0 0 1111.5216258774024 419.73141253928685 1339.2666092161548 505.9360221670271 8.539 3.357 2.484 -51.66219415153685 -0.25624363689525265 16.310576246209102 3.0979881320935707 1.0
vehicle.car 0 0 0 1398.7686021703398 444.0530880597493 1518.7690744962167 486.5872501372078 4.533 1.867 1.98 -58.24765654026486 -0.19713744000247596 29.334725069995706 3.0710975502591955 1.0
vehicle.car 0 0 0 9.777306664661909 512.670044579179 218.93094508651146 578.4631646706699 4.924 1.759 2.281 -35.81069116250485 2.1395636175339674 -20.308421031001135 1.5621351244577895 1.0
vehicle.car 0 0 0 299.06872500126025 467.4982629303712 611.472294181035 670.9608895400273 4.131 1.657 1.816 -12.40852135204083 0.8623984550548947 -3.4238499582745 2.068039735141136 1.0
vehicle.car 0 0 0 580.7030390419844 497.7767837397985 635.0702427435779 535.8665500244201 4.846 1.665 2.211 -58.26877194530464 2.1428132414208103 -10.218019701362183 1.9601497431539938 1.0
vehicle.car 0 0 0 594.5959588933339 467.7298011892476 737.7427497225299 583.1486312091013 4.799 1.876 2.148 -23.071277561306584 0.9644195690574074 -2.816412954083896 2.0937396955951266 1.0
vehicle.truck 0 0 0 1147.5037463679337 410.41166596976785 1403.7204469533024 505.8741827812488 8.131 3.239 3.046 -45.37043715252474 -0.3801849178614243 16.092204031278758 3.1158697961715376 1.0
vehicle.car 0 0 0 1441.7454021647725 441.7096248968725 1614.3686894569762 495.7895015796264 4.866 1.814 2.189 -44.47133030895165 -0.021216118564592337 24.82529181767886 3.140812347237686 1.0
vehicle.car 0 0 0 710.2195438896288 472.5991122478214 1045.1993230993276 713.4343184946979 4.813 1.469 2.06 -10.182921176765053 0.8139237752876488 0.33567821228558736 2.070069895257557 1.0
human.pedestrian.adult 0 0 0 985.0158629827761 460.4565050180349 1029.9392813274358 549.6507180427518 0.807 1.788 0.961 -25.704981126890676 0.7176365817634003 3.717869614478004 1.5642251101038154 1.0
