vehicle.car 0 0 0 472.1244666076903 477.5927795849262 675.6538933244851 613.8852848696653 3.873 1.745 2.104 -18.177452948566227 1.034710527541851 -3.5127036411026262 2.062575960567668 1.0
vehicle.truck 0 0 0 1115.8254237993624 429.86713843538905 1335.968477763812 522.4464921553357 7.84 3.519 2.888 -50.16081631409284 0.28078919987607476 15.849147909314414 3.118706216583819 1.0
vehicle.car 0 0 0 794.0417251472721 483.51678836443 876.2298486775638 546.0041970552268 4.476 1.6 1.992 -34.746183694009105 1.2227696778846644 0.1648659695217436 2.105207808310521 1.0
vehicle.bicycle 0 0 0 966.3840751106175 480.7789377479927 1012.4408822715111 526.3184977226571 1.826 1.876 0.746 -52.50056596936735 1.4067672087685907 6.815459621901967 3.110613012706601 1.0
human.pedestrian.adult 0 0 0 338.06103126849615 509.2260154564135 358.47365568780197 544.506222956969 0.793 1.689 0.733 -60.802353896586645 2.754292715072487 -23.210525761118113 2.1219540141862927 1.0
vehicle.car 0 0 0 1384.294507102026 451.63744136607454 1547.0825710740387 498.10978458030286 5.336 1.743 2.128 -49.8430316158486 0.21520256704207402 25.350928967576767 3.113827727898639 1.0
vehicle.truck 0 0 0 1427.070113543178 121.99118349139118 4497.421352084186 1556.3449224620222 5.723 1.847 2.089 -4.6292208983438305 0.5521342802449998 4.179696990616194 1.9679260018812474 1.0
vehicle.car 0 0 0 804.3702968359005 489.4844590911504 924.3123260107512 590.4123748043164 4.219 1.512 1.804 -21.12146773399866 1.1189484733914197 0.5723670941029328 2.0727742037271497 1.0
vehicle.car 0 0 0 1482.2686878015063 442.45598564583173 1709.1430613368902 582.6268714689984 4.228 1.528 1.881 -15.897096197104027 0.5184029194922279 9.85246020151184 1.7300222573080628 1.0
vehicle.car 0 0 0 1411.9776349289998 450.36485830986913 1580.6355383400949 500.41548986879224 5.104 1.753 2.017 -46.40663357612994 0.2218782496942378 24.73148248249573 3.106197595226572 1.0
vehicle.truck 0 0 0 1178.8415887477802 414.17355955131654 1423.6416291747698 517.6879411271608 7.412 3.386 2.527 -43.2018450133419 -0.09854891025730236 16.22878198777124 3.112214107004509 1.0
vehicle.car 0 0 0 1477.6786512197216 476.0428925519176 1656.107842082749 527.9153697831861 4.788 1.669 2.042 -42.499888895555934 1.0877683128901525 25.03575439914887 3.118706216583819 1.0
