vehicle.car 0 0 0 0 0 0 0 4.547 1.902 1.724 0.9140030587342325 -11.912388765771741 -20.529980159993453 2.349161379872289 1.0
vehicle.car 0 0 0 0 0 0 0 5.063 1.959 2.124 0.7463906969688305 -17.932396785695627 -6.903691467314483 0.7940229106650349 1.0
vehicle.car 0 0 0 0 0 0 0 4.18 1.972 1.936 1.4265034587357968 6.100384611471062 -18.349840118598262 -2.6844546015408657 1.0
vehicle.car 0 0 0 0 0 0 0 4.456 1.515 1.857 0.32201278934903804 62.635335832842124 30.98345023141212 -0.8577416111558591 1.0
vehicle.car 0 0 0 0 0 0 0 4.304 1.485 1.84 0.9027013257714489 54.619173139862696 23.206265811369263 -0.8577416111558591 1.0
vehicle.car 0 0 0 0 0 0 0 4.489 1.636 2.063 1.9261546765226287 5.700869307569532 -38.37599806720416 0.8468799392550053 1.0
vehicle.car 0 0 0 0 0 0 0 5.191 1.87 2.203 2.035684296184172 18.934911229553748 -44.00713540077898 2.382010862379877 1.0
vehicle.car 0 0 0 0 0 0 0 4.327 1.481 1.807 1.5719355146868548 43.63809993448925 10.480649486074473 2.2716623402031573 1.0
vehicle.car 0 0 0 0 0 0 0 4.421 1.771 1.803 1.7749241955724415 32.638726655707835 -1.9683258560757626 0.8419460712807743 1.0
vehicle.car 0 0 0 0 0 0 0 2.943 1.6 1.572 1.0797470904985136 -15.971426933341812 -5.022835610781935 2.2770736937790037 1.0
vehicle.car 0 0 0 0 0 0 0 6.318 2.213 2.471 1.0633575002589069 -27.11222780795804 -36.4060346869355 0.8174853205529056 1.0
vehicle.car 0 0 0 0 0 0 0 4.561 1.421 1.942 2.0310459649968315 16.641927465273113 -27.198904115404915 2.3471045239800947 1.0
vehicle.car 0 0 0 0 0 0 0 5.051 2.0 2.058 0.5523196185587737 -46.27237486731758 -40.03433373017592 2.3271817329518925 1.0
vehicle.truck 0 0 0 0 0 0 0 6.019 1.91 2.076 0.9082681688043202 -10.576103225752023 -18.021493351861704 0.8292780645890252 1.0
vehicle.car 0 0 0 0 0 0 0 4.072 1.433 1.885 1.0838965361911248 -12.088778941889762 -1.4259267494713346 0.7858411415815323 1.0
vehicle.truck 0 0 0 0 0 0 0 5.041 1.751 1.95 1.7357160129684015 22.108465601252057 -21.5505118638593 2.2423855315756844 1.0
vehicle.car 0 0 0 0 0 0 0 4.948 1.521 1.885 1.695762926365636 30.605428785924236 -3.9949709325975067 0.8244934238335557 1.0
movable_object.debris 0 0 0 0 0 0 0 0.717 0.419 1.198 1.6821127360722332 -19.292334778412847 -12.859861622833723 0.780429973083749 1.0
vehicle.car 0 0 0 0 0 0 0 3.294 1.386 1.705 2.2245269058622776 9.369381761555182 -34.39297015019071 2.2947450232772706 1.0
vehicle.car 0 0 0 0 0 0 0 3.961 1.492 1.761 1.586227789332091 28.839157300585548 -6.05185403424325 0.8419460712807743 1.0
vehicle.car 0 0 0 0 0 0 0 4.132 1.721 2.172 1.9627822856764654 22.666746394833076 -33.51363371659138 -2.435985061451051 1.0
vehicle.car 0 0 0 0 0 0 0 4.757 1.611 2.077 1.200968974389633 -36.246404498796764 -27.364570189259947 0.8263346769360531 1.0
vehicle.truck 0 0 0 0 0 0 0 6.966 2.695 2.345 -0.3180936171268156 47.632270300831095 29.915065735746712 0.7116633831301251 1.0
vehicle.car 0 0 0 0 0 0 0 4.567 1.667 1.946 1.0372378091301524 -3.1633284186766564 -9.76443464482424 0.811825436042299 1.0
vehicle.truck 0 0 0 0 0 0 0 4.621 1.86 2.14 1.8486638216400655 18.252310105184 -24.889483948597157 2.382010862379877 1.0
vehicle.car 0 0 0 0 0 0 0 4.732 1.705 1.875 0.9638256987247678 -8.343989381332584 -15.81818172015373 2.3647069173375304 1.0
vehicle.car 0 0 0 0 0 0 0 3.814 1.595 1.853 1.9660769042501132 20.89100427706831 -23.802618163278392 2.416917204192817 1.0
vehicle.car 0 0 0 0 0 0 0 4.069 1.408 1.772 2.4337628167138687 3.8841141480498496 -40.778323745868725 0.8468799392550053 1.0
vehicle.car 0 0 0 0 0 0 0 4.513 1.844 1.921 0.8515035813840168 -21.479738994039835 -11.080705297603714 0.8289281391307695 1.0
vehicle.truck 0 0 0 0 0 0 0 5.452 2.196 2.09 1.702923035192773 13.387213234998377 -31.407056277837494 2.3296513561303023 1.0
vehicle.car 0 0 0 0 0 0 0 5.182 1.66 2.059 1.0380896113979645 -11.211065245831753 -7.846251849759508 0.6536945356013288 1.0
vehicle.car 0 0 0 0 0 0 0 5.733 2.29 2.08 0.6720405761416948 9.718792969704426 21.222666760696672 0.8242106911493323 1.0
vehicle.car 0 0 0 0 0 0 0 4.405 1.961 1.89 0.9076978881676626 -15.913048221178899 -24.006732260256634 2.3415936861302615 1.0
vehicle.car 0 0 0 0 0 0 0 4.746 1.639 2.014 0.8876977724505877 27.07306109193513 22.945237199142817 2.3802507101841375 1.0
vehicle.car 0 0 0 0 0 0 0 5.734 2.0 2.161 0.9154885876191012 -23.039266754475843 -13.468246518903834 2.3301505167160412 1.0
vehicle.car 0 0 0 0 0 0 0 4.652 1.901 2.013 0.826085719430806 -19.522180591940337 -9.261876818976893 0.8463807929921585 1.0
vehicle.car 0 0 0 0 0 0 0 5.05 1.442 1.89 1.2893729732269954 -19.72607222955007 -28.196257297899024 2.3415936861302615 1.0
movable_object.trafficcone 0 0 0 0 0 0 0 0.417 0.933 0.403 0.8928639642179315 25.735690767601785 35.24762529764038 -0.8608752405315911 1.0
vehicle.car 0 0 0 0 0 0 0 4.928 1.79 2.376 1.1557604708504705 -64.99678654232197 -58.824740206959476 0.8144442012481639 1.0
human.pedestrian.adult 0 0 0 0 0 0 0 0.869 1.904 0.579 -0.7596863783591851 -12.253495999743409 9.72847046992307 0.5326215674637047 1.0
vehicle.car 0 0 0 0 0 0 0 4.574 1.78 2.119 2.006785730407076 27.075629524026837 -23.286988115517513 0.7056449177877813 1.0
vehicle.car 0 0 0 0 0 0 0 4.785 1.799 2.092 0.5849712230247541 -38.188742652275025 -29.55371117783443 0.8263346769360531 1.0
vehicle.car 0 0 0 0 0 0 0 4.844 1.696 1.988 1.3040735136095527 -21.731091424642457 -30.638729594860223 2.3415936861302615 1.0
vehicle.car 0 0 0 0 0 0 0 5.038 1.813 2.053 2.4318341425002594 29.767042590619294 -32.063290899284254 0.7788147385468642 1.0
vehicle.car 0 0 0 0 0 0 0 5.789 2.112 2.176 0.46925183019441674 24.62542210364265 39.73560727774443 2.325367476228207 1.0
vehicle.car 0 0 0 0 0 0 0 4.601 1.316 1.952 2.0970587681225523 15.327444551398823 -29.25587323985898 2.3296513561303023 1.0
vehicle.car 0 0 0 0 0 0 0 5.676 2.177 2.198 0.7339826627981532 -24.920228857606563 -15.690596438660236 0.7914294567040954 1.0
vehicle.car 0 0 0 0 0 0 0 4.978 2.0 2.3 0.9980536083676916 -23.935756579185824 -32.69265860384266 2.3415936861302615 1.0
vehicle.car 0 0 0 0 0 0 0 3.758 1.404 1.702 2.1505594740062635 7.554438196975211 -36.410930674188656 2.2947450232772706 1.0
human.pedestrian.adult 0 0 0 0 0 0 0 0.573 1.864 0.704 0.7277886791778404 8.833604844575522 0.9906619383331543 -2.400727036467953 1.0
vehicle.car 0 0 0 0 0 0 0 4.691 1.364 1.911 1.6398768133683495 26.97940717863152 -8.770612255584469 0.8419460712807743 1.0
vehicle.car 0 0 0 0 0 0 0 4.565 1.532 1.864 0.9741537926841014 -10.105328080099719 0.5075005724398957 2.361197085021641 1.0
vehicle.truck 0 0 0 0 0 0 0 6.022 1.953 2.156 0.9153975397999787 -5.18536489351612 -11.85433068127842 0.8467307189521875 1.0
vehicle.car 0 0 0 0 0 0 0 4.423 1.456 1.928 2.1691075210097734 11.034431919145653 -32.73209367540653 2.2947450232772706 1.0
