vehicle.car 0 0 0 0 0 0 0 4.567 1.667 1.946 1.2916726472898574 -16.685919063436934 -0.1102867305744011 0.5873930702066126 1.0
vehicle.car 0 0 0 0 0 0 0 4.948 1.521 1.885 0.7160229276662251 17.477563943674507 -2.1273730507644593 0.6000554110121552 1.0
vehicle.car 0 0 0 0 0 0 0 4.374 1.717 1.853 1.368869300082834 47.454804162822136 43.40760434527187 0.5653617386343455 1.0
vehicle.car 0 0 0 0 0 0 0 4.561 1.421 1.942 0.450606553443536 -1.089830042685812 -21.520973456660208 2.5718017559426283 1.0
vehicle.car 0 0 0 0 0 0 0 5.182 1.66 2.059 1.439867052216258 -9.511327693037355 6.450020662081628 2.27463861931834 1.0
vehicle.car 0 0 0 0 0 0 0 4.489 1.636 2.063 0.26751571445477695 -14.295507714405662 -30.33344586656385 0.6224325058772449 1.0
vehicle.car 0 0 0 0 0 0 0 5.733 2.29 2.08 1.9750474914373974 2.830341221982201 27.142078493276546 0.6172180393956657 1.0
vehicle.car 0 0 0 0 0 0 0 4.072 1.433 1.885 1.9888809207332767 -23.685349152636764 10.128044239356555 0.5614211527681885 1.0
vehicle.truck 0 0 0 0 0 0 0 5.568 2.0 2.36 0.3814882005674032 -18.48653945036362 -34.12670927168111 2.519444250829407 1.0
vehicle.truck 0 0 0 0 0 0 0 4.649 2.0 2.034 0.31483673303519993 -32.5721329730676 -42.44399589022739 2.519444250829407 1.0
vehicle.car 0 0 0 0 0 0 0 4.513 1.844 1.921 1.5408826484827343 -35.000829841681465 2.756548032756752 0.6044882050766378 1.0
vehicle.car 0 0 0 0 0 0 0 3.814 1.595 1.853 0.30015649841276776 3.5512490160639865 -19.316163952105853 2.641611818242751 1.0
vehicle.car 0 0 0 0 0 0 0 4.132 1.721 2.172 0.12003735038921119 3.089599579266624 -29.07484802784142 -2.2113441026330536 1.0
vehicle.car 0 0 0 0 0 0 0 4.732 1.705 1.875 1.3221807457782875 -23.152372220498265 -4.817655191132697 2.589403484849072 1.0
vehicle.truck 0 0 0 0 0 0 0 5.452 2.196 2.09 0.039009225615914744 -5.392196801193551 -24.86725600824049 2.5543492500246625 1.0
vehicle.car 0 0 0 0 0 0 0 3.734 1.28 1.675 1.820827679244341 17.2465643960526 38.40829541134308 0.5462076997116658 1.0
vehicle.car 0 0 0 0 0 0 0 4.642 1.601 1.89 0.8137710624459012 58.46763481337672 26.386125531467908 2.508582691300628 1.0
vehicle.car 0 0 0 0 0 0 0 4.219 1.406 1.74 2.713811601048431 12.999299982212039 35.45718939590996 0.5648837731626446 1.0
vehicle.truck 0 0 0 0 0 0 0 5.996 1.929 2.093 0.3171701552034154 27.00794209599195 4.184865754899685 -0.634946329318975 1.0
vehicle.car 0 0 0 0 0 0 0 4.464 1.631 2.042 0.26027296602230215 60.337579807921706 28.440328679803063 -0.6332898451777496 1.0
vehicle.car 0 0 0 0 0 0 0 4.547 1.902 1.724 1.3418962559224508 -27.73061079655721 -8.658505206343325 2.5738585340327536 1.0
vehicle.car 0 0 0 0 0 0 0 6.318 2.213 2.471 1.7986320947462437 -46.079148900478515 -20.75102615205573 0.593050402061535 1.0
vehicle.truck 0 0 0 0 0 0 0 4.621 1.86 2.14 0.24085426259561765 0.7907836516352703 -19.79470780236041 2.6067067796608914 1.0
vehicle.truck 0 0 0 0 0 0 0 5.342 1.871 2.086 0.23022758432281865 45.78835867361596 16.702298365473897 -0.6332898451777496 1.0
vehicle.car 0 0 0 0 0 0 0 5.676 2.177 2.198 1.4911211188050928 -39.45294961643817 -0.8534254160908266 0.5670067105698964 1.0
vehicle.truck 0 0 0 0 0 0 0 5.701 1.978 1.947 0.2627209916013949 35.703736493853036 10.915249405087224 -0.6455055166869812 1.0
vehicle.car 0 0 0 0 0 0 0 4.652 1.901 2.013 1.4747462770626092 -32.67270055647412 4.070514931782287 0.6219335623239752 1.0
vehicle.car 0 0 0 0 0 0 0 5.063 1.959 2.124 1.366909058004255 -30.66725543348805 6.127382208219153 0.5695989032341626 1.0
vehicle.car 0 0 0 0 0 0 0 3.961 1.492 1.761 0.7396698649214823 15.385618318308168 -3.810330365395262 0.6175006558831808 1.0
vehicle.car 0 0 0 0 0 0 0 4.605 1.931 2.123 0.3356380393423632 -29.814043687167594 -40.95186828286256 2.519444250829407 1.0
vehicle.car 0 0 0 0 0 0 0 4.601 1.316 1.952 0.6465419351445022 -3.1671416860712753 -23.343986254874668 2.5543492500246625 1.0
human.pedestrian.adult 0 0 0 0 0 0 0 0.869 1.904 0.579 1.1612751136593578 -19.652677412241513 24.064307772395612 -2.0236878135600316 1.0
vehicle.car 0 0 0 0 0 0 0 4.691 1.364 1.911 0.7831006025970395 12.747108289131482 -5.782807893013298 0.6175006558831808 1.0
vehicle.car 0 0 0 0 0 0 0 4.503 1.512 1.997 2.619493239411647 28.54490573541653 46.453818098044096 0.5876678237942903 1.0
human.pedestrian.adult 0 0 0 0 0 0 0 0.573 1.864 0.704 1.033623115020591 -2.603102684324 7.710340499455337 -2.176087677648627 1.0
vehicle.car 0 0 0 0 0 0 0 4.456 1.515 1.857 -0.7572591188437547 56.391933402551565 24.959954145352025 -0.6332898451777496 1.0
vehicle.car 0 0 0 0 0 0 0 4.573 1.522 1.903 0.651117125160148 -23.40066090364909 -37.128057066487045 2.519444250829407 1.0
vehicle.car 0 0 0 0 0 0 0 4.266 1.545 1.893 2.6063326472376 15.420013100470431 37.1572677098653 2.594470821854773 1.0
vehicle.car 0 0 0 0 0 0 0 4.423 1.575 2.104 2.672370959617393 26.295953907601074 44.60095312107714 0.5876678237942903 1.0
vehicle.car 0 0 0 0 0 0 0 5.191 1.87 2.203 -0.3213735270308146 -2.648271938634282 -38.41190408857937 2.5718017559426283 1.0
vehicle.car 0 0 0 0 0 0 0 4.505 1.45 1.943 2.5544251406540015 8.802668713473091 31.83551133864383 0.5648837731626446 1.0
vehicle.car 0 0 0 0 0 0 0 4.574 1.78 2.119 0.09577885986557931 9.68933685766044 -20.08511091367575 0.9304550823067022 1.0
vehicle.car 0 0 0 0 0 0 0 4.107 1.779 2.068 0.4544164744881038 24.657743919419627 2.198789981249875 2.5418305700868427 1.0
vehicle.motorcycle 0 0 0 0 0 0 0 1.935 1.119 0.429 2.4202787917580637 -1.4439888404786416 28.241162478401474 0.4543020042810304 1.0
vehicle.car 0 0 0 0 0 0 0 5.038 1.813 2.053 -0.04943350099637692 10.24428707129006 -29.23720726536727 0.5543982953428381 1.0
vehicle.car 0 0 0 0 0 0 0 4.423 1.456 1.928 0.43282941607613756 -8.076862206674948 -25.813435863340843 2.519444250829407 1.0
vehicle.car 0 0 0 0 0 0 0 5.789 2.112 2.176 2.4272300684560637 21.6391871789883 41.574895359108716 2.550065533081643 1.0
vehicle.truck 0 0 0 0 0 0 0 6.019 1.91 2.076 1.3129599497496756 -25.869344944724066 -6.510703977415421 0.5873930702066126 1.0
vehicle.car 0 0 0 0 0 0 0 4.344 1.412 2.068 2.6899576206247806 23.99594895716932 42.982892572969156 0.5743794892230101 1.0
vehicle.car 0 0 0 0 0 0 0 4.304 1.485 1.84 1.0595357224250737 47.00685093935014 19.029494663688386 -0.6332898451777496 1.0
vehicle.car 0 0 0 0 0 0 0 4.746 1.639 2.014 1.7331125661899724 20.13059132872281 24.900752159123687 2.604946693475953 1.0
vehicle.truck 0 0 0 0 0 0 0 5.871 1.974 2.173 0.3487487747621382 29.04326128349608 6.220290918290651 -0.634946329318975 1.0
vehicle.truck 0 0 0 0 0 0 0 6.022 1.953 2.156 1.2134142398923837 -19.27424795403543 -1.7233444405662937 0.622283346140871 1.0
vehicle.car 0 0 0 0 0 0 0 3.758 1.404 1.702 0.40591196196761214 -12.12106997240648 -28.79950552064358 2.519444250829407 1.0
movable_object.trafficcone 0 0 0 0 0 0 0 0.417 0.933 0.403 2.037774090987249 21.51382286965035 37.29213306923576 -0.6364222518234435 1.0
vehicle.truck 0 0 0 0 0 0 0 5.041 1.751 1.95 0.24874376947053833 5.2296042565322525 -17.385591907841114 2.4670867860021506 1.0
vehicle.car 0 0 0 0 0 0 0 4.565 1.532 1.864 2.3314655355910117 -21.259901022626135 11.556994605986056 2.58589378477569 1.0
vehicle.car 0 0 0 0 0 0 0 3.294 1.386 1.705 0.4228315195136716 -10.102319546301416 -27.042955935327452 2.519444250829407 1.0
movable_object.debris 0 0 0 0 0 0 0 0.717 0.419 1.198 2.784212976382808 -33.2609994313441 0.4804079142690732 0.5560127068935827 1.0
vehicle.car 0 0 0 0 0 0 0 4.333 1.439 1.855 0.7079937412554623 22.49818863546302 0.7159600701295592 2.5418305700868427 1.0
vehicle.car 0 0 0 0 0 0 0 4.327 1.481 1.807 0.3112679777139927 33.93388229332103 9.130792821418765 2.4963624572411716 1.0
vehicle.car 0 0 0 0 0 0 0 4.421 1.771 1.803 0.5351067570556652 19.81596729540379 -0.68964007700536 0.6175006558831808 1.0
vehicle.car 0 0 0 0 0 0 0 4.069 1.408 1.772 0.4158367837604541 -16.86286098113161 -31.97082977519184 0.6224325058772449 1.0
vehicle.car 0 0 0 0 0 0 0 5.05 1.442 1.89 1.7699121771642659 -37.047809221476655 -14.39447852234165 2.5662911267570436 1.0
vehicle.car 0 0 0 0 0 0 0 4.423 1.768 1.952 1.8470462363745108 40.77790610766996 38.651373255564025 2.5765401120002887 1.0
vehicle.car 0 0 0 0 0 0 0 2.943 1.6 1.572 1.6562542598619778 -28.164624454438073 7.307259547971824 2.501773601730651 1.0
