vehicle.car 0 0 0 0 0 0 0 4.132 1.721 2.172 0.8187137906306903 34.08856617287939 -7.467808043322747 3.0103316615379585 1.0
human.pedestrian.adult 0 0 0 0 0 0 0 0.869 1.904 0.579 -0.903981539796761 -22.496808758961045 0.3542543842965427 -2.072911204239082 1.0
vehicle.car 0 0 0 0 0 0 0 6.318 2.213 2.471 1.2314118857874141 2.9236500950569595 -46.24615080245237 1.6543529793746483 1.0
vehicle.truck 0 0 0 0 0 0 0 4.621 1.86 2.14 1.4366925634642191 24.697723898389008 -4.910919971471828 1.5451549746377706 1.0
vehicle.car 0 0 0 0 0 0 0 4.844 1.696 1.988 1.4363722292371193 2.2449477659701222 -38.38652387707552 1.504738482386327 1.0
vehicle.car 0 0 0 0 0 0 0 4.561 1.421 1.942 1.63325384365099 25.482069563067395 -7.455576636216861 1.5102492248149 1.0
vehicle.car 0 0 0 0 0 0 0 4.513 1.844 1.921 0.8926717110228497 -12.12907054396948 -25.104487422825954 1.6657959900787702 1.0
vehicle.car 0 0 0 0 0 0 0 4.505 1.45 1.943 1.0298795600778718 -16.282606079586163 27.128603980617996 1.6261726239283885 1.0
vehicle.car 0 0 0 0 0 0 0 4.489 1.636 2.063 1.8510647030249139 26.70228705374342 -23.158837148129255 1.6837480743990927 1.0
vehicle.car 0 0 0 0 0 0 0 2.943 1.6 1.572 1.0834997500438273 -12.970137889116483 -17.020898716041433 1.4402196618275518 1.0
vehicle.car 0 0 0 0 0 0 0 4.107 1.779 2.068 1.6397217781007614 17.010333709137246 26.682662623988914 1.480277427831524 1.0
vehicle.truck 0 0 0 0 0 0 0 5.568 2.0 2.36 1.8403275541195696 27.933527499687756 -28.672792958425845 1.4578906599982027 1.0
vehicle.car 0 0 0 0 0 0 0 5.676 2.177 2.198 0.801864028591335 -11.056383074134809 -30.748599536955954 1.6282966436111153 1.0
vehicle.car 0 0 0 0 0 0 0 4.691 1.364 1.911 1.8855633982738584 18.245187063841122 12.390305747316518 1.6788141303427047 1.0
vehicle.car 0 0 0 0 0 0 0 4.503 1.512 1.997 1.5805984759223886 -19.385236746066546 51.88880286154661 1.648967880038823 1.0
vehicle.car 0 0 0 0 0 0 0 4.948 1.521 1.885 1.8670533692368472 17.549604335619478 18.292469507076323 1.6613612013675887 1.0
vehicle.car 0 0 0 0 0 0 0 4.266 1.545 1.893 1.484256474308873 -17.754783511446036 35.45615999837818 1.53291876059457 1.0
vehicle.car 0 0 0 0 0 0 0 3.294 1.386 1.705 1.9467370506206563 25.828046057457424 -17.87752571229076 1.4578906599982027 1.0
vehicle.car 0 0 0 0 0 0 0 5.051 2.0 2.058 0.7694239041679384 -7.214510602856848 -62.90571903719695 1.4903267821013761 1.0
vehicle.car 0 0 0 0 0 0 0 4.978 2.0 2.3 1.143573964957744 2.2940857220080955 -41.400603444325355 1.504738482386327 1.0
vehicle.car 0 0 0 0 0 0 0 5.063 1.959 2.124 0.760740807235664 -13.02343698872793 -19.682443168200546 1.630890146795526 1.0
vehicle.car 0 0 0 0 0 0 0 4.304 1.485 1.84 1.768598981735291 12.886439219802465 54.36920850655096 -1.6946099085860622 1.0
vehicle.truck 0 0 0 0 0 0 0 6.022 1.953 2.156 0.9330644047988829 -0.6152653728810928 -13.561522426235634 1.683598851817223 1.0
movable_object.trafficcone 0 0 0 0 0 0 0 0.417 0.933 0.403 1.5867355899659121 -14.820124147798834 41.052942060439875 -1.6977435834847903 1.0
vehicle.car 0 0 0 0 0 0 0 4.567 1.667 1.946 1.0419309911030383 -0.7877458267775533 -10.616614862421255 1.6486929965199124 1.0
vehicle.car 0 0 0 0 0 0 0 4.732 1.705 1.875 1.0049254062199626 0.19967622699053944 -18.52183049986123 1.5278513180039113 1.0
vehicle.car 0 0 0 0 0 0 0 4.565 1.532 1.864 0.941797212554245 -13.217592988031889 -8.962388223097498 1.5243415449860356 1.0
vehicle.car 0 0 0 0 0 0 0 4.574 1.78 2.119 1.6224709090441496 29.374790159775408 2.6074316160051016 0.13161035979944735 1.0
vehicle.truck 0 0 0 0 0 0 0 5.871 1.974 2.173 1.5656621095153527 15.678859850307731 32.49886297548479 -1.696267064967853 1.0
vehicle.car 0 0 0 0 0 0 0 5.182 1.66 2.059 0.9268256541212061 -5.693349320507426 -2.235725522756639 0.7418676561488495 1.0
movable_object.debris 0 0 0 0 0 0 0 0.717 0.419 1.198 2.013475012871168 -9.196978607048944 -24.76804748463253 1.617296945390458 1.0
vehicle.car 0 0 0 0 0 0 0 4.333 1.439 1.855 1.8696884747263698 17.259832857574935 24.041796384783808 1.480277427831524 1.0
vehicle.car 0 0 0 0 0 0 0 4.069 1.408 1.772 1.6611422254033026 26.598045262339927 -26.26552462861703 1.6837480743990927 1.0
vehicle.car 0 0 0 0 0 0 0 4.423 1.456 1.928 1.8803625903706163 25.684845855752705 -15.448319847556878 1.4578906599982027 1.0
vehicle.car 0 0 0 0 0 0 0 4.421 1.771 1.803 1.7118965455528075 17.204322975274266 21.043468624172363 1.6788141303427047 1.0
vehicle.truck 0 0 0 0 0 0 0 4.649 2.0 2.034 1.9917992667156057 28.363214993757346 -45.019220977345995 1.4578906599982027 1.0
vehicle.car 0 0 0 0 0 0 0 5.038 1.813 2.053 1.6563570720670404 37.80422260593286 -1.1870514006423585 1.6156816785280341 1.0
vehicle.truck 0 0 0 0 0 0 0 5.452 2.196 2.09 1.5791477366428466 26.267107211074407 -12.866691809672114 1.4927963615960316 1.0
vehicle.car 0 0 0 0 0 0 0 4.519 1.607 2.026 2.0517885275434455 28.24122294851316 -31.64527151469685 1.5047856051270525 1.0
vehicle.car 0 0 0 0 0 0 0 4.605 1.931 2.123 2.0477836169340975 28.37318102588939 -41.887600401552206 1.4578906599982027 1.0
vehicle.car 0 0 0 0 0 0 0 4.072 1.433 1.885 1.1048393454925107 -13.11807979189773 -11.756536284078202 1.622708220653605 1.0
human.pedestrian.adult 0 0 0 0 0 0 0 0.573 1.864 0.704 0.8960938401469944 -0.9100136608106445 5.443884136743201 3.0455895255105805 1.0
vehicle.car 0 0 0 0 0 0 0 5.191 1.87 2.203 1.972580187531324 39.49520994519095 -17.27396511209469 1.5451549746377706 1.0
vehicle.car 0 0 0 0 0 0 0 4.725 1.487 1.946 2.2232038960842004 28.322000052795804 -36.68907462652166 1.4578906599982027 1.0
vehicle.truck 0 0 0 0 0 0 0 6.019 1.91 2.076 0.9635548835565855 0.3533750856286174 -21.695083269607995 1.6661459212744187 1.0
vehicle.car 0 0 0 0 0 0 0 5.733 2.29 2.08 0.6102511232652885 -15.348786908537884 19.607286095380225 1.661078463958452 1.0
vehicle.truck 0 0 0 0 0 0 0 5.041 1.751 1.95 1.451723694584599 24.798887170300002 0.2087606882482408 1.405532174492949 1.0
vehicle.car 0 0 0 0 0 0 0 4.219 1.406 1.74 1.3140283853476933 -17.37953774772616 32.58249143458408 1.6261726239283885 1.0
vehicle.car 0 0 0 0 0 0 0 4.547 1.902 1.724 0.9829891531468543 1.3163060774454574 -24.326724433248092 1.5123060452709165 1.0
vehicle.car 0 0 0 0 0 0 0 4.327 1.481 1.807 1.7903537847346152 15.326003521730138 38.034516781718736 1.4348084113592563 1.0
vehicle.car 0 0 0 0 0 0 0 5.789 2.112 2.176 1.0596526529668555 -19.419643861524165 43.15935061069205 1.488512557561827 1.0
vehicle.truck 0 0 0 0 0 0 0 5.701 1.978 1.947 1.5791064899277076 14.724296051039246 40.69962929344354 -1.7068304563169683 1.0
vehicle.car 0 0 0 0 0 0 0 4.405 1.961 1.89 0.9995108203394341 1.218291619676922 -29.62608677230178 1.504738482386327 1.0
vehicle.car 0 0 0 0 0 0 0 5.05 1.442 1.89 1.3239952890567506 1.7750764115110453 -35.26208371385045 1.504738482386327 1.0
vehicle.car 0 0 0 0 0 0 0 4.456 1.515 1.857 0.08608528014792793 12.998655022910132 65.52857288170725 -1.6946099085860622 1.0
vehicle.car 0 0 0 0 0 0 0 3.814 1.595 1.853 1.5937448689538838 25.560621398489133 -2.221939406711157 1.5800607538489206 1.0
vehicle.truck 0 0 0 0 0 0 0 5.996 1.929 2.093 1.5366934006404263 16.18059166663888 29.59088601574342 -1.696267064967853 1.0
vehicle.car 0 0 0 0 0 0 0 5.734 2.0 2.161 0.9795150958194422 -11.38017274391628 -27.858956938285008 1.493295513370036 1.0
vehicle.car 0 0 0 0 0 0 0 4.746 1.639 2.014 1.0865751228901854 -4.7894025120840995 33.69005125763811 1.5433948514835532 1.0
vehicle.car 0 0 0 0 0 0 0 3.961 1.492 1.761 1.819585619899538 17.856904093937693 15.633961904809578 1.6788141303427047 1.0
vehicle.car 0 0 0 0 0 0 0 4.652 1.901 2.013 0.8552000038666429 -12.207130752958392 -22.437232377852567 1.6832489205074053 1.0
vehicle.car 0 0 0 0 0 0 0 3.758 1.404 1.702 1.9614142217850405 26.275440527285127 -20.489584626062655 1.4578906599982027 1.0
vehicle.car 0 0 0 0 0 0 0 4.601 1.316 1.952 1.9603070993351752 26.009053284681556 -9.942564638821784 1.4927963615960316 1.0
vehicle.car 0 0 0 0 0 0 0 4.573 1.522 1.903 2.090851721036119 28.126601496462584 -34.432168712234954 1.4578906599982027 1.0
