human.pedestrian.adult 0 0 0 0 0 0 0 0.621 1.311 0.608 -0.36781897898521704 -0.8633032344638762 10.978745517166185 3.101305102722712 1.0
vehicle.car 0 0 0 0 0 0 0 4.512 1.828 2.159 0.8405504685278241 -21.441164400765807 -8.585655779544046 3.118758313990474 1.0
vehicle.car 0 0 0 0 0 0 0 3.898 1.583 1.914 2.0773504278102912 -2.6927093198939613 -34.28238193174592 -3.1171561115791144 1.0
vehicle.car 0 0 0 0 0 0 0 4.326 1.662 1.845 0.9081448688331238 -10.104611175101374 -7.7552426542128945 3.1394901110174622 1.0
vehicle.car 0 0 0 0 0 0 0 5.803 2.313 2.19 0.3517653612206992 -31.321010364386808 3.2834988177304014 3.1365134658289326 1.0
vehicle.car 0 0 0 0 0 0 0 4.875 1.829 2.275 0.20252451357205808 -63.105148493066324 -8.986928052855482 -3.114400853755021 1.0
vehicle.car 0 0 0 0 0 0 0 4.372 1.824 1.822 0.841566899141697 6.533904324248878 -8.312932847639576 -3.130572999257809 1.0
vehicle.car 0 0 0 0 0 0 0 4.268 1.459 1.783 2.0669216146306972 8.157714189246319 -33.59793550422576 -3.1010840534849775 1.0
vehicle.car 0 0 0 0 0 0 0 4.121 1.814 1.961 1.9681432693458256 5.497608776510867 -33.265124699656084 0.0073301435351944555 1.0
vehicle.truck 0 0 0 0 0 0 0 4.577 1.949 1.862 1.7635784873572142 16.020353300182393 -33.663434804370326 -3.12943097747268 1.0
vehicle.car 0 0 0 0 0 0 0 4.412 1.553 2.003 2.6733308028684704 5.316459128205846 -47.923939363450884 3.0751252858785225 1.0
human.pedestrian.adult 0 0 0 0 0 0 0 0.632 2.0 0.757 0.8756536639246721 7.541780193353911 4.515253708726866 -1.7815797173808559 1.0
vehicle.car 0 0 0 0 0 0 0 4.616 1.805 2.201 2.2227764574283726 11.733091294298525 -46.53599180432919 2.992222533439633 1.0
vehicle.car 0 0 0 0 0 0 0 4.545 1.507 1.899 0.8770373679074123 -14.972302435595386 4.453613930901659 0.008363147955807726 1.0
vehicle.car 0 0 0 0 0 0 0 4.344 1.845 1.912 0.8526031139329786 9.521382645106803 4.891194934397589 0.010435148260102167 1.0
vehicle.car 0 0 0 0 0 0 0 4.687 1.88 1.964 0.9039243114829013 1.0883646426309963 -8.120838784610337 3.1356486592171233 1.0
vehicle.car 0 0 0 0 0 0 0 3.926 1.473 1.724 2.070405127380144 10.779793766275983 -33.59633648431207 -3.139493834210148 1.0
vehicle.car 0 0 0 0 0 0 0 4.486 1.525 1.802 0.9610976522479331 -12.796033218528567 -8.302883400397524 3.097792643961787 1.0
vehicle.truck 0 0 0 0 0 0 0 5.554 1.87 2.103 0.8657299294782655 17.400832173661893 -7.173329292179626 -0.05704720590727064 1.0
vehicle.car 0 0 0 0 0 0 0 4.445 1.533 1.827 1.0720965641715667 -1.618150229772127 4.649197093917547 0.015883646386641637 1.0
human.pedestrian.adult 0 0 0 0 0 0 0 1.137 1.891 0.756 0.6965473946180779 39.166134671636314 -10.785428327581894 1.574092009324925 1.0
vehicle.truck 0 0 0 0 0 0 0 4.641 1.834 2.002 2.3552886489502396 -8.531022254703734 -46.76571031084675 -3.0670293477590533 1.0
vehicle.car 0 0 0 0 0 0 0 4.207 1.393 1.853 2.13160889217529 -10.679354764826318 -34.38688339581309 0.021675375606998504 1.0
vehicle.car 0 0 0 0 0 0 0 4.789 1.788 2.238 0.12560632496003188 -52.952604616904416 -0.7156158573894308 0.551655239645144 1.0
vehicle.truck 0 0 0 0 0 0 0 5.827 1.886 2.039 0.9002799257174282 9.010737834735476 -7.694485968885224 0.03008241494832964 1.0
vehicle.car 0 0 0 0 0 0 0 3.776 1.419 1.724 2.1107470038206 2.767564096412902 -33.461721290625704 -0.06398528867765663 1.0
vehicle.car 0 0 0 0 0 0 0 4.087 1.78 2.612 0.9229526996014054 7.155194864954498 5.037278214943366 0.006651496495483578 1.0
vehicle.car 0 0 0 0 0 0 0 4.164 1.485 1.891 1.092507292907018 -7.200962722343352 -7.883781206348702 3.101305102722712 1.0
vehicle.car 0 0 0 0 0 0 0 5.574 2.132 2.111 0.7690466961349568 1.2144193739152622 4.532106454882319 0.03269256943878407 1.0
vehicle.car 0 0 0 0 0 0 0 4.147 1.589 1.783 1.0299318791974457 -4.165073120039998 4.972755327268232 0.006708896909421114 1.0
vehicle.car 0 0 0 0 0 0 0 4.808 1.515 1.916 1.0229807604504084 22.97252818831388 5.141642599646463 -3.0871284657851747 1.0
vehicle.car 0 0 0 0 0 0 0 4.788 1.841 1.969 0.9427444074191921 4.016565581288117 4.1422298877488215 -3.1183499335897515 1.0
vehicle.car 0 0 0 0 0 0 0 3.993 1.615 1.733 0.9441069436741217 -7.014047146516725 5.0237756850177355 -0.04234147630582541 1.0
vehicle.car 0 0 0 0 0 0 0 5.103 1.741 2.02 0.9761161714662521 4.037824856084978 -7.212076007751777 0.019362769303675087 1.0
vehicle.car 0 0 0 0 0 0 0 5.428 2.285 1.999 0.5893418649892825 51.54831772574714 4.420227586876528 0.03107631121872112 1.0
human.pedestrian.adult 0 0 0 0 0 0 0 0.689 1.249 0.761 -0.28615503707302675 -8.100449136220638 10.402134558828209 -2.9416361724356195 1.0
vehicle.car 0 0 0 0 0 0 0 4.346 1.828 1.904 0.7832786173460655 12.218262810691877 5.255848861629823 0.0075448544945535545 1.0
vehicle.car 0 0 0 0 0 0 0 4.374 1.524 1.97 0.9208080207362721 20.316613507130473 5.296464876901821 0.00615291768237336 1.0
vehicle.car 0 0 0 0 0 0 0 4.152 1.391 1.861 2.020036269773098 -7.802255744315071 -33.969076291871566 -3.110443338012674 1.0
vehicle.car 0 0 0 0 0 0 0 4.497 1.766 1.919 0.7035292955962306 -17.963348621287174 4.489595369178937 -0.06438373732257752 1.0
vehicle.car 0 0 0 0 0 0 0 5.051 1.835 2.224 0.775101804430604 -18.54429309788256 -7.869648009405948 3.118758313990474 1.0
vehicle.car 0 0 0 0 0 0 0 4.499 1.522 1.903 1.1047261854649786 -4.436759478163768 -7.883429734193747 -3.1152970760842926 1.0
vehicle.car 0 0 0 0 0 0 0 5.12 1.8 2.23 0.8903491289203864 64.15992509388579 -6.892124432884108 3.120338702265199 1.0
vehicle.car 0 0 0 0 0 0 0 4.062 1.826 2.075 0.8532535193396726 28.977491032365606 -3.2029609203047853 2.3151235987388343 1.0
vehicle.car 0 0 0 0 0 0 0 4.308 1.394 1.843 1.9985086864234072 -5.396946841349166 -33.99931938146711 3.1203823353168056 1.0
movable_object.debris 0 0 0 0 0 0 0 0.625 0.384 0.512 1.5658115355064885 6.635159908912219 2.4404566651266384 3.1076057119868485 1.0
vehicle.truck 0 0 0 0 0 0 0 4.564 1.818 2.043 1.8159204705118328 0.13312100864294604 -33.98926364206242 3.102929124047014 1.0
vehicle.car 0 0 0 0 0 0 0 4.623 1.733 1.911 1.8401141646325254 -13.066693925271032 -34.01873185524699 -3.112067359338182 1.0
vehicle.car 0 0 0 0 0 0 0 4.748 1.639 1.961 1.031314883589433 12.260618093103362 -7.790241627121227 3.108660758613542 1.0
human.pedestrian.adult 0 0 0 0 0 0 0 0.953 1.786 0.797 1.0106229799221598 39.26063067137189 -11.877420558666849 1.552781486060165 1.0
movable_object.debris 0 0 0 0 0 0 0 0.643 0.409 0.52 1.5700539747775584 7.404280911391685 2.3533711597092326 -3.0708603276142252 1.0
vehicle.truck 0 0 0 0 0 0 0 4.884 1.686 2.051 1.7977063727982139 -16.12996950542099 -33.821069771761024 -3.132918710945656 1.0
vehicle.car 0 0 0 0 0 0 0 5.07 1.918 2.048 0.775899474416057 -15.403824663177291 -8.065345158958936 0.006958883750238787 1.0
vehicle.car 0 0 0 0 0 0 0 3.685 1.34 1.712 2.074738810450425 13.334667138796567 -33.04499152008786 -3.120849815258593 1.0
