vehicle.car 0 0 0 0 0 0 0 4.948 1.521 1.885 2.1038176777202673 28.191950337518936 -30.052190206125797 0.03403623089411001 1.0
human.pedestrian.adult 0 0 0 0 0 0 0 0.869 1.904 0.579 -0.5210581920950798 5.684727496517772 11.915319043930639 1.7712060935555218 1.0
vehicle.car 0 0 0 0 0 0 0 5.733 2.29 2.08 0.5135039985654153 33.689249602800366 2.360248103724164 0.034314620037263044 1.0
vehicle.car 0 0 0 0 0 0 0 4.732 1.705 1.875 0.9847990785655988 -6.183859860377308 -8.123338147412058 -3.0605101004087736 1.0
vehicle.car 0 0 0 0 0 0 0 4.844 1.696 1.988 1.3207964547484996 -26.149689859792026 -7.682339057082173 -3.083623392450191 1.0
vehicle.truck 0 0 0 0 0 0 0 6.022 1.953 2.156 0.9376874366409401 -1.1594055611276604 -7.914186317522325 0.012755336143297047 1.0
vehicle.car 0 0 0 0 0 0 0 4.601 1.316 1.952 2.339895605621357 -0.8517621639903961 -34.433920154630194 -3.095565754538356 1.0
vehicle.car 0 0 0 0 0 0 0 4.072 1.433 1.885 1.0116809830852052 2.286287419684618 4.2257268138416935 0.07240843998166469 1.0
vehicle.car 0 0 0 0 0 0 0 3.758 1.404 1.702 1.893642195047038 -11.363194481087461 -33.48557288878183 -3.1304721838076466 1.0
vehicle.car 0 0 0 0 0 0 0 4.928 1.79 2.376 1.1754284543884197 -75.7674667268203 6.616215132705108 0.043965200004385085 1.0
vehicle.car 0 0 0 0 0 0 0 4.489 1.636 2.063 1.786750498911754 -14.147404615201289 -33.89064830694035 0.012623684416513292 1.0
vehicle.car 0 0 0 0 0 0 0 4.18 1.972 1.936 0.9944818277520889 11.309896090605333 -12.232172041818515 -3.030755860384877 1.0
vehicle.car 0 0 0 0 0 0 0 3.961 1.492 1.761 1.919005854504817 25.470228568575386 -30.124344225131086 0.01713009402706378 1.0
vehicle.car 0 0 0 0 0 0 0 6.318 2.213 2.471 1.0785457468407127 -34.03182076399662 -7.382826113280756 0.040954262514765194 1.0
vehicle.truck 0 0 0 0 0 0 0 6.966 2.695 2.345 0.7724381546705517 7.407169120723148 -18.343844792039977 1.5870664924935136 1.0
vehicle.car 0 0 0 0 0 0 0 5.734 2.0 2.161 0.9434501385486604 -14.015325864381024 4.536708949391976 -3.0950665926023513 1.0
vehicle.truck 0 0 0 0 0 0 0 5.041 1.751 1.95 1.7657511446874734 9.28988462118456 -34.86246376119681 3.1003534794409724 1.0
vehicle.car 0 0 0 0 0 0 0 5.051 2.0 2.058 0.5762545480102319 -49.30678901088965 4.739879756614079 -3.098035384408959 1.0
vehicle.car 0 0 0 0 0 0 0 5.676 2.177 2.198 0.7639280650689785 -16.911343857220956 4.729394211617959 0.0668405490647217 1.0
vehicle.car 0 0 0 0 0 0 0 4.513 1.844 1.921 0.8841522837544658 -11.187581265726122 4.979358075898081 0.02968041860498971 1.0
vehicle.car 0 0 0 0 0 0 0 3.294 1.386 1.705 2.2033851231226196 -8.650206591120176 -33.5716021128728 -3.1304721838076466 1.0
vehicle.car 0 0 0 0 0 0 0 4.561 1.421 1.942 2.227593702101028 2.016892649697165 -34.49203936291031 -3.078112539944721 1.0
vehicle.truck 0 0 0 0 0 0 0 5.452 2.196 2.09 1.8717115359874879 -3.7596063245477715 -34.6388470070755 -3.095565754538356 1.0
vehicle.car 0 0 0 0 0 0 0 5.182 1.66 2.059 1.0197613495244553 -12.22485242445797 -2.533718439388061 0.7262577570125854 1.0
vehicle.car 0 0 0 0 0 0 0 5.063 1.959 2.124 0.7802864627570115 -5.704561595675218 5.041456296992598 0.06425779244371554 1.0
vehicle.car 0 0 0 0 0 0 0 5.758 2.0 2.551 1.104370731435981 -37.46921281880579 -6.816343164107746 -3.101076607054992 1.0
vehicle.car 0 0 0 0 0 0 0 4.132 1.721 2.172 2.3099291098383596 0.7614143016131167 -43.00326042678382 -1.5780158593522753 1.0
vehicle.car 0 0 0 0 0 0 0 5.191 1.87 2.203 2.229163251400266 -9.523128810524549 -47.005430319567026 -3.0432061108989643 1.0
human.pedestrian.adult 0 0 0 0 0 0 0 0.573 1.864 0.704 0.7512903654664287 17.75783400817089 -9.953648062596109 -1.5427579084171885 1.0
vehicle.car 0 0 0 0 0 0 0 4.423 1.456 1.928 2.005591321120233 -6.381246091746465 -33.799081483744246 -3.1304721838076466 1.0
vehicle.car 0 0 0 0 0 0 0 4.757 1.611 2.077 1.2293806894658277 -33.16532384803077 5.4400687593564765 0.03222511912550763 1.0
vehicle.truck 0 0 0 0 0 0 0 6.019 1.91 2.076 0.9286930490686301 -9.350369859400402 -7.869142278956211 0.029337727548641723 1.0
vehicle.car 0 0 0 0 0 0 0 4.785 1.799 2.092 0.6127389838504355 -36.09154108537524 5.47847040990275 0.03222511912550763 1.0
vehicle.car 0 0 0 0 0 0 0 4.405 1.961 1.89 0.9264137126246472 -17.327529870361104 -7.746248161294362 -3.083623392450191 1.0
vehicle.car 0 0 0 0 0 0 0 4.567 1.667 1.946 1.0095469173464815 1.8219791963308662 -7.983375500394545 0.04656113124337935 1.0
vehicle.car 0 0 0 0 0 0 0 5.05 1.442 1.89 1.1999164717084339 -22.99059620202124 -7.602481113632371 -3.083623392450191 1.0
vehicle.car 0 0 0 0 0 0 0 4.691 1.364 1.911 1.9929650329955315 22.125231100974823 -29.905549842972427 0.01713009402706378 1.0
vehicle.car 0 0 0 0 0 0 0 4.565 1.532 1.864 1.0093367137990419 5.014981222723396 3.986681559422153 -3.064019941855909 1.0
vehicle.car 0 0 0 0 0 0 0 4.456 1.515 1.857 0.9555813272295146 75.6416685996646 -31.20320676830944 -0.005979851774231548 1.0
movable_object.debris 0 0 0 0 0 0 0 0.717 0.419 1.198 1.6456011511763171 -11.095617767367248 2.2147191596430758 0.07780265581291523 1.0
vehicle.car 0 0 0 0 0 0 0 4.978 2.0 2.3 1.014407587183237 -29.145243802918408 -7.357372234693216 -3.083623392450191 1.0
vehicle.car 0 0 0 0 0 0 0 4.547 1.902 1.724 0.9331782545819982 -12.080983316124007 -8.499125638174824 -3.0760556786068545 1.0
vehicle.car 0 0 0 0 0 0 0 4.652 1.901 2.013 0.8591517394488174 -8.532573100594119 4.671930660291913 0.01306554510492619 1.0
vehicle.car 0 0 0 0 0 0 0 2.943 1.6 1.572 0.9640094283330922 -2.9631239207824853 4.793378997352037 3.1350417435364184 1.0
