vehicle.car 0 0 0 0 0 0 0 4.687 1.88 1.964 0.8702652962934602 7.646393839251334 -8.202236810381768 3.1387381009658233 1.0
human.pedestrian.adult 0 0 0 0 0 0 0 0.632 2.0 0.757 0.6573231260938431 14.864922109779943 3.1466189574798147 -0.2333646012364028 1.0
human.pedestrian.adult 0 0 0 0 0 0 0 1.137 1.891 0.756 0.7166591423376614 2.8442451476261446 -11.877857858992678 1.5471551416424187 1.0
vehicle.car 0 0 0 0 0 0 0 4.499 1.522 1.903 1.097538095221955 1.9035067944948583 -7.916061224358621 -3.1122078044870856 1.0
vehicle.car 0 0 0 0 0 0 0 4.748 1.639 1.961 0.7458187008467367 19.005688932943443 -8.123942370574817 3.1117503427934565 1.0
vehicle.truck 0 0 0 0 0 0 0 12.334 4.398 3.5 -0.21641445407214538 61.00091458226494 -21.89187173624656 -1.610497317579628 1.0
vehicle.car 0 0 0 0 0 0 0 3.898 1.583 1.914 1.9311459682208298 3.7486292857300283 -34.2955104586852 3.1234718576316265 1.0
vehicle.car 0 0 0 0 0 0 0 4.308 1.394 1.843 1.8988775605075319 0.8738385220138503 -34.17646082737349 3.106018738481133 1.0
vehicle.car 0 0 0 0 0 0 0 4.344 1.845 1.912 0.6612246962767822 15.926220272885974 4.532075195236215 0.01040913380751185 1.0
vehicle.car 0 0 0 0 0 0 0 4.822 1.459 2.014 2.2118142080020684 -15.265955875461206 -37.35824216207918 2.1124049460534895 1.0
vehicle.truck 0 0 0 0 0 0 0 4.577 1.949 1.862 1.587718763187921 22.498853670535723 -33.87862525352006 -3.116887858393893 1.0
human.pedestrian.adult 0 0 0 0 0 0 0 0.621 1.311 0.608 -0.23366612268598846 5.601557464425383 10.921998537008653 3.104394725729658 1.0
vehicle.car 0 0 0 0 0 0 0 4.164 1.485 1.891 1.0723978729001413 -0.8035634192406782 -7.9728751938490525 3.1218478448762585 1.0
vehicle.truck 0 0 0 0 0 0 0 5.827 1.886 2.039 0.7135957440441999 15.638547722122597 -7.97819002085305 -0.04187168687475662 1.0
vehicle.car 0 0 0 0 0 0 0 4.616 1.805 2.201 1.88904052343153 17.903413217761635 -46.664658932570504 2.9124104246913145 1.0
vehicle.car 0 0 0 0 0 0 0 4.497 1.766 1.919 0.9055082964082346 -11.374947174537846 4.381000609617959 0.01241702619940277 1.0
vehicle.car 0 0 0 0 0 0 0 4.445 1.533 1.827 1.0296275187428203 4.788779412262325 4.517742138842972 0.019330082310957675 1.0
vehicle.car 0 0 0 0 0 0 0 4.788 1.841 1.969 0.8242538003424522 10.41505031551478 3.9280766752081235 -3.1152606458780205 1.0
vehicle.truck 0 0 0 0 0 0 0 5.554 1.87 2.103 0.5976649237005063 23.922216354435754 -7.48399973874911 -0.044069310737697265 1.0
vehicle.car 0 0 0 0 0 0 0 3.926 1.473 1.724 1.8217496850666892 17.254898186033856 -33.90208594760012 -3.108978104789914 1.0
vehicle.car 0 0 0 0 0 0 0 4.789 1.788 2.238 0.5023077327522637 -46.491833762521566 2.899485279909809 0.026842401035225727 1.0
vehicle.car 0 0 0 0 0 0 0 5.103 1.741 2.02 0.8598488769195237 10.507534650099347 -7.399268717176609 0.01769561943198461 1.0
human.pedestrian.adult 0 0 0 0 0 0 0 0.953 1.786 0.797 0.758664221188663 10.434173555060633 -12.739989718612634 1.5995139815714294 1.0
vehicle.car 0 0 0 0 0 0 0 3.993 1.615 1.733 1.0239886224016788 -0.48766049629068353 4.801634890210479 0.010134809602063033 1.0
human.pedestrian.adult 0 0 0 0 0 0 0 0.689 1.249 0.761 -0.2624402433367847 -1.6067109630442764 10.324348700127945 3.106111530880801 1.0
vehicle.car 0 0 0 0 0 0 0 4.268 1.459 1.783 1.8014437706796582 14.525530439408335 -33.84263535028787 -3.0750876381703796 1.0
vehicle.truck 0 0 0 0 0 0 0 4.884 1.686 2.051 1.7914812100708737 -9.673429887439514 -33.91594187823548 -3.0949231080582287 1.0
vehicle.car 0 0 0 0 0 0 0 4.486 1.525 1.802 1.0658199758383295 -6.318965664841345 -8.3673467397071 3.100882285511016 1.0
vehicle.truck 0 0 0 0 0 0 0 4.564 1.818 2.043 1.6913657434641847 6.395308884206496 -34.10156833632887 3.1409249768095364 1.0
vehicle.car 0 0 0 0 0 0 0 4.326 1.662 1.845 0.9740051088711265 -3.692912629505632 -7.773491129472061 3.1286170371493025 1.0
vehicle.car 0 0 0 0 0 0 0 4.623 1.733 1.911 1.8417494653035562 -6.640664883168167 -33.811910482092266 3.104394725729658 1.0
vehicle.car 0 0 0 0 0 0 0 4.062 1.826 2.075 0.9123318380697507 -9.05262677686548 -2.305240891392271 1.7388650578158193 1.0
vehicle.car 0 0 0 0 0 0 0 5.051 1.835 2.224 0.9070465456775643 -12.012674925182129 -7.877249956831074 3.104394725729658 1.0
vehicle.car 0 0 0 0 0 0 0 5.803 2.313 2.19 0.6403186934089663 -24.67255995965105 3.2698198449982243 3.1326216553412713 1.0
vehicle.car 0 0 0 0 0 0 0 4.808 1.515 1.916 0.6806890776269727 29.499771332717522 4.787257020609751 -3.084039342923128 1.0
vehicle.car 0 0 0 0 0 0 0 5.07 1.918 2.048 0.8596562797158965 -8.78121052715415 -8.106324195823 0.00920347328995863 1.0
movable_object.debris 0 0 0 0 0 0 0 0.643 0.409 0.52 1.4616511237139496 13.879215892835711 2.146441610144867 -3.1012231021929644 1.0
vehicle.car 0 0 0 0 0 0 0 5.574 2.132 2.111 0.6875935697064028 7.6895581751100055 4.421657037413894 0.037023666277564704 1.0
vehicle.car 0 0 0 0 0 0 0 5.428 2.285 1.999 0.12827897090851725 57.972295517853816 4.047449207167931 0.05178683824622343 1.0
vehicle.car 0 0 0 0 0 0 0 4.545 1.507 1.899 0.9973549384958373 -8.485312343051953 4.360734011469358 0.012531664247659169 1.0
vehicle.car 0 0 0 0 0 0 0 4.147 1.589 1.783 1.071472703630585 2.302100858422904 4.8465775845852646 0.008918665542278159 1.0
vehicle.car 0 0 0 0 0 0 0 4.346 1.828 1.904 0.5611906062182578 18.648470145460614 4.932352364323903 0.015010631788388906 1.0
vehicle.car 0 0 0 0 0 0 0 4.372 1.824 1.822 0.7100713967053041 13.017046220541545 -8.47406748170778 -3.1274836470329648 1.0
vehicle.car 0 0 0 0 0 0 0 4.121 1.814 1.961 1.6957053959863455 11.940895753756173 -33.711983378078834 0.03275167944699309 1.0
vehicle.car 0 0 0 0 0 0 0 3.685 1.34 1.712 1.8263826654409858 19.664029010289077 -33.18495192448111 -3.0854722439986446 1.0
vehicle.car 0 0 0 0 0 0 0 4.374 1.524 1.97 0.7303924750055907 26.84225602911402 4.975660798176837 0.016238572935137974 1.0
