vehicle.truck 0 0 0 0 0 0 0 11.242 3.705 3.13 0.31139685295575986 -24.0842061982703 21.358513522504428 3.1308530301268434 1.0
vehicle.truck 0 0 0 0 0 0 0 5.255 2.063 2.53 0.6669258915510557 -20.38477172853148 -19.761961398231005 0.07954071501344417 1.0
vehicle.car 0 0 0 0 0 0 0 4.205 1.754 1.968 0.4903509283733568 -44.11400359457968 -10.092253474528988 -3.11746340211735 1.0
vehicle.car 0 0 0 0 0 0 0 4.787 1.839 2.073 0.8532011946124496 -21.58258365943402 -0.14624073622992553 1.5946132990760438 1.0
vehicle.car 0 0 0 0 0 0 0 4.826 1.486 2.223 1.225556749400901 11.233320610919327 9.194881426542196 1.5657152507692889 1.0
vehicle.car 0 0 0 0 0 0 0 4.496 1.556 1.936 0.9302857260497601 2.893365730669032 -10.357418505132369 0.035006188332573185 1.0
vehicle.car 0 0 0 0 0 0 0 4.228 1.47 1.948 0.6339556632313775 -40.63791247547669 -11.079047379972263 0.035006188332573185 1.0
vehicle.truck 0 0 0 0 0 0 0 8.744 3.813 2.59 0.4293075591304844 -19.273798082613176 20.041540923627196 3.1308530301268434 1.0
vehicle.car 0 0 0 0 0 0 0 4.805 1.515 1.905 0.968528619545363 -6.209033987171142 -10.900909864544944 -0.027554544251332302 1.0
vehicle.car 0 0 0 0 0 0 0 5.209 1.817 2.16 0.6046960805153672 -17.824419641086756 -21.959328376898043 0.11317317669766869 1.0
vehicle.truck 0 0 0 0 0 0 0 10.675 3.888 2.99 -0.07775428475554946 -19.115249282906806 4.147004769194006 1.5214959190202677 1.0
vehicle.car 0 0 0 0 0 0 0 5.013 2.0 2.138 0.6389047724730121 -23.73368591642188 -19.932611856863403 0.03425752108226199 1.0
vehicle.car 0 0 0 0 0 0 0 4.618 1.526 1.887 0.8669045210548815 8.472571941848393 -11.377344422046088 -3.11746340211735 1.0
static_object.bicycle_rack 0 0 0 0 0 0 0 2.544 1.769 7.329 0.5981245035010637 -32.904917618143166 -11.914621831738087 3.134622638228068 1.0
vehicle.car 0 0 0 0 0 0 0 4.051 1.57 1.885 0.9154528729608498 27.180829406690282 -10.62614359222592 -3.0963291654327474 1.0
vehicle.car 0 0 0 0 0 0 0 4.605 1.754 1.883 0.8644909413101621 -9.9011310947268 -10.768917024252298 -3.0825596245959908 1.0
vehicle.car 0 0 0 0 0 0 0 4.385 1.466 1.71 0.9231426024847821 5.620406625857906 -10.927459671850086 -3.065107736813708 1.0
vehicle.truck 0 0 0 0 0 0 0 7.454 2.853 2.867 0.9252308527747058 -11.933026123539351 22.44988083561974 -3.123397044388943 1.0
vehicle.car 0 0 0 0 0 0 0 4.506 1.431 1.887 1.1134858820103182 13.717232475981834 -10.994969587452008 0.035006188332573185 1.0
vehicle.car 0 0 0 0 0 0 0 4.595 1.404 2.105 1.116295746110205 11.67360278568767 5.848558124806227 1.5878250379639214 1.0
vehicle.truck 0 0 0 0 0 0 0 10.871 3.865 2.562 0.31535084627409704 -8.466937182625179 20.229688089180026 -3.126154442907982 1.0
vehicle.car 0 0 0 0 0 0 0 5.405 2.0 2.389 0.6344985872988081 38.04392626546553 7.128695644619613 -3.113781054358471 1.0
vehicle.car 0 0 0 0 0 0 0 4.449 1.647 2.01 0.6794671825546142 39.81374800760187 -11.313500396701032 0.11841807333763255 1.0
vehicle.car 0 0 0 0 0 0 0 4.449 1.378 1.944 0.9026129327303191 29.680501397912963 -10.285307748700792 -3.095735800377284 1.0
vehicle.car 0 0 0 0 0 0 0 4.316 2.0 2.089 0.7699424220299736 25.02795791998261 11.964368399988757 0.02827674244754963 1.0
vehicle.car 0 0 0 0 0 0 0 4.832 1.898 1.994 0.7787489719279632 0.15943197225154265 -10.680712205557816 -3.047655849969784 1.0
vehicle.car 0 0 0 0 0 0 0 4.152 1.514 1.841 1.312182689658658 11.482073631874572 14.398214193244707 -1.5191884459041836 1.0
vehicle.car 0 0 0 0 0 0 0 4.574 1.758 1.915 0.8345017411279362 -47.33348844139848 -10.137392583771065 -3.0825596245959908 1.0
vehicle.car 0 0 0 0 0 0 0 5.69 2.142 2.526 1.1736280029094646 -2.2871087017657104 17.510995339060237 1.6087482607679444 1.0
vehicle.car 0 0 0 0 0 0 0 4.263 1.824 2.071 0.7272395864198348 11.274037226772496 -11.450337321687877 -3.11746340211735 1.0
vehicle.truck 0 0 0 0 0 0 0 10.555 4.179 2.912 0.42586670125099363 -15.344469371122374 21.440451584659616 -3.126154442907982 1.0
