vehicle.truck 0 0 0 1472.2522746653292 452.42094427041263 1680.2604538110459 575.0782004403811 4.621 1.86 2.14 -21.975659174959404 1.562170094042425 14.352205709554292 1.7148636459697268 1.0
vehicle.truck 0 0 0 1074.8647181403892 443.3343645448703 1284.9834558661655 551.8224388069384 5.452 2.196 2.09 -28.486388749887187 1.7130040840041376 9.61202981517779 1.6959770088832498 1.0
vehicle.car 0 0 0 975.3970018866593 473.41201236464633 1156.2520911365486 543.4674619193208 4.423 1.456 1.928 -29.916701713966074 2.0871723211089215 7.334202570821539 1.6839727293797644 1.0
vehicle.car 0 0 0 833.9002861440318 468.5670395521114 978.0161102585517 526.6363860868987 3.758 1.404 1.702 -33.65910859008482 2.082848942865451 3.9450739096494862 1.6839727293797644 1.0
vehicle.car 0 0 0 1429.8886830226797 450.75356684752717 1655.4976831489585 531.8420637535062 4.132 1.721 2.172 -30.368298931530774 1.6995592281210974 18.83817106187866 2.5341546755858673 1.0
vehicle.car 0 0 0 1207.9941748594815 484.4028335817367 1400.1868970653775 560.4844936484609 4.601 1.316 1.952 -26.28515072780802 2.111063101138939 11.447664089489844 1.6959770088832498 1.0
vehicle.car 0 0 0 551.4548371330969 460.201383729611 690.0888009383477 506.9340819952337 4.573 1.522 1.903 -44.56118579555388 2.2803667349629153 -4.892933802940226 1.6839727293797644 1.0
vehicle.truck 0 0 0 632.0290374668089 450.0075614883929 814.9453508576504 518.5961896995791 5.568 2.0 2.36 -40.28462643957901 2.064229535919712 -1.101738900799794 1.6839727293797644 1.0
vehicle.car 0 0 0 607.2309134740201 456.396042788564 749.22496429605 508.00660369617793 4.519 1.607 2.026 -42.68141461228 2.1319789837384793 -2.729345262154589 1.7002094642091166 1.0
vehicle.car 0 0 0 1321.7684275969139 474.2879309329404 1516.8513141218334 561.2928359427577 4.561 1.421 1.942 -24.288639977091393 1.8455792115007315 12.813690489899159 1.7021565582347709 1.0
vehicle.car 0 0 0 911.8173778766295 472.06199931499737 1050.6219898357097 533.4146834909621 3.294 1.386 1.705 -31.616622309925333 2.084272803437574 5.591921433854925 1.6839727293797644 1.0
vehicle.car 0 0 0 757.3361342792958 458.80327242326473 922.3219915360535 522.1141085778813 4.489 1.636 2.063 -35.82272797413497 2.0085104359590984 2.3225003528107218 2.633292056072582 1.0
vehicle.car 0 0 0 1161.3863702701171 455.2204070945192 1297.5169628446315 518.2064904669863 5.191 1.87 2.203 -41.038514984304484 2.17677736145705 15.394226486199848 1.7148636459697268 1.0
vehicle.car 0 0 0 475.56391899125884 462.0535673676546 597.882359837203 501.5729224242992 4.121 1.378 1.951 -47.69595998385479 2.382738056724728 -8.443591896990494 2.633292056072582 1.0
vehicle.car 0 0 0 696.378325094545 466.85053600807134 837.5361389710696 518.1734143907438 4.069 1.408 1.772 -38.00290693182735 2.2057189755435003 0.24923179703911663 2.633292056072582 1.0
