vehicle.car 0 0 0 -688.0866226045541 402.5275998295049 95.83619218534226 953.012358858613 4.499 1.522 1.903 -5.855477942628741 0.7388405408863248 -4.566858288767747 2.5035506476558975 1.0
vehicle.car 0 0 0 -67.2716897522855 450.88742401383547 39.085344771982335 529.6713102362176 3.898 1.583 1.914 -28.691813775927905 1.5860666822340632 -17.70396480330106 2.460021531568292 1.0
vehicle.car 0 0 0 834.404478138705 397.29508425602927 1510.7282735664241 686.8298085785239 5.103 1.741 2.02 -10.259318339526972 0.7714676881336915 2.9377351864254173 1.786431680018982 1.0
vehicle.truck 0 0 0 1505.1983520409285 402.9631235119576 2044.3957893397207 560.7961914589647 5.554 1.87 2.103 -17.822937579460152 0.7848324928643529 13.995958161899525 -1.8039255772332732 1.0
vehicle.truck 0 0 0 1118.4248955164471 397.7228422587831 1765.420780269765 624.0178687309484 5.827 1.886 2.039 -13.48489137218644 0.7995433879170176 6.83068051946823 1.7855621615078139 1.0
vehicle.car 0 0 0 185.13953070670237 456.6650749966274 283.99779596242655 522.1908593862362 3.776 1.419 1.724 -31.031563841069765 1.7109098181556426 -13.021217765067911 -1.8005586695623723 1.0
vehicle.truck 0 0 0 629.7422028341883 441.1163507175706 762.3048487691739 510.70216805812504 4.577 1.949 1.862 -38.8177851839263 1.726839146698878 -2.0423908032955933 2.4944123435630168 1.0
vehicle.truck 0 0 0 65.00192685907678 436.18978515824716 180.80842435818346 520.9591320102159 4.564 1.818 2.043 -30.140559199956957 1.3795945377868477 -15.344661526924362 2.448395484160038 1.0
vehicle.car 0 0 0 383.51372371295037 453.60127896579434 510.67314595304504 514.321505158316 4.268 1.459 1.783 -34.463936484816216 1.7541165089247805 -8.637783926587526 2.516806330466525 1.0
vehicle.car 0 0 0 291.8721022595366 440.82431157520546 414.70207920825817 517.6233196509774 4.121 1.814 1.961 -32.89347232764886 1.5403872921922868 -10.701587006575155 1.7746856533923037 1.0
vehicle.car 0 0 0 519.3082888830363 368.74666116322334 1110.8717101540751 714.2267561917449 4.687 1.88 1.964 -9.33822353215785 0.6947612244463623 0.08321710551093443 2.470215442296672 1.0
vehicle.car 0 0 0 1309.216955747334 414.4040090244094 1805.8704479017663 574.3220370543354 4.748 1.639 1.961 -15.415549254481885 0.8065333343331675 9.494812138247449 2.452210129848895 1.0
vehicle.car 0 0 0 371.98431920291273 441.1540720158566 454.3067695000707 493.8290763044501 4.616 1.805 2.201 -46.944421073099555 1.8033198039354317 -13.00929687720116 2.3668523624488493 1.0
vehicle.car 0 0 0 183.32640477260432 458.7302787530968 266.0831760111414 508.6753681719522 4.412 1.553 2.003 -44.3364143870981 2.268528366463502 -18.929817472480153 2.4473152293760627 1.0
vehicle.car 0 0 0 484.3467831793639 451.77607423891476 599.7441587112193 509.62328956439035 3.926 1.473 1.724 -35.93689099046174 1.744956756788843 -6.282448043270753 2.4822743647286902 1.0
vehicle.car 0 0 0 984.6379640019959 380.75217123867355 1480.8029888245437 603.7230266261305 4.372 1.824 1.822 -12.599050312631112 0.6270436165220747 4.491426269482779 2.4815690814563602 1.0
vehicle.car 0 0 0 569.0761735051004 457.12591664118304 685.4213485263832 508.8592142079222 3.685 1.34 1.712 -36.7928584956144 1.8592988726495858 -3.92893694054293 2.5068095102086865 1.0
