vehicle.truck 0 0 0 1218.8750972091866 411.8109194366627 1800.8820312221787 607.3783009532026 5.554 1.87 2.103 -14.916115347009038 0.9062029443520907 8.508050113340392 -1.7743788550187105 1.0
vehicle.car 0 0 0 88.10068348314142 371.7803344214331 814.3192806452947 896.3142906158039 5.103 1.741 2.02 -6.837239587208134 0.7444022776285456 -2.1002801512183367 1.758312695992979 1.0
vehicle.car 0 0 0 141.77945880983125 452.4825284760127 224.60480001745725 511.43076209392717 4.616 1.805 2.201 -42.88249629579402 2.1249586043851214 -19.73203962215042 2.410604026391918 1.0
vehicle.car 0 0 0 206.71335880345762 463.02912305967766 322.6468806813947 529.319170522516 3.926 1.473 1.724 -31.99843858997533 1.9309205155064932 -12.659959512559288 2.5071144415306854 1.0
vehicle.truck 0 0 0 657.7470748480952 377.7089904159657 1362.7653174352006 701.4116227418721 5.827 1.886 2.039 -10.294375172765358 0.7368355912054083 1.554821118012731 1.7629043760339993 1.0
vehicle.car 0 0 0 90.79283388724124 463.08355672712077 217.84696802423892 533.1554013565793 4.268 1.459 1.783 -30.43127804374096 1.8731391035277256 -14.721637744183903 2.534163203160288 1.0
vehicle.car 0 0 0 -31.62880690547587 452.24586470951544 92.2599178367504 542.6484462068943 4.121 1.814 1.961 -28.59272382344015 1.7283492505447065 -16.655566201363477 1.7560131961994028 1.0
vehicle.truck 0 0 0 392.82631744296725 441.56378621398176 525.1170231632675 518.3914976329526 4.577 1.949 1.862 -35.24501945906038 1.6696323402895046 -8.506635283705243 2.512887177533754 1.0
vehicle.car 0 0 0 932.5852526428234 423.86782228174417 1474.7388257716348 633.1368742339674 4.748 1.639 1.961 -12.384662089860987 0.8978151012396459 4.085645331893912 2.493040412368444 1.0
vehicle.car 0 0 0 409.33998523270003 365.62779865580603 952.2770497693002 694.4769153920116 4.372 1.824 1.822 -9.262895910500362 0.6436832735165474 -0.8331751502482798 2.5148165892127405 1.0
vehicle.car 0 0 0 313.44106931598964 465.2890328500292 429.980422743853 523.5327710568524 3.685 1.34 1.712 -33.12921207091736 1.9624788347467321 -10.27835366622671 2.517204460583251 1.0
