vehicle.car 0 0 0 1071.890549427067 433.15204424049716 1201.817557558149 476.8129326331577 4.351 1.398 1.923 -47.03307934534788 1.3501496206133068 14.04630142151369 1.776439092362824 1.0
vehicle.car 0 0 0 35.977160990411704 392.21903040891465 218.71432888803534 461.925660088108 3.865 1.646 1.732 -31.896560910475973 0.23708190599280843 -16.026050397615055 2.6744267907555113 1.0
movable_object.barrier 0 0 0 1286.0025976444645 441.47891370035313 1436.4447040278226 513.1846314500651 0.796 1.087 2.712 -22.23924098846722 1.011671398752544 10.570340974931732 1.6005434382866062 1.0
vehicle.car 0 0 0 987.7425536390144 423.92751409750826 1119.0379706598517 479.56704990725683 4.056 1.707 2.045 -43.47781690569776 1.1308160231947548 10.096929350125945 1.784645574575027 1.0
vehicle.car 0 0 0 929.9230085844483 426.43262485489925 1075.3894927818621 480.3426294490455 4.701 1.546 1.962 -41.91963209937888 1.1383431764529437 8.017332165255558 1.784645574575027 1.0
vehicle.car 0 0 0 687.7214910136934 394.76403715779304 955.108258516917 511.39067292414785 4.742 1.703 2.038 -21.402978584752958 0.5104146228785346 0.9002434140601167 1.78228134042479 1.0
vehicle.car 0 0 0 82.74588876033023 382.24621182934663 318.6146496455013 469.1206447636236 4.114 1.652 1.777 -25.90953245101843 0.1669705201576073 -11.484989219958278 2.6744267907555113 1.0
vehicle.car 0 0 0 32.208940160893086 390.4829095685464 269.92659495952154 464.1852365338284 4.383 1.482 1.982 -27.664313591493396 0.21535185304135993 -13.358160700539223 2.6744267907555113 1.0
vehicle.car 0 0 0 867.0040894615803 417.78224428538016 1003.7748847323247 477.2982387468983 4.324 1.719 1.964 -40.93290814473868 0.9222041378126218 5.648639962094819 1.784645574575027 1.0
vehicle.car 0 0 0 1023.0515033639012 422.42936372017937 1161.8381277860317 477.0231246515411 4.599 1.743 2.001 -45.60802971898185 1.1104512447176547 11.998066022203583 1.776439092362824 1.0
vehicle.car 0 0 0 58.669130135994095 369.53757725636245 341.0932548678476 466.824986193815 4.404 1.633 1.924 -23.155766749169317 0.022191939985664114 -10.26263754304908 2.6768131545307234 1.0
vehicle.car 0 0 0 78.3680137011455 353.83716738912483 402.0702865045252 475.28962222132185 4.435 1.754 1.833 -20.24018834001816 -0.031865177910631884 -8.285430075913608 2.6459606865280936 1.0
vehicle.car 0 0 0 1122.1453495038863 431.7050564783746 1248.4106097065267 477.0071660989107 4.247 1.514 1.902 -48.36541141662479 1.3648392212143747 16.313563088697585 1.776439092362824 1.0
vehicle.car 0 0 0 445.2341850458795 365.2712864903499 713.6463304071524 505.2880490119062 4.683 1.841 2.112 -19.036593273939108 0.18769178417857574 -2.8774812357978408 1.78228134042479 1.0
