human.pedestrian.adult 0 0 0 585.5751394605585 388.939214794418 632.6682387813192 482.06200420510595 0.592 1.862 0.875 -26.026349765877363 -0.9089735184354268 -4.450952638529549 2.2265012470263414 1.0
human.pedestrian.adult 0 0 0 631.9056551024192 393.8205283999369 659.3196051227912 480.41467305924306 0.604 1.737 0.495 -26.000854247614853 -0.8740612284540054 -3.6941355466527463 2.1789066391760175 1.0
human.pedestrian.adult 0 0 0 554.6353554846623 391.07624739105324 589.3090941939387 481.80223457261604 0.568 1.798 0.62 -25.711374329513667 -0.8781430393692833 -5.139656461698963 2.2093764548859403 1.0
human.pedestrian.adult 0 0 0 1076.1471301864308 373.77410610169443 1209.145777911436 591.1315554262518 0.775 1.655 0.667 -10.18636062283345 -0.00026856776486720857 2.5278343807797925 2.5468743842081842 1.0
human.pedestrian.adult 0 0 0 1511.3812927989281 421.31648442904907 1592.001623148267 564.2581334850378 0.772 1.65 0.682 -15.284656967950127 0.13498568913303838 8.709138584858488 -2.589722657634285 1.0
human.pedestrian.adult 0 0 0 1182.6540641772976 395.69369558999176 1203.1787874409706 438.52055713605523 0.597 1.746 0.602 -52.60055192369278 -2.58779978633755 15.138764460952906 -3.0337235468474013 1.0
human.pedestrian.adult 0 0 0 1587.716985954687 420.2502494133898 1670.4578883676552 563.8720875620303 0.602 1.64 0.731 -15.050718059868005 0.1272163188434649 9.48890407792075 -2.578312902314952 1.0
human.pedestrian.adult 0 0 0 620.8678926479903 388.6660848559009 660.7345131110111 481.71337652546686 0.675 1.8 0.655 -25.16725637755815 -0.8849495687502572 -3.6778249647344277 2.261153435082397 1.0
human.pedestrian.adult 0 0 0 -128.35594091747316 310.45926723914835 70.593503292348 625.2696834749584 0.929 1.862 0.666 -8.059422492297212 -0.0944076429005877 -5.403097470106695 -2.735542803417676 1.0
human.pedestrian.adult 0 0 0 658.0941873854779 392.16660915713044 692.5202809815368 479.74694521001913 0.601 1.8 0.608 -26.666652563386734 -0.9209083355384942 -3.173064580974278 2.2380573396457004 1.0
