human.pedestrian.adult 0 0 0 1105.0236650360107 434.1952839114672 1225.1519745936955 626.3044260343553 0.902 1.807 0.709 -12.523334162796605 0.4689282285089296 3.3302399876386577 -2.681132282796403 1.0
human.pedestrian.adult 0 0 0 1264.5111334305361 445.73649974811445 1374.8104097155513 635.2804753806246 0.743 1.777 0.688 -12.430770905637097 0.5660183343261834 4.813776153283593 -2.5705441364199135 1.0
vehicle.truck 0 0 0 409.18898360457706 433.25085611939966 503.1714579375583 488.7835033028692 4.92 2.0 1.832 -48.51707385679743 -0.7113612001253158 -14.175980212769195 -2.505525264022973 1.0
vehicle.car 0 0 0 929.0617762603817 461.62452759645345 2005.270262827371 1198.581348412967 3.567 1.554 1.583 -4.294969440726955 0.7479434662439434 2.27051667577428 -1.6567148962961022 1.0
movable_object.barrier 0 0 0 644.0780879606442 493.8704322512993 824.86440322989 603.9636096423932 0.504 1.108 2.26 -14.34969607560354 0.7414866990763378 -1.0744370769791542 -1.7778818924764863 1.0
movable_object.barrier 0 0 0 391.4373296952599 468.4320656157296 520.0573310913217 577.6736899410348 0.314 1.107 2.111 -14.006700032160177 0.43651826795450566 -4.032424563463968 -2.976521870618945 1.0
movable_object.barrier 0 0 0 119.56207372811396 586.3033225922512 761.9316159625271 974.1597823436707 0.544 1.047 2.089 -4.512770483106545 0.955065296572198 -1.3003420799509877 -2.4080686390240107 1.0
vehicle.construction 0 0 0 104.9010677851453 217.12491800637792 987.9540074017107 758.8708863636716 5.223 2.488 2.93 -8.78813407593062 0.025662461726101433 -1.5660515448451962 -1.7649128707107753 1.0
movable_object.barrier 0 0 0 692.1716957879459 574.8825386584282 1138.7314156443056 885.0459724540297 0.521 1.064 2.03 -5.5657862928781 1.000442561324143 0.4472573044087569 -2.46941595429546 1.0
movable_object.barrier 0 0 0 202.19751239482963 473.6740752466154 394.1020454875367 613.1799386357471 0.333 1.09 2.141 -11.066213599213365 0.4955965160407344 -4.520164553887899 -2.987243640380111 1.0
vehicle.car 0 0 0 -53.42924922684651 438.476569760187 310.9867809284306 575.1309178210166 4.257 1.703 1.842 -17.861719874575527 0.3401265317834363 -9.719932774252067 -1.681064840466819 1.0
movable_object.barrier 0 0 0 796.0601639238541 509.5689135514345 1017.0208200998247 627.485195242493 0.413 1.072 2.27 -13.049940235451542 0.8779190013349174 0.7899550445691539 -1.8579221771398453 1.0
movable_object.barrier 0 0 0 1024.060130906244 517.6078374365197 1256.7074233850853 640.11544616652 0.349 0.996 2.084 -11.85088474399036 0.8891690638963216 2.8840052742649145 -1.8179722258780515 1.0
human.pedestrian.adult 0 0 0 601.3550687345681 419.8902418211337 653.2170004914153 545.2711435790633 0.528 1.725 0.606 -17.89666868745792 0.03766875089121311 -2.8062761533852734 -1.6396059240947647 1.0
movable_object.barrier 0 0 0 -1025.4454972698286 626.5772150865841 119.7863749377445 1192.2530864873695 0.575 1.026 2.109 -3.4806872204066086 0.9998219140111674 -3.157054762099364 -2.446464083345205 1.0
vehicle.truck 0 0 0 719.5329390096365 396.78405502674036 924.73191920561 499.6080899932516 8.339 3.161 2.703 -43.32377672385666 -1.0218274153712983 -0.36862979285951014 -1.788553309478087 1.0
