vehicle.car 0 0 0 1117.8916033804517 445.5522164320734 1285.7106433852696 516.4810601312255 4.607 1.98 1.882 -37.948812381416374 0.004902153088061634 11.097725056091901 -1.789240450679559 1.0
movable_object.barrier 0 0 0 993.2589323307913 557.4912365173832 1369.066724343981 780.8845413361009 0.604 0.963 2.111 -6.765259081970536 0.9381012261773009 1.9236395370546795 -1.8232409908369078 1.0
movable_object.debris 0 0 0 1427.833751584597 476.07186975071073 1486.1464148019354 533.597379447375 0.617 1.2 1.216 -27.34402791505086 0.5305679816969626 13.547246204921942 -1.7746790849866807 1.0
movable_object.debris 0 0 0 1465.5577047092859 476.13701468280885 1520.2753559385212 532.3261345513746 0.608 1.213 1.169 -28.254291784744165 0.5356066038665579 14.795400161698637 -1.7746790849866807 1.0
movable_object.barrier 0 0 0 939.7595191650344 486.46865852175233 1072.8020290674676 547.5796709547019 0.588 0.913 1.986 -19.8310161684954 0.5765738305822499 2.801657018749446 -2.3065395814035607 1.0
vehicle.car 0 0 0 1422.7430767803148 469.1489901889436 1645.2906290825965 536.5593305713936 4.173 1.421 1.771 -29.79794886865552 0.4932922136353732 16.460186724495927 -1.7819129048679052 1.0
movable_object.barrier 0 0 0 1170.4489123670544 495.46959076802835 1326.4246440344243 569.4824960611955 0.611 0.9 2.076 -17.446563255034572 0.6932033571579258 5.7402389653724954 -1.6682986173873147 1.0
movable_object.barrier 0 0 0 1019.2619988929131 506.3244278657699 1288.6873806750575 615.9877285286095 0.569 0.854 2.324 -11.688543566879167 0.7099685925606084 2.9634339312193156 -1.8103534075358345 1.0
movable_object.barrier 0 0 0 1250.5028144849682 525.9147168705373 1517.18480972644 649.850814959529 0.58 0.789 1.942 -10.07240396545717 0.8082215443746484 4.33846416585967 -1.6549635971944623 1.0
movable_object.barrier 0 0 0 1379.052545674653 539.3261555817876 1554.8818864015473 742.575993184795 0.587 0.999 2.137 -7.919314864004675 0.9212586356246399 4.0313030726071215 -1.6753693208061469 1.0
vehicle.construction 0 0 0 86.66731013980257 221.62171106634256 632.4558209981798 742.2665789409713 2.051 2.341 2.158 -7.196098381096811 -0.004606053446579536 -2.616659735380183 -1.7727229704563925 1.0
movable_object.barrier 0 0 0 1176.7196923293886 498.02393305487396 1326.0609675954313 577.6006186455597 0.619 0.901 1.985 -15.489691269840431 0.6815917794613288 5.187103172979715 -1.796703528229382 1.0
movable_object.barrier 0 0 0 1005.1659655288994 489.3969935900254 1188.2609375958402 581.7524207650004 0.577 0.968 1.967 -14.626534492625293 0.6179888871027756 3.095005409960285 -2.3379985795537905 1.0
movable_object.barrier 0 0 0 1070.0686799597668 491.8560191311044 1198.8869146375187 558.9865494887899 0.597 0.91 1.989 -19.14695805975178 0.6618114881199146 4.59834314759877 -1.6682986173873147 1.0
