movable_object.barrier 0 0 0 1005.1052109909616 489.31896930666545 1188.1887949732904 581.6742062815048 0.577 0.968 1.967 -14.6278463995245 0.617148841738532 3.0945161237152563 -2.3380103200171583 1.0
movable_object.barrier 0 0 0 939.7291829116451 486.38766655133765 1072.767440151913 547.495012553052 0.588 0.913 1.986 -19.832334589718027 0.5753768077514958 2.8013339699046664 -2.306585417780946 1.0
vehicle.construction 0 0 0 86.6957314306496 221.5568872573479 632.3833184216046 742.0698686961911 2.051 2.341 2.158 -7.19754943057822 -0.005284137258546262 -2.617347682427681 -1.7727875912931168 1.0
movable_object.barrier 0 0 0 1019.177148149807 506.2448459399397 1288.57069501735 615.9060059941152 0.569 0.854 2.324 -11.689865639237542 0.7093132105406558 2.9628469120227883 -1.8104167574463128 1.0
movable_object.debris 0 0 0 1427.8052100420666 476.02018070388874 1486.122212222523 533.5450067802957 0.617 1.2 1.216 -27.345004971568347 0.5294891050406253 13.547162325708971 -1.77472282066232 1.0
movable_object.barrier 0 0 0 1249.8597973208277 525.8141680282729 1516.2690713415723 649.6615352055393 0.58 0.789 1.942 -10.078899319826704 0.8076607464456946 4.335204110388118 -1.6550315340516004 1.0
vehicle.car 0 0 0 1422.7238580775893 469.097525560306 1645.2682021078456 536.5158267998969 4.173 1.421 1.771 -29.798831764003523 0.4922180772664538 16.46018222663935 -1.7819560838992974 1.0
movable_object.barrier 0 0 0 1070.0297521634607 491.78210024490204 1198.838681648747 558.9130325631081 0.597 0.91 1.989 -19.148225486348935 0.6607610992663733 4.597993719954752 -1.668366276937662 1.0
movable_object.barrier 0 0 0 1176.6476982467777 497.9606689322049 1325.9884708644456 577.5258578725941 0.619 0.901 1.985 -15.490941461873556 0.6808139447707425 5.1866374557618204 -1.7967455896456546 1.0
movable_object.barrier 0 0 0 1170.3984798355325 495.26042823077825 1326.3618300946307 569.2595911153521 0.611 0.9 2.076 -17.447778266469967 0.6903292564702922 5.739865418739483 -1.668366276937662 1.0
movable_object.barrier 0 0 0 993.0676510149498 557.4102837937944 1368.835605491263 780.7309366108253 0.604 0.963 2.111 -6.766628825164025 0.9377088215964953 1.9228845485687986 -1.823281110821254 1.0
movable_object.debris 0 0 0 1465.6315141125158 476.0890440975036 1520.3550359481894 532.2798472539264 0.608 1.213 1.169 -28.254159389608212 0.5345752662477787 14.797033669136962 -1.77472282066232 1.0
movable_object.barrier 0 0 0 1379.192237587898 539.2743430752879 1555.0184690259755 742.5158161795823 0.587 0.999 2.137 -7.9195466613949375 0.9209465758567551 4.032274386891396 -1.6754215706349145 1.0
vehicle.car 0 0 0 1117.8918215560273 445.491460696585 1285.7095504143804 516.418219403328 4.607 1.98 1.882 -37.94983215964727 0.0029908653454547712 11.098004937017963 -1.7892830726641646 1.0
