movable_object.barrier 0 0 0 1176.0793118567199 498.4333395460649 1325.3593552347832 577.9675546617132 0.619 0.901 1.985 -15.497956238101528 0.6867053387937246 5.1816907899709355 -1.7964590559772864 1.0
movable_object.barrier 0 0 0 1069.6247192262922 492.2671131084296 1198.3477553177277 559.3684048554223 0.597 0.91 1.989 -19.155236733621994 0.6680816580988421 4.592978181303944 -1.6680037763523465 1.0
movable_object.barrier 0 0 0 1018.5585134553597 506.73177219669606 1287.727092811753 616.313650392062 0.569 0.854 2.324 -11.696828635754217 0.713889868937227 2.957972293399275 -1.8100942101635322 1.0
movable_object.barrier 0 0 0 1381.0039134814158 539.8317027065631 1556.5832367236997 743.2279342561832 0.587 0.999 2.137 -7.915660849708424 0.9243244025496726 4.040768433414355 -1.6750889439944112 1.0
movable_object.barrier 0 0 0 1004.6027564817919 489.64614399143454 1187.5773695874138 581.9334459772014 0.577 0.968 1.967 -14.634828987836954 0.6208375315785972 3.0896126886986357 -2.337876994565045 1.0
vehicle.car 0 0 0 1117.6662877526246 445.9694517714563 1285.4229080569778 516.881582695231 4.607 1.98 1.882 -37.95721311816103 0.017085411988000045 11.092601933705518 -1.788993903699355 1.0
movable_object.barrier 0 0 0 1243.8503713487567 525.9826634734975 1507.8579511160758 649.0387540690641 0.58 0.789 1.942 -10.132348510359344 0.8106844083699936 4.301831197592803 -1.6546653071919657 1.0
movable_object.barrier 0 0 0 991.9714826060224 557.8455904349843 1367.4233696024983 780.9295545763882 0.604 0.963 2.111 -6.773485876341612 0.9404718561889933 1.9181147664314593 -1.823003776565609 1.0
movable_object.debris 0 0 0 1427.4109753127677 476.4838338955826 1485.70141392657 533.9921761066248 0.617 1.2 1.216 -27.35223143143243 0.5393948806116472 13.54198721232891 -1.7744284454447552 1.0
movable_object.barrier 0 0 0 939.3684925562328 486.8824908095058 1072.3542941382136 547.967881007527 0.588 0.913 1.986 -19.839345042856074 0.5830661849806353 2.796300639125782 -2.306384815988684 1.0
vehicle.construction 0 0 0 86.53653611821882 222.48216858282495 631.7319329095327 742.3478670908049 2.051 2.341 2.158 -7.204681704100684 -0.0020836237942185414 -2.622182175980654 -1.7724545910720115 1.0
movable_object.barrier 0 0 0 1169.9469108619946 494.2667710717439 1325.7981041168775 568.0763831499468 0.611 0.9 2.076 -17.45461308370898 0.6759364518820602 5.735209551723801 -1.6680037763523465 1.0
movable_object.debris 0 0 0 1466.0145749033118 476.5610857773797 1520.7330498895844 532.7641065061275 0.608 1.213 1.169 -28.247775349914324 0.5450334843081774 14.802142479039537 -1.7744284454447552 1.0
vehicle.car 0 0 0 1422.3754440982564 469.56137340157767 1644.8181868119052 536.9530541194742 4.173 1.421 1.771 -29.80612621240195 0.502883698164489 16.454959463739375 -1.781664305905549 1.0
