vehicle.car 0 0 0 217.14615684342178 435.53102975778967 680.108557486711 719.9321283949571 4.715 1.646 2.08 -9.890834606167736 0.5425094654403044 -3.1843753171882563 2.4801987070474585 1.0
vehicle.car 0 0 0 -39.801892619345935 448.3418605347481 169.106043436759 588.8959583774539 4.66 1.732 2.101 -18.173212417223354 0.45405498367028774 -10.983739560483297 2.5034091346514034 1.0
vehicle.car 0 0 0 308.57948781007093 456.32658317443685 544.9335342312675 563.2632774738561 4.885 1.601 2.211 -21.64569833542525 0.4230713725949749 -6.914911773056788 2.526639888822613 1.0
vehicle.car 0 0 0 1035.314284627031 458.0330684010982 1303.3843550074805 558.3705817661728 4.586 1.767 2.364 -24.95313427640182 0.47674177469691675 6.598649637033264 2.4995635822699978 1.0
human.pedestrian.adult 0 0 0 1227.0150047903273 417.112839177105 1269.2386186617475 488.8879863187083 0.794 2.0 0.784 -36.005347270895875 -0.74869836533653 11.923203927068451 2.4317427506390725 1.0
vehicle.car 0 0 0 433.26824882690545 433.5204765825789 1725.9963219990973 1239.9408317830869 4.841 1.587 2.122 -5.066558861816534 0.676592783837697 0.3528616279699996 -1.7726920936853379 1.0
vehicle.car 0 0 0 815.0268546084128 460.034194460636 1834.90664193717 874.2278484746383 5.083 1.518 2.133 -7.325708679577594 0.6591713262951922 2.315315855137444 2.511237190367696 1.0
vehicle.car 0 0 0 732.4131027228404 433.8090311020431 989.122726736682 553.7900250313115 5.012 2.033 2.196 -24.215245892898615 0.21105208138431675 0.516329790103241 -1.7706783451168588 1.0
vehicle.car 0 0 0 588.15807232627 414.44217653554773 826.1640450750261 559.0815427736661 4.672 2.18 1.973 -21.658947876468424 0.08132668840472904 -2.160398020790412 -1.7900962313397502 1.0
vehicle.car 0 0 0 1137.107786826507 461.1957059365108 1368.8037835611199 539.8095471694397 4.236 1.489 1.896 -26.375276078062335 0.37061252022240865 8.728099396317191 2.4879995767495897 1.0
vehicle.car 0 0 0 496.6187756395566 426.1526249583693 1011.4167089311877 656.6635854653252 5.085 1.621 2.252 -11.653450756124355 0.4064398762659815 -0.9401092066714917 2.507176610495283 1.0
vehicle.car 0 0 0 142.3029816951478 437.6109183247444 386.36754728423585 562.6993648924603 4.657 1.648 2.34 -19.321023808974715 0.24384852868776064 -8.645692671464715 -1.7704281100058878 1.0
vehicle.bicycle 0 0 0 944.9754537504922 480.73506614768263 1008.0103579344889 532.0137256694658 1.628 1.07 0.421 -27.828310328791495 0.5665249619327931 3.2631704140347564 2.4584721766903073 1.0
