movable_object.barrier 0 0 0 814.6673286403957 469.94307604357675 922.8609585050707 641.5300440552784 2.121 1.09 0.422 -9.406773231923253 0.489742876937104 0.2686580144389885 2.174329284962594 1.0
movable_object.barrier 0 0 0 842.7059312074769 499.9649340983262 984.2607097557379 786.2892737542833 2.75 1.107 0.579 -6.78838776596101 0.7213392632835337 0.4781661657574142 2.050684752819544 1.0
movable_object.trafficcone 0 0 0 313.6882133630246 436.1857575303843 337.90194327951014 475.6081381005529 0.442 0.708 0.351 -23.315988484097254 -0.43716644212035943 -9.173261450528349 -1.9696605119028678 1.0
movable_object.barrier 0 0 0 759.7240981982594 458.90459656827414 838.6689987333674 568.0807918692599 1.976 1.069 0.48 -13.629445307716837 0.3183141516924544 -0.3218466277733885 2.2108707067169044 1.0
vehicle.truck 0 0 0 321.92436917951846 308.3838593924805 470.1546651892469 462.47494156625004 7.385 2.858 2.325 -27.49311436690363 -1.8422162142514322 -9.075345685588898 -1.9887277709328766 1.0
movable_object.trafficcone 0 0 0 464.26004591983866 422.93873173155185 487.525760906021 464.5264284793088 0.485 0.778 0.403 -24.283753332167617 -0.6852857972473024 -6.693830672214325 -1.9696605119028678 1.0
movable_object.trafficcone 0 0 0 575.5876272790965 416.333992111929 594.7881503476268 455.1120488390381 0.355 0.808 0.337 -26.92490832252241 -0.9296074635883831 -5.108804729120459 -1.9515849101513814 1.0
movable_object.trafficcone 0 0 0 598.1777133311889 410.7790408773005 621.7802124823071 450.74576041154194 0.469 0.821 0.414 -26.689013791707943 -1.02465615479912 -4.544768811265105 -1.963281761779255 1.0
movable_object.barrier 0 0 0 1241.1822275577952 486.8460174717137 1523.2131657825555 685.3962434768794 2.08 1.063 0.495 -8.022512226459332 0.6135835320415606 3.538803112274271 1.656205420716164 1.0
movable_object.barrier 0 0 0 679.6280367133982 431.75804754771923 736.111665865131 503.8948795632928 1.341 1.033 0.418 -19.0196961373148 -0.18252023762792255 -1.7862533023324012 2.3411843815992297 1.0
movable_object.barrier 0 0 0 717.0172859693924 442.9418782788653 806.4657935376099 540.6756281056925 1.934 1.117 0.548 -15.669135627165579 0.12325168124295657 -0.8271861506380082 2.296115839295215 1.0
movable_object.barrier 0 0 0 640.5872020488421 430.42765367412335 711.8378277507062 499.0388587925302 1.519 1.057 0.433 -20.41253114229886 -0.24098990212349453 -2.425945374523609 2.474795437111994 1.0
movable_object.barrier 0 0 0 711.9769570258107 438.33953112181894 771.7870653651875 519.5628463991748 1.54 1.062 0.392 -17.528068384587193 -0.022991953902906065 -1.182284450499211 2.298673605953285 1.0
movable_object.barrier 0 0 0 794.7334148393264 470.83435053414956 889.9873598520041 595.3140090839246 2.106 0.984 0.57 -11.537992291604732 0.43121156974291 0.10531663655708101 2.1637572520196695 1.0
movable_object.barrier 0 0 0 958.0043186212545 499.9338500320365 1302.7824414921065 727.208466758793 1.993 1.026 0.472 -6.890047728262004 0.664710616543567 1.682338681817047 1.6472621442450714 1.0
