movable_object.barrier 0 0 0 -1062.123909210739 475.14079068638614 84.63582719808964 1000.1218396497353 2.206 1.088 0.581 -3.788532226756375 0.5955062835497339 -3.5400065285749998 1.6961430468805139 1.0
movable_object.barrier 0 0 0 1083.6658035994303 452.19531619177707 1197.6058411789213 510.15573624512035 2.018 1.049 0.494 -24.144687775307837 0.027767805536556618 5.946954855543831 2.773901876570319 1.0
movable_object.barrier 0 0 0 891.958416112065 466.32490314724646 1233.2909229508111 721.9350164579968 1.891 1.157 0.651 -7.029427518323029 0.5562891286093795 1.3387611153961714 1.6874541444179156 1.0
movable_object.barrier 0 0 0 1333.0015212379778 471.2309397130873 1540.2261311818102 647.7614801001075 1.686 1.11 0.569 -9.371600271975355 0.5409954081402177 4.512115475401187 1.6889564413395979 1.0
movable_object.barrier 0 0 0 1532.2331812634927 463.9123991797014 1695.4710445418161 543.8523820439797 1.895 0.989 0.512 -17.534524428399582 0.30348567746461674 10.803799220179066 2.413825437351962 1.0
movable_object.barrier 0 0 0 1401.0490878308963 458.22532251924423 1556.9854675509912 532.1215098676396 2.128 1.017 0.503 -19.270774357978876 0.2043860817315956 9.834382151956552 2.4470300430243253 1.0
human.pedestrian.construction_worker 0 0 0 1329.027015478455 388.12053308947236 1432.7106989582983 579.0898954959384 0.641 1.638 0.574 -11.381295555236672 0.016922259629727696 4.955887042142059 1.6897673035647731 1.0
human.pedestrian.construction_worker 0 0 0 1519.8012649096263 394.2859947129489 1631.6351255093023 621.5602878150013 0.48 2.0 0.739 -11.658445217076508 0.23528540026504405 6.85700003293292 1.6897673035647731 1.0
movable_object.barrier 0 0 0 1183.2891937864688 454.65921775572343 1294.9068497628537 515.3479123699433 2.019 1.016 0.499 -22.985646936602905 0.07224369947422472 7.420926099860477 2.4625605987819528 1.0
movable_object.barrier 0 0 0 535.0407739790235 469.2104026072436 966.6285052141918 774.0721505355941 1.979 1.159 0.521 -6.0032507182284585 0.5844970851171 -0.30266737410230277 1.6832847684541026 1.0
movable_object.barrier 0 0 0 1496.9186229088025 470.92974840037164 1697.570099783341 627.056081119386 2.058 1.093 0.555 -10.606745729413436 0.5311227978651765 6.4490264776252175 1.6847668368332966 1.0
movable_object.barrier 0 0 0 68.32495283589805 472.35739630070685 626.7265739519925 854.0350818632282 1.937 1.179 0.537 -5.025688468028348 0.6159580147820055 -1.8186724060492006 1.6903751869209183 1.0
movable_object.barrier 0 0 0 1140.288053593074 473.00538508187606 1428.0937546068485 683.8379996927389 1.985 1.095 0.63 -8.08661622361034 0.5628924497592539 2.941609342011149 1.6889564413395979 1.0
