vehicle.car 0 0 0 -927.6625421297923 432.82427723938963 86.28245872890145 735.0034154037409 4.981 1.752 1.896 -9.373022270409834 0.6288735787212456 -8.389821236884341 1.6095644328338201 1.0
vehicle.car 0 0 0 -1010.1862786809451 463.0491010462753 201.47994236729966 807.2328492167792 4.885 1.548 1.792 -7.651923709608156 0.723338321807395 -6.503061009319634 1.6095644328338201 1.0
vehicle.car 0 0 0 518.1758235899681 495.74404469768785 793.7209897171757 604.7257436096401 4.226 1.574 1.796 -20.31584855096501 1.0563999724690523 -2.772473448448915 1.641061046586593 1.0
vehicle.car 0 0 0 81.30531709016496 500.22017347616026 261.429052388351 574.1532701765625 4.039 1.518 1.696 -27.98309334970615 1.2189855949128834 -14.432584944980617 -2.740840447485681 1.0
vehicle.car 0 0 0 -1938.6939395525562 484.16052396006916 50.40026373755164 1037.368234384653 4.434 1.499 1.847 -5.255983667300745 0.7849554137333208 -5.900481846345272 1.6034030998992908 1.0
vehicle.car 0 0 0 271.48693268436415 465.40824302111787 510.20911986740435 579.6374988639469 4.55 2.0 1.914 -24.331259681501308 0.7892146330179297 -8.370945333449939 -2.7310893911282257 1.0
human.pedestrian.adult 0 0 0 1529.4017192567376 467.9144889877705 1640.1612238456503 645.2738330954436 0.72 1.794 0.653 -13.257039350645146 0.782543679582573 7.885149663874342 3.0592885514727364 1.0
vehicle.car 0 0 0 -51.0505622066492 504.235631960331 111.36706072216907 568.3173804798041 4.137 1.496 1.806 -31.743656945059126 1.3679002270081102 -19.887486124438816 -2.740840447485681 1.0
vehicle.car 0 0 0 1058.9957572008175 472.3095127062044 1455.5325672954405 640.0104808671553 4.166 1.768 1.92 -15.388725355045908 0.8438186323892335 5.147679087082562 -2.7183312960798824 1.0
vehicle.car 0 0 0 1565.9252790568387 471.78238827703564 2203.0494181852036 694.8452413180846 4.33 1.681 1.823 -10.894663695410317 0.793795046084063 8.927316958652627 1.5619118372311789 1.0
