vehicle.bus.rigid 0 0 0 607.6653151752473 371.6633187864947 725.8704217494444 522.4998264594128 11.571 3.86 2.996 -38.639778719155274 -0.8317028217032245 -5.013415399960871 -2.190955975538241 1.0
vehicle.car 0 0 0 259.8943169452689 465.0128123070452 528.2682311276551 576.1826502860962 4.481 1.943 2.092 -23.707813178409324 0.7363714966503414 -7.903169372550002 2.9946336461277365 1.0
vehicle.car 0 0 0 1037.1663155706306 458.59274321227963 1281.2270374681866 546.8859633019074 4.436 1.657 2.035 -25.691106437807683 0.4508520833034973 6.708332552708292 2.848990311892992 1.0
vehicle.car 0 0 0 128.1108150373046 431.9012764697082 556.6244883828706 594.6787097824882 4.8 1.86 2.085 -16.28589269980322 0.4056982604838271 -6.021117933260783 2.90848916083589 1.0
vehicle.car 0 0 0 393.7079768779779 464.3759260695852 571.3247763987395 528.8150391959196 4.313 1.612 1.945 -33.4939349703054 0.4390783109085125 -8.965839140581412 1.576173647794958 1.0
vehicle.car 0 0 0 820.2307439924639 466.9029444137285 925.5905467244265 508.4432520979426 4.255 1.702 2.09 -54.356371484193815 0.33654118137277256 2.0061274489157275 2.608177951300231 1.0
vehicle.car 0 0 0 72.39641493937877 451.9022118747872 324.2846146028844 529.3056715555318 4.549 1.631 2.315 -28.670611718217224 0.24212552099411402 -14.018188634075512 3.0644523370355294 1.0
vehicle.car 0 0 0 477.10365480444716 464.24448200721974 596.2328132059364 514.4140658526501 3.803 1.639 1.896 -43.39946025563995 0.3249848076728866 -9.831451348279975 3.0335338798323175 1.0
vehicle.car 0 0 0 1210.678918566085 469.41237667173374 1497.8530904788568 567.991044597073 4.554 1.542 1.844 -21.65058885859857 0.629547491359782 8.98257146787125 2.848990311892992 1.0
vehicle.truck 0 0 0 718.2937646396285 452.47726586737446 798.53142137794 510.99132226169036 5.383 2.019 1.751 -46.864078509027244 0.07103380580774515 -2.585318707557274 -2.270480463960581 1.0
vehicle.car 0 0 0 216.78481155105743 450.1941552447573 551.2073313210981 584.4250143542449 4.485 1.863 1.928 -19.0448279227986 0.5438044559433378 -6.442099065962983 1.5798251046521035 1.0
