vehicle.motorcycle 0 0 0 1443.294006820452 513.8098394764296 1744.6592923401815 697.4060706972805 2.622 1.233 0.758 -9.86539786307295 0.907145922535293 5.982152351559484 1.640345392465699 1.0
vehicle.car 0 0 0 -217.83265137269112 428.27160128125297 171.69233697049725 729.1685821182389 3.723 1.602 1.796 -8.83697979716149 0.5094082007522751 -5.58504380768227 2.387631937213432 1.0
vehicle.motorcycle 0 0 0 1505.9555183335608 522.5423620481513 2006.6817329783314 949.2125146550628 2.063 1.323 0.688 -4.881970895676749 0.8528945382281146 3.5984750563013583 -2.8024356395590253 1.0
vehicle.car 0 0 0 1407.6349736051395 474.35946405638083 1842.4001587267182 612.0823786952055 4.783 1.581 1.691 -17.41708825599751 0.7376233109114168 10.646983998420886 2.431841047870165 1.0
vehicle.car 0 0 0 768.3789323831268 450.85660240351234 1225.7161779267344 667.875424179214 4.421 1.616 1.938 -11.871341119486411 0.570709963508385 1.3289374954065287 2.421584940122761 1.0
vehicle.motorcycle 0 0 0 1227.0134503830793 508.25578595462053 1652.1161540386183 834.0882843890544 2.212 1.31 0.739 -6.161577985660348 0.81469759216346 3.0077909710451847 -2.762624339702386 1.0
vehicle.car 0 0 0 1594.1882290739838 473.6025881908549 1791.58976587755 531.9379799884996 4.381 1.559 1.789 -36.99913159692587 0.6195458665956738 25.075611594666746 2.439244943889678 1.0
vehicle.car 0 0 0 535.8182762455704 448.4915921923004 927.2555017854913 683.5810530931223 4.724 1.583 1.798 -11.082335637951761 0.5581680202085056 -1.0971511364794928 2.3763836506683766 1.0
vehicle.car 0 0 0 473.3930172400193 454.6338724738976 659.2318246879358 565.2924196462147 4.199 1.662 1.958 -21.42190244591175 0.4332710006529187 -4.484434407515259 -1.8438873043203658 1.0
vehicle.car 0 0 0 266.0858759485502 467.29750727497014 1210.4261658076557 1275.4779968311502 4.992 1.526 1.721 -5.012228821421662 0.7259572819982955 -0.9999143145285585 -1.8312535828732122 1.0
vehicle.car 0 0 0 598.1684793347263 455.8042862272917 792.4509321692195 556.887902007784 4.537 1.635 1.91 -23.02951313469794 0.4076711543144001 -2.494941376321664 -1.8412540672314188 1.0
vehicle.car 0 0 0 319.8044984678986 462.9206804352796 504.3590361637004 579.5561645761337 4.071 1.648 2.105 -20.266198637485093 0.5664148151491205 -6.696072585845875 -1.8412540672314188 1.0
vehicle.car 0 0 0 1264.5047547343518 479.66610938931996 1670.3435630999302 625.1845586296582 4.362 1.501 1.701 -15.863475134512349 0.7751729588634276 7.734270265029301 2.382565811183996 1.0
vehicle.car 0 0 0 997.0948258906993 460.01043607383247 1418.5631179172003 643.4314678832418 3.963 1.592 1.952 -13.246378315156775 0.605230971326266 3.755892585749604 2.4102333091461468 1.0
vehicle.car 0 0 0 145.77463652120207 452.3366319811021 298.1947832005576 587.594871133562 4.235 1.773 1.847 -18.978560539463896 0.5062841908778858 -9.103139356118147 -1.8412540672314188 1.0
vehicle.car 0 0 0 986.3224047518676 437.477276767625 1293.3263864994165 578.902042606926 4.927 2.102 1.914 -20.96092661810265 0.417361180673654 5.204590422869096 -2.7740667948056537 1.0
