movable_object.barrier 0 0 0 856.8149442152765 457.8394133529293 973.292141145713 508.05651154580966 3.17 1.163 0.475 -30.407055208307202 0.7679410102268475 2.1546564707239 2.7130848079655214 1.0
movable_object.barrier 0 0 0 671.0721777759655 455.40877287811134 775.6665924760232 504.49225432012565 2.322 1.022 0.431 -27.179749301913112 0.6236456702652855 -2.224896524892936 2.7130848079655214 1.0
movable_object.barrier 0 0 0 106.57039000500757 441.58862053122516 280.9755586290652 516.8913814366808 2.598 1.224 0.432 -21.390525714943863 0.4764596136844752 -10.734504537300163 2.7130848079655214 1.0
movable_object.trafficcone 0 0 0 1075.7128303491945 450.7103032456499 1105.8069331543554 534.519062478694 0.326 1.35 0.321 -20.540866819882662 0.675541952627282 4.302714919246948 -2.4833798692964937 1.0
movable_object.trafficcone 0 0 0 1246.125281527051 457.29560736478146 1275.5202099599 529.7752764505321 0.355 1.304 0.334 -22.96469349633295 0.7729113001772865 7.91519224826738 -2.4718164824725513 1.0
movable_object.trafficcone 0 0 0 219.66481602073407 426.85291428395703 270.7643539524916 556.5191144929541 0.372 1.33 0.403 -13.167550352579212 0.4183510864146319 -6.093477755541402 -2.4978865988426717 1.0
movable_object.barrier 0 0 0 560.2639533044469 454.04232246524225 679.085128854971 506.16870098430746 2.428 1.028 0.438 -25.811855729952182 0.5948805982143247 -4.235875576603585 2.7130848079655214 1.0
movable_object.trafficcone 0 0 0 902.1557338734078 446.71153716466165 943.0086115250116 539.7108310565047 0.424 1.324 0.383 -18.245830771999017 0.6057478930408027 1.3820746935157155 -2.5150624856284347 1.0
movable_object.barrier 0 0 0 765.2701671259267 453.5083055390614 872.397928589939 507.5872096651258 2.59 1.184 0.47 -28.603999035712185 0.6690317061390617 -0.1686546121988884 2.7130848079655214 1.0
movable_object.trafficcone 0 0 0 1305.1564606892503 454.4109765769094 1332.5210588773552 529.4950809730965 0.327 1.39 0.327 -23.587028813791033 0.7645978256221844 9.217799878670608 -2.4830672720523737 1.0
movable_object.barrier 0 0 0 -55.02672365194263 442.53086333746813 103.39962478502069 515.7488377730521 2.094 1.119 0.422 -20.028513531838506 0.44448704839285974 -12.756489099096257 2.7130848079655214 1.0
movable_object.barrier 0 0 0 278.2663245733946 446.5694979348041 449.0201130254343 517.3445518984001 2.871 1.232 0.474 -22.948120694814147 0.5599552893256582 -8.418209359471646 2.7251198913791583 1.0
movable_object.barrier 0 0 0 444.46508063510174 449.74052334427034 568.9827672782844 505.39981458383755 2.295 1.038 0.477 -24.404134691443197 0.5140817981727652 -6.197092553801948 2.720881591414315 1.0
movable_object.trafficcone 0 0 0 1568.012730592866 462.84974121006036 1593.7358172579852 520.4951342950029 0.377 1.357 0.402 -30.039617176753843 0.9685368671218831 17.99749727012521 -2.4988274238429273 1.0
movable_object.trafficcone 0 0 0 620.3363810680497 439.25057157657267 660.1761674716768 545.0467709987296 0.408 1.293 0.457 -15.62869734518795 0.5062898653578856 -2.325828720409721 2.2104504470593707 1.0
