vehicle.car 0 0 0 1176.710775818647 512.984874267937 1400.4497050635819 603.4487292819433 4.297 1.524 1.561 -23.271740550106962 1.9253861128761782 8.57577332419685 2.737029963769535 1.0
vehicle.car 0 0 0 -134.10512012719428 531.4049068410818 164.7488427613076 634.6672317123289 4.535 1.711 1.834 -23.66206410295146 2.4000485118007244 -15.14388928156423 1.6053076102626136 1.0
vehicle.car 0 0 0 -93.64651927710925 533.9614511020197 121.5031434274508 605.5384367224544 4.489 1.673 1.922 -32.81465723925532 3.0373073653307223 -21.155691510087916 1.6326027316278289 1.0
vehicle.car 0 0 0 482.59048632152286 509.7124388974394 642.9112128133952 568.90944804526 4.432 1.693 1.718 -38.15750619375562 2.644980107886134 -7.991559583809667 1.5948988772087436 1.0
vehicle.car 0 0 0 629.3185497085537 523.6492713268148 843.545326615617 600.4523337186444 4.725 1.609 1.82 -29.194082344396808 2.5144038026759734 -2.0504452333480168 1.6212924325066576 1.0
vehicle.car 0 0 0 311.6092607354192 523.6668989679365 435.8694466616926 563.2157994953063 4.682 1.585 1.782 -53.767793458103405 3.9237572154006157 -19.354187344756426 1.6054615309866804 1.0
vehicle.car 0 0 0 -107.9402526515927 521.2047915659806 488.38412971655646 715.2505201797123 5.482 1.716 1.819 -13.700850342497331 1.6467800593531134 -6.6878946589852495 2.7246037622192327 1.0
vehicle.car 0 0 0 433.6626556029281 516.7893774087362 603.0975350011585 574.8494448849042 4.859 1.721 1.995 -40.02069947175037 2.9763168203772334 -9.799161252261683 1.5860201215704404 1.0
vehicle.car 0 0 0 955.9903725782029 476.12103790897487 1058.0492198946997 578.9721169798872 6.208 2.6 2.378 -35.152666897590386 2.1219235050881338 4.892276591588193 2.1130998173098767 1.0
vehicle.car 0 0 0 226.00172073201574 513.0603761246753 365.7469293780274 562.9545291820066 5.484 2.131 1.977 -56.641624932300445 3.882533024067351 -23.883817266059395 1.6054615309866804 1.0
