movable_object.barrier 0 0 0 840.7414401195143 452.2459662978524 922.5825705813155 499.4403293865019 2.039 1.082 0.448 -29.675744371506237 0.579807774741492 1.2958644044577348 2.730421907846468 1.0
vehicle.truck 0 0 0 906.938462900546 104.68843087451746 1824.1642786111252 713.9950504435537 12.004 4.174 2.936 -13.252796991094753 -0.25888694666841694 6.481409843899342 1.665694955229001 1.0
movable_object.barrier 0 0 0 1124.3409590171875 456.19671588040654 1236.7777240835333 523.6998352830701 2.453 1.198 0.528 -23.32712067516979 0.7042716059326157 6.572875198178139 2.722482906492596 1.0
movable_object.barrier 0 0 0 1277.6842543941007 460.14991836997723 1326.4902202350368 498.76117818587494 1.796 1.156 0.384 -38.46528431959725 0.8649310136500005 14.526903110453079 2.73854907750826 1.0
movable_object.barrier 0 0 0 941.0066834042676 453.90542355868837 1065.072254180398 530.6360261996066 2.243 1.219 0.536 -20.907517979741424 0.6669124602682028 2.941691769802546 2.7223745337989245 1.0
movable_object.barrier 0 0 0 538.0246245586188 446.82883554882346 641.7981246687232 528.5976299292066 2.564 1.231 0.648 -20.35571026541047 0.5578345089194541 -3.8764976707260193 -2.481291412739263 1.0
vehicle.truck 0 0 0 1061.4380729623963 405.18324469391115 1432.92025011447 577.1547561384409 5.109 1.994 2.029 -16.861680821792252 0.47468739161129087 5.717992404520934 1.6630596784599652 1.0
movable_object.barrier 0 0 0 1215.4524318472425 458.731015002073 1310.3641363494373 516.9889030773226 2.22 1.097 0.51 -24.64779378719183 0.7076334021192399 8.552101620169307 2.722482906492596 1.0
vehicle.truck 0 0 0 -1301.3611025972434 306.1418673540505 276.1344850571376 827.8228222305047 6.067 2.143 2.201 -7.846080097611992 0.48634980736210665 -6.9398588969526624 1.6726914366571393 1.0
movable_object.barrier 0 0 0 1239.2504492454755 457.77859955667077 1287.9825636009375 498.3809442115114 1.721 1.185 0.37 -37.458975848928105 0.8018252185011177 13.001081063005183 2.73854907750826 1.0
movable_object.barrier 0 0 0 1071.1465792044805 456.0441996967609 1123.993464342626 498.2286006313102 1.546 1.102 0.401 -33.576096420102175 0.692950564668593 7.2212832593659355 2.7263852368303834 1.0
movable_object.barrier 0 0 0 1043.211300560833 459.0020844591603 1145.9822612393825 535.1939921988388 1.949 1.284 0.548 -22.077698561051474 0.7897325927171734 4.705308117591648 2.7223745337989245 1.0
movable_object.barrier 0 0 0 1198.8868779297259 455.1079235217919 1249.5804596092912 497.0791524855509 1.727 1.192 0.363 -36.44401493364446 0.7230395416544162 11.508263204869175 2.73854907750826 1.0
movable_object.barrier 0 0 0 1023.1669450970086 455.887054912271 1080.3203048799262 498.5193310986854 1.636 1.083 0.386 -32.681704392453526 0.6758505788262 5.839555539674627 2.7263852368303834 1.0
movable_object.trafficcone 0 0 0 857.497770059683 456.7186964538023 889.2046765114837 527.245673556756 0.318 1.011 0.326 -18.320123702965404 0.5922763796370911 0.6711142415124725 2.6846392864856714 1.0
movable_object.barrier 0 0 0 831.8620434771045 451.5650883760654 963.1053974298906 528.9815145716284 2.136 1.153 0.552 -19.627312795768418 0.5948192336281903 1.1152473404254946 2.718654573932346 1.0
movable_object.barrier 0 0 0 970.3280607410343 455.61569613682093 1031.2580936976342 501.8365867726857 1.649 1.142 0.375 -31.768881643163123 0.695186838765659 4.389771163490172 2.750512029630376 1.0
movable_object.barrier 0 0 0 592.6185582763457 447.5510072335693 695.9735942964551 528.5750367232229 2.581 1.242 0.581 -20.710138927405723 0.5743650524122544 -3.048879362151382 -2.481291412739263 1.0
movable_object.barrier 0 0 0 1152.9642403404966 454.2989797037161 1208.6023477302422 494.9608049201045 1.863 1.121 0.356 -35.43381470828727 0.6618056893248468 9.967100033748652 2.732266143135865 1.0
movable_object.barrier 0 0 0 1112.9100979440527 455.2111693933746 1162.3187965655252 495.5276110480877 1.532 1.083 0.361 -34.47168153506629 0.6642155860328182 8.511072235461402 2.7263852368303834 1.0
movable_object.barrier 0 0 0 907.361978409786 455.016294834317 977.9320811793605 497.9964425480905 1.754 1.032 0.434 -30.90718656368294 0.6234925989066955 2.841273011740702 2.80680616117775 1.0
human.pedestrian.adult 0 0 0 866.9476244828865 428.6572266572724 959.8592600698743 619.6335277374442 0.626 1.805 0.643 -12.334015937879691 0.6907243962894537 0.8454008238940949 1.742083194229183 1.0
