movable_object.barrier 0 0 0 1571.6612416634023 471.1163855717402 1626.0912109984274 502.09156197065784 3.17 1.163 0.475 -48.81593006093276 1.3891297858671796 29.960648607600383 2.7165327289253742 1.0
movable_object.barrier 0 0 0 1117.7018079556158 465.5636072752633 1175.718250234331 508.8925752308214 1.796 1.156 0.384 -34.455690194933275 0.9959642253928686 8.758297185340409 2.728584695628486 1.0
movable_object.barrier 0 0 0 1378.584059215342 470.1511791688545 1444.7236617410426 508.7753772556346 2.871 1.232 0.474 -41.491339980795054 1.2735887658419789 19.29210740316979 2.728584695628486 1.0
movable_object.barrier 0 0 0 555.5787914377782 446.75342755574786 658.818884703689 501.56239218509705 2.039 1.082 0.448 -25.684219050312176 0.4804309903287157 -4.477967410179907 2.7204598052218163 1.0
movable_object.barrier 0 0 0 856.3489013256235 456.1687596933243 920.7087701398486 504.2900793756393 1.546 1.102 0.401 -29.5748790953096 0.6913771584525461 1.4475695383516882 2.716424338606421 1.0
human.pedestrian.adult 0 0 0 114.6870254572824 415.9879321942613 238.45834073889833 687.1690266925914 0.626 1.805 0.643 -8.81512462237593 0.6706029473683064 -4.562989807970353 1.6846975969499063 1.0
movable_object.barrier 0 0 0 527.124564281884 448.20608037758035 700.2066045493456 544.0958370228471 2.243 1.219 0.536 -16.91869136837596 0.5996130971482813 -2.8452650237597026 2.712414880026964 1.0
movable_object.barrier 0 0 0 932.2829275423003 459.8840602825394 1057.1276256389842 530.1428129199279 2.22 1.097 0.51 -20.646424702431347 0.7181322054794254 2.7687191596101655 2.712523218466443 1.0
vehicle.truck 0 0 0 543.9519526002414 384.3221955653373 1074.3565161932122 620.9097690992346 5.109 1.994 2.029 -12.874522650722461 0.4706837662316721 -0.058890567448651 1.665659798750367 1.0
movable_object.barrier 0 0 0 1019.0258336514038 457.80956289517565 1080.0223101726851 505.1758725068572 1.727 1.192 0.363 -32.438654468992866 0.7916855450976996 5.73985783676049 2.728584695628486 1.0
movable_object.barrier 0 0 0 961.0764230272551 455.40662683986443 1028.7165306510153 501.458233686222 1.863 1.121 0.356 -31.430591058133505 0.692272602190897 4.198808769900412 2.7223035062646197 1.0
movable_object.barrier 0 0 0 355.5061245227818 442.8677772910726 542.7897915373827 541.1927809277545 2.136 1.153 0.552 -15.63605474530676 0.5035366344848675 -4.6725804334483625 2.708696117161411 1.0
movable_object.barrier 0 0 0 647.1327594438417 451.4649668623094 732.6690681307665 501.2857953718518 1.754 1.032 0.434 -26.913531035109564 0.5487212806701864 -2.9317754815118695 2.7968301227601433 1.0
movable_object.barrier 0 0 0 800.5888010074885 457.2813208447456 951.9605331309953 539.6623265310817 2.453 1.198 0.528 -19.335478231073093 0.7222251577042358 0.7813861233593747 2.712523218466443 1.0
movable_object.barrier 0 0 0 1069.6610976190912 462.13904381146017 1127.9261821505725 507.8279281804261 1.721 1.185 0.37 -33.44881927197367 0.907817078058451 7.228095229742528 2.728584695628486 1.0
movable_object.barrier 0 0 0 794.6394294125889 455.6788135488403 864.9600353143097 504.49123671629644 1.636 1.083 0.386 -28.68345100876281 0.6677481723799912 0.066392273286853 2.716424338606421 1.0
movable_object.barrier 0 0 0 910.1019227043113 455.82415007457223 970.1955451493008 501.638667532697 1.532 1.083 0.361 -30.470400841154238 0.6768693627973159 2.741512476268564 2.716424338606421 1.0
movable_object.barrier 0 0 0 681.4382305238172 456.5376028603628 820.188470715388 550.5240183363195 1.949 1.284 0.548 -18.07964877258365 0.7442941007044246 -1.0813275779233822 2.712414880026964 1.0
movable_object.barrier 0 0 0 1507.3796016286324 479.0907013452729 1553.934429520222 508.1579397239658 2.322 1.022 0.431 -45.644689309906305 1.5489550055696155 25.533673455402948 2.7165327289253742 1.0
movable_object.barrier 0 0 0 726.6803378667514 453.67947261209935 801.7526992882562 506.77330949790036 1.649 1.142 0.375 -27.773054646619507 0.6504694713393808 -1.3835518326312273 2.7405446439258334 1.0
movable_object.barrier 0 0 0 1431.6787578035517 473.9555728187068 1484.2582347113164 505.3792370944894 2.295 1.038 0.477 -42.91944669919204 1.3234718618064678 21.529756365273776 2.7243404741307433 1.0
movable_object.trafficcone 0 0 0 1532.7936472801198 464.78134229236315 1564.0723873689901 524.769241877061 0.416 1.316 0.443 -28.07949217972078 0.9753059793981926 16.098525254526958 2.4528151884942986 1.0
movable_object.trafficcone 0 0 0 1493.4300737651201 465.0934514865092 1523.1877099653682 524.9090155616431 0.395 1.262 0.379 -26.986975743319853 0.9423094067554103 14.611174904949568 2.4408709046470634 1.0
movable_object.barrier 0 0 0 1329.272277407777 469.51095349139496 1391.7584636932347 509.27604109728696 2.598 1.224 0.432 -39.96326182037519 1.223413739273301 16.955768899794002 2.7165327289253742 1.0
movable_object.barrier 0 0 0 45.61338561717468 430.48003559668894 122.21252120907373 533.1954285039862 2.564 1.231 0.648 -16.351948155122106 0.3607361385738695 -9.689578205438128 -2.4900171456087836 1.0
vehicle.truck 0 0 0 -111.60353293702303 -204.4710860068993 1540.1308377093849 930.1156719602685 12.004 4.174 2.936 -9.256556520435963 -0.2284999035770051 0.6864913990439387 1.6683519826329265 1.0
movable_object.barrier 0 0 0 -190.39268399271722 423.96079919463807 3.9467148621210844 494.86879840182434 2.752 1.21 0.638 -22.50885432222919 0.16682953507515869 -16.40210490397394 2.6963965479710907 1.0
