vehicle.car 0 0 0 0 0 0 0 4.616 1.805 2.201 1.8635747007370962 17.779279402594216 -46.68727335318417 2.950802844315781 1.0
vehicle.car 0 0 0 0 0 0 0 3.898 1.583 1.914 1.8753325864304502 3.7334243476974036 -34.21614046443087 3.1234674064035985 1.0
human.pedestrian.adult 0 0 0 0 0 0 0 0.621 1.311 0.608 -0.27139901546092493 5.58678315153826 10.89538157344395 3.1043902759220803 1.0
vehicle.car 0 0 0 0 0 0 0 5.803 2.313 2.19 0.6484396864622486 -24.779831724797738 3.2963961994142643 -3.138932691825751 1.0
vehicle.car 0 0 0 0 0 0 0 4.486 1.525 1.802 1.0627751502056644 -6.3191000807467335 -8.366978581917714 3.100877835965017 1.0
vehicle.truck 0 0 0 0 0 0 0 4.884 1.686 2.051 1.8277102430006942 -9.778438192848217 -34.01179566315209 -3.0949275641100824 1.0
human.pedestrian.adult 0 0 0 0 0 0 0 1.137 1.891 0.756 0.5881112920026773 16.293901316862193 -11.638018938355177 1.5521135458831399 1.0
vehicle.car 0 0 0 0 0 0 0 4.062 1.826 2.075 0.798055735830529 4.435006440361643 -2.6805236612920558 1.4589822663711542 1.0
vehicle.car 0 0 0 0 0 0 0 4.346 1.828 1.904 0.530719489679064 18.648326895190834 4.949971668621185 0.015026878089926754 1.0
vehicle.truck 0 0 0 0 0 0 0 4.577 1.949 1.862 1.5592248076395359 22.414828965399536 -33.880592581284205 -3.1168923128101085 1.0
vehicle.car 0 0 0 0 0 0 0 4.121 1.814 1.961 1.6773582961297995 11.857960016447198 -33.71396883282793 0.020844378014196252 1.0
vehicle.truck 0 0 0 0 0 0 0 5.554 1.87 2.103 0.629908913443382 23.822398359617477 -7.459935258476131 -0.07164888488000187 1.0
vehicle.car 0 0 0 0 0 0 0 4.445 1.533 1.827 1.03092032246984 4.765628016870239 4.517295137304994 0.019349428179550987 1.0
vehicle.car 0 0 0 0 0 0 0 4.499 1.522 1.903 1.0932942007752768 1.880319887637641 -7.914547626287612 -3.112212259251759 1.0
vehicle.car 0 0 0 0 0 0 0 3.926 1.473 1.724 1.8015505248794252 17.25500138880031 -33.90303420625552 -3.1159638069336193 1.0
human.pedestrian.adult 0 0 0 0 0 0 0 0.632 2.0 0.757 0.6699674523837975 14.802274290796532 3.6713054224425727 -0.7165749255498284 1.0
vehicle.truck 0 0 0 0 0 0 0 12.334 4.398 3.5 0.11641497723505213 14.138340339243983 -23.36641083402455 -1.6105019132046214 1.0
vehicle.car 0 0 0 0 0 0 0 4.789 1.788 2.238 0.550036389825197 -46.50527429777104 2.8055695501145843 0.02467568820215149 1.0
vehicle.car 0 0 0 0 0 0 0 5.103 1.741 2.02 0.8479713873072887 10.507268791510311 -7.397779470187452 0.01771628136811465 1.0
vehicle.car 0 0 0 0 0 0 0 4.687 1.88 1.964 0.865097293384923 7.583154721113414 -8.20108738540219 -3.1328162466564953 1.0
vehicle.car 0 0 0 0 0 0 0 4.788 1.841 1.969 0.8239349980637398 10.414545275674437 3.936592219571152 -3.115265100415389 1.0
vehicle.car 0 0 0 0 0 0 0 4.512 1.828 2.159 0.8555668195545301 -14.719081958004303 -8.661153987839958 3.1218433937691366 1.0
vehicle.truck 0 0 0 0 0 0 0 5.827 1.886 2.039 0.6663851938309171 15.515516874776806 -7.940234621144264 0.027848358260979644 1.0
vehicle.truck 0 0 0 0 0 0 0 4.564 1.818 2.043 1.6737414289183004 6.332321414420611 -34.10182055457972 3.1234674064035985 1.0
vehicle.car 0 0 0 0 0 0 0 4.344 1.845 1.912 0.664035341042754 15.926598601805052 4.570746167422895 0.010439995002292868 1.0
human.pedestrian.adult 0 0 0 0 0 0 0 0.953 1.786 0.797 0.5460829084257948 21.012792579678923 -12.60122133904187 1.5583207211233354 1.0
vehicle.car 0 0 0 0 0 0 0 5.07 1.918 2.048 0.8439188929532249 -8.85226300392235 -8.140550793625836 0.01293331653037555 1.0
vehicle.car 0 0 0 0 0 0 0 4.164 1.485 1.891 1.0685074973107236 -0.8029533842780677 -7.992484572309166 3.1091502171485903 1.0
vehicle.car 0 0 0 0 0 0 0 5.574 2.132 2.111 0.6880932350079509 7.694287337971117 4.39640605991419 0.027947197209183816 1.0
vehicle.car 0 0 0 0 0 0 0 4.822 1.459 2.014 2.1969118956204823 -15.351790490476775 -37.30661345875513 2.1124005776715027 1.0
movable_object.debris 0 0 0 0 0 0 0 0.643 0.409 0.52 1.4599902003366707 13.854931563627982 2.151761143720365 -3.0895921459156597 1.0
vehicle.car 0 0 0 0 0 0 0 4.308 1.394 1.843 1.9067586458603893 0.8741349917710806 -34.176419161879075 3.1060142885526174 1.0
vehicle.car 0 0 0 0 0 0 0 4.623 1.733 1.911 1.7793539485451098 -6.710142713679498 -33.997741436054405 -3.132253383611596 1.0
vehicle.car 0 0 0 0 0 0 0 4.268 1.459 1.783 1.7823128586342412 14.48026361122904 -33.888297248770996 -3.075092095700012 1.0
vehicle.car 0 0 0 0 0 0 0 4.326 1.662 1.845 0.9707357060653751 -3.6930663511312107 -7.773072367399242 3.128612585538227 1.0
human.pedestrian.adult 0 0 0 0 0 0 0 0.689 1.249 0.761 -0.28356707152273675 -1.564765918652785 10.30988363573373 3.1031982279747172 1.0
vehicle.car 0 0 0 0 0 0 0 5.428 2.285 1.999 0.11880220554277238 57.97032894406376 4.011327955877376 0.05178820092383285 1.0
vehicle.car 0 0 0 0 0 0 0 4.748 1.639 1.961 0.7239849758327738 18.74012170930925 -8.041209500308838 3.1117458924381456 1.0
vehicle.car 0 0 0 0 0 0 0 4.808 1.515 1.916 0.6769543012028166 29.50119206806279 4.8239759569474625 -3.08404379978574 1.0
vehicle.car 0 0 0 0 0 0 0 4.374 1.524 1.97 0.7273006248330418 26.841873670410248 5.007278732711527 0.01626061731004258 1.0
vehicle.car 0 0 0 0 0 0 0 3.993 1.615 1.733 1.0263285985917334 -0.48893590230372597 4.777976811741031 0.010162035844591077 1.0
vehicle.car 0 0 0 0 0 0 0 4.545 1.507 1.899 1.000979107908465 -8.485486269833299 4.361129570077697 0.012552279542318523 1.0
vehicle.car 0 0 0 0 0 0 0 4.497 1.766 1.919 0.9097100899520133 -11.375139130525252 4.381435014073029 0.012444078007159742 1.0
vehicle.car 0 0 0 0 0 0 0 4.875 1.829 2.275 0.6446984264277914 -56.72202701458972 -8.99752148665203 -3.093862923904048 1.0
vehicle.car 0 0 0 0 0 0 0 3.685 1.34 1.712 1.7964155233466694 19.634482173169737 -33.22504908210098 -3.1081657538869027 1.0
vehicle.car 0 0 0 0 0 0 0 5.051 1.835 2.224 0.9051102272338167 -11.990713882281431 -7.852976968783468 3.1043902759220803 1.0
vehicle.car 0 0 0 0 0 0 0 4.147 1.589 1.783 1.037272774663271 2.301413500919171 4.825845725907981 0.008951841911101432 1.0
vehicle.car 0 0 0 0 0 0 0 4.372 1.824 1.822 0.7032774758273485 13.004813308631254 -8.472930183799939 -3.1274881006603277 1.0
