human.pedestrian.adult 0 0 0 0 0 0 0 0.632 2.0 0.757 0.6595034876729999 14.871385371812297 3.213849548083482 -0.2937467224169197 1.0
vehicle.car 0 0 0 0 0 0 0 4.499 1.522 1.903 1.091496260768775 1.9004950686217374 -7.915608524373915 -3.112214885920494 1.0
human.pedestrian.adult 0 0 0 0 0 0 0 1.137 1.891 0.756 0.694864345326613 4.341914398400128 -11.842284571597228 1.5646002475211063 1.0
vehicle.car 0 0 0 0 0 0 0 4.616 1.805 2.201 1.8531723740021844 17.90359640752674 -46.66461055068765 2.912403247485111 1.0
vehicle.car 0 0 0 0 0 0 0 4.687 1.88 1.964 0.8637080449495925 7.63837318996203 -8.201778392419536 3.140185434771758 1.0
vehicle.car 0 0 0 0 0 0 0 4.445 1.533 1.827 1.0326663261226363 4.785715607326063 4.518253204060567 0.0192599025402167 1.0
vehicle.car 0 0 0 0 0 0 0 3.898 1.583 1.914 1.8983128071425015 3.7482989429043965 -34.28457577572233 3.123464758669579 1.0
human.pedestrian.adult 0 0 0 0 0 0 0 0.621 1.311 0.608 -0.22234666218582824 5.65050054687646 10.922396191807133 3.1218407453149624 1.0
vehicle.car 0 0 0 0 0 0 0 4.822 1.459 2.014 2.1847273456200957 -15.246356520884914 -37.369851213035055 2.1123974365754696 1.0
vehicle.truck 0 0 0 0 0 0 0 5.554 1.87 2.103 0.6007097211105946 23.907005594283433 -7.476517353397727 -0.05090389513084048 1.0
vehicle.truck 0 0 0 0 0 0 0 5.827 1.886 2.039 0.6987095432637925 15.630151607675192 -7.969607729722915 -0.03900349120564073 1.0
vehicle.car 0 0 0 0 0 0 0 3.926 1.473 1.724 1.7954192153711745 17.25502807137753 -33.901993550792504 -3.108985185031404 1.0
vehicle.truck 0 0 0 0 0 0 0 4.577 1.949 1.862 1.561359416825572 22.466918277907478 -33.87752958178277 -3.1168949415543734 1.0
vehicle.truck 0 0 0 0 0 0 0 12.334 4.398 3.5 -0.1949129147041137 55.301776972755356 -22.070173739474274 -1.6083220792117752 1.0
vehicle.car 0 0 0 0 0 0 0 4.788 1.841 1.969 0.8264862030706157 10.414899840489907 3.930872896288766 -3.1152677284380257 1.0
vehicle.car 0 0 0 0 0 0 0 4.308 1.394 1.843 1.8983262545436674 0.874185162034769 -34.17643247064009 3.106011633078402 1.0
vehicle.car 0 0 0 0 0 0 0 4.748 1.639 1.961 0.7391894447135696 18.924559539331778 -8.095045991092855 3.1117432395060174 1.0
vehicle.car 0 0 0 0 0 0 0 4.623 1.733 1.911 1.796337004393511 -6.646824218626137 -33.970310931578055 3.127658453851754 1.0
vehicle.car 0 0 0 0 0 0 0 4.164 1.485 1.891 1.0664548175583677 -0.8035042054059752 -7.974301387487704 3.1202540975327153 1.0
vehicle.car 0 0 0 0 0 0 0 4.344 1.845 1.912 0.6635610639308357 15.926945316098902 4.538049208290784 0.010270088539891642 1.0
vehicle.car 0 0 0 0 0 0 0 4.497 1.766 1.919 0.9093910936524179 -11.375020065134624 4.381652538216696 0.012302583971572911 1.0
vehicle.car 0 0 0 0 0 0 0 5.803 2.313 2.19 0.6442764874658407 -24.685783829816568 3.274131321074433 3.1340689868902434 1.0
vehicle.car 0 0 0 0 0 0 0 4.486 1.525 1.802 1.0599108075897137 -6.318979723967442 -8.36679085241747 3.1008751782124575 1.0
vehicle.truck 0 0 0 0 0 0 0 4.884 1.686 2.051 1.766851266838997 -9.675034559960702 -33.950020049000216 -3.094930183111913 1.0
vehicle.car 0 0 0 0 0 0 0 5.103 1.741 2.02 0.8596469504487608 10.507517888594267 -7.397481055720223 0.017618179061992034 1.0
vehicle.car 0 0 0 0 0 0 0 4.808 1.515 1.916 0.6824102136232792 29.499534469178776 4.792232982842057 -3.0840464139583847 1.0
vehicle.car 0 0 0 0 0 0 0 4.268 1.459 1.783 1.7753419296579964 14.524882838818378 -33.84857153535387 -3.075094705899615 1.0
vehicle.truck 0 0 0 0 0 0 0 4.564 1.818 2.043 1.6905384463322075 6.395642755026863 -34.10136399824409 3.1409178842871626 1.0
vehicle.car 0 0 0 0 0 0 0 4.789 1.788 2.238 0.525393593226007 -46.511274931494846 2.886607092136961 0.030672228906810872 1.0
human.pedestrian.adult 0 0 0 0 0 0 0 0.953 1.786 0.797 0.7160900548559179 11.78252468127107 -12.730030080000823 1.5834494440916362 1.0
movable_object.debris 0 0 0 0 0 0 0 0.643 0.409 0.52 1.4623786930279399 13.876187186143904 2.14666728817277 -3.0997757524428824 1.0
vehicle.car 0 0 0 0 0 0 0 3.993 1.615 1.733 1.027536147745833 -0.48761629490063996 4.799243115317218 0.009984705802462468 1.0
vehicle.car 0 0 0 0 0 0 0 4.374 1.524 1.97 0.7324214080627184 26.842170250591458 4.976592116605266 0.01615339666538196 1.0
vehicle.car 0 0 0 0 0 0 0 4.875 1.829 2.275 0.6348012003938182 -56.7218480821584 -8.99731372173778 -3.0938655424335515 1.0
vehicle.car 0 0 0 0 0 0 0 4.326 1.662 1.845 0.9683801488945419 -3.692934503075664 -7.772856818748728 3.128609940085731 1.0
human.pedestrian.adult 0 0 0 0 0 0 0 0.689 1.249 0.761 -0.2686532410205836 -1.6126931662697859 10.317656755300995 3.100286716992091 1.0
vehicle.car 0 0 0 0 0 0 0 4.062 1.826 2.075 0.8964826039263551 -7.482249956230582 -2.5843784156418237 1.7118743690889113 1.0
vehicle.car 0 0 0 0 0 0 0 5.051 1.835 2.224 0.9018443203951377 -12.012700406947907 -7.8765982679904765 3.104387619727536 1.0
vehicle.car 0 0 0 0 0 0 0 4.346 1.828 1.904 0.5596759276255288 18.64826620577714 4.935367083365448 0.01490624632585602 1.0
vehicle.car 0 0 0 0 0 0 0 4.121 1.814 1.961 1.669920974964112 11.931024620554298 -33.71218984356851 0.031187414503742072 1.0
vehicle.car 0 0 0 0 0 0 0 5.574 2.132 2.111 0.6903434243984582 7.692618634307107 4.418659917722837 0.037683870170293954 1.0
vehicle.car 0 0 0 0 0 0 0 5.07 1.918 2.048 0.8521740549890001 -8.790099488321985 -8.109961041383597 0.008787109751023259 1.0
vehicle.car 0 0 0 0 0 0 0 5.428 2.285 1.999 0.12774661613110044 57.97217708254802 4.048950462550122 0.05175134813097815 1.0
vehicle.car 0 0 0 0 0 0 0 3.685 1.34 1.712 1.8104802684258834 19.664984916849722 -33.2048169823098 -3.0889699406627926 1.0
vehicle.car 0 0 0 0 0 0 0 4.147 1.589 1.783 1.0708861793466147 2.3021139698008164 4.844152189791514 0.008751383804650903 1.0
vehicle.car 0 0 0 0 0 0 0 4.545 1.507 1.899 1.001048986521793 -8.485379641273811 4.361328870633397 0.012408306666709557 1.0
vehicle.car 0 0 0 0 0 0 0 4.372 1.824 1.822 0.702920986431406 13.017011160103277 -8.473171295730836 -3.1274907341032483 1.0
