vehicle.truck 0 0 0 0 0 0 0 4.4 1.815 2.013 -0.6178176176176304 -67.98658068526342 -0.8334251100924854 -1.5527093658756916 1.0
vehicle.car 0 0 0 0 0 0 0 4.872 1.889 2.202 0.506313716348331 8.736793939841874 20.422155072056324 -0.07876355184884076 1.0
vehicle.car 0 0 0 0 0 0 0 4.799 1.51 1.919 0.9499160049712686 -21.096478779814788 21.678981171450797 -0.10845725788418648 1.0
vehicle.car 0 0 0 0 0 0 0 4.635 1.582 2.087 0.7848719869616967 57.801158854862415 10.17740779476503 -0.8822350701534276 1.0
vehicle.car 0 0 0 0 0 0 0 4.438 1.634 1.906 -0.7008263479312005 -68.247769289327 13.083553551377232 -1.454525488277996 1.0
vehicle.car 0 0 0 0 0 0 0 4.484 1.527 2.159 0.6860642945305402 -33.36280366832899 26.512195216401835 1.5783994235463403 1.0
vehicle.car 0 0 0 0 0 0 0 5.064 1.916 2.321 0.6118530711230402 -0.005387697091160199 7.418266589319038 -0.08280635351016485 1.0
vehicle.car 0 0 0 0 0 0 0 5.255 2.0 2.612 -0.0526269569038664 -39.74079066500754 15.031919344052215 -2.4682501809662103 1.0
vehicle.emergency.ambulance 0 0 0 0 0 0 0 5.102 2.5 2.302 -1.193121766927642 -68.38776627748959 10.13693989096263 1.6707991022462352 1.0
vehicle.car 0 0 0 0 0 0 0 4.48 1.48 2.13 1.9688889363796775 30.160286160191124 -22.069532301009794 2.2881723498984075 1.0
vehicle.car 0 0 0 0 0 0 0 4.473 1.702 2.098 -0.6984729577641947 -68.62898846933264 7.590201897027091 -1.4928522487308111 1.0
vehicle.motorcycle 0 0 0 0 0 0 0 2.993 1.527 1.645 0.8076223597542861 8.083903579417475 7.3875089978940816 3.0050500904755513 1.0
vehicle.car 0 0 0 0 0 0 0 4.353 1.648 1.967 0.8689638028085519 -18.74746436535968 20.85017297792954 -0.0658614567939182 1.0
vehicle.truck 0 0 0 0 0 0 0 5.629 2.267 2.32 0.48200822196388604 5.550587950159446 7.168594960363557 -0.04889860609700847 1.0
vehicle.car 0 0 0 0 0 0 0 4.434 1.64 2.186 -0.2966929445634157 -68.68386743470644 -3.7846077769917885 -1.585833775170463 1.0
vehicle.car 0 0 0 0 0 0 0 4.806 1.76 1.982 0.8808100586493379 -16.165937613329206 0.18103075347395695 -1.5580259178698794 1.0
