vehicle.car 0 0 0 0 0 0 0 4.415 1.749 1.882 0.5418124837274456 49.674473387162365 -6.347911098602974 3.112615068502972 1.0
movable_object.trafficcone 0 0 0 0 0 0 0 0.471 1.293 0.471 0.9900498812685369 56.44646180161695 6.382253281715748 3.112615068502972 1.0
human.pedestrian.adult 0 0 0 0 0 0 0 0.465 1.634 0.575 1.1879101306528816 25.85232784742995 11.860487752324229 0.9794037394478856 1.0
movable_object.trafficcone 0 0 0 0 0 0 0 0.422 0.748 0.41 1.495647642901838 -11.211998090703773 11.011123651754318 3.1319376992640287 1.0
vehicle.car 0 0 0 0 0 0 0 4.387 1.461 1.936 0.7038678594606413 -28.929805097294604 -5.312959895316474 3.081834674583316 1.0
vehicle.construction 0 0 0 0 0 0 0 5.996 2.78 3.928 0.2142266620269714 62.31475830474719 10.834847636003438 1.6086966723349132 1.0
vehicle.car 0 0 0 0 0 0 0 4.253 1.584 1.692 0.8086956996994893 38.5063986809431 -6.275428650101774 3.129540796916894 1.0
vehicle.car 0 0 0 0 0 0 0 4.544 1.636 1.707 0.7078319940687994 35.87578152380126 -6.379634626114224 -3.1410287350788035 1.0
human.pedestrian.adult 0 0 0 0 0 0 0 0.514 1.621 0.748 1.1770536647730108 25.25951708257887 12.550785901116013 2.818794929823972 1.0
vehicle.car 0 0 0 0 0 0 0 4.529 1.777 1.695 0.6637274685218897 33.05257593280536 -6.508882379658217 -3.136806027446445 1.0
vehicle.car 0 0 0 0 0 0 0 4.839 1.716 2.116 0.5227635772566324 -34.30720945862677 -4.891601884008194 3.026858616232433 1.0
vehicle.trailer 0 0 0 0 0 0 0 14.832 4.013 2.67 -0.7455078272331049 98.37676337978017 4.33807153716514 1.630974573763453 1.0
human.pedestrian.adult 0 0 0 0 0 0 0 0.427 1.705 0.719 1.0537425373179985 24.35385261038368 11.36957837081107 1.4822212030462332 1.0
vehicle.car 0 0 0 0 0 0 0 4.386 1.422 1.854 0.7868882448079227 30.21653723284357 -6.10293051612727 -3.136806027446445 1.0
vehicle.construction 0 0 0 0 0 0 0 9.981 4.208 7.368 -0.47905819598203975 78.83687595909393 5.187043963637556 1.5931639459745313 1.0
vehicle.car 0 0 0 0 0 0 0 4.256 1.711 1.751 0.6858858106386969 46.58316742205406 -6.502482462575665 3.112615068502972 1.0
vehicle.car 0 0 0 0 0 0 0 4.508 1.698 1.949 0.7108128234434551 -35.00691422304119 0.6799501191292446 1.6091851439835283 1.0
human.pedestrian.adult 0 0 0 0 0 0 0 0.589 1.739 0.571 1.1595022661052468 2.2496008946950528 11.336715485127595 3.1319376992640287 1.0
vehicle.car 0 0 0 0 0 0 0 5.363 1.8 2.224 0.7439235967168424 18.154572590473244 -5.826183329642635 3.0612620678241527 1.0
human.pedestrian.construction_worker 0 0 0 0 0 0 0 0.789 1.755 1.19 0.479522270747673 83.15348232615605 1.479351155348206 0.9615223050542179 1.0
vehicle.car 0 0 0 0 0 0 0 3.85 1.498 1.751 0.8233909586445287 27.779400094291024 -6.322591891361453 0.04354963355513197 1.0
vehicle.car 0 0 0 0 0 0 0 4.36 1.481 1.91 0.7349792970118905 -23.690883928458398 -5.743990132277501 3.0338668302757137 1.0
movable_object.trafficcone 0 0 0 0 0 0 0 0.516 1.297 0.505 1.0284202482538547 52.43201940724182 8.354758789231866 3.112615068502972 1.0
vehicle.car 0 0 0 0 0 0 0 4.303 1.426 1.9 0.7318861719540344 -26.09933246806581 -5.4632285525697135 3.029487082939502 1.0
vehicle.car 0 0 0 0 0 0 0 4.193 1.731 2.025 0.1707842917504397 -56.38142135863285 -5.253802900292129 3.1319376992640287 1.0
vehicle.car 0 0 0 0 0 0 0 4.282 1.444 1.732 0.7623796880822309 -20.7654669417196 -6.247798302386109 3.02622408409686 1.0
