vehicle.car 0 0 0 0 0 0 0 4.647 1.652 1.8 0.6948195533401011 4.333719889149332 -6.057731915937048 3.1309986864952073 1.0
vehicle.car 0 0 0 0 0 0 0 4.288 1.714 1.791 0.44930011183039875 24.349751541869338 -6.687223044673402 3.0687458498924123 1.0
vehicle.car 0 0 0 0 0 0 0 4.284 1.461 1.766 0.8998987237222262 -17.554394569528963 -5.7112452961848605 3.11667910318792 1.0
vehicle.car 0 0 0 0 0 0 0 4.707 1.757 1.855 0.2911572560121429 38.05404650060988 -6.850307443021266 3.1272312928631933 1.0
vehicle.car 0 0 0 0 0 0 0 4.187 1.646 1.776 0.7931226360187521 -6.909950063413687 -5.762917564570854 3.0999176929528227 1.0
vehicle.car 0 0 0 0 0 0 0 4.453 1.686 1.824 0.5108836162775992 21.69215243551897 -6.587747108358302 3.1033674813685543 1.0
vehicle.truck 0 0 0 0 0 0 0 5.899 2.97 2.102 -0.12510177644139703 54.28752663630788 9.965055684244575 1.5491485494339923 1.0
vehicle.car 0 0 0 0 0 0 0 5.295 2.019 2.027 0.942764916200292 -15.573930361125543 10.986652925111596 0.08345942736779799 1.0
vehicle.car 0 0 0 0 0 0 0 5.415 2.629 2.089 0.34356700511838895 38.930024767051506 11.266681939735458 3.1272312928631933 1.0
vehicle.truck 0 0 0 0 0 0 0 5.717 1.955 2.042 0.1426111290875634 40.74595587019843 -6.632858612036048 3.1272312928639234 1.0
vehicle.car 0 0 0 0 0 0 0 4.486 1.444 1.742 0.9159882817074495 -20.614218133169903 -5.865043493552884 3.110312906436345 1.0
vehicle.car 0 0 0 0 0 0 0 4.329 1.688 1.768 0.6154449860068878 9.87963932370511 -5.933855754084849 3.1309986864952073 1.0
vehicle.car 0 0 0 0 0 0 0 4.741 1.461 1.638 0.43191415264942506 35.10985157367411 -6.6284860548413445 3.1272312928631933 1.0
vehicle.car 0 0 0 0 0 0 0 4.444 1.826 1.811 0.7054170124609278 -23.261297316961972 -5.593224555102191 3.1256615457265085 1.0
vehicle.car 0 0 0 0 0 0 0 4.176 1.659 1.922 1.4507355441850986 -74.34065943848616 13.00110704204052 1.545544313032381 1.0
vehicle.car 0 0 0 0 0 0 0 4.411 1.74 1.805 0.735006266773774 -9.661345319364907 -6.2224615049668435 3.082476063205897 1.0
vehicle.car 0 0 0 0 0 0 0 4.806 1.76 1.982 0.8530058686828734 -27.58373091270879 0.472456473428775 1.62225125591916 1.0
vehicle.car 0 0 0 0 0 0 0 4.442 1.565 1.738 0.5660695825524279 18.502645956272517 -5.977037743789289 3.1039467099829015 1.0
