vehicle.car 0 0 0 0 0 0 0 4.574 1.758 1.915 0.9142633508669901 14.212975828336159 -10.89214637579095 -3.09685864183043 1.0
vehicle.car 0 0 0 0 0 0 0 4.228 1.47 1.948 1.1371436383953961 21.123386968522098 -11.324231148749966 0.030833796385856704 1.0
human.pedestrian.adult 0 0 0 0 0 0 0 0.541 1.518 0.52 0.9733961043044512 15.904005302963014 -9.380768318052267 -2.8525388476969944 1.0
vehicle.car 0 0 0 0 0 0 0 4.787 1.839 2.073 0.8193959758244463 -20.487062987428892 -0.21254037343563645 1.597818434593984 1.0
vehicle.car 0 0 0 0 0 0 0 4.505 1.599 2.121 1.1415066297354282 -44.6254048504533 9.154847353695684 -3.068377911967377 1.0
vehicle.truck 0 0 0 0 0 0 0 10.675 3.888 2.99 -0.13704863734162295 42.92596809243679 3.784179402316147 1.542154332053542 1.0
vehicle.car 0 0 0 0 0 0 0 4.832 1.898 1.994 0.7768993982443391 61.819138636366574 -11.204999120412818 -3.0619557869537957 1.0
vehicle.car 0 0 0 0 0 0 0 4.359 1.666 1.89 0.9148323903621051 -13.263278522764889 -11.19799684546518 -3.1317614996189 1.0
vehicle.truck 0 0 0 0 0 0 0 10.555 4.179 2.912 0.7447549668765994 45.950376359349804 21.099601488959607 -3.1404523113334477 1.0
vehicle.truck 0 0 0 0 0 0 0 5.743 2.044 2.375 0.2381856246404659 -44.8177218540326 -10.533999700712727 -0.041036316935716854 1.0
human.pedestrian.adult 0 0 0 0 0 0 0 0.957 1.862 0.747 1.0778564376048145 -3.5011326001571152 9.44788410318238 1.666314804538362 1.0
vehicle.car 0 0 0 0 0 0 0 4.205 1.754 1.968 0.8392216221711447 17.545855721045413 -10.730745137478047 -3.1317614996189 1.0
vehicle.car 0 0 0 0 0 0 0 4.525 1.521 2.048 0.70362209406701 -34.150760716683564 -10.455469533195888 -3.1317614996189 1.0
vehicle.truck 0 0 0 0 0 0 0 10.871 3.865 2.562 0.2801027275714417 52.84736663799325 19.998404688742507 -3.1404523113334477 1.0
vehicle.truck 0 0 0 0 0 0 0 11.242 3.705 3.13 0.7568828452185208 36.92152378209186 20.701229737065763 3.1165558519801513 1.0
vehicle.car 0 0 0 0 0 0 0 4.605 1.754 1.883 0.6698655657024555 51.54482047007734 -11.040208415107038 -3.09685864183043 1.0
vehicle.car 0 0 0 0 0 0 0 4.665 2.0 1.963 1.7925559333917713 0.5928762068118236 22.87844185478687 0.029234195229507876 1.0
vehicle.car 0 0 0 0 0 0 0 4.125 1.422 1.921 1.3589586485323975 -39.12042239164468 9.342303342478864 3.1275502522890024 1.0
vehicle.car 0 0 0 0 0 0 0 4.588 1.448 1.794 0.8395221007504794 -21.23530480155383 -11.266102429473936 -3.1317614996189 1.0
static_object.bicycle_rack 0 0 0 0 0 0 0 2.544 1.769 7.329 0.6939883368912839 28.73163025130149 -12.482891378840565 3.1203253606485717 1.0
vehicle.car 0 0 0 0 0 0 0 4.516 1.609 1.921 0.7675848859487531 -31.563759722079514 -11.436680833156954 -3.09685864183043 1.0
vehicle.truck 0 0 0 0 0 0 0 5.926 2.0 1.971 0.39310005740913856 -47.51960796934009 -10.759246095646283 -0.07649711398589609 1.0
vehicle.car 0 0 0 0 0 0 0 4.675 1.695 2.026 0.6602822864979078 -41.77332285081032 -11.259492028189495 -3.125025248040103 1.0
movable_object.pushable_pullable 0 0 0 0 0 0 0 0.431 0.994 0.38 1.3238587708592977 15.983540784086784 -9.700263273557983 2.407395938617638 1.0
vehicle.car 0 0 0 0 0 0 0 4.842 1.807 1.972 0.7281481307077917 -10.838408534871421 -11.012784726500248 0.030833796385856704 1.0
vehicle.car 0 0 0 0 0 0 0 4.054 1.466 1.844 1.2215548183212857 -36.26388138043616 9.344210887294922 0.032423367471164255 1.0
vehicle.car 0 0 0 0 0 0 0 4.795 1.825 2.036 0.6019448495991394 -39.32591131920899 -11.138498067838865 -3.1317614996189 1.0
vehicle.car 0 0 0 0 0 0 0 4.872 2.0 2.034 0.6490415466961466 11.617802492283356 -10.928017679558584 -3.1317614996189 1.0
vehicle.car 0 0 0 0 0 0 0 4.346 1.42 1.808 1.3364570713521535 9.26175009147842 9.144817919357733 -1.5159507805346681 1.0
movable_object.trafficcone 0 0 0 0 0 0 0 0.42 1.56 0.42 2.394867220921853 -1.3207461594441252 25.678191049318134 3.101163691793616 1.0
vehicle.car 0 0 0 0 0 0 0 4.488 1.515 2.054 0.849286503349323 -18.822414779487286 -10.716514949764433 -0.051599728449968296 1.0
human.pedestrian.adult 0 0 0 0 0 0 0 0.526 1.866 0.779 1.1867650162302577 -6.173159162899876 13.16308665075596 2.0512464437922286 1.0
vehicle.car 0 0 0 0 0 0 0 4.881 1.673 2.353 1.7630772288214098 9.344496282415546 18.04807178011709 -1.5159507805346681 1.0
human.pedestrian.adult 0 0 0 0 0 0 0 0.464 1.849 0.71 1.6738984754709565 -8.262786664101522 20.009928908257603 -0.5310282859574542 1.0
vehicle.car 0 0 0 0 0 0 0 4.551 1.712 1.969 1.2760449808776064 -41.86002918376456 9.55330795922301 3.1275502522890024 1.0
vehicle.truck 0 0 0 0 0 0 0 10.772 3.565 2.899 1.1250767632592615 16.585889371283816 21.092800099431635 -3.093909350388066 1.0
vehicle.car 0 0 0 0 0 0 0 4.741 1.671 1.994 0.9233912439297852 45.327984999773264 -4.491014917763503 -1.5903903354185909 1.0
vehicle.car 0 0 0 0 0 0 0 4.884 2.335 2.229 1.3335270092274325 -82.26246010649687 21.225450065548554 0.04390422378958059 1.0
human.pedestrian.adult 0 0 0 0 0 0 0 0.839 1.778 0.734 1.1995096083274719 -6.310783377452921 11.156511919792447 1.3402869093638872 1.0
vehicle.car 0 0 0 0 0 0 0 4.453 2.136 2.221 0.4770322660707357 -28.779898898256985 -11.073730301170343 -3.114310070502807 1.0
vehicle.car 0 0 0 0 0 0 0 5.98 2.298 2.459 1.148944641130147 -58.52641423581912 22.781482769085557 3.1394521272567593 1.0
vehicle.car 0 0 0 0 0 0 0 4.579 1.525 1.842 1.1657854593584054 -30.422278161468707 9.494619034508215 0.03590652136329764 1.0
