vehicle.car 0 0 0 0 0 0 0 4.854 1.775 2.103 0.9191330917238856 -23.94149140363794 8.565506014541667 2.093333464039878 1.0
vehicle.car 0 0 0 0 0 0 0 5.611 2.139 2.426 0.6500279602200891 -17.22612363452451 -17.284881045495936 1.7310304923385669 1.0
vehicle.car 0 0 0 0 0 0 0 4.945 1.575 1.995 0.8975564789950115 -22.318098792296063 -8.884529110902314 1.9436745961437607 1.0
vehicle.trailer 0 0 0 0 0 0 0 15.913 4.211 2.925 0.15602800904052572 -38.516549197206466 37.171359785176094 2.277978972947592 1.0
human.pedestrian.adult 0 0 0 0 0 0 0 0.875 1.814 0.983 0.6440217490883716 5.523220340664152 -17.33355982912045 0.87025399323168 1.0
vehicle.car 0 0 0 0 0 0 0 4.602 1.532 2.016 1.565686006926796 -47.30261017487037 13.197957318572247 2.249181951152929 1.0
vehicle.car 0 0 0 0 0 0 0 4.902 1.646 1.978 1.0026457009194514 -27.565151927295023 -45.456412787490926 -2.341757435577284 1.0
vehicle.car 0 0 0 0 0 0 0 4.662 1.861 2.196 0.5797121160512223 -19.93353125028061 -11.146822990687022 2.0678133940392724 1.0
human.pedestrian.adult 0 0 0 0 0 0 0 0.854 1.347 1.024 0.9377819646765945 0.6490165568503506 10.273870573030202 2.7946440436824886 1.0
vehicle.car 0 0 0 0 0 0 0 4.238 1.792 2.028 0.945317596506548 34.78972576356563 37.202892669585374 0.2418908024530344 1.0
vehicle.car 0 0 0 0 0 0 0 5.063 1.938 2.108 1.1894291835075683 -42.46743660993983 6.7355215239336275 0.8576423651079721 1.0
vehicle.car 0 0 0 0 0 0 0 4.684 1.954 2.111 1.2782404213880194 -44.144849271263055 8.932021769246067 2.2840874330431973 1.0
vehicle.car 0 0 0 0 0 0 0 9.158 3.619 2.769 -0.12627549992138673 -53.79316385698026 17.57705142112275 0.8590989835929834 1.0
vehicle.trailer 0 0 0 0 0 0 0 7.371 3.14 2.719 0.14543668755866127 -28.959543441256965 -14.330339408196691 2.2614198112811064 1.0
vehicle.car 0 0 0 0 0 0 0 4.642 1.782 1.919 0.8907474838035114 -14.253990383276623 19.51835697845795 2.473881498508515 1.0
vehicle.car 0 0 0 0 0 0 0 7.015 2.02 2.285 0.703740539284559 8.419106612113769 -9.90654149274026 1.9353303013352976 1.0
vehicle.car 0 0 0 0 0 0 0 5.025 1.482 1.885 0.7824894363453927 -28.890991856843716 -2.040071328307813 0.6581272560320484 1.0
vehicle.car 0 0 0 0 0 0 0 5.072 1.979 2.067 0.8446101012337812 -16.458201175509547 16.731652271221577 2.4467921607526595 1.0
vehicle.car 0 0 0 0 0 0 0 4.511 1.881 2.001 0.6437947544214181 -19.425081657899085 -14.001315489795378 1.813964953508557 1.0
vehicle.car 0 0 0 0 0 0 0 4.169 1.771 2.156 0.933021604427222 43.88080219309505 62.40168690980715 -2.639065664393782 1.0
vehicle.car 0 0 0 0 0 0 0 4.94 1.538 2.043 1.5285154467730941 -45.505233132047245 11.679181786971162 0.8750930888221573 1.0
vehicle.trailer 0 0 0 0 0 0 0 17.98 4.858 3.054 -0.12296837365815949 -27.4681376090836 37.42402240186592 2.260526231311271 1.0
human.pedestrian.adult 0 0 0 0 0 0 0 0.965 1.72 0.818 0.7578351161913937 9.999818680451538 20.4759692187489 0.4811855621895642 1.0
vehicle.truck 0 0 0 0 0 0 0 5.113 4.206 2.485 -0.7300237136407093 -38.53190614191605 32.93685373263789 2.2635106494936696 1.0
vehicle.car 0 0 0 0 0 0 0 7.593 3.438 3.306 0.33033469880095057 -18.32693583929703 25.292058895138982 2.5324853506312026 1.0
