vehicle.trailer 0 0 0 0 0 0 0 17.98 4.858 3.054 0.30650966282514525 -26.00727396175579 29.56629795192776 2.555216170355152 1.0
vehicle.car 0 0 0 0 0 0 0 4.511 1.881 2.001 0.527907423594524 -3.3607312804809224 -17.3386978866471 2.1086913618011884 1.0
vehicle.car 0 0 0 0 0 0 0 4.945 1.575 1.995 0.8021875279324717 -7.7532826869184515 -13.428244771448295 2.27387385907209 1.0
vehicle.car 0 0 0 0 0 0 0 4.642 1.782 1.919 1.0329144069572502 -8.249550713919655 16.126582248053584 2.1793120323339403 1.0
vehicle.car 0 0 0 0 0 0 0 9.158 3.619 2.769 0.23135200257133376 -45.490757000238574 2.8031570858922734 0.5680886988099592 1.0
vehicle.trailer 0 0 0 0 0 0 0 7.371 3.14 2.719 0.09961818324026651 -12.421597683431264 -20.42451809438466 2.556109682270831 1.0
vehicle.car 0 0 0 0 0 0 0 7.015 2.02 2.285 0.33342073716800535 22.18166911437239 -5.371721368001894 2.269311341326837 1.0
vehicle.car 0 0 0 0 0 0 0 4.684 1.954 2.111 1.3177825984720755 -33.68554369798655 -2.556773179383934 2.5787755823033898 1.0
vehicle.car 0 0 0 0 0 0 0 5.025 1.482 1.885 0.9337645969551065 -15.920315471299375 -8.667945098764733 0.9530131760116332 1.0
human.pedestrian.adult 0 0 0 0 0 0 0 0.965 1.72 0.818 0.8199601543831376 14.791495384261983 21.791536898161407 0.1884235632288691 1.0
vehicle.car 0 0 0 0 0 0 0 4.94 1.538 2.043 1.6107497354947544 -35.78336747785301 -0.32664411467657944 0.5809892467554718 1.0
vehicle.car 0 0 0 0 0 0 0 7.593 3.438 3.306 0.513160942359002 -13.691634550985556 20.57293961632497 2.237910307250944 1.0
vehicle.car 0 0 0 0 0 0 0 4.854 1.775 2.103 1.1530168274059744 -27.687512950938956 7.758732256519594 1.9894907939757607 1.0
vehicle.car 0 0 0 0 0 0 0 5.072 1.979 2.067 0.9508863339897016 -9.458722231814027 12.951265470855096 2.1522253360284793 1.0
vehicle.car 0 0 0 0 0 0 0 4.662 1.861 2.196 0.5818517047229994 -4.704533798822907 -14.769365326188852 2.349429937883828 1.0
human.pedestrian.adult 0 0 0 0 0 0 0 0.854 1.347 1.024 0.9195542322681601 8.786733818652372 11.738468781420734 2.500045946982093 1.0
vehicle.car 0 0 0 0 0 0 0 5.611 2.139 2.426 0.3741239519295465 -0.36660073921440184 -19.843987080672235 2.0257644258406646 1.0
vehicle.trailer 0 0 0 0 0 0 0 15.913 4.211 2.925 0.6008842140020862 -36.50464337664378 26.11265422522504 2.5726675853171503 1.0
human.pedestrian.adult 0 0 0 0 0 0 0 0.875 1.814 0.983 0.21754978527087265 20.57144003935657 -14.858610175639512 0.4977265039301719 1.0
vehicle.car 0 0 0 0 0 0 0 6.002 1.908 2.324 1.8465311179547306 -51.65955126199305 7.946487794817911 2.5523890413724404 1.0
vehicle.car 0 0 0 0 0 0 0 4.238 1.792 2.028 1.0927623563221918 33.516418167968794 46.685130766922875 0.061270345673415605 1.0
vehicle.car 0 0 0 0 0 0 0 5.063 1.938 2.108 1.1938039688902131 -31.4432582876264 -4.1701545471615376 0.5635576276966412 1.0
vehicle.car 0 0 0 0 0 0 0 4.602 1.532 2.016 1.6732872331327857 -37.947159349975 0.5990420068180834 2.5438727553991978 1.0
vehicle.truck 0 0 0 0 0 0 0 5.113 4.206 2.485 -0.09736209301504145 -35.29083049163912 22.063089387500664 2.558200361302057 1.0
