vehicle.car 0 0 0 0 0 0 0 4.235 1.66 1.826 1.6165794634141426 -4.380758904799256 20.899444877960974 0.03752946054228534 1.0
vehicle.car 0 0 0 0 0 0 0 4.543 1.695 1.96 1.1323034672166437 -1.9105844797859461 8.92102098040585 0.07715982610284833 1.0
human.pedestrian.adult 0 0 0 0 0 0 0 0.709 1.869 0.796 -0.17217297625430994 71.28771841686317 1.9979806613805198 -1.4170027915508356 1.0
vehicle.car 0 0 0 0 0 0 0 3.791 1.935 1.791 1.436533119788118 -7.151307922015609 20.916041785746824 0.05170510469579348 1.0
movable_object.barrier 0 0 0 0 0 0 0 0.738 2.0 2.808 0.8358324566417494 -48.09572465199557 -4.720329473755612 0.37668989228837413 1.0
vehicle.car 0 0 0 0 0 0 0 4.497 1.635 2.172 0.5901984591635172 36.96226970513551 6.589257339279229 -3.0973600025632706 1.0
movable_object.trafficcone 0 0 0 0 0 0 0 0.295 1.254 0.343 1.0622765704126014 -41.14790644732572 -8.612600694803202 0.08457058862990197 1.0
vehicle.car 0 0 0 0 0 0 0 4.431 1.537 2.046 0.8911301529395248 20.190353545630053 7.417111465443386 -2.994466887367736 1.0
human.pedestrian.adult 0 0 0 0 0 0 0 0.625 1.821 0.593 1.3443427800756238 -25.719722159851173 15.326244416126737 2.1418436668674214 1.0
vehicle.car 0 0 0 0 0 0 0 4.134 1.742 1.935 0.6106911352031843 28.32290758103879 7.133418288772331 0.040878010706308476 1.0
vehicle.car 0 0 0 0 0 0 0 3.817 1.926 1.955 1.0498367638609292 -7.258653372015661 9.787878735059747 0.04695892808046542 1.0
movable_object.barrier 0 0 0 0 0 0 0 0.756 1.138 3.121 1.2315899241098383 -42.56215573860986 -7.557689357125103 0.5692271600871854 1.0
movable_object.barrier 0 0 0 0 0 0 0 0.758 1.127 3.014 1.3430012871178236 -45.30582827690454 -5.965889586173901 0.4950837680172313 1.0
vehicle.car 0 0 0 0 0 0 0 4.558 1.568 2.155 0.3569491596907602 -22.31613974932373 -38.55678729714249 0.9960964071270881 1.0
vehicle.car 0 0 0 0 0 0 0 4.689 1.923 2.171 0.9993910141855845 -9.711249865795978 9.310357358536802 -3.087901372911409 1.0
vehicle.car 0 0 0 0 0 0 0 4.749 1.516 1.76 0.4154195672236375 50.46654701515468 -9.580325236441062 -1.5259890506237364 1.0
vehicle.car 0 0 0 0 0 0 0 4.606 2.015 2.101 0.3434911658302489 41.89521458088318 6.507725969540329 0.07927292321317969 1.0
vehicle.truck 0 0 0 0 0 0 0 5.251 1.871 1.923 0.213970779183098 49.036709330472064 -2.9533986047920036 -2.097165360165775 1.0
vehicle.construction 0 0 0 0 0 0 0 4.568 2.368 2.904 0.06585097449681687 -65.52374265232535 -18.627467860114308 -1.7936849116669853 1.0
vehicle.trailer 0 0 0 0 0 0 0 12.137 4.271 3.363 -1.3689438523387003 -57.08055506928884 -69.85053380937738 -0.6068194527318056 1.0
movable_object.barrier 0 0 0 0 0 0 0 0.298 0.925 3.111 0.9069529096647126 -33.02252539999934 -25.656858918503204 1.9618753295907378 1.0
vehicle.car 0 0 0 0 0 0 0 4.531 1.893 1.942 1.5429772891071196 11.818643547063056 20.42337668690342 -3.129069099907622 1.0
vehicle.car 0 0 0 0 0 0 0 4.108 1.503 1.605 1.6155939902118752 -9.616832609470345 21.434406734634134 -3.113677011726539 1.0
vehicle.car 0 0 0 0 0 0 0 4.42 1.693 2.079 1.184617390391917 6.551842844106957 7.548092707963978 -3.0973600025632706 1.0
movable_object.barrier 0 0 0 0 0 0 0 0.828 1.259 4.991 0.9212294282889487 -56.39767376875789 -3.4419921865251832 0.0931238820490381 1.0
vehicle.car 0 0 0 0 0 0 0 5.165 2.0 2.148 0.6509237889272618 31.003698733402278 7.885488186444504 -0.03858674678264151 1.0
movable_object.barrier 0 0 0 0 0 0 0 0.601 1.114 3.196 1.2174480632917764 -35.150618344259414 -13.524677161697632 0.9301398369105369 1.0
movable_object.barrier 0 0 0 0 0 0 0 0.545 0.973 2.933 1.138117750858076 -33.35032479862245 -15.88316584114189 0.9125742857680326 1.0
vehicle.car 0 0 0 0 0 0 0 4.281 1.771 2.067 0.8610364593352369 9.30082415585442 7.838141201703116 -3.079908656581665 1.0
vehicle.truck 0 0 0 0 0 0 0 4.921 1.814 2.259 0.9038884202406481 0.7271509998011428 7.851191972553848 0.03527997098805491 1.0
vehicle.car 0 0 0 0 0 0 0 4.033 1.501 1.927 0.7161410675268759 -29.383245330766226 -32.76505984550179 0.9960964071270881 1.0
vehicle.car 0 0 0 0 0 0 0 4.317 1.83 1.949 0.9462969921080533 -32.175137198362236 5.22373125200536 2.071464926973757 1.0
vehicle.car 0 0 0 0 0 0 0 4.336 1.828 2.074 0.8436069961837127 12.153594208481229 7.713850250100548 -3.079908656581665 1.0
vehicle.car 0 0 0 0 0 0 0 3.673 1.579 1.868 1.4554579255719065 3.503580247620247 20.314139846658186 0.05043093169913737 1.0
vehicle.car 0 0 0 0 0 0 0 4.081 1.58 1.916 1.6755820141836362 6.351295332893219 20.172051216844228 0.06486832640375084 1.0
vehicle.car 0 0 0 0 0 0 0 4.203 1.764 2.01 0.6279739829501918 33.6742929949831 6.958705797521844 0.12847263925673236 1.0
vehicle.car 0 0 0 0 0 0 0 3.89 1.528 1.868 1.6548279118519444 -1.6734761975849182 20.77110392810163 -0.04174320202881532 1.0
vehicle.car 0 0 0 0 0 0 0 4.421 1.571 1.991 0.42506163389652035 -25.204610219301177 -35.255486790535144 0.9960964071270881 1.0
human.pedestrian.adult 0 0 0 0 0 0 0 0.829 1.752 0.691 0.4351216239345025 31.131019225117953 -11.21178774280718 -1.471016637200739 1.0
vehicle.truck 0 0 0 0 0 0 0 5.065 2.012 2.029 0.614776369188863 22.978525805848914 7.353510887198411 0.03527997098805491 1.0
vehicle.car 0 0 0 0 0 0 0 5.606 2.988 2.449 1.2513962722149696 53.70666134282988 18.12309525800892 0.03860060695630674 1.0
vehicle.truck 0 0 0 0 0 0 0 5.131 2.141 2.374 0.7034756360050954 14.680928416304873 7.977463610646326 0.04943779423506989 1.0
vehicle.car 0 0 0 0 0 0 0 4.888 1.937 2.075 0.8918205361137408 3.603697112005571 8.430952121696883 0.04695892808046542 1.0
