vehicle.car 0 0 0 0 0 0 0 5.255 2.088 2.241 1.7887259282276644 -45.06739268358389 -6.8710986971083985 -2.988110637674038 1.0
vehicle.car 0 0 0 0 0 0 0 7.015 2.02 2.285 -0.44454491586078704 42.697380215928376 6.620945189344445 2.6527663462775335 1.0
vehicle.car 0 0 0 0 0 0 0 5.063 1.938 2.108 0.9051939145702421 -7.71529640054214 -11.727354090228982 0.1936875796690556 1.0
vehicle.car 0 0 0 0 0 0 0 5.025 1.482 1.885 0.9172875635324886 8.337365400850265 -10.272494016621705 1.3232115810525666 1.0
vehicle.car 0 0 0 0 0 0 0 7.593 3.438 3.306 -0.009078380047037662 0.09589722495502666 17.684751671111627 1.8674760234173284 1.0
vehicle.car 0 0 0 0 0 0 0 5.041 1.478 2.2 1.5575608056086532 -34.64334622420663 13.970210213294342 1.2300058807252308 1.0
vehicle.car 0 0 0 0 0 0 0 5.611 2.139 2.426 0.2618415226325093 26.91838293921044 -15.106287219336739 2.396115239722004 1.0
vehicle.trailer 0 0 0 0 0 0 0 17.98 4.858 3.054 -0.4984024366084513 -14.86370325816451 21.670484772201167 2.925596732134098 1.0
vehicle.car 0 0 0 0 0 0 0 4.663 1.662 2.051 1.7911929648888063 -33.9015915145125 -6.847178695135092 -2.961879925573312 1.0
vehicle.car 0 0 0 0 0 0 0 4.854 1.775 2.103 1.118012336590508 -30.233005878237087 4.37447484928508 1.7637055155805124 1.0
vehicle.car 0 0 0 0 0 0 0 4.94 1.538 2.043 1.2784560048963878 -13.153753692984523 -9.7107178587273 0.2110376317279723 1.0
vehicle.car 0 0 0 0 0 0 0 4.511 1.881 2.001 0.4231820626870567 23.242033170872574 -13.842052031178792 2.479047630901741 1.0
vehicle.truck 0 0 0 0 0 0 0 5.113 4.206 2.485 -0.4627065147724232 -20.7922058554373 11.309748516736935 2.9285810634975924 1.0
vehicle.car 0 0 0 0 0 0 0 4.662 1.861 2.196 0.43314639150134043 21.105358100225846 -11.922636663253341 2.715437150763001 1.0
vehicle.car 0 0 0 0 0 0 0 4.945 1.575 1.995 0.7159745103889117 17.648154319467128 -11.979021709802376 2.662661732376378 1.0
vehicle.trailer 0 0 0 0 0 0 0 15.913 4.211 2.925 -0.12073590477937063 -23.39848657707346 14.654508882133632 2.9430489649984644 1.0
vehicle.car 0 0 0 0 0 0 0 5.072 1.979 2.067 0.3413152722446167 6.576976499564296 12.187804998215574 1.7817885888858704 1.0
vehicle.car 0 0 0 0 0 0 0 6.002 1.908 2.324 1.4403060780856551 -30.948908938071856 -7.74608803174943 2.922769469911728 1.0
human.pedestrian.adult 0 0 0 0 0 0 0 0.875 1.814 0.983 -0.39588900496401996 44.69805569771626 -5.411439662334315 0.05275021285657644 1.0
vehicle.car 0 0 0 0 0 0 0 4.684 1.954 2.111 1.0121297231157962 -10.389963515871344 -11.033859638177471 2.94915724641767 1.0
vehicle.trailer 0 0 0 0 0 0 0 17.276 4.567 3.124 -0.430068537638025 -18.47545956653001 22.482868823763106 2.9343228483258406 1.0
vehicle.car 0 0 0 0 0 0 0 4.602 1.532 2.016 1.3339486127675777 -15.507696784158853 -9.639496415438131 2.9142527813114523 1.0
human.pedestrian.adult 0 0 0 0 0 0 0 0.965 1.72 0.818 -0.02037412349348272 27.303111294973938 25.56715891473647 0.1854045098794468 1.0
vehicle.car 0 0 0 0 0 0 0 9.158 3.619 2.769 0.37133764686377324 -23.038352475123848 -10.38799490739164 0.19462503269784825 1.0
vehicle.bicycle 0 0 0 0 0 0 0 1.529 0.95 0.444 1.5123514322614955 -35.552474813053436 8.830519724412401 1.4202172722322848 1.0
vehicle.car 0 0 0 0 0 0 0 5.163 1.827 2.234 2.1670239642434037 -55.766015198479906 -4.6934020057146535 -2.988110637674038 1.0
vehicle.car 0 0 0 0 0 0 0 4.642 1.782 1.919 0.598066960498885 6.534459718687837 15.592090076454776 1.8088760555318402 1.0
vehicle.trailer 0 0 0 0 0 0 0 17.968 4.056 3.178 -0.119432145675401 -26.711213813582418 15.956199151246627 -2.9605011997032573 1.0
vehicle.trailer 0 0 0 0 0 0 0 7.371 3.14 2.719 0.07424384515368729 16.057430793870285 -19.950853206918296 2.9090380551527106 1.0
human.pedestrian.adult 0 0 0 0 0 0 0 0.854 1.347 1.024 0.2720446371378604 24.023167911494912 17.664494764615753 2.129619598640989 1.0
