vehicle.car 0 0 0 0 0 0 0 4.602 1.532 2.016 1.7797061877439266 -49.214905503768335 18.42043970661203 2.140387687499242 1.0
vehicle.trailer 0 0 0 0 0 0 0 7.371 3.14 2.719 0.13943427102874312 -33.94851013553055 -10.914810905916928 2.1526253145924414 1.0
vehicle.car 0 0 0 0 0 0 0 4.902 1.646 1.978 0.977175224861303 -36.0090752681884 -42.0606354644087 -2.232961453447924 1.0
vehicle.car 0 0 0 0 0 0 0 4.642 1.782 1.919 1.0189862272690033 -15.611395546533025 21.15767694436123 2.5826984203719103 1.0
vehicle.car 0 0 0 0 0 0 0 7.015 2.02 2.285 0.6880000949292276 3.6926220802550422 -10.575642731412499 1.8309058414660635 1.0
vehicle.car 0 0 0 0 0 0 0 4.684 1.954 2.111 1.475273387510191 -46.541581587989675 13.836255055938672 2.175292509587358 1.0
vehicle.car 0 0 0 0 0 0 0 7.593 3.438 3.306 0.45654771905851393 -19.116403089803498 27.324154386637233 2.641301489410532 1.0
vehicle.car 0 0 0 0 0 0 0 5.611 2.139 2.426 0.6790091772327738 -22.61252270245699 -15.145721190689853 1.6222484935463868 1.0
vehicle.car 0 0 0 0 0 0 0 4.854 1.775 2.103 1.0059007869521444 -22.272994218472135 8.388134513041786 2.1316188669971643 1.0
vehicle.car 0 0 0 0 0 0 0 4.945 1.575 1.995 1.0226688913111717 -26.77141012978557 -6.226630969836169 1.817822510551502 1.0
vehicle.car 0 0 0 0 0 0 0 5.025 1.482 1.885 0.8786365204025749 -32.56020760844522 1.2844437486841274 0.5494414926483766 1.0
vehicle.car 0 0 0 0 0 0 0 5.072 1.979 2.067 0.9637603125341795 -18.17315971835199 18.584280856246238 2.555609446962631 1.0
human.pedestrian.adult 0 0 0 0 0 0 0 0.965 1.72 0.818 0.8040025481485388 8.845379190276171 20.180613747488987 0.590044829524798 1.0
vehicle.trailer 0 0 0 0 0 0 0 17.98 4.858 3.054 0.06457641512466816 -26.873947983707293 40.35161514136469 2.1517317515750136 1.0
vehicle.truck 0 0 0 0 0 0 0 5.113 4.206 2.485 -0.33840674292591016 -38.342021049177745 37.11308989993801 2.1503530110356968 1.0
vehicle.car 0 0 0 0 0 0 0 4.511 1.881 2.001 0.7493975018476855 -24.46166108162333 -11.637282971417141 1.7051805804622546 1.0
vehicle.car 0 0 0 0 0 0 0 4.169 1.771 2.156 0.8025371754753685 46.76695247615897 57.433999880511905 -2.530264727504239 1.0
vehicle.car 0 0 0 0 0 0 0 4.94 1.538 2.043 1.7342962377327247 -47.59483672804261 16.714402163543774 0.9839410547235143 1.0
vehicle.car 0 0 0 0 0 0 0 4.238 1.792 2.028 0.9174890763470397 35.05576698493833 33.60603837620544 0.348229238997658 1.0
vehicle.car 0 0 0 0 0 0 0 4.662 1.861 2.196 0.7168885500187049 -24.656732418532176 -8.713894639093258 1.954659755005184 1.0
vehicle.car 0 0 0 0 0 0 0 5.063 1.938 2.108 1.377546904863323 -45.112883299835936 11.470777358725064 0.9664908825188157 1.0
vehicle.car 0 0 0 0 0 0 0 9.158 3.619 2.769 0.18963634390886508 -55.10776023643589 23.537753845044847 0.9581959285381334 1.0
human.pedestrian.adult 0 0 0 0 0 0 0 0.854 1.347 1.024 0.9910738658220845 -1.8681386701629883 10.3069584275908 2.903456733733675 1.0
vehicle.trailer 0 0 0 0 0 0 0 15.913 4.211 2.925 0.3791484052474104 -37.883556301765054 41.29958409970826 2.169184163883922 1.0
human.pedestrian.adult 0 0 0 0 0 0 0 0.875 1.814 0.983 0.6117453276610056 0.5130219132022787 -17.355152521076306 0.9791021114882472 1.0
