vehicle.car 0 0 0 0 0 0 0 3.673 1.579 1.868 1.4013498085856029 -26.737293501489336 20.743360203187386 0.0460086110257083 1.0
vehicle.car 0 0 0 0 0 0 0 4.383 1.651 1.986 1.6720290788553784 1.9004347601190783 19.68284441031418 0.05098217759442747 1.0
human.pedestrian.adult 0 0 0 0 0 0 0 0.829 1.752 0.691 0.8396144461598212 -3.9584152189742996 -10.245325660736837 -1.5559258029429675 1.0
vehicle.car 0 0 0 0 0 0 0 4.609 1.542 1.772 0.5224459196312446 34.78761303689721 -8.869777580519584 -1.5739866466894679 1.0
vehicle.car 0 0 0 0 0 0 0 4.303 1.6 1.981 1.0268194080182071 9.337695010081596 7.402940686954443 -3.1272298396318785 1.0
vehicle.car 0 0 0 0 0 0 0 4.392 1.728 1.81 0.6846893008852546 27.477253161614268 -8.540603494216894 -1.5385159900434733 1.0
vehicle.car 0 0 0 0 0 0 0 4.317 1.83 1.949 0.7068660555777027 -33.15085872100248 0.4149299762401811 1.5967231366297083 1.0
vehicle.car 0 0 0 0 0 0 0 4.134 1.742 1.935 0.9797783655748785 -1.7604840319101986 7.859876231885755 0.03950378832587553 1.0
vehicle.car 0 0 0 0 0 0 0 4.497 1.635 2.172 1.1837010913521115 6.88333178425858 7.415118254932245 -3.109779427962553 1.0
vehicle.car 0 0 0 0 0 0 0 4.902 2.0 2.057 1.9243489854688365 42.14837034020022 19.76723165082065 0.10758175636178002 1.0
vehicle.truck 0 0 0 0 0 0 0 5.065 2.012 2.029 0.860062847272047 -7.106287649378601 8.017983404840384 0.03689077305631594 1.0
human.pedestrian.adult 0 0 0 0 0 0 0 0.613 1.807 0.787 1.5371764320657046 23.08907594038001 15.828431783491935 -1.351367940519781 1.0
vehicle.car 0 0 0 0 0 0 0 4.42 1.693 2.079 1.125678058805181 -23.531142465633774 8.015371060292315 -3.109779427962554 1.0
vehicle.car 0 0 0 0 0 0 0 4.749 1.516 1.76 0.8107469444833961 20.590539782698105 -8.492662831437082 -1.5385159900434733 1.0
vehicle.car 0 0 0 0 0 0 0 4.531 1.893 1.942 1.5893228265368453 -18.424875482812435 20.95174164981645 -3.1414868262332556 1.0
vehicle.car 0 0 0 0 0 0 0 4.675 1.819 2.097 0.5575975963210511 39.68234982806861 7.463313434495862 -3.1050503665014055 1.0
vehicle.car 0 0 0 0 0 0 0 4.431 1.537 2.046 1.133289263870426 -9.894621936060322 8.045135402710168 -3.0068918316163513 1.0
human.pedestrian.adult 0 0 0 0 0 0 0 0.637 1.821 0.532 0.4022424073724426 83.12141090736463 4.68792025253627 1.3598638831587078 1.0
vehicle.car 0 0 0 0 0 0 0 4.26 1.651 1.945 1.6485995149615238 -1.307971193688314 19.608862715892805 0.05098217759442747 1.0
vehicle.car 0 0 0 0 0 0 0 4.235 1.66 1.826 1.5882444606413724 -34.62817645653809 21.22873694217902 0.03777228072207661 1.0
vehicle.construction 0 0 0 0 0 0 0 4.568 2.368 2.904 -0.19795276625721064 -95.12208717431103 -19.10527926668308 -1.775651300265742 1.0
human.pedestrian.adult 0 0 0 0 0 0 0 0.709 1.869 0.796 0.26455590115389305 38.321588273085204 3.27115902949448 -1.5698166852487496 1.0
vehicle.car 0 0 0 0 0 0 0 5.165 2.0 2.148 0.9209878943630359 0.9166580463069973 8.506574750156606 -0.05175773928221972 1.0
vehicle.car 0 0 0 0 0 0 0 4.16 1.826 1.942 0.9597779257858385 50.666967510447286 18.905742868605106 0.07938287609889505 1.0
movable_object.barrier 0 0 0 0 0 0 0 0.601 1.114 3.196 1.0378428094500411 -64.96403377274926 -13.63263143189444 0.9179446419548647 1.0
vehicle.car 0 0 0 0 0 0 0 4.578 1.699 2.113 0.3138902089008575 46.17223829110161 -9.281096601295479 -1.5390917522866001 1.0
vehicle.car 0 0 0 0 0 0 0 5.606 2.988 2.449 1.2921148435173293 23.487713162400265 19.173862724796553 0.038280231240115814 1.0
vehicle.truck 0 0 0 0 0 0 0 5.131 2.141 2.374 0.8653877743431408 -15.410226903371676 8.541280176419068 0.045259122604681234 1.0
vehicle.car 0 0 0 0 0 0 0 4.888 1.937 2.075 0.9116282041471093 -26.4909123624154 8.860951226702202 0.04344995460886114 1.0
vehicle.truck 0 0 0 0 0 0 0 5.469 2.0 2.14 1.4832312382437953 -8.501027134814388 21.24960662061628 3.1283489157439295 1.0
vehicle.car 0 0 0 0 0 0 0 4.693 2.06 2.205 1.6803325317129638 9.564585361996224 20.783617140907193 0.04474437399925968 1.0
vehicle.car 0 0 0 0 0 0 0 4.606 2.015 2.101 0.7155023466765054 11.818039392786034 7.404499694484945 0.07101480971636187 1.0
vehicle.truck 0 0 0 0 0 0 0 5.251 1.871 1.923 0.9190027460247232 -3.699334950596866 -3.8966431271411848 -1.5556493280596868 1.0
vehicle.car 0 0 0 0 0 0 0 4.336 1.828 2.074 1.0407651670241465 -17.934123822596515 8.243988886161297 -3.0923290170931503 1.0
vehicle.car 0 0 0 0 0 0 0 4.594 1.744 2.021 0.9515262058839227 14.91211238162147 7.456902725350353 -3.0923290170931503 1.0
vehicle.truck 0 0 0 0 0 0 0 4.921 1.814 2.259 0.8462436189245519 -29.35946959110977 8.24804317346694 0.03689077305631594 1.0
vehicle.car 0 0 0 0 0 0 0 4.718 1.972 2.038 1.513961987486764 -5.763158821659881 20.188492714913558 0.05098217759442747 1.0
movable_object.barrier 0 0 0 0 0 0 0 0.756 1.138 3.121 1.188946323719498 -72.48527405718481 -7.719130496597274 0.5572008772440817 1.0
vehicle.car 0 0 0 0 0 0 0 4.589 2.066 2.279 0.5259645300436041 31.295466125931835 7.415825373366274 0.05153609704253981 1.0
vehicle.car 0 0 0 0 0 0 0 4.689 1.923 2.171 0.8588363112386619 -39.814388837888856 9.580009377027904 -3.100321305126398 1.0
vehicle.car 0 0 0 0 0 0 0 4.281 1.771 2.067 0.9116715549487269 -20.787171002438022 8.337960312244695 -3.0923290170931503 1.0
vehicle.car 0 0 0 0 0 0 0 4.526 1.632 1.944 0.6243335560237238 47.73936530629526 6.9873440076405595 -3.1050503665014055 1.0
vehicle.car 0 0 0 0 0 0 0 4.203 1.764 2.01 0.9955802144860291 3.593562477787068 7.760582357098018 0.11825474315651308 1.0
