movable_object.trafficcone 0 0 0 0 0 0 0 0.35 0.636 0.349 0.6032269926479716 30.905574559391283 -14.02414543985668 -3.1308941659969847 1.0
vehicle.car 0 0 0 0 0 0 0 4.707 1.74 2.201 -0.43829179968057574 2.6698739548119215 -40.297884000894705 0.04511780219837114 1.0
vehicle.car 0 0 0 0 0 0 0 4.355 1.713 1.893 -0.26459875120131066 -8.064929383157034 -40.6653251799157 0.04511780219837114 1.0
movable_object.trafficcone 0 0 0 0 0 0 0 0.323 1.261 0.392 1.210135482474638 -22.032618351416453 6.636662831435266 2.1126962198303074 1.0
vehicle.car 0 0 0 0 0 0 0 4.846 1.668 2.106 0.7153295773973304 8.28126931219198 -8.585403021609574 2.6063764653662247 1.0
vehicle.car 0 0 0 0 0 0 0 4.604 1.454 1.908 0.23084353324983956 -13.897974750026243 -25.905426003741646 0.04511780219837114 1.0
movable_object.trafficcone 0 0 0 0 0 0 0 0.345 0.691 0.36 0.8230346051639966 -2.0871507126174413 -15.26646010983504 0.4149883949354005 1.0
movable_object.trafficcone 0 0 0 0 0 0 0 0.306 0.735 0.378 0.921179073411513 -5.498193211743802 -14.064993201216355 0.04511780219837114 1.0
vehicle.car 0 0 0 0 0 0 0 5.506 2.493 1.979 2.8913354313561594 57.42076662644692 62.78900951695962 1.5701720900072624 1.0
vehicle.car 0 0 0 0 0 0 0 4.276 1.817 2.032 1.0017100921185726 -23.304611913021674 0.21677457416094262 1.5672064487230193 1.0
human.pedestrian.adult 0 0 0 0 0 0 0 0.66 1.094 0.873 1.457599595857728 6.338594875245835 15.609958522532134 0.1627446659911409 1.0
vehicle.car 0 0 0 0 0 0 0 5.093 1.821 2.155 0.6229481608859524 -35.172742557037466 -7.176196101827563 3.116760371219706 1.0
vehicle.car 0 0 0 0 0 0 0 5.699 2.353 1.773 1.4017195209947615 10.953972318778828 22.303108264690913 1.5137602185856966 1.0
vehicle.car 0 0 0 0 0 0 0 5.413 2.0 2.144 -0.5704680656387398 24.46817059243439 -26.582550277906805 0.06610680310742101 1.0
vehicle.car 0 0 0 0 0 0 0 4.842 1.931 2.077 -0.4432315187496354 -2.832450550471587 -39.51023011895543 0.044115174115447076 1.0
vehicle.truck 0 0 0 0 0 0 0 6.629 2.1 2.201 0.9668267608105502 -28.19047625457452 8.446665569134133 1.5119067653964144 1.0
vehicle.car 0 0 0 0 0 0 0 4.682 1.708 1.924 -0.14991330969290756 13.585162622051463 -26.44019082499625 0.06922119645413938 1.0
vehicle.car 0 0 0 0 0 0 0 4.945 1.795 2.146 0.04006175192201218 -8.299901228541621 -26.14585304041579 0.04511780219837114 1.0
vehicle.car 0 0 0 0 0 0 0 5.173 1.538 1.857 1.9193502265496403 17.801979726757992 23.958826535692786 2.2301210589173994 1.0
vehicle.car 0 0 0 0 0 0 0 4.837 1.681 2.114 -0.444267635864638 30.166129813541882 -26.612014936760126 0.05424779626023346 1.0
vehicle.construction 0 0 0 0 0 0 0 2.899 2.108 1.42 0.7681863349732135 -55.832563504912564 9.901478074550425 0.05912515076721059 1.0
vehicle.car 0 0 0 0 0 0 0 4.854 1.748 2.145 0.039680581327265735 -2.900991977090427 -25.61027414864975 0.04511780219837114 1.0
vehicle.truck 0 0 0 0 0 0 0 5.9 2.019 2.073 1.1001579029542705 -35.077845447704426 11.609154051968197 1.5741844348295553 1.0
movable_object.trafficcone 0 0 0 0 0 0 0 0.365 0.72 0.36 0.7297299796484731 25.12204207073244 -13.701030991234925 -3.1308941659969847 1.0
vehicle.car 0 0 0 0 0 0 0 4.79 1.81 1.954 -0.4241692224126361 63.97551990779736 -7.677688265123686 0.05583980442790493 1.0
vehicle.car 0 0 0 0 0 0 0 6.946 3.076 2.44 1.2389874284205946 -0.7718612482828746 44.0440571267718 1.5488239097982248 1.0
vehicle.car 0 0 0 0 0 0 0 4.477 1.495 1.986 -0.025460660582543482 10.939915723310033 -25.85610060694069 0.047553828031275724 1.0
vehicle.car 0 0 0 0 0 0 0 4.799 1.975 1.932 0.9032041283831362 -28.208702865392624 -3.823447264548473 1.6505948256526137 1.0
vehicle.truck 0 0 0 0 0 0 0 6.341 2.603 2.149 0.7103269284871818 -87.95260236850216 11.70358592109606 1.611517044420732 1.0
vehicle.construction 0 0 0 0 0 0 0 6.526 2.688 2.536 0.7797264383692794 -41.519226610930495 11.444693155278019 1.6265200443851944 1.0
vehicle.truck 0 0 0 0 0 0 0 4.957 1.87 2.145 0.5533961595812946 55.978704503777145 18.555030204717642 1.62494995840302 1.0
vehicle.car 0 0 0 0 0 0 0 4.793 1.655 1.983 -0.010954346892453629 2.6888858446963084 -25.568572331658867 0.06922119645413938 1.0
vehicle.car 0 0 0 0 0 0 0 5.424 2.381 1.919 1.4927420219520309 22.409208799565008 27.812570132567295 2.3348105837618807 1.0
vehicle.car 0 0 0 0 0 0 0 4.732 2.0 1.982 3.184579456959533 56.87241809960858 59.172947870006965 1.5718511481010093 1.0
vehicle.car 0 0 0 0 0 0 0 4.489 1.584 1.822 0.6918684217491917 56.28295597901509 21.446485975160122 1.62494995840302 1.0
vehicle.car 0 0 0 0 0 0 0 4.748 1.841 2.135 -0.08856046211323726 -0.037606600320186985 -25.762590985784694 0.04511780219837114 1.0
vehicle.truck 0 0 0 0 0 0 0 6.312 2.213 2.285 0.601321911188072 -40.95296293904031 -6.130206311819313 0.05190936190921169 1.0
vehicle.car 0 0 0 0 0 0 0 4.652 1.625 2.008 -0.006997352650172428 7.986861857503246 -26.5403585786905 0.06716105313011722 1.0
vehicle.car 0 0 0 0 0 0 0 5.887 2.185 2.055 1.4464261177126456 71.03989076088433 36.15295596381226 3.1067489135180715 1.0
vehicle.trailer 0 0 0 0 0 0 0 14.847 4.321 3.527 -0.23054769304246575 -98.31529886107147 9.215017587806113 1.569125392628532 1.0
movable_object.trafficcone 0 0 0 0 0 0 0 0.341 0.746 0.348 0.7520615742481045 12.866650343191676 -13.880875102638342 0.04511780219837114 1.0
movable_object.trafficcone 0 0 0 0 0 0 0 0.348 0.668 0.343 0.8771672812984266 6.803550867793386 -13.782390009921198 0.04511780219837114 1.0
vehicle.car 0 0 0 0 0 0 0 4.856 1.792 1.804 -0.6854009013743694 26.091820279316124 -41.00633404422686 0.06922119645413938 1.0
movable_object.trafficcone 0 0 0 0 0 0 0 0.314 1.27 0.376 1.1911630462229663 -21.43726475115025 6.660053797912754 2.1126962198303074 1.0
vehicle.car 0 0 0 0 0 0 0 5.294 2.478 2.168 -0.9707288616394838 48.19188566984812 -39.76183065359046 3.106923404804414 1.0
