vehicle.car 0 0 0 0 0 0 0 4.562 2.0 2.02 1.6988576998930878 0.40029854333043197 46.29537820627947 0.038682032413194456 1.0
vehicle.car 0 0 0 0 0 0 0 4.675 1.819 2.097 1.0184590332128465 -55.20407965417119 8.652183629788208 -3.109738988925324 1.0
vehicle.car 0 0 0 0 0 0 0 4.275 1.528 1.963 0.897833391703737 -52.55643516052727 8.45093231951308 -3.109738988925324 1.0
vehicle.car 0 0 0 0 0 0 0 4.539 1.732 2.011 1.9689604758529498 5.680868198762552 28.081573068292812 -0.036159189798901537 1.0
vehicle.car 0 0 0 0 0 0 0 4.326 1.714 1.994 1.9538354868412915 3.0016466398769395 33.20599314017508 3.126957101136897 1.0
human.pedestrian.adult 0 0 0 0 0 0 0 0.709 1.869 0.796 0.28583456619608694 -61.567652787988735 5.439448912933494 -1.6555722680771687 1.0
vehicle.car 0 0 0 0 0 0 0 4.16 1.826 1.942 1.3269693485451026 -44.27508227897322 20.090272970156587 0.07371974367573131 1.0
vehicle.car 0 0 0 0 0 0 0 4.873 1.844 2.104 1.3044013263673473 -41.6529046322493 21.22229287872594 0.04592604610947948 1.0
vehicle.car 0 0 0 0 0 0 0 4.415 1.613 1.978 2.475448162331209 11.28834476331258 32.99387423999122 3.126957101136897 1.0
vehicle.car 0 0 0 0 0 0 0 5.115 1.729 2.041 0.36283644398239007 54.96544520044663 -19.781068546638206 -0.21917534667458405 1.0
vehicle.car 0 0 0 0 0 0 0 4.498 1.747 2.026 1.2222030850225614 31.52890977636631 14.556354511769884 -3.0888502539482374 1.0
vehicle.car 0 0 0 0 0 0 0 5.188 1.872 2.005 0.5888760329412055 -32.42580170466224 -7.574662708943038 -1.596067673955333 1.0
vehicle.car 0 0 0 0 0 0 0 4.485 1.692 1.933 1.9168722621746805 -19.300556511054587 38.719742802120756 -1.5433033625319812 1.0
vehicle.car 0 0 0 0 0 0 0 4.505 1.749 1.952 1.4773205452866613 26.181149006268413 15.071779411509599 -3.066076822899217 1.0
vehicle.truck 0 0 0 0 0 0 0 5.989 1.972 2.225 0.7219669421852498 -41.80806074603219 9.371981415794746 0.04133490316264643 1.0
vehicle.car 0 0 0 0 0 0 0 4.573 1.786 2.07 1.7984269491027645 -7.912530414277957 33.27030812254644 -0.036159189798901537 1.0
vehicle.car 0 0 0 0 0 0 0 4.58 1.485 1.979 1.699521725758074 21.047128656753205 14.848641144598064 -3.122303641958629 1.0
vehicle.truck 0 0 0 0 0 0 0 6.459 2.305 2.521 1.4634129528603959 -35.721852506554804 19.324022617426326 3.094097043554804 1.0
vehicle.car 0 0 0 0 0 0 0 4.274 1.558 1.994 1.4209205446299453 23.607456374512477 14.79554350296195 -3.122303641958629 1.0
vehicle.car 0 0 0 0 0 0 0 4.434 1.849 1.808 1.420403250379956 -13.1524646576265 13.25708341465424 0.08218776794720961 1.0
vehicle.car 0 0 0 0 0 0 0 5.691 2.0 2.214 2.225112472074013 30.685731566615853 51.00516201308558 0.038682032413194456 1.0
vehicle.car 0 0 0 0 0 0 0 5.606 2.988 2.449 1.3950848936968039 -71.44919455760744 20.30199717917029 0.0338720979741054 1.0
vehicle.car 0 0 0 0 0 0 0 4.317 1.83 1.949 0.8843733927713123 -24.941451391901424 0.19113684462576291 1.5818004134984456 1.0
vehicle.car 0 0 0 0 0 0 0 5.788 2.0 2.429 1.8271502906256232 -5.174549981749869 27.865036702835415 3.126957101136897 1.0
vehicle.car 0 0 0 0 0 0 0 4.723 1.859 2.042 2.2773704835411666 13.775918193999804 27.881968855488804 3.126957101136897 1.0
vehicle.car 0 0 0 0 0 0 0 4.687 1.668 2.003 1.8702325098113415 -19.63528644512076 33.48556611378293 -1.5433033625319812 1.0
human.pedestrian.adult 0 0 0 0 0 0 0 0.637 1.821 0.532 0.8891969468759299 22.84034842767018 7.772540127376566 1.6621926307658352 1.0
vehicle.car 0 0 0 0 0 0 0 4.373 1.479 1.917 1.4726952847504322 -30.152170281242018 15.465691404667414 -3.125095787183361 1.0
vehicle.car 0 0 0 0 0 0 0 4.367 1.832 2.014 2.3537609707687137 16.634423817187532 27.725025886021427 3.126957101136897 1.0
vehicle.car 0 0 0 0 0 0 0 4.526 1.632 1.944 0.8890393118988061 -47.14489579224154 8.21940191188689 -3.109738988925324 1.0
human.pedestrian.adult 0 0 0 0 0 0 0 0.566 1.78 0.575 1.0766213670049993 -4.172646147980626 3.998937188195667 -2.58843001832639 1.0
vehicle.car 0 0 0 0 0 0 0 4.393 1.836 1.895 2.4428495904065164 30.62446377455091 45.25354225818559 0.038682032413194456 1.0
vehicle.car 0 0 0 0 0 0 0 4.324 1.635 1.882 2.507746463302345 19.494448947131016 27.91876469003355 3.126957101136897 1.0
vehicle.car 0 0 0 0 0 0 0 4.755 1.57 1.86 0.9563247117147877 -20.88635480257461 -7.318528637866155 -1.5780432719016968 1.0
vehicle.car 0 0 0 0 0 0 0 4.681 1.815 1.844 1.043944740988195 -3.850247367364817 5.09695734482739 1.5938283164067197 1.0
vehicle.car 0 0 0 0 0 0 0 4.728 2.0 2.317 1.9219504609584295 -19.122053773992118 55.57756709782271 -1.501287908593448 1.0
vehicle.car 0 0 0 0 0 0 0 4.578 1.699 2.113 0.2767247961762961 -48.31047927946306 -7.833894169234637 -1.5437221238298342 1.0
vehicle.car 0 0 0 0 0 0 0 4.222 1.446 1.852 2.5724069739796622 22.277097838972875 27.67315287620896 -0.036159189798901537 1.0
vehicle.car 0 0 0 0 0 0 0 4.575 1.496 1.892 0.8846152321803901 -36.44318408562566 8.38870630048467 0.03606557643558794 1.0
vehicle.car 0 0 0 0 0 0 0 4.44 1.758 2.024 1.9106607437007634 3.1632602092649607 28.02527784248261 3.092055287534402 1.0
vehicle.car 0 0 0 0 0 0 0 4.806 1.801 1.822 0.560814262529959 -41.248033093211085 -7.24480840179386 -1.6135163527828507 1.0
movable_object.pushable_pullable 0 0 0 0 0 0 0 2.112 0.901 0.843 1.6223027291700762 -29.56532620307033 11.735136802401279 -1.5723550468909995 1.0
vehicle.car 0 0 0 0 0 0 0 5.256 2.436 2.248 -0.17845254510383468 39.24650884398608 -22.546138537043753 -0.5947176973831318 1.0
vehicle.car 0 0 0 0 0 0 0 4.639 1.697 1.982 1.7586501194034847 13.802144942105382 14.88322159502122 -3.119354438648095 1.0
human.pedestrian.adult 0 0 0 0 0 0 0 1.004 1.835 0.749 0.5995906331068281 60.84460188810495 -5.761541411392401 -3.0401622323470665 1.0
vehicle.car 0 0 0 0 0 0 0 3.814 1.531 1.897 0.6928637494229319 24.119321770434393 -12.008610356457101 -3.0698287673679765 1.0
vehicle.truck 0 0 0 0 0 0 0 5.215 2.0 2.273 1.739867234434231 -2.3449313767564672 27.597041892480433 3.109506194001626 1.0
vehicle.car 0 0 0 0 0 0 0 4.53 1.685 1.997 1.7618455598276697 -19.80091176918349 47.39073405671342 -1.5956489066468489 1.0
vehicle.car 0 0 0 0 0 0 0 4.157 1.738 1.933 1.3244760911867186 28.836199426967326 14.83466585981406 -3.0835277276978283 1.0
human.pedestrian.adult 0 0 0 0 0 0 0 0.89 1.786 0.697 1.5792654592567066 -26.001473277250803 35.59558753403092 1.8505399012164219 1.0
vehicle.car 0 0 0 0 0 0 0 4.202 1.564 1.823 2.466472755763254 25.14828424905568 27.51038758516859 -0.036159189798901537 1.0
vehicle.truck 0 0 0 0 0 0 0 5.232 2.0 2.048 1.7493404759416877 0.7013478177084711 28.126214196239896 3.126957101136897 1.0
vehicle.car 0 0 0 0 0 0 0 4.424 1.589 1.937 1.269979998934798 33.90564315910657 14.52508481613734 0.06225364555610158 1.0
vehicle.car 0 0 0 0 0 0 0 4.516 2.0 2.197 2.1603485794679393 22.30546449459486 51.41009958829389 0.038682032413194456 1.0
