vehicle.truck 0 0 0 0 0 0 0 10.981 4.027 2.946 0.2819912003175283 30.609748599556042 -52.19159489595602 0.6717307089862139 1.0
vehicle.car 0 0 0 0 0 0 0 4.4 1.768 1.93 1.3449451451382082 26.274034473119208 -43.04871783646288 0.8912115719522866 1.0
vehicle.truck 0 0 0 0 0 0 0 7.227 3.774 2.461 0.4250895984690554 26.4927589745366 -52.25798221347706 0.7248164311082288 1.0
vehicle.trailer 0 0 0 0 0 0 0 15.788 4.172 3.334 -0.8405081539995023 53.741065836407316 -20.37721916598588 0.855278425743573 1.0
human.pedestrian.adult 0 0 0 0 0 0 0 0.943 1.89 0.622 2.2560710283589374 -33.24768686064149 -51.27824377002003 1.036670753741415 1.0
vehicle.truck 0 0 0 0 0 0 0 5.892 3.162 2.48 -0.10828465382426833 13.42468020499808 33.031918379618695 2.513613628342834 1.0
movable_object.barrier 0 0 0 0 0 0 0 2.979 0.867 0.647 1.662256979961169 -28.623221469399198 -29.667065951096568 1.8554332865769672 1.0
vehicle.trailer 0 0 0 0 0 0 0 14.598 4.112 4.021 -0.4287645835829972 9.12431335216159 61.682865930190964 1.3514328803533617 1.0
vehicle.car 0 0 0 0 0 0 0 4.618 1.745 1.961 1.1062694347941575 -10.754118137115247 -7.437337433865709 0.40613724583939437 1.0
vehicle.truck 0 0 0 0 0 0 0 10.768 3.95 2.578 -0.00872898018972014 -29.385144877257428 -16.238667511910407 2.4721627897612244 1.0
vehicle.trailer 0 0 0 0 0 0 0 6.496 3.873 2.531 -0.2717321978312088 74.69851948782457 -33.429807428870006 0.9039863075406878 1.0
vehicle.truck 0 0 0 0 0 0 0 5.988 1.996 2.009 1.500317506124007 10.055037908433153 -42.269410538828886 0.8499524914338603 1.0
vehicle.truck 0 0 0 0 0 0 0 5.532 2.057 2.057 0.9259923470108844 -13.579724602205621 -1.145877644908983 0.2724873819132392 1.0
vehicle.truck 0 0 0 0 0 0 0 10.477 3.998 2.437 -0.11014897464989384 -34.09976205340562 -16.79641016501526 2.5742802219171725 1.0
vehicle.car 0 0 0 0 0 0 0 4.281 1.804 1.781 1.4579507607289837 22.409342802762428 -46.344521535702256 0.8293278391118357 1.0
vehicle.car 0 0 0 0 0 0 0 4.994 1.806 1.904 1.4025381401160213 1.7731306957768578 -28.283064442848858 1.1904287394511002 1.0
vehicle.truck 0 0 0 0 0 0 0 9.94 3.814 3.464 -0.3045841509690264 -14.00975475367864 25.842351632897415 0.7188830648973314 1.0
vehicle.trailer 0 0 0 0 0 0 0 16.44 4.088 3.187 -0.610956777345985 22.30569811427143 13.215299529991462 2.060714184953631 1.0
vehicle.construction 0 0 0 0 0 0 0 6.49 2.985 2.479 -0.2430359611186785 16.565581439728422 6.322622703415312 1.6822266242337136 1.0
vehicle.trailer 0 0 0 0 0 0 0 8.517 3.763 2.696 0.1377012883014919 43.45754675852157 -27.021717842466504 2.091029907014187 1.0
vehicle.truck 0 0 0 0 0 0 0 3.694 3.256 3.643 0.020259873117862016 17.683656635870303 65.26112746184516 0.9134499931936091 1.0
vehicle.construction 0 0 0 0 0 0 0 3.619 2.279 1.17 0.7008434196347783 -21.452695607646202 -4.6805061272241115 0.29615277950034713 1.0
vehicle.trailer 0 0 0 0 0 0 0 12.605 3.963 2.693 0.0019375777681099327 57.41316797211178 14.241926867588953 1.1487397695826367 1.0
human.pedestrian.adult 0 0 0 0 0 0 0 0.696 1.647 0.716 2.462950455951789 -33.83818966295769 -56.32465906633634 0.29615277950034713 1.0
vehicle.car 0 0 0 0 0 0 0 4.384 1.818 1.899 2.5913820786513173 -58.37056729479858 -60.33620017257525 2.341160758880811 1.0
human.pedestrian.adult 0 0 0 0 0 0 0 1.069 1.774 0.764 2.425834342114861 -33.09481472562322 -56.891787884715974 0.2425479698787556 1.0
vehicle.construction 0 0 0 0 0 0 0 2.642 2.587 1.382 0.4283228934614493 -42.0877302389965 -4.640916661531252 0.26588800572363525 1.0
vehicle.truck 0 0 0 0 0 0 0 7.036 3.566 2.957 0.5046473715486688 37.085680264300464 -44.13062353370856 0.6717307089862139 1.0
vehicle.truck 0 0 0 0 0 0 0 5.215 4.108 2.681 -0.6760885724426542 45.38598190817333 -13.22886545667856 0.8630444320362702 1.0
vehicle.truck 0 0 0 0 0 0 0 5.687 3.2 2.367 -0.5127251886079909 29.08461656313123 3.2806890585796964 2.8323926686521697 1.0
vehicle.truck 0 0 0 0 0 0 0 9.917 3.854 3.452 -0.30486155967073036 -18.043300116154313 29.80929475473508 0.7392659706288809 1.0
human.pedestrian.adult 0 0 0 0 0 0 0 1.219 1.547 0.718 0.2785373504535765 -26.33933539394648 -11.20482487962123 0.6662232389118499 1.0
movable_object.barrier 0 0 0 0 0 0 0 2.973 0.864 0.61 1.6457039109307074 -31.54394361674428 -28.79129535675506 1.8554332865769672 1.0
vehicle.car 0 0 0 0 0 0 0 5.241 2.808 2.066 0.06628708445197486 4.097359186867882 42.38675933673506 0.3328158246124735 1.0
vehicle.trailer 0 0 0 0 0 0 0 12.839 3.611 2.461 0.1646216136582374 60.94798877831951 12.309859639858953 1.1487397695826367 1.0
vehicle.trailer 0 0 0 0 0 0 0 14.65 4.103 3.106 1.7510460583895437 -52.33807419570514 -69.85660653903035 2.409855653744076 1.0
vehicle.truck 0 0 0 0 0 0 0 9.932 3.967 3.421 -0.30742379587497093 -21.428103950865207 32.96410844740728 0.7392659706288809 1.0
vehicle.truck 0 0 0 0 0 0 0 10.849 3.529 2.868 0.504948922377204 54.74671499540253 -50.73037209981869 0.8232023352971058 1.0
vehicle.car 0 0 0 0 0 0 0 4.056 1.725 1.817 1.6098224697204158 18.275670592440086 -50.88017397406412 0.8642311485899068 1.0
vehicle.trailer 0 0 0 0 0 0 0 14.714 3.742 2.939 1.8600421625133297 -46.438850351486515 -75.47198924060017 2.4241670944657097 1.0
