vehicle.trailer 0 0 0 0 0 0 0 14.65 4.103 3.106 -0.02529011034508086 -34.3541324783044 -83.41189928055488 -2.7309232044407405 1.0
vehicle.construction 0 0 0 0 0 0 0 2.916 2.222 2.305 0.42625186476740684 -12.214374950929669 24.980025273231742 -0.034999327396310065 1.0
vehicle.truck 0 0 0 0 0 0 0 5.687 3.2 2.367 0.32162799342496873 19.827767870301017 12.404240515635312 3.129742509138496 1.0
vehicle.trailer 0 0 0 0 0 0 0 12.605 3.963 2.693 1.1646028513046867 43.22176044389177 31.01611766050646 -0.8278967393890841 1.0
human.pedestrian.adult 0 0 0 0 0 0 0 1.219 1.547 0.718 -0.3213734885429507 -28.068108392134373 -19.445233705262915 -0.34573481902628345 1.0
vehicle.car 0 0 0 0 0 0 0 4.994 1.806 1.904 0.9561778138913399 3.7033280966641553 -26.772292058237287 -1.5115596745745297 1.0
human.pedestrian.adult 0 0 0 0 0 0 0 1.069 1.774 0.764 0.7375438442615403 -20.409767421952463 -63.30202773613923 -0.12509672473463596 1.0
vehicle.trailer 0 0 0 0 0 0 0 16.44 4.088 3.187 0.09820429961877217 9.990082219394711 19.03690188849294 -1.739736430603818 1.0
vehicle.construction 0 0 0 0 0 0 0 6.49 2.985 2.479 0.41562173157237453 6.990945774012855 10.63416943078162 -2.0033275778741846 1.0
vehicle.truck 0 0 0 0 0 0 0 9.94 3.814 3.464 -0.7102182525810286 -28.232605669356154 19.530170107850772 -0.3983128975382506 1.0
vehicle.truck 0 0 0 0 0 0 0 3.694 3.256 3.643 -0.04333955626406712 -7.969340787577579 71.83277130640752 -0.5927063235195487 1.0
vehicle.truck 0 0 0 0 0 0 0 10.981 4.027 2.946 0.32666894305481275 38.79237137086747 -40.46326082171866 -0.3512325561557468 1.0
vehicle.trailer 0 0 0 0 0 0 0 14.714 3.742 2.939 0.07714202907361478 -26.998293541492608 -86.91034624921092 -2.7452340475000483 1.0
vehicle.car 0 0 0 0 0 0 0 4.384 1.818 1.899 0.28230199163023906 -43.215011725869616 -76.23769799686697 -2.6622311952096798 1.0
vehicle.car 0 0 0 0 0 0 0 4.4 1.768 1.93 1.2923880071707494 31.86310663261293 -33.00621101121147 -1.2123668172829127 1.0
vehicle.construction 0 0 0 0 0 0 0 2.642 2.587 1.382 -0.6405789418054836 -45.17652860119678 -18.312802767522644 -0.587087205109281 1.0
vehicle.truck 0 0 0 0 0 0 0 7.036 3.566 2.957 0.7669682174587735 42.264452732827415 -30.711318781033192 -0.3512325561557468 1.0
vehicle.trailer 0 0 0 0 0 0 0 15.788 4.172 3.334 0.11436607676262425 50.550275806657524 -2.986641967134182 -1.1764370201763317 1.0
vehicle.trailer 0 0 0 0 0 0 0 12.839 3.611 2.461 1.380421179338386 47.2076826609207 30.309916181408955 -0.8278967393890841 1.0
vehicle.truck 0 0 0 0 0 0 0 5.215 4.108 2.681 0.058630441371808284 40.36255969849901 1.2148449171147786 -1.1842022941623291 1.0
movable_object.barrier 0 0 0 0 0 0 0 2.973 0.864 0.61 0.6602311784654771 -27.745952277592473 -38.004262389856535 -1.53447300196731 1.0
vehicle.truck 0 0 0 0 0 0 0 9.932 3.967 3.421 -0.7782618136849746 -37.5370669672279 23.735713477047916 -0.41866983224000265 1.0
vehicle.truck 0 0 0 0 0 0 0 7.227 3.774 2.461 0.34212778455377757 34.65950542127493 -41.66750625638593 -0.38681114474226064 1.0
vehicle.truck 0 0 0 0 0 0 0 10.849 3.529 2.868 1.1512568679148905 60.705078787802954 -31.195696664187523 -1.1443640041706402 1.0
vehicle.truck 0 0 0 0 0 0 0 10.768 3.95 2.578 -0.8824581630836685 -29.18596741977081 -24.788388034152035 -2.793227745921266 1.0
vehicle.trailer 0 0 0 0 0 0 0 6.496 3.873 2.531 0.38562587723133407 75.10199222303825 -9.367530943622459 -1.2251403862324164 1.0
vehicle.truck 0 0 0 0 0 0 0 5.988 1.996 2.009 1.0574529993177564 15.707467523201494 -37.02042681364865 -1.1679388633732195 1.0
vehicle.car 0 0 0 0 0 0 0 4.056 1.725 1.817 1.2613692125809417 26.555683020002615 -43.07806915311791 -1.1853888992260693 1.0
vehicle.car 0 0 0 0 0 0 0 5.241 2.808 2.066 0.3555532911386472 -16.306689186580652 43.673816084845484 -0.024364048168777686 1.0
human.pedestrian.adult 0 0 0 0 0 0 0 0.943 1.89 0.622 0.7366477559425545 -23.873117516009433 -59.22026692455059 -1.4874984268211167 1.0
vehicle.truck 0 0 0 0 0 0 0 5.892 3.162 2.48 0.24846822222545606 -6.4355995746729695 22.30990652545762 -3.0441042076748692 1.0
movable_object.barrier 0 0 0 0 0 0 0 2.979 0.867 0.647 0.7252791539925693 -24.69884734981801 -37.85104581107885 -1.53447300196731 1.0
vehicle.truck 0 0 0 0 0 0 0 5.532 2.057 2.057 0.49489746132531104 -19.3343580031061 -5.905541098761361 -0.05330109899150948 1.0
vehicle.construction 0 0 0 0 0 0 0 3.619 2.279 1.17 -0.016138193471055745 -25.53902825587095 -11.785987392537368 -0.0330222356212424 1.0
vehicle.truck 0 0 0 0 0 0 0 10.477 3.998 2.437 -1.0013649848862956 -34.04677181637885 -27.223903336022435 -2.895340959271911 1.0
vehicle.car 0 0 0 0 0 0 0 4.281 1.804 1.781 1.2912901719169527 29.114496843429027 -37.5652552116507 -1.1504889146741348 1.0
vehicle.trailer 0 0 0 0 0 0 0 8.517 3.763 2.696 0.4617124669418685 42.98536911433323 -12.78543613895235 -1.7700498543577954 1.0
human.pedestrian.adult 0 0 0 0 0 0 0 0.696 1.647 0.716 0.7980598114001146 -21.342884559750658 -63.080893783819214 -0.0330222356212424 1.0
vehicle.trailer 0 0 0 0 0 0 0 14.598 4.112 4.021 -0.10954521803206162 -14.22460711410541 64.8067913751411 -0.8735042364853634 1.0
vehicle.car 0 0 0 0 0 0 0 4.618 1.745 1.961 0.6376592858730872 -14.070328408657822 -6.879625535668303 -0.19085199570276856 1.0
