vehicle.car 0 0 0 0 0 0 0 4.056 1.725 1.817 2.1821643245651137 22.663392937074082 -42.98552136220461 0.41465807377783737 1.0
human.pedestrian.adult 0 0 0 0 0 0 0 1.069 1.774 0.764 0.5932227997427868 -11.00083096512419 5.1084405446020495 1.627180499870577 1.0
vehicle.truck 0 0 0 0 0 0 0 5.988 1.996 2.009 1.589420689548353 29.43143822796912 -32.30494474277343 0.5367307812843656 1.0
vehicle.truck 0 0 0 0 0 0 0 5.532 2.057 2.057 -0.6799942871488238 61.790417553868856 1.039598043858794 1.5681935246819236 1.0
vehicle.car 0 0 0 0 0 0 0 4.52 1.586 2.097 -0.23684861092484524 27.822426244450458 27.925739554178215 2.0946164889204972 1.0
vehicle.car 0 0 0 0 0 0 0 5.241 2.808 2.066 -0.5407402233412757 39.69691396306188 -0.9066641144105874 1.593655616689169 1.0
vehicle.trailer 0 0 0 0 0 0 0 16.44 4.088 3.187 -1.1769742836408734 85.85354928144393 -27.76937276983856 -2.926652486578595 1.0
vehicle.car 0 0 0 0 0 0 0 4.71 1.498 2.086 -0.3743078094136131 28.9346356904843 30.539003053503208 2.0946164889204972 1.0
vehicle.car 0 0 0 0 0 0 0 3.395 1.534 1.812 -0.6721512829061029 -3.0390801145904054 38.76956128983256 1.1327075602887682 1.0
vehicle.car 0 0 0 0 0 0 0 4.407 1.713 1.99 -0.37887262912428216 15.229755097644938 33.58239312026033 1.0918210776843482 1.0
movable_object.barrier 0 0 0 0 0 0 0 2.996 1.004 0.616 2.8086349915945834 -49.97661198111424 -26.686185762586952 2.0451917624093765 1.0
vehicle.truck 0 0 0 0 0 0 0 5.687 3.2 2.367 0.40832289103132663 80.0721713140127 -38.40514912446714 1.5540849058077058 1.0
vehicle.truck 0 0 0 0 0 0 0 6.835 3.308 2.75 1.581828144357798 -50.58374406587436 -28.752314894860163 1.9522239690657575 1.0
vehicle.trailer 0 0 0 0 0 0 0 15.788 4.172 3.334 1.422189572279207 62.156338312417354 -68.34693571464257 0.4236023312691195 1.0
movable_object.barrier 0 0 0 0 0 0 0 3.001 1.012 0.65 2.787302704023868 -47.26788593059962 -28.07285267167909 2.0888223427343338 1.0
vehicle.car 0 0 0 0 0 0 0 4.994 1.806 1.904 1.0836670002377904 39.98354366896228 -20.81581662233221 0.12436733717579163 1.0
vehicle.car 0 0 0 0 0 0 0 4.338 1.705 1.874 -0.9741048779851857 -1.9978945706172293 41.260692898046095 1.9939346485047498 1.0
vehicle.car 0 0 0 0 0 0 0 4.887 2.192 2.263 0.6593164911438512 -70.90603657759465 10.717634083036536 1.0571996745358252 1.0
vehicle.car 0 0 0 0 0 0 0 4.938 1.528 1.66 2.7097594959072677 -26.071568660744543 -32.45619377710552 1.8832008164053349 1.0
movable_object.barrier 0 0 0 0 0 0 0 2.975 1.014 0.642 2.8847983529833043 -55.57067348866255 -24.231702926601297 1.950999816336493 1.0
vehicle.truck 0 0 0 0 0 0 0 3.446 2.935 3.977 4.419633019173126 -77.12811006829516 -70.21295636387275 2.019379944498014 1.0
vehicle.car 0 0 0 0 0 0 0 4.689 1.46 2.053 3.0291490803747996 -25.242453541762092 -40.16889501680142 1.835783531160212 1.0
movable_object.barrier 0 0 0 0 0 0 0 2.989 1.008 0.648 2.858114683431645 -52.7156881771846 -25.356445053946132 1.9666569020192881 1.0
movable_object.barrier 0 0 0 0 0 0 0 2.979 0.867 0.647 -0.025802062632239525 30.060779626338277 7.8788906623387325 3.1338039255629324 1.0
vehicle.car 0 0 0 0 0 0 0 4.275 1.47 1.773 1.9429866939176526 -42.9774809767883 -12.190547618337735 0.45786580596660453 1.0
vehicle.car 0 0 0 0 0 0 0 4.384 1.818 1.899 -0.299458346936444 -7.50805022756203 27.86723928464275 1.0629058999931287 1.0
vehicle.trailer 0 0 0 0 0 0 0 8.517 3.763 2.696 1.5751314059372419 52.561346693340866 -60.73691951062743 -2.896337495006941 1.0
vehicle.truck 0 0 0 0 0 0 0 9.917 3.854 3.452 -2.324915206145034 89.8385076353269 13.614794064305562 2.0350869299470187 1.0
vehicle.car 0 0 0 0 0 0 0 4.618 1.745 1.961 0.8792807453112899 -21.309905733044808 2.6185977220124075 1.7624094397358423 1.0
movable_object.barrier 0 0 0 0 0 0 0 2.996 1.049 0.638 3.322851005774364 -55.69184950583241 -38.52948213339588 2.0178092463947914 1.0
vehicle.car 0 0 0 0 0 0 0 4.6 1.704 2.107 -0.5565794119323976 30.09010270436691 33.08710804402936 2.0946164889204972 1.0
human.pedestrian.adult 0 0 0 0 0 0 0 0.943 1.89 0.622 0.5683822305914826 -4.959466819700704 5.2456273096934085 1.627180499870577 1.0
vehicle.truck 0 0 0 0 0 0 0 9.94 3.814 3.464 -2.004592239045047 87.5132231874652 8.953091431867485 2.0147027549550582 1.0
movable_object.barrier 0 0 0 0 0 0 0 3.013 1.038 0.653 3.3421743745281187 -58.437978618539624 -37.17957083862063 2.0178092463947914 1.0
vehicle.car 0 0 0 0 0 0 0 4.281 1.804 1.781 2.1901363252845343 28.22410198143713 -45.89279317115926 0.484407827019413 1.0
vehicle.trailer 0 0 0 0 0 0 0 14.714 3.742 2.939 -0.39693730860584475 -18.309998404998996 12.502695834738363 1.1284496223685778 1.0
human.pedestrian.adult 0 0 0 0 0 0 0 0.696 1.647 0.716 0.6645616911763437 -10.84738531076704 5.789162362768501 1.7140384493305367 1.0
vehicle.car 0 0 0 0 0 0 0 4.321 1.643 2.048 2.1584132915695333 -65.88505083423236 -19.475299062782746 1.1224117345714424 1.0
movable_object.barrier 0 0 0 0 0 0 0 2.993 1.037 0.637 3.2776931876388495 -52.919003407231166 -39.84338254245759 2.0178092463947914 1.0
movable_object.barrier 0 0 0 0 0 0 0 2.995 0.996 0.58 2.905298508552027 -58.460433382917316 -23.13277731620829 1.9143004740452216 1.0
vehicle.car 0 0 0 0 0 0 0 4.181 1.429 1.926 1.9228763876504225 -40.95963208158438 -13.607102033708479 0.4899885744837391 1.0
vehicle.car 0 0 0 0 0 0 0 4.269 1.536 1.993 -0.25419223696659854 9.335467428191699 36.01856340772865 2.023533568555953 1.0
vehicle.car 0 0 0 0 0 0 0 4.236 1.416 1.925 1.94299297932113 -45.39210030739985 -10.552861907281564 0.635096605821027 1.0
vehicle.truck 0 0 0 0 0 0 0 10.768 3.95 2.578 -1.998994383171355 43.24846982075687 12.277347596560023 1.1764389247097595 1.0
vehicle.car 0 0 0 0 0 0 0 3.917 1.626 1.89 -1.1720387186456775 1.4118287173611617 48.82396033309943 1.1478546864431713 1.0
vehicle.trailer 0 0 0 0 0 0 0 14.65 4.103 3.106 -0.5179090731871423 -14.75143483427883 19.819696323006713 1.1141401922364977 1.0
vehicle.truck 0 0 0 0 0 0 0 10.477 3.998 2.437 -1.9869896542705743 40.16867119035715 17.002170903591878 1.2785443136736605 1.0
vehicle.car 0 0 0 0 0 0 0 4.084 1.62 1.658 1.1788716229358365 -65.71725782749955 7.313910306407389 1.1047343882576284 1.0
vehicle.truck 0 0 0 0 0 0 0 5.215 4.108 2.681 1.1582138546906204 66.68802536672688 -58.1337930414822 0.4332792924970148 1.0
movable_object.barrier 0 0 0 0 0 0 0 2.973 0.864 0.61 -0.15016642929380744 30.05297775008662 10.963362356978235 3.1338039255629324 1.0
vehicle.car 0 0 0 0 0 0 0 4.765 2.338 2.469 -2.776028778388806 24.700417807170112 87.94404488175908 2.0583332859440695 1.0
vehicle.car 0 0 0 0 0 0 0 4.123 1.648 2.044 -1.400888469219592 2.657452458256726 51.55531444558281 1.1478546864431713 1.0
vehicle.car 0 0 0 0 0 0 0 4.665 2.0 2.126 0.25989471744961523 -51.78673968821944 18.080023756412128 1.9708279691985222 1.0
vehicle.construction 0 0 0 0 0 0 0 2.445 2.839 1.415 1.2398396003314054 -26.61941080961579 -22.632744205772962 -2.6067310776757733 1.0
