human.pedestrian.adult 0 0 0 0 0 0 0 0.809 1.79 0.792 1.3670141864329297 -37.7722601852997 -9.32380361056337 -1.5626373060244934 1.0
vehicle.truck 0 0 0 0 0 0 0 7.359 2.863 2.792 0.5831875224722907 -22.793968344094104 -7.559656428342197 -1.5854271111407563 1.0
vehicle.car 0 0 0 0 0 0 0 5.063 1.728 2.092 1.0538104579194918 -29.224321806042663 4.298925333699875 -1.5634363087636913 1.0
vehicle.truck 0 0 0 0 0 0 0 6.421 2.165 2.802 1.1196238480126728 -38.0215031753923 -7.134385890632832 -1.5076777885363262 1.0
vehicle.car 0 0 0 0 0 0 0 4.809 1.834 2.224 0.7556992346039695 26.80890007898547 -11.792216045386676 -3.0883324343009324 1.0
vehicle.car 0 0 0 0 0 0 0 5.724 2.154 2.323 0.5873276354894469 11.639556469218789 -7.618942096382048 -1.5769836855843247 1.0
vehicle.car 0 0 0 0 0 0 0 5.054 1.554 2.18 1.1578326352766504 -23.283493801842372 4.134672445968834 -1.609163223612649 1.0
vehicle.car 0 0 0 0 0 0 0 4.545 1.784 1.973 0.8236165432164629 23.403800930940402 -11.677176786112904 -3.082921956394271 1.0
vehicle.bus.rigid 0 0 0 0 0 0 0 14.314 3.583 3.278 -0.1643742093562765 12.431530596306201 2.702821092069678 -1.6031632185410656 1.0
vehicle.emergency.police 0 0 0 0 0 0 0 5.834 2.044 2.24 0.6724922550964999 3.913207005249996 11.845907426493731 -0.04209734810651966 1.0
vehicle.car 0 0 0 0 0 0 0 4.796 1.532 1.924 1.010291265161677 -1.5183905810528315 4.2011805844628745 -1.6361494444670397 1.0
vehicle.car 0 0 0 0 0 0 0 5.093 1.797 2.086 0.9865589053742243 -19.648028529640015 0.03283059576840973 -1.5662093564273398 1.0
vehicle.car 0 0 0 0 0 0 0 5.124 2.0 2.087 0.6734674133536589 29.314316475882798 -11.190802206394437 -3.0883324343009324 1.0
