vehicle.truck 0 0 0 0 0 0 0 5.753 2.288 2.49 0.4371475960974016 -18.16187620095303 -13.822703791284134 3.0649689075871605 1.0
vehicle.car 0 0 0 0 0 0 0 5.093 1.797 2.086 0.6904499517582465 -27.287218966671098 2.8001693155159533 -1.7777752685378907 1.0
vehicle.car 0 0 0 0 0 0 0 5.063 1.728 2.092 0.843946832408573 12.992709631808747 3.389248944254534 -1.535247063531262 1.0
vehicle.truck 0 0 0 0 0 0 0 6.421 2.165 2.802 0.7363371603094743 3.973340942313167 -7.921387359747923 -1.5534530345408148 1.0
vehicle.truck 0 0 0 0 0 0 0 6.912 2.441 2.48 0.3776991457126572 -22.905570647074597 -7.81654679337085 -1.545770524585957 1.0
vehicle.car 0 0 0 0 0 0 0 4.852 1.655 1.996 0.9800519365281632 -0.6701921311261456 3.5529920876874836 -1.5248457747917312 1.0
vehicle.bus.rigid 0 0 0 0 0 0 0 14.314 3.583 3.278 0.6145754805087873 54.59738006298 0.5098953542010534 -1.6489325268923603 1.0
vehicle.car 0 0 0 0 0 0 0 5.724 2.154 2.323 0.5944115973026138 54.06232141524287 -9.658788958987996 -1.6053026238693642 1.0
vehicle.car 0 0 0 0 0 0 0 5.054 1.554 2.18 0.9537941496541942 19.384388996563313 2.9307716110461377 -1.5751536592103603 1.0
vehicle.truck 0 0 0 0 0 0 0 7.359 2.863 2.792 0.47096051572497744 18.894116304820113 -8.596205719098958 -1.5572363958141464 1.0
human.pedestrian.adult 0 0 0 0 0 0 0 0.809 1.79 0.792 0.8843097941238952 -3.4979979168882083 -8.310006389939407 -1.6084090683689851 1.0
vehicle.truck 0 0 0 0 0 0 0 5.847 2.113 2.592 0.6522102819036606 -9.490006057022498 -12.847293494035261 -0.0203696265579012 1.0
vehicle.truck 0 0 0 0 0 0 0 21.143 4.331 3.728 -0.33073237534137034 -28.987996203765604 9.891023879290293 -1.4890521525530458 1.0
vehicle.car 0 0 0 0 0 0 0 4.162 1.905 1.944 0.828422709648815 -6.4746830881517825 3.8777493930161846 -1.5422976068700924 1.0
human.pedestrian.adult 0 0 0 0 0 0 0 0.666 1.823 0.648 0.9026917195502786 -3.356868803303357 -9.374952716341063 -1.6651105289783734 1.0
vehicle.car 0 0 0 0 0 0 0 4.243 1.905 2.137 0.9637968465924112 7.178859279723529 3.5439520717578845 -1.5210798758601172 1.0
