vehicle.car 0 0 0 0 0 0 0 4.62 2.444 1.956 0.6386159493284564 -54.61387532516238 31.652070249300937 -1.400851703671087 1.0
vehicle.car 0 0 0 0 0 0 0 4.197 1.418 1.678 0.9700319106136324 -4.547909694355622 -13.493284217304883 -1.5315930562372344 1.0
vehicle.car 0 0 0 0 0 0 0 4.491 1.467 1.712 0.9315351184227054 -4.612296321263626 -10.754002859125958 -1.553112774714152 1.0
movable_object.trafficcone 0 0 0 0 0 0 0 0.312 1.295 0.316 1.1992236201156403 -3.6400907011062635 2.4308111364598326 1.7502878869424583 1.0
human.pedestrian.adult 0 0 0 0 0 0 0 0.718 1.885 0.715 -0.8319215339711997 5.771790165769228 -27.15521005448054 -1.8011544017335206 1.0
movable_object.trafficcone 0 0 0 0 0 0 0 0.341 1.261 0.315 1.0531043412076866 -22.68155223554833 6.752262951381874 1.4757149759303365 1.0
movable_object.barrier 0 0 0 0 0 0 0 2.987 0.885 0.579 1.298512830992074 10.787892375592978 1.9184411616495816 1.5620381744036802 1.0
movable_object.trafficcone 0 0 0 0 0 0 0 0.345 1.298 0.372 1.0410480927135934 -25.414455619895914 5.601050226168054 2.216497335273403 1.0
vehicle.truck 0 0 0 0 0 0 0 5.538 3.206 2.773 0.1599362751623188 9.416088880980263 -10.920714713978828 -0.10859249457490705 1.0
movable_object.barrier 0 0 0 0 0 0 0 2.978 0.937 0.644 1.854954065593011 55.94733557061166 22.70677831179979 -0.41524264206323735 1.0
movable_object.barrier 0 0 0 0 0 0 0 2.961 0.917 0.657 1.4489809411162415 -2.00018036185241 2.0986660479596577 1.7876725701177154 1.0
vehicle.car 0 0 0 0 0 0 0 4.46 1.534 1.933 0.6623744590324839 33.616356005235275 -5.427215193082472 1.6207098299199894 1.0
vehicle.car 0 0 0 0 0 0 0 6.182 2.871 2.171 -0.012572882837494026 22.207129882757442 -20.667626977935004 -0.03608086341870376 1.0
human.pedestrian.adult 0 0 0 0 0 0 0 0.581 1.06 0.586 -0.7529241325028951 -9.278639916425274 -27.575341880852708 -1.7067354016065872 1.0
vehicle.truck 0 0 0 0 0 0 0 13.944 3.398 2.818 -0.40146417066867907 -24.041889641527856 -30.053006597775834 -0.02805328276591368 1.0
vehicle.car 0 0 0 0 0 0 0 4.165 1.3 1.465 0.8848865831746068 -4.176862384576742 -18.71328116817778 -1.5326926038064963 1.0
movable_object.barrier 0 0 0 0 0 0 0 2.984 0.933 0.618 1.1906563052439907 17.117919468044686 1.9699093914610784 1.5630504565866152 1.0
human.pedestrian.adult 0 0 0 0 0 0 0 0.712 1.477 0.61 -0.48082862219105515 -10.132791625070485 -27.493354736210293 1.7147528369730498 1.0
movable_object.barrier 0 0 0 0 0 0 0 2.954 0.936 0.565 1.0639863357879014 29.412582443276605 2.032415745524814 1.562702256900847 1.0
vehicle.trailer 0 0 0 0 0 0 0 13.057 4.072 2.94 -0.40241031961123985 8.882989752591735 -19.7880261795053 -0.007222326671385559 1.0
vehicle.car 0 0 0 0 0 0 0 5.878 2.184 2.321 1.3435187386059788 -44.174403938515475 36.04022694944851 -3.091070893793579 1.0
movable_object.barrier 0 0 0 0 0 0 0 3.005 0.883 0.593 1.2559989077653135 13.939253584364074 1.9494266128083126 1.5733478100906648 1.0
movable_object.barrier 0 0 0 0 0 0 0 2.948 0.928 0.43 1.358752377549321 1.0798473862756093 1.7653180659971044 1.554341339746192 1.0
movable_object.barrier 0 0 0 0 0 0 0 3.007 0.953 0.582 1.0734381921744895 23.36085297459125 1.9555515779690897 1.5455973171894444 1.0
vehicle.car 0 0 0 0 0 0 0 4.166 1.563 1.697 0.5980606045381882 33.272092186158034 -10.54779867067513 1.5884971386073392 1.0
vehicle.car 0 0 0 0 0 0 0 4.97 1.705 2.122 0.8040904596414126 -14.435760065026113 0.8432271952416305 1.0665660956302725 1.0
vehicle.truck 0 0 0 0 0 0 0 4.507 1.557 1.8 0.7350981463281838 -3.7815972975079 -16.05461911083921 -1.553112774714152 1.0
movable_object.trafficcone 0 0 0 0 0 0 0 0.349 1.216 0.347 1.2443299726009844 -18.42716787722027 6.466255102693918 2.216497335273403 1.0
vehicle.car 0 0 0 0 0 0 0 4.309 1.645 1.961 0.6203957780535835 32.79802877772652 -7.86810260119069 1.6597716455821034 1.0
vehicle.car 0 0 0 0 0 0 0 4.266 1.7 1.773 0.32635842886017513 39.08812242285137 -15.838126752524195 -1.553112774714152 1.0
movable_object.barrier 0 0 0 0 0 0 0 2.987 0.91 0.598 1.1841605231439907 20.262012151177863 1.9699778239273924 1.5630504565866152 1.0
human.pedestrian.adult 0 0 0 0 0 0 0 0.939 1.917 0.9 -0.9428207088180264 4.685444523422605 -27.768828436190894 -1.8584732433929956 1.0
vehicle.car 0 0 0 0 0 0 0 4.53 1.726 1.887 0.8686517289076537 -4.801301445423641 -4.979680063995377 -1.5564288711367542 1.0
vehicle.car 0 0 0 0 0 0 0 4.665 1.832 2.081 0.7795361710510745 -4.958133572814798 -8.0503137284311 -1.5325355255316087 1.0
movable_object.barrier 0 0 0 0 0 0 0 2.995 0.901 0.545 1.3394714167532975 7.540160029381718 1.8974649459219854 1.554341339746192 1.0
movable_object.barrier 0 0 0 0 0 0 0 2.935 0.958 0.575 1.0192410957160383 26.385450407434007 1.974394188619967 1.5630504565866152 1.0
movable_object.barrier 0 0 0 0 0 0 0 2.987 0.882 0.467 1.342857261957581 4.163061694268353 1.797503098068098 1.5742877865298723 1.0
movable_object.barrier 0 0 0 0 0 0 0 2.951 0.907 0.668 0.952422463055304 58.32241620902173 14.036833521464109 -0.013216166909010951 1.0
movable_object.trafficcone 0 0 0 0 0 0 0 0.299 1.281 0.3 1.1585703673072856 -4.580756567250436 5.318217592313863 1.7502878869424583 1.0
vehicle.construction 0 0 0 0 0 0 0 11.133 4.173 4.466 0.18290229280096634 28.22180800389023 28.392304234357606 -1.223406144188484 1.0
vehicle.car 0 0 0 0 0 0 0 4.655 1.766 1.924 0.5982797665488704 34.106356476135026 -16.185857737981607 -1.4839634596818714 1.0
