vehicle.trailer 0 0 0 0 0 0 0 6.568 3.835 2.861 -0.7944012989730267 -49.566101953450556 23.31590357638335 -2.84571024168217 1.0
vehicle.trailer 0 0 0 0 0 0 0 6.168 3.643 2.849 -0.8449824221951932 -53.68646046533924 22.286184059485368 -2.873949492336396 1.0
vehicle.trailer 0 0 0 0 0 0 0 6.814 4.085 2.826 -0.7999752484271694 -37.69063438015597 28.42387419559325 -2.84571024168217 1.0
vehicle.trailer 0 0 0 0 0 0 0 17.285 4.199 2.808 -0.9780807341202826 -82.7426544853467 -19.47245863769832 -1.8575470686100184 1.0
vehicle.car 0 0 0 0 0 0 0 4.74 1.92 1.936 0.7066901427854951 -17.99018895151794 35.17699001809926 2.7645849934313844 1.0
vehicle.car 0 0 0 0 0 0 0 4.762 1.751 2.043 0.7657056802838097 -21.417594512651466 -2.666706012889071 -1.3530628966526024 1.0
vehicle.truck 0 0 0 0 0 0 0 5.835 3.799 2.86 -0.12340227851343602 -1.2574553080676063 33.85814302566805 -1.8556446779295745 1.0
vehicle.trailer 0 0 0 0 0 0 0 5.3 3.956 2.757 -0.8338466169019865 -45.816351622801704 25.111036586689682 -2.84571024168217 1.0
vehicle.trailer 0 0 0 0 0 0 0 17.114 4.443 2.765 -0.1694962892051109 16.812088334593497 6.645999323119688 -1.8121689494860664 1.0
vehicle.car 0 0 0 0 0 0 0 4.689 1.922 2.113 0.755059436827292 -12.48846275868109 36.94401302599903 -0.3804072899962101 1.0
human.pedestrian.adult 0 0 0 0 0 0 0 0.839 1.79 0.911 0.6281538234387549 37.60825553879261 -2.8559101119776296 -1.3689582365719506 1.0
vehicle.trailer 0 0 0 0 0 0 0 6.722 4.014 2.672 -0.8392730460864175 -41.73563771452062 27.007114262479497 -2.84571024168217 1.0
vehicle.trailer 0 0 0 0 0 0 0 17.032 4.697 2.864 -0.7733885752578489 -38.620230666010634 -3.849390775495969 -1.8554875998070441 1.0
vehicle.truck 0 0 0 0 0 0 0 5.754 3.68 2.566 0.24851805337342026 -0.33432806484336386 30.514055353440224 -1.8381915536235987 1.0
human.pedestrian.adult 0 0 0 0 0 0 0 0.846 1.876 0.821 0.4713270932970923 -41.93569375474848 53.93626489623355 -1.7129800540203979 1.0
vehicle.trailer 0 0 0 0 0 0 0 10.68 3.892 2.467 -0.2841617953830262 12.88435396328056 8.790320784584825 -1.844492131247013 1.0
vehicle.trailer 0 0 0 0 0 0 0 8.66 4.008 2.926 -0.5105817618103855 7.398859887265109 29.006498532636154 -1.8556446779295745 1.0
human.pedestrian.adult 0 0 0 0 0 0 0 0.871 2.0 0.943 0.2294773985396531 -41.31383772197767 54.44234176752128 -1.8204039657586852 1.0
vehicle.truck 0 0 0 0 0 0 0 10.891 3.698 3.295 -0.3420756508371866 -56.689400591839345 -34.49225484452093 -1.862870272049439 1.0
vehicle.truck 0 0 0 0 0 0 0 5.658 3.839 2.819 -0.006367556165920447 -0.1325775467267773 27.14508933187077 -1.8110694029521577 1.0
vehicle.construction 0 0 0 0 0 0 0 7.354 3.463 3.159 -0.22255867696405246 -20.835809726635798 -22.011640285792623 -1.2941415383467785 1.0
vehicle.construction 0 0 0 0 0 0 0 7.246 2.671 2.468 0.2681415833499256 65.78938643764742 4.663113391682699 -1.8617707249983138 1.0
vehicle.car 0 0 0 0 0 0 0 4.397 1.945 1.978 0.7492055837681081 -10.16728068877855 37.655535710645935 -0.3925004094944615 1.0
vehicle.car 0 0 0 0 0 0 0 5.262 2.164 2.258 -0.026006100612933625 98.90723100511858 15.798147129612655 -1.2828319970636013 1.0
vehicle.trailer 0 0 0 0 0 0 0 9.476 4.022 3.089 -0.6465488984903384 -81.94969840045069 -30.52641500134428 -1.1043930163920912 1.0
vehicle.truck 0 0 0 0 0 0 0 6.06 2.514 2.726 0.134914670049564 51.41279154809399 0.060250155474419705 -1.278119689050417 1.0
vehicle.car 0 0 0 0 0 0 0 4.661 1.485 1.786 0.8544028901631855 -20.562683317960097 34.19574862125243 2.7122254504088703 1.0
vehicle.truck 0 0 0 0 0 0 0 5.588 1.99 2.311 0.36687302219610873 40.40524094086303 -8.809070785393516 -0.3288953791411835 1.0
vehicle.truck 0 0 0 0 0 0 0 5.353 3.939 2.684 -0.2776652546278432 -3.954929918971193 38.41794517682891 -1.7837029143794556 1.0
human.pedestrian.adult 0 0 0 0 0 0 0 0.876 1.857 1.131 0.553280450993102 37.84817965295248 -4.109795432707984 -1.4109545935065668 1.0
vehicle.truck 0 0 0 0 0 0 0 5.839 2.136 2.316 0.7191785866141447 26.520371328598753 -8.045493258418642 -1.912506971700866 1.0
vehicle.truck 0 0 0 0 0 0 0 5.336 3.732 2.328 -0.28043172156545165 4.90045301140406 14.11592691695834 -1.8526601935162503 1.0
vehicle.trailer 0 0 0 0 0 0 0 14.886 3.906 3.408 -0.36713502562593836 -35.26353225191369 3.26023493970245 -1.9015114988711455 1.0
vehicle.car 0 0 0 0 0 0 0 3.689 1.912 1.871 0.8756952194748356 37.71933672722705 8.201624071863995 -1.8768502268872815 1.0
vehicle.truck 0 0 0 0 0 0 0 5.475 3.886 2.708 -0.27645054343168113 4.643006126711241 6.793084350592469 -1.821872884468216 1.0
vehicle.truck 0 0 0 0 0 0 0 5.185 4.074 2.588 -0.5246675048509145 5.960409572664008 3.8312191442308294 -1.8121689494860664 1.0
vehicle.trailer 0 0 0 0 0 0 0 12.581 4.001 2.578 -0.705915435336371 -84.36803265043217 -16.01985210485946 -1.3104775473967898 1.0
vehicle.trailer 0 0 0 0 0 0 0 13.372 4.149 2.784 -0.3005660665836473 18.547233403781593 14.965082103230204 -1.8449633655955235 1.0
