vehicle.bus.rigid 0 0 0 0 0 0 0 14.314 3.583 3.278 -0.33947073053056576 13.720963145378981 2.723679291466487 -1.5991416002262309 1.0
vehicle.emergency.police 0 0 0 0 0 0 0 5.834 2.044 2.24 0.5669911545031687 5.306296094302839 11.886999992528686 -0.04180237008012888 1.0
vehicle.car 0 0 0 0 0 0 0 5.124 2.0 2.087 0.24085590629983886 30.732629861756823 -11.194616240870293 -3.074975582470671 1.0
vehicle.car 0 0 0 0 0 0 0 4.545 1.784 1.973 0.5590548677869025 24.852323702534328 -11.488920326329488 -3.0870178115854277 1.0
vehicle.car 0 0 0 0 0 0 0 4.796 1.532 1.924 0.9824658803191525 -0.18791881233544488 4.165423125600354 -1.6321254797729798 1.0
vehicle.car 0 0 0 0 0 0 0 5.063 1.728 2.092 1.3243493797297525 -27.791931930965674 4.135332939177487 -1.5676045973320036 1.0
vehicle.truck 0 0 0 0 0 0 0 6.421 2.165 2.802 1.514168279928846 -36.72636463366329 -7.338225665985086 -1.5036634125506012 1.0
vehicle.car 0 0 0 0 0 0 0 5.093 1.797 2.086 1.288827951353695 -24.48077116205419 0.13201798897081987 -1.568007695124206 1.0
vehicle.car 0 0 0 0 0 0 0 5.724 2.154 2.323 0.3863045398264524 12.97846392339057 -7.542828934911431 -1.5642381250238966 1.0
vehicle.car 0 0 0 0 0 0 0 4.809 1.834 2.224 0.4550738118330133 28.22345433404908 -11.580763699882258 -3.092428088494244 1.0
vehicle.truck 0 0 0 0 0 0 0 7.359 2.863 2.792 0.8125492290125242 -21.45188169126515 -7.68097856500183 -1.589593780819608 1.0
vehicle.car 0 0 0 0 0 0 0 5.054 1.554 2.18 1.3628424411792666 -21.775446870759296 4.021329410575487 -1.6133281846290446 1.0
human.pedestrian.adult 0 0 0 0 0 0 0 0.809 1.79 0.792 1.780534888179928 -37.30320085069612 -9.929042102695373 -1.5586186757062306 1.0
