movable_object.trafficcone 0 0 0 0 0 0 0 0.312 1.295 0.316 1.181666070095474 -0.9747583638388068 2.4234448939090067 1.7280878310833199 1.0
vehicle.car 0 0 0 0 0 0 0 5.199 2.018 2.21 0.6183901674436773 -10.574340393693806 -30.793010156405735 -0.04142223084702579 1.0
vehicle.car 0 0 0 0 0 0 0 6.182 2.871 2.171 -0.08276274898768204 25.297986685158072 -20.10581648661312 -0.030934547673229673 1.0
movable_object.barrier 0 0 0 0 0 0 0 2.999 0.95 0.629 1.8889591113661122 50.86080636049308 33.74571861826318 -0.8650909963844757 1.0
movable_object.barrier 0 0 0 0 0 0 0 2.987 0.885 0.579 1.2012912140219592 13.509888426357328 2.105248072766815 1.5398368255459465 1.0
movable_object.barrier 0 0 0 0 0 0 0 2.967 0.951 0.62 1.3378837525608025 16.528079950218135 55.96309855348804 -1.0090104315457005 1.0
movable_object.barrier 0 0 0 0 0 0 0 2.948 0.928 0.43 1.2838230090693545 3.8679388201079705 1.7909340683789263 1.5205044188461265 1.0
human.pedestrian.adult 0 0 0 0 0 0 0 0.939 1.917 0.9 -0.8656279708354173 8.991597674321053 -27.16330084519858 -1.7190403275698873 1.0
movable_object.trafficcone 0 0 0 0 0 0 0 0.376 1.132 0.39 1.1774497534214186 -17.408731110360534 6.227793588397927 2.1942997816788488 1.0
movable_object.barrier 0 0 0 0 0 0 0 2.987 0.91 0.598 0.9706982356988815 22.97025506749936 2.325847015452452 1.5408491153151909 1.0
vehicle.car 0 0 0 0 0 0 0 4.46 1.534 1.933 0.46299655124878736 36.36194707156217 -4.8043220055407065 1.5999633478947057 1.0
vehicle.truck 0 0 0 0 0 0 0 4.507 1.557 1.8 0.7496438535450399 -0.7570454630633354 -16.085706164344383 -1.5752990069118544 1.0
movable_object.barrier 0 0 0 0 0 0 0 2.993 0.946 0.655 1.7695852902708382 47.98333612140668 35.88779912889044 -0.91745070902385 1.0
vehicle.car 0 0 0 0 0 0 0 5.878 2.184 2.321 1.3889108786208937 -41.8994505962775 35.08807739252321 -3.11326454291307 1.0
movable_object.barrier 0 0 0 0 0 0 0 2.954 0.936 0.565 0.860684542234777 32.17013509208026 2.6008643250318735 1.5346831558845508 1.0
vehicle.trailer 0 0 0 0 0 0 0 13.057 4.072 2.94 -0.4101772917775069 11.937383664486358 -19.679873249564864 -0.005704078073318186 1.0
movable_object.barrier 0 0 0 0 0 0 0 3.007 0.953 0.582 0.871496464923911 26.12467827680191 2.402359924748441 1.5408491153151909 1.0
movable_object.barrier 0 0 0 0 0 0 0 2.995 0.901 0.545 1.2563560705312105 10.256152036712008 2.036071716429295 1.5321399329526129 1.0
vehicle.car 0 0 0 0 0 0 0 4.665 1.832 2.081 0.8769209973052471 -2.062772234014943 -8.109379620859755 -1.5547215992649708 1.0
vehicle.car 0 0 0 0 0 0 0 4.491 1.467 1.712 0.9771520833356563 -1.6865307510268097 -10.80401987066536 -1.5752990069118544 1.0
vehicle.car 0 0 0 0 0 0 0 4.53 1.726 1.887 0.9096337425572164 -1.9452826564726395 -5.0343519664367715 -1.5786151285596253 1.0
vehicle.construction 0 0 0 0 0 0 0 11.133 4.173 4.466 -0.08848238834402958 30.238958174110003 29.06048100497262 -1.2455893221886214 1.0
vehicle.car 0 0 0 0 0 0 0 4.998 1.795 1.764 0.8885414387867162 -7.5452597847008285 -13.46126416949447 1.5662959855486402 1.0
movable_object.trafficcone 0 0 0 0 0 0 0 0.299 1.281 0.3 1.1783751822568778 -2.0061985192398364 5.255585316960714 1.7280878310833199 1.0
movable_object.trafficcone 0 0 0 0 0 0 0 0.349 1.216 0.347 1.173325569388696 -15.839922568750508 6.273364970619983 2.1942997816788488 1.0
vehicle.car 0 0 0 0 0 0 0 4.309 1.645 1.961 0.42528165643145416 35.64553760329637 -7.168991339821583 1.639233212272213 1.0
human.pedestrian.adult 0 0 0 0 0 0 0 0.581 1.06 0.586 -0.4653481838223775 -6.014671168160657 -27.72475923124958 -1.7289227212093907 1.0
vehicle.truck 0 0 0 0 0 0 0 5.538 3.206 2.773 0.12334947924308447 12.310029741022507 -10.659848078522053 -0.08822975837443536 1.0
vehicle.car 0 0 0 0 0 0 0 4.166 1.563 1.697 0.45175735775094505 36.12500265027974 -9.929312934484217 1.548842713713114 1.0
movable_object.barrier 0 0 0 0 0 0 0 2.935 0.958 0.575 0.9040350488825918 29.14309215905939 2.5299995578924324 1.5408491153151909 1.0
vehicle.car 0 0 0 0 0 0 0 4.655 1.766 1.924 0.4880919590463558 36.798346061412325 -15.302466705541992 -1.5323290519658936 1.0
vehicle.car 0 0 0 0 0 0 0 4.62 2.444 1.956 0.7784815820045085 -52.34304814215023 30.78968927909346 -1.4230366752256849 1.0
movable_object.barrier 0 0 0 0 0 0 0 2.984 0.933 0.618 1.0158482930732913 19.773699669717548 2.248794687578713 1.5408491153151909 1.0
human.pedestrian.adult 0 0 0 0 0 0 0 0.712 1.477 0.61 -0.21452451158131539 -6.86920591743425 -27.66178425425527 1.692552553483483 1.0
movable_object.trafficcone 0 0 0 0 0 0 0 0.345 1.298 0.372 1.0995346899101708 -22.84621263512881 5.1719143762329916 2.1942997816788488 1.0
vehicle.car 0 0 0 0 0 0 0 4.97 1.705 2.122 0.8763298401706157 -14.2048989993302 -1.064152352307751 0.7487157524988146 1.0
movable_object.trafficcone 0 0 0 0 0 0 0 0.341 1.261 0.315 1.1769709766944882 -20.001430322498727 6.366777638383436 1.453512950020854 1.0
human.pedestrian.adult 0 0 0 0 0 0 0 0.718 1.885 0.715 -0.807818978669039 9.802516945827389 -27.61467325853859 -1.8233423191491287 1.0
movable_object.barrier 0 0 0 0 0 0 0 3.005 0.883 0.593 1.0950626013297864 16.61648196542285 2.1631882564230405 1.5511465455550422 1.0
movable_object.barrier 0 0 0 0 0 0 0 2.961 0.917 0.657 1.4103008473617284 0.6689097109028324 2.092654327690018 1.7654727465872737 1.0
vehicle.truck 0 0 0 0 0 0 0 13.944 3.398 2.818 -0.10160700595049497 -20.64345706683852 -30.544590163444965 -0.03439430388856479 1.0
movable_object.barrier 0 0 0 0 0 0 0 2.987 0.882 0.467 1.2605519477999758 7.051873322293174 1.9275852429173954 1.553748745315799 1.0
vehicle.car 0 0 0 0 0 0 0 4.363 1.455 1.862 0.11145899972040346 54.21076110309519 -4.354559826593657 1.611342881744017 1.0
