vehicle.car 0 0 0 0 0 0 0 4.266 1.7 1.773 0.6778357022060052 20.321676630462814 -15.476442827603229 -1.5712428964090162 1.0
movable_object.barrier 0 0 0 0 0 0 0 2.999 0.95 0.629 2.268367179414567 29.4437658926628 33.15543279027181 -0.8610469728546573 1.0
vehicle.car 0 0 0 0 0 0 0 4.97 1.705 2.122 0.8270093386015951 -22.768673735589704 0.20840443199919687 1.7281698768907479 1.0
vehicle.car 0 0 0 0 0 0 0 4.491 1.467 1.712 0.8992661875202952 -23.655697199802354 -10.728249641423867 -1.5712428964090162 1.0
movable_object.barrier 0 0 0 0 0 0 0 2.992 0.972 0.559 1.0541945156632306 25.392754890871814 2.279032731230488 1.5552756793435556 1.0
vehicle.trailer 0 0 0 0 0 0 0 13.057 4.072 2.94 -0.5553964519997574 -10.238971767195055 -19.862441684029857 -0.00762435592780264 1.0
vehicle.truck 0 0 0 0 0 0 0 13.944 3.398 2.818 -0.8557704550025196 -43.07825958405165 -30.357479422883742 -0.03042628425246363 1.0
movable_object.barrier 0 0 0 0 0 0 0 2.976 0.975 0.603 1.0637636601208689 22.334003932213257 2.2826388897021035 1.5552756793435556 1.0
movable_object.barrier 0 0 0 0 0 0 0 2.998 0.971 0.736 2.7954850119722603 3.740384093988364 50.43232628714143 -0.9701093980744524 1.0
movable_object.barrier 0 0 0 0 0 0 0 2.99 0.953 0.644 2.716307539692134 6.22339643308614 48.68615600570493 -0.9701093980744524 1.0
vehicle.truck 0 0 0 0 0 0 0 4.507 1.557 1.8 0.6611937047666037 -22.783252640120907 -15.975999252756033 -1.5712428964090162 1.0
movable_object.barrier 0 0 0 0 0 0 0 2.993 0.946 0.655 2.348474095614784 27.04006632858219 35.033081662562786 -0.91340522566529 1.0
movable_object.barrier 0 0 0 0 0 0 0 2.994 0.956 0.636 2.5225898946314795 13.961292414546545 43.49350107261978 -0.9701093980744524 1.0
movable_object.barrier 0 0 0 0 0 0 0 2.75 0.953 0.54 0.9501907375606705 31.327536247912278 2.321014373236241 1.5692381524844565 1.0
movable_object.barrier 0 0 0 0 0 0 0 2.984 0.933 0.618 1.4451149859865076 -1.9792998932887604 2.0076675183012522 1.544925997612614 1.0
vehicle.car 0 0 0 0 0 0 0 5.878 2.184 2.321 1.0769653414168638 -62.75912454478562 35.211687307665855 -3.1091983468422564 1.0
movable_object.barrier 0 0 0 0 0 0 0 3.007 0.955 0.677 2.124635485674879 33.72586170824084 28.705010043338298 -0.5913713248136503 1.0
movable_object.barrier 0 0 0 0 0 0 0 2.963 0.956 0.583 1.2619489241942337 13.382360242143651 2.346645507663128 1.5515854876211526 1.0
movable_object.barrier 0 0 0 0 0 0 0 2.877 0.96 0.546 0.9951918523030525 28.37885952685501 2.2704426976961325 1.5727287711212004 1.0
movable_object.barrier 0 0 0 0 0 0 0 3.007 0.953 0.582 1.479682197166318 4.258646274014892 2.280822642236396 1.5623790872764687 1.0
vehicle.car 0 0 0 0 0 0 0 5.029 1.834 2.017 0.7666153502531078 19.329666095181075 -7.640326042359262 1.5871624805600142 1.0
vehicle.car 0 0 0 0 0 0 0 4.665 1.832 2.081 0.7052463823358229 -23.809058380102147 -8.011245838781496 -1.550665701963581 1.0
vehicle.car 0 0 0 0 0 0 0 4.998 1.795 1.764 0.5427639714951988 -29.31439241619046 -13.269734368507079 1.5703726035524639 1.0
human.pedestrian.adult 0 0 0 0 0 0 0 0.885 1.909 0.719 -0.9634940813977354 2.28443317040126 -28.270279699469427 1.8673792232158748 1.0
vehicle.car 0 0 0 0 0 0 0 4.166 1.563 1.697 0.9220843395176446 14.183946249792529 -10.172443074834554 1.5703726035524639 1.0
vehicle.construction 0 0 0 0 0 0 0 11.133 4.173 4.466 0.33277074342760254 8.780461604705948 28.550865889867573 -1.2415373043685882 1.0
vehicle.car 0 0 0 0 0 0 0 4.309 1.645 1.961 0.8633175829435898 13.901446990696606 -7.459176844452526 1.6433091084255267 1.0
movable_object.barrier 0 0 0 0 0 0 0 2.985 0.949 0.621 2.1514959715997892 8.921169036657682 46.981932759775034 -0.9701093980744524 1.0
movable_object.barrier 0 0 0 0 0 0 0 2.995 0.901 0.545 1.2428818458086093 -11.418549862931107 1.898494409798697 1.553669995142366 1.0
vehicle.car 0 0 0 0 0 0 0 4.197 1.418 1.678 0.7347118765012877 -23.257603812155374 -13.434682262686866 -1.5497232352020163 1.0
movable_object.barrier 0 0 0 0 0 0 0 2.886 0.949 0.585 1.1488297603989372 19.355463816308788 2.29665803845033 1.5727287711212004 1.0
movable_object.barrier 0 0 0 0 0 0 0 2.994 0.956 0.577 1.2183663823739448 16.44690837860368 2.330450404462366 1.5626234305470819 1.0
movable_object.barrier 0 0 0 0 0 0 0 2.948 0.928 0.43 1.2504717465360629 -17.761465508603553 1.833344541870846 1.5362169072917409 1.0
movable_object.barrier 0 0 0 0 0 0 0 2.985 0.946 0.677 2.2260629996112717 31.751078839036467 31.099089841280087 -0.7912362815071265 1.0
vehicle.car 0 0 0 0 0 0 0 6.182 2.871 2.171 -0.03407555215454359 3.322089059134606 -20.146342694908405 -0.00761629842294731 1.0
movable_object.barrier 0 0 0 0 0 0 0 2.987 0.882 0.467 1.2568859987528702 -14.547411394828718 1.8565611543540066 1.553669995142366 1.0
movable_object.barrier 0 0 0 0 0 0 0 2.935 0.958 0.575 1.4261251081130562 7.248253300240095 2.389484811167755 1.5623790872764687 1.0
movable_object.barrier 0 0 0 0 0 0 0 2.992 0.936 0.677 2.452440664711249 22.010248087613853 38.518996810028625 -0.9775792123921327 1.0
vehicle.car 0 0 0 0 0 0 0 4.53 1.726 1.887 0.7729790715892894 -23.84236892169229 -5.001615181935719 -1.560984356579521 1.0
movable_object.barrier 0 0 0 0 0 0 0 2.977 0.954 0.634 2.451681422328588 24.55513880343005 36.790337888175095 -0.9775792123921327 1.0
movable_object.barrier 0 0 0 0 0 0 0 2.983 0.995 0.647 2.2034785610702 1.070666520955145 52.14989067962481 -1.0049627367247194 1.0
movable_object.barrier 0 0 0 0 0 0 0 2.967 0.951 0.62 2.2307194882651324 -4.146049613628081 55.454473664369594 -1.0049627367247194 1.0
vehicle.car 0 0 0 0 0 0 0 4.906 1.851 2.054 0.6416502092962221 19.983038536798453 -4.798689512807893 -1.6068123075875098 1.0
movable_object.barrier 0 0 0 0 0 0 0 2.954 0.936 0.565 1.3215872432530147 10.331624091711557 2.3564031378165997 1.5678485858981457 1.0
vehicle.truck 0 0 0 0 0 0 0 5.538 3.206 2.773 0.10774325544910615 -9.89258114841769 -10.72724758277356 -0.09055859624427853 1.0
vehicle.car 0 0 0 0 0 0 0 4.518 1.642 1.893 0.7861345623613412 19.529056439271486 -13.046737374383712 1.5703726035524639 1.0
movable_object.barrier 0 0 0 0 0 0 0 2.987 0.885 0.579 1.2017894645377192 -8.255692412041233 1.8628550838889781 1.5439137184992848 1.0
movable_object.barrier 0 0 0 0 0 0 0 2.935 0.953 0.675 2.6573546823848595 11.395082413346518 45.25635066396989 -0.9701093980744524 1.0
movable_object.barrier 0 0 0 0 0 0 0 2.994 0.957 0.628 2.220036028891387 -1.621753483219572 53.7791286522301 -1.0084533095412507 1.0
vehicle.car 0 0 0 0 0 0 0 4.46 1.534 1.933 0.8937675945170369 14.786536948528777 -5.143866376428877 1.6433091084255267 1.0
movable_object.barrier 0 0 0 0 0 0 0 3.005 0.883 0.593 1.2268621944630738 -5.116324988206916 1.9092181767807055 1.5552233200805823 1.0
movable_object.barrier 0 0 0 0 0 0 0 2.987 0.91 0.598 1.5144540493944016 1.143224616900515 2.1536188031636083 1.544925997612614 1.0
movable_object.barrier 0 0 0 0 0 0 0 2.988 0.968 0.677 2.4771432674498675 19.341747136522635 40.150587584531465 -1.0124849218195813 1.0
vehicle.car 0 0 0 0 0 0 0 4.655 1.766 1.924 0.6977795539939808 14.714682735604839 -16.0495725736477 -1.4671876210224761 1.0
