movable_object.barrier 0 0 0 0 0 0 0 0.619 1.126 1.875 1.4504817470054197 -15.965307784075101 17.149420750657978 1.6054134491281822 1.0
vehicle.car 0 0 0 0 0 0 0 5.072 2.443 2.222 0.19326955920036748 24.922177295739186 29.96419356810612 -3.0477939985709206 1.0
vehicle.truck 0 0 0 0 0 0 0 3.767 3.652 2.523 0.05913143192824266 -66.04962071771402 19.70162044230998 -3.0944274782953505 1.0
vehicle.truck 0 0 0 0 0 0 0 5.843 1.984 2.293 1.159081865703741 -25.45719367391314 -14.432192481782605 0.06903775452041394 1.0
vehicle.truck 0 0 0 0 0 0 0 7.52 3.493 2.828 0.16136344051178927 -18.209482978127326 10.833712026352853 3.126459142843391 1.0
vehicle.car 0 0 0 0 0 0 0 4.824 1.472 1.897 1.5758911245860334 -22.269536066513744 -17.237940870305508 -3.0976498691230994 1.0
movable_object.barrier 0 0 0 0 0 0 0 0.552 1.123 1.945 1.2725661103574877 -16.551664795201066 9.54865891504305 1.6478648465541061 1.0
vehicle.car 0 0 0 0 0 0 0 4.208 1.511 1.91 1.397825093629311 -37.96902441674609 -15.349788326271476 0.03904263758608817 1.0
vehicle.trailer 0 0 0 0 0 0 0 12.118 4.613 3.252 -0.5944127333397956 -65.54444015788359 27.607876928537614 -3.0769761339607093 1.0
vehicle.car 0 0 0 0 0 0 0 4.623 2.079 1.754 0.8275696340388524 -15.398482227719335 28.378934911483615 0.048661052358808465 1.0
movable_object.barrier 0 0 0 0 0 0 0 0.658 1.171 1.965 1.431246148884579 -15.79782425673964 19.08738624566472 1.6228630097496541 1.0
vehicle.trailer 0 0 0 0 0 0 0 14.332 4.381 2.996 -0.8983148678133865 -89.11806697223616 26.252037221823674 -3.0827184987102427 1.0
movable_object.barrier 0 0 0 0 0 0 0 0.657 1.161 1.972 1.1867235706560082 -29.295753769934297 10.050070185817903 -1.5172307749862153 1.0
vehicle.car 0 0 0 0 0 0 0 4.093 1.438 2.037 1.4779566188538529 17.973791118385083 -23.338457235480725 0.36784833031670994 1.0
vehicle.truck 0 0 0 0 0 0 0 3.736 3.035 2.988 0.2869869656391419 -69.87731520122908 19.934819491674926 -3.0958410370926748 1.0
vehicle.car 0 0 0 0 0 0 0 4.854 1.72 2.074 0.8752302999902811 -7.131466724331128 0.1039092328451275 1.586944903321812 1.0
vehicle.car 0 0 0 0 0 0 0 4.569 1.541 1.869 1.0444867106576576 0.44974920074278324 13.140258965989505 1.645128737862282 1.0
movable_object.barrier 0 0 0 0 0 0 0 0.551 1.102 1.92 1.3009013533172267 -16.270294688831143 11.519149203587498 1.6827643155353256 1.0
vehicle.trailer 0 0 0 0 0 0 0 3.005 2.87 1.417 0.4721604592550764 -3.765559073910296 -9.17775879571128 -1.567808399474914 1.0
vehicle.car 0 0 0 0 0 0 0 4.614 1.449 2.087 0.537042241681073 17.64101346129989 52.449756281964085 0.07927633741184881 1.0
movable_object.barrier 0 0 0 0 0 0 0 0.613 1.14 2.018 1.1933339213122451 -16.670579735759585 7.596024157303979 1.6315572763449193 1.0
vehicle.truck 0 0 0 0 0 0 0 11.539 3.953 2.694 -0.672715475549829 20.995469417197427 36.97490566861257 -3.0506411849717088 1.0
vehicle.truck 0 0 0 0 0 0 0 7.251 4.036 2.484 0.1517050532862062 -55.74410302492372 -15.57657306597807 0.037962251598512964 1.0
vehicle.car 0 0 0 0 0 0 0 4.368 2.0 1.821 0.9056444328840527 0.74085945238942 22.79188958694108 1.645128737862282 1.0
vehicle.car 0 0 0 0 0 0 0 4.512 1.588 1.965 1.0692255003089637 0.10893552995476688 7.406241261614145 1.645128737862282 1.0
vehicle.car 0 0 0 0 0 0 0 4.914 1.776 2.796 1.2993409536004423 -40.41895274565121 -17.449419498023133 3.1200719503037986 1.0
vehicle.truck 0 0 0 0 0 0 0 7.015 3.294 3.263 0.5417368559234954 -85.19759670243653 -15.304857439551036 0.04714204585648041 1.0
vehicle.truck 0 0 0 0 0 0 0 9.822 3.756 2.635 0.2505899709155931 -73.65803292406869 -15.362331749735429 0.03878408642301201 1.0
movable_object.barrier 0 0 0 0 0 0 0 0.645 1.156 1.979 1.213217066275752 -29.401462298554872 8.054068732494946 -1.5346799911319842 1.0
movable_object.barrier 0 0 0 0 0 0 0 0.653 1.161 1.948 1.2239534836241803 -29.24608936726718 12.031845496161532 -1.5521292803730402 1.0
movable_object.barrier 0 0 0 0 0 0 0 0.669 1.095 1.931 1.4209609952977909 -16.033643064904403 15.078348367902452 1.5879639519536264 1.0
vehicle.trailer 0 0 0 0 0 0 0 14.095 4.108 3.014 -0.47548920979427894 -101.32497536582484 27.077095967281423 -3.0827184987102427 1.0
vehicle.bicycle 0 0 0 0 0 0 0 1.898 1.183 0.803 0.5540354491105401 26.246743843043948 0.5262114797489924 0.13881261976932846 1.0
vehicle.car 0 0 0 0 0 0 0 4.351 1.497 1.76 1.2832415687186707 -34.16118803230358 -17.75876978845317 -3.0466806029699764 1.0
vehicle.car 0 0 0 0 0 0 0 4.882 1.544 1.919 1.6348820587253254 -19.16400163723219 -16.981642258847224 3.0633760222195345 1.0
vehicle.car 0 0 0 0 0 0 0 4.361 1.446 1.725 1.1149667346267298 0.3718931639961295 10.066664164496702 1.645128737862282 1.0
vehicle.trailer 0 0 0 0 0 0 0 13.911 4.406 3.04 -0.9938638302298248 -81.60524329992987 25.33595323843849 -3.100169843341525 1.0
vehicle.car 0 0 0 0 0 0 0 4.922 1.705 2.22 1.21598335415656 49.87923001215806 -36.27114500733635 -2.4381148315999877 1.0
vehicle.car 0 0 0 0 0 0 0 4.903 1.958 2.105 0.9054501522876472 -59.62732082277435 -16.541925778817753 0.05452577929265345 1.0
vehicle.truck 0 0 0 0 0 0 0 5.621 1.95 1.941 0.8963042266404732 0.10386522332879972 15.796500526088836 1.645128737862282 1.0
movable_object.barrier 0 0 0 0 0 0 0 0.499 1.088 1.935 1.4037556531452577 -16.036939839606642 13.457275233377626 1.6228630097496541 1.0
vehicle.car 0 0 0 0 0 0 0 4.537 1.623 1.966 1.492387658813156 -12.158237969591925 -13.074619123624238 3.092837380941381 1.0
vehicle.trailer 0 0 0 0 0 0 0 11.002 3.741 2.762 -0.8643567979144461 -98.17912191173396 13.218907159060803 -1.480742967197573 1.0
vehicle.trailer 0 0 0 0 0 0 0 10.876 4.301 2.729 -0.141022638053581 -69.51754038750722 27.782379039875636 -3.0944274782953505 1.0
