movable_object.barrier 0 0 0 0 0 0 0 2.978 0.937 0.644 1.6278251305334617 1.8561572974079337 23.01912236201938 -0.4789915520888144 1.0
vehicle.car 0 0 0 0 0 0 0 4.218 1.747 1.849 0.898477021639353 -1.6682873069316797 -10.452530877206591 1.576781600433386 1.0
vehicle.car 0 0 0 0 0 0 0 4.047 1.484 1.631 1.0506877921106037 -1.1930891091219151 -7.562950881056466 -1.5649627600763 1.0
vehicle.car 0 0 0 0 0 0 0 4.753 1.522 1.968 -0.09186386731439203 38.899960750972525 18.908804437046538 -2.4299870918167663 1.0
vehicle.car 0 0 0 0 0 0 0 4.513 1.493 1.931 0.9960697223632637 -1.057896397932109 -15.6904371958588 1.576781600433386 1.0
movable_object.barrier 0 0 0 0 0 0 0 2.994 0.956 0.636 2.1617272487491292 -20.827447209401367 42.788609763235236 -0.998125237004281 1.0
movable_object.barrier 0 0 0 0 0 0 0 2.935 0.953 0.675 2.2152109584927366 -23.410766707997823 44.47004512058997 -0.998125237004281 1.0
movable_object.barrier 0 0 0 0 0 0 0 2.993 0.946 0.655 1.8907549407863256 -7.876639578514537 34.70447173150404 -0.9414293972413716 1.0
movable_object.barrier 0 0 0 0 0 0 0 2.985 0.955 0.678 2.15937660364383 -18.201820385113656 41.238401308204345 -1.0329215173024373 1.0
movable_object.barrier 0 0 0 0 0 0 0 2.992 0.972 0.559 1.3414402067417728 -9.067175867726837 2.0378967248244333 1.5448968784234003 1.0
vehicle.car 0 0 0 0 0 0 0 4.281 1.532 1.662 -0.09545128589789342 41.42890295613915 17.872878545220807 0.7360508997480952 1.0
movable_object.barrier 0 0 0 0 0 0 0 3.007 0.953 0.582 1.6799948570978198 -30.19935586417344 1.80418462307451 1.5345478862314597 1.0
movable_object.barrier 0 0 0 0 0 0 0 2.976 0.975 0.603 1.3681262822078346 -12.127030521088077 2.0183940665330473 1.5448968784234003 1.0
movable_object.barrier 0 0 0 0 0 0 0 2.977 0.954 0.634 2.00345378236857 -10.395542737948974 36.42695709994636 -1.005594017685727 1.0
vehicle.car 0 0 0 0 0 0 0 4.678 1.607 2.003 -0.021915044128808903 45.4038523188949 13.87799181532813 0.7489324891806382 1.0
movable_object.barrier 0 0 0 0 0 0 0 2.963 0.956 0.583 1.5641903499155236 -21.17833598418303 1.972109132702594 1.558658872067575 1.0
vehicle.car 0 0 0 0 0 0 0 4.749 1.488 1.902 1.1652502555564828 -14.713090083351254 -10.547307277134053 -1.5649627600763 1.0
vehicle.car 0 0 0 0 0 0 0 4.97 1.705 2.122 1.0665279122922309 -18.182333931495062 -0.09537721512842481 1.5563490819718462 1.0
vehicle.car 0 0 0 0 0 0 0 4.29 1.753 1.969 -0.2268686868379255 56.1183017454845 20.725194564582146 0.6457436341789107 1.0
movable_object.barrier 0 0 0 0 0 0 0 3.284 0.869 0.526 1.4366398097551967 -0.16811378905245344 2.8486575745724374 1.038073298786684 1.0
movable_object.barrier 0 0 0 0 0 0 0 2.877 0.96 0.546 1.316827150819531 -6.083040963029432 2.0316462813164677 1.5448968784234003 1.0
movable_object.barrier 0 0 0 0 0 0 0 2.75 0.953 0.54 1.2724814539378668 -3.1648831910734434 2.0570761287784247 1.5448968784234003 1.0
movable_object.barrier 0 0 0 0 0 0 0 2.886 0.949 0.585 1.5045015159561992 -15.109200607326422 1.9887229970441465 1.5523139523069087 1.0
vehicle.car 0 0 0 0 0 0 0 4.363 1.455 1.862 1.0215265702146523 -1.4462317504430284 -5.0279379764970775 1.5701323991281484 1.0
movable_object.trafficcone 0 0 0 0 0 0 0 0.387 1.316 0.265 1.1902086842510193 0.8448812882050589 5.765953184179869 -1.5786276524241067 1.0
movable_object.barrier 0 0 0 0 0 0 0 2.985 0.949 0.621 2.2187184183757274 -25.94987543141911 46.111321023164166 -0.998125237004281 1.0
movable_object.barrier 0 0 0 0 0 0 0 3.007 0.955 0.677 1.752678646216192 -1.119882464968218 28.40351480057532 -0.6194692324006539 1.0
movable_object.barrier 0 0 0 0 0 0 0 2.935 0.958 0.575 1.6603951764803404 -27.17591212297231 1.9031229690869835 1.5519998173302767 1.0
vehicle.car 0 0 0 0 0 0 0 4.655 1.766 1.924 1.0832896612719065 -19.223682949539963 -16.087764068453012 -1.5649627600763 1.0
movable_object.barrier 0 0 0 0 0 0 0 2.954 0.936 0.565 1.6150759284237144 -24.20042267100593 1.9220620026352502 1.5632862753409942 1.0
vehicle.car 0 0 0 0 0 0 0 4.518 1.642 1.893 1.1205332028824253 -14.491768088538226 -13.305621428896375 1.542540867662579 1.0
vehicle.car 0 0 0 0 0 0 0 4.46 1.534 1.933 1.1890802212651719 -19.471127645939696 -5.326157242349384 1.5631167099969163 1.0
vehicle.car 0 0 0 0 0 0 0 6.182 2.871 2.171 0.7535783153185562 -31.21544520237108 -20.73801067480894 -0.018782757989489696 1.0
vehicle.car 0 0 0 0 0 0 0 5.029 1.834 2.017 1.0258848381978394 -14.951070183670854 -7.841501712741736 1.5593296355055877 1.0
movable_object.barrier 0 0 0 0 0 0 0 2.951 0.907 0.668 1.5586876068225828 4.547569810429055 14.260977256600775 -0.060428698061262054 1.0
movable_object.barrier 0 0 0 0 0 0 0 2.99 0.95 0.589 1.6626871293312415 0.44817183700157015 25.7503496656917 -0.4789915520888144 1.0
movable_object.trafficcone 0 0 0 0 0 0 0 0.291 1.361 0.251 1.2505172949181684 5.1621401077882885 9.404632086777731 -1.5786276524241067 1.0
vehicle.construction 0 0 0 0 0 0 0 11.133 4.173 4.466 0.3133046015542685 -26.436442061008204 28.046457970773467 -1.2695226780709312 1.0
movable_object.barrier 0 0 0 0 0 0 0 2.992 0.936 0.677 2.214744176042337 -12.977192893508105 38.07774504630455 -1.005594017685727 1.0
vehicle.car 0 0 0 0 0 0 0 4.07 1.528 1.66 -0.06312106617131782 47.569470452347005 27.106632038866124 0.6090752439480931 1.0
vehicle.car 0 0 0 0 0 0 0 4.906 1.851 2.054 0.9635407767954736 -14.164544713382957 -5.0252876046533625 -1.6260447605411308 1.0
vehicle.truck 0 0 0 0 0 0 0 5.538 3.206 2.773 0.6096518913907679 -44.39317124231465 -11.449353204502074 -0.0647923625901079 1.0
movable_object.barrier 0 0 0 0 0 0 0 2.996 0.947 0.642 1.484426286574758 4.7637013423180745 11.240782988471935 -0.060428698061262054 1.0
vehicle.car 0 0 0 0 0 0 0 4.826 1.413 2.134 -0.43600017551892395 62.53949617960199 0.6381088859750319 -2.429197482724952 1.0
movable_object.barrier 0 0 0 0 0 0 0 2.985 0.946 0.677 1.8044981156300555 -3.1580072962999437 30.763685750845507 -0.8192819886158009 1.0
movable_object.barrier 0 0 0 0 0 0 0 2.994 0.956 0.577 1.5034938436921685 -18.11534540546244 1.998991260612112 1.5696960999551637 1.0
vehicle.trailer 0 0 0 0 0 0 0 13.057 4.072 2.94 0.20407180522537247 -44.70543263746525 -20.252658641370974 -0.01874240906615121 1.0
movable_object.barrier 0 0 0 0 0 0 0 2.99 0.953 0.644 2.2686199696151923 -28.51034424926437 47.75894788262796 -0.998125237004281 1.0
vehicle.car 0 0 0 0 0 0 0 4.266 1.7 1.773 1.0653476726464504 -14.025381857499559 -15.657340043176152 -1.5992035511024358 1.0
movable_object.barrier 0 0 0 0 0 0 0 2.999 0.95 0.629 1.852362103645747 -5.446331025950586 32.797014437253054 -0.8890797013310543 1.0
movable_object.barrier 0 0 0 0 0 0 0 2.988 0.968 0.677 2.1511312285830817 -15.593827933701515 39.65903327409496 -1.0404950758349756 1.0
