vehicle.car 0 0 0 0 0 0 0 7.069 2.504 3.234 0.4292120715082185 -60.87689714688464 -13.700348181463463 -3.097750953542265 1.0
vehicle.car 0 0 0 0 0 0 0 4.854 1.72 2.074 0.8305775605896101 -22.297393435448384 -0.2017514350067411 1.5892706935381273 1.0
movable_object.barrier 0 0 0 0 0 0 0 0.658 1.171 1.965 1.8083937437736874 19.295309680547827 18.427514170928596 1.624955165424037 1.0
vehicle.trailer 0 0 0 0 0 0 0 3.005 2.87 1.417 0.0028436500319636293 32.016721475585314 -9.70601379482885 -1.2526916317558197 1.0
vehicle.car 0 0 0 0 0 0 0 4.569 1.541 1.869 1.2947768925495085 35.94094814382921 12.459392868553394 1.647211479461042 1.0
vehicle.trailer 0 0 0 0 0 0 0 17.005 4.468 3.22 -0.8144060193511715 -75.32600539965848 -6.558993145917971 -1.6432768019224095 1.0
movable_object.barrier 0 0 0 0 0 0 0 0.619 1.126 1.875 1.7155638699506186 19.188074598263796 16.52242932986429 1.6075131222479255 1.0
vehicle.trailer 0 0 0 0 0 0 0 13.911 4.406 3.04 -0.10233380850288423 -46.183762642360385 24.91489522589315 -3.0985142777519297 1.0
vehicle.trailer 0 0 0 0 0 0 0 14.392 4.325 3.274 -0.5388072934960594 -73.72294110106571 26.535627688847253 -3.0790505223193376 1.0
vehicle.truck 0 0 0 0 0 0 0 9.822 3.756 2.635 -0.1498383940416122 -38.229355557955365 -16.183545623485855 0.05872216054303703 1.0
vehicle.car 0 0 0 0 0 0 0 4.537 1.623 1.966 1.2910896289399159 23.44979867747019 -13.673958359583455 3.059618456301787 1.0
vehicle.trailer 0 0 0 0 0 0 0 10.876 4.301 2.729 0.1959879002414579 -33.95445918655901 26.501815874198464 -3.092773207390172 1.0
vehicle.truck 0 0 0 0 0 0 0 6.678 2.778 2.563 0.20956272342722035 -45.88755953091819 -14.899822232229338 0.06795510604261557 1.0
vehicle.car 0 0 0 0 0 0 0 4.391 1.752 2.049 1.2764149088987433 -13.091765111408485 -18.158058995819186 -3.116030606658896 1.0
vehicle.truck 0 0 0 0 0 0 0 7.015 3.294 3.263 0.21727393669139242 -49.7782871648911 -15.758350050899463 0.07605608476201065 1.0
vehicle.trailer 0 0 0 0 0 0 0 12.118 4.613 3.252 0.11831822409667841 -29.958850983129153 26.79420688994729 -3.0753257988904394 1.0
vehicle.car 0 0 0 0 0 0 0 4.361 1.446 1.725 1.0093104949103726 35.83360141170616 9.402771594185175 1.647211479461042 1.0
vehicle.car 0 0 0 0 0 0 0 4.623 2.079 1.754 1.430326122083046 19.73330198872255 27.872021019431205 0.056628716283299685 1.0
vehicle.car 0 0 0 0 0 0 0 4.903 1.958 2.105 0.9682302603586879 -23.636041077642133 -15.621568788798502 0.07021450022488684 1.0
vehicle.car 0 0 0 0 0 0 0 4.351 1.497 1.76 1.1702636053454216 1.0939209563899654 -18.427658117890157 -2.9974929637041985 1.0
vehicle.truck 0 0 0 0 0 0 0 7.52 3.493 2.828 0.251716766634195 17.365804739710484 10.232505783371824 3.1281274543728355 1.0
vehicle.bus.bendy 0 0 0 0 0 0 0 7.12 3.655 3.46 -0.1824892630024385 50.80444595662304 12.750323229181978 0.05429345675116126 1.0
vehicle.car 0 0 0 0 0 0 0 4.882 1.544 1.919 1.231748140088855 16.50461632782907 -17.492076576445243 3.099953373163376 1.0
vehicle.car 0 0 0 0 0 0 0 4.523 1.733 1.751 0.9355504984865648 -33.12319703908972 -14.40924713332384 0.06915517869264454 1.0
vehicle.truck 0 0 0 0 0 0 0 5.843 1.984 2.293 0.8701040049431182 10.123594256318544 -14.960068708683163 0.08972894212849836 1.0
vehicle.car 0 0 0 0 0 0 0 4.914 1.776 2.796 1.159559552758012 -4.72674373867753 -18.26540544194006 3.1042942890349394 1.0
movable_object.barrier 0 0 0 0 0 0 0 0.645 1.068 1.554 1.6812078867318274 6.376276497236276 15.258649647749644 -1.4986011922982527 1.0
movable_object.barrier 0 0 0 0 0 0 0 0.65 1.141 1.878 1.5351352636581292 6.238168290109595 13.40056544300733 -1.4986011922982527 1.0
vehicle.truck 0 0 0 0 0 0 0 7.251 4.036 2.484 0.1344596732720562 -20.12435682359453 -16.14448877118902 0.05628894525908068 1.0
movable_object.barrier 0 0 0 0 0 0 0 0.653 1.161 1.948 1.5830284654691082 6.053760244969531 11.5120742690518 -1.5247623815687978 1.0
vehicle.truck 0 0 0 0 0 0 0 3.263 3.093 2.805 0.33958384477961767 -71.01393871172439 13.355770555223181 -1.4881351206978923 1.0
vehicle.car 0 0 0 0 0 0 0 4.208 1.511 1.91 1.2595861472728433 -2.5208334450038365 -15.862586169365667 0.05697300355673729 1.0
vehicle.trailer 0 0 0 0 0 0 0 11.002 3.741 2.762 -0.3460340412683741 -63.41695513106821 12.781574953037449 -1.4795718776561175 1.0
vehicle.car 0 0 0 0 0 0 0 4.512 1.588 1.965 1.0255210689293037 35.607616195230115 6.737769924537539 1.647211479461042 1.0
vehicle.bus.bendy 0 0 0 0 0 0 0 11.397 3.617 3.646 0.25974031221868976 50.89062881479937 21.559954011329065 0.052451130330554374 1.0
vehicle.car 0 0 0 0 0 0 0 4.648 1.609 1.899 1.2408604272803996 -16.731919080971075 -17.836679225586295 -3.1334780196121823 1.0
vehicle.car 0 0 0 0 0 0 0 4.422 2.134 2.016 1.0316790343547293 -27.322388397934734 -15.696479984556683 3.128386548456957 1.0
movable_object.barrier 0 0 0 0 0 0 0 0.669 1.095 1.931 1.549744009707199 19.081104794622792 14.734789759073305 1.575707539437385 1.0
vehicle.trailer 0 0 0 0 0 0 0 14.332 4.381 2.996 -0.29343877621434566 -53.94223799486686 25.35454178378442 -3.0810668683284295 1.0
movable_object.barrier 0 0 0 0 0 0 0 0.613 1.14 2.018 1.274091527061727 18.805008637891152 7.011331620321613 1.6336457326548857 1.0
vehicle.trailer 0 0 0 0 0 0 0 14.095 4.108 3.014 -0.07541045041983496 -65.96634736004957 26.319924414285857 -3.0810668683284295 1.0
vehicle.truck 0 0 0 0 0 0 0 3.736 3.035 2.988 0.4269000531867699 -34.513257593396915 18.43814940551715 -3.094186447467571 1.0
vehicle.car 0 0 0 0 0 0 0 4.355 1.533 1.791 1.0026424720360867 -30.63058150193578 -16.110671081381316 3.082587093971722 1.0
movable_object.barrier 0 0 0 0 0 0 0 0.645 1.156 1.979 1.3462456614379918 5.855886187152911 7.461810850339699 -1.533482891969559 1.0
movable_object.barrier 0 0 0 0 0 0 0 0.657 1.161 1.972 1.5029721282867277 5.930319336627389 9.49681589231082 -1.533482891969559 1.0
vehicle.truck 0 0 0 0 0 0 0 3.767 3.652 2.523 0.380232113967063 -30.61681930126929 18.450138529332243 -3.092773207390172 1.0
