movable_object.barrier 0 0 0 0 0 0 0 0.619 1.126 1.875 1.4097239463196853 -15.204794105902417 17.10094671106594 1.5860625974213658 1.0
vehicle.car 0 0 0 0 0 0 0 4.537 1.623 1.966 1.4487575948411318 -11.276184643599871 -13.10261961920365 3.090544986794022 1.0
vehicle.trailer 0 0 0 0 0 0 0 10.876 4.301 2.729 0.1264633079885833 -68.66959912676381 27.598323917558684 -3.096739407499852 1.0
vehicle.car 0 0 0 0 0 0 0 4.903 1.958 2.105 1.2183232626462601 -58.75414547712193 -16.527887507865298 0.0663090934929147 1.0
movable_object.barrier 0 0 0 0 0 0 0 0.499 1.088 1.935 1.4371023484535448 -15.266006470769769 13.404361196096078 1.6283610860452828 1.0
vehicle.trailer 0 0 0 0 0 0 0 11.002 3.741 2.762 0.05851266506992192 -97.97284543167801 13.583798035329847 -1.4834900380937386 1.0
vehicle.car 0 0 0 0 0 0 0 4.093 1.438 2.037 1.8038431823684133 26.586952986163872 -43.411034524227944 0.3032907912197098 1.0
vehicle.car 0 0 0 0 0 0 0 4.854 1.72 2.074 0.9166971893411421 -6.18163629738533 0.0746280020936138 1.5858615731228003 1.0
movable_object.barrier 0 0 0 0 0 0 0 0.552 1.123 1.945 1.2433445702174402 -15.743655652596356 9.532595296345397 1.6459401159591094 1.0
vehicle.car 0 0 0 0 0 0 0 4.208 1.511 1.91 1.4141324904167063 -37.289217361063095 -15.447074980761451 0.0572207187358349 1.0
vehicle.truck 0 0 0 0 0 0 0 7.251 4.036 2.484 0.17563637061182708 -55.00273468514831 -15.711567647122216 0.05641930667704198 1.0
vehicle.trailer 0 0 0 0 0 0 0 14.095 4.108 3.014 -0.6561828584412622 -100.74535760163147 26.82801018917781 -3.0850328135496383 1.0
movable_object.barrier 0 0 0 0 0 0 0 0.669 1.095 1.931 1.4538216531024704 -15.233729505059966 15.284899593028488 1.572980808172801 1.0
vehicle.truck 0 0 0 0 0 0 0 3.736 3.035 2.988 0.46785581486489797 -69.21067330580415 19.314251314724878 -3.0981526783374154 1.0
movable_object.barrier 0 0 0 0 0 0 0 0.657 1.161 1.972 1.1915025194511737 -28.557681333784224 9.992933480329066 -1.5199619029207634 1.0
movable_object.barrier 0 0 0 0 0 0 0 0.645 1.156 1.979 1.205756545706548 -28.62536693583241 8.001738491883462 -1.5374037095257922 1.0
vehicle.trailer 0 0 0 0 0 0 0 3.005 2.87 1.417 0.48420446980363596 -2.9093518770823654 -9.195410547998291 -1.570518410632114 1.0
movable_object.barrier 0 0 0 0 0 0 0 0.653 1.161 1.948 1.2625235844315787 -28.55266660940188 11.9677114073044 -1.5315897508117144 1.0
vehicle.car 0 0 0 0 0 0 0 4.569 1.541 1.869 0.9878203924616946 1.0813882147147185 13.100522882162595 1.64320504632901 1.0
movable_object.barrier 0 0 0 0 0 0 0 0.551 1.102 1.92 1.2780196134463815 -15.452339625970424 11.462836373000764 1.666871904560752 1.0
vehicle.truck 0 0 0 0 0 0 0 11.539 3.953 2.694 -0.8973881268677554 23.074847062227164 55.45860894328469 -3.0557595091197944 1.0
vehicle.car 0 0 0 0 0 0 0 4.474 2.045 2.117 0.42288573963459825 14.863954970132724 4.513273003972168 0.057449870880242226 1.0
movable_object.barrier 0 0 0 0 0 0 0 0.613 1.14 2.018 1.209501437770959 -15.791303707724635 7.563312862251992 1.6296387781487862 1.0
vehicle.truck 0 0 0 0 0 0 0 5.843 1.984 2.293 1.260579884338515 -24.57195686482216 -14.51195570071343 0.07818720108749888 1.0
vehicle.truck 0 0 0 0 0 0 0 7.52 3.493 2.828 0.18231983193188808 -17.360193510505244 10.786952844532383 3.1241599003490226 1.0
vehicle.car 0 0 0 0 0 0 0 4.824 1.472 1.897 1.6212782453242651 -21.56754081445981 -17.29892249073942 -3.099961141898417 1.0
vehicle.truck 0 0 0 0 0 0 0 9.822 3.756 2.635 0.376320527165247 -73.03799301532085 -16.133578112932078 0.054994475346926475 1.0
vehicle.car 0 0 0 0 0 0 0 5.072 2.443 2.222 0.2021979086097263 25.685004433329468 30.114088272168114 -3.0617472891823585 1.0
vehicle.truck 0 0 0 0 0 0 0 3.767 3.652 2.523 0.13280269230591563 -65.21620304491933 19.474228625521114 -3.10421703183171 1.0
vehicle.car 0 0 0 0 0 0 0 4.583 2.0 2.228 0.44092693835147084 63.61994358893931 -26.40852955212015 0.09558642491067282 1.0
vehicle.car 0 0 0 0 0 0 0 4.368 2.0 1.821 0.8348530699585227 1.3197407573169204 22.78660067782799 1.64320504632901 1.0
vehicle.car 0 0 0 0 0 0 0 4.512 1.588 1.965 1.0219779625291558 0.9227004610273777 7.384694293301985 1.64320504632901 1.0
vehicle.car 0 0 0 0 0 0 0 4.914 1.776 2.796 1.324987056892664 -39.60069659338597 -17.55021949558243 3.106142147709087 1.0
vehicle.truck 0 0 0 0 0 0 0 7.015 3.294 3.263 0.6213305012684216 -84.57056168473659 -15.51102771513197 0.060732413312668765 1.0
vehicle.car 0 0 0 0 0 0 0 4.361 1.446 1.725 1.0955271773150839 1.0169840923607951 10.05801546926769 1.64320504632901 1.0
vehicle.car 0 0 0 0 0 0 0 4.351 1.497 1.76 1.4452563123795679 -33.473698929707396 -17.90724741530583 -3.0490022658774354 1.0
vehicle.car 0 0 0 0 0 0 0 4.882 1.544 1.919 1.565695213227451 -18.197119354250066 -17.005271835879526 3.0610896338173834 1.0
vehicle.trailer 0 0 0 0 0 0 0 12.118 4.613 3.252 -0.6638059169619428 -64.82008139083484 27.69846757868926 -3.0792916190449215 1.0
vehicle.car 0 0 0 0 0 0 0 4.623 2.079 1.754 0.6931014843819907 -14.692476718687614 28.32930047026865 0.061846439465039094 1.0
vehicle.truck 0 0 0 0 0 0 0 5.621 1.95 1.941 0.8904314441678701 0.8699628845849494 15.81601247384404 1.64320504632901 1.0
movable_object.barrier 0 0 0 0 0 0 0 0.658 1.171 1.965 1.43858737924982 -14.996508814693327 19.010113581641956 1.620947873626454 1.0
vehicle.trailer 0 0 0 0 0 0 0 13.911 4.406 3.04 -0.6696286720719118 -80.89585010899143 25.130529258584836 -3.1024806028059855 1.0
vehicle.car 0 0 0 0 0 0 0 4.922 1.705 2.22 1.1894668277300113 54.60749489832204 -30.92457058747402 3.127268824281094 1.0
