vehicle.car 0 0 0 0 0 0 0 4.923 2.0 2.098 -0.15349866049704164 68.78687071986376 -16.754007156685585 2.2704357551054084 1.0
vehicle.car 0 0 0 0 0 0 0 4.99 1.732 2.288 0.7551859336507746 -0.1184071978199803 13.785808058785616 1.5707177123553908 1.0
vehicle.car 0 0 0 0 0 0 0 4.992 1.549 1.981 0.8140687312201371 1.084790152857754 10.95209971961716 1.5707177123553908 1.0
vehicle.car 0 0 0 0 0 0 0 5.218 2.451 2.384 0.830360786478701 -54.521589891056486 -0.11353374533773045 1.5449593017386505 1.0
vehicle.truck 0 0 0 0 0 0 0 5.154 2.067 2.396 0.7900928619374813 -18.206357923746626 16.79958012097123 1.5817121769784617 1.0
vehicle.car 0 0 0 0 0 0 0 5.17 2.0 2.45 0.5806826287667968 -45.10308338156466 12.377048945162471 1.5314518705119635 1.0
vehicle.car 0 0 0 0 0 0 0 5.144 1.874 2.364 0.9178643627980293 -19.1518570105785 8.100390048305378 -1.6103439062209075 1.0
vehicle.truck 0 0 0 0 0 0 0 8.911 3.595 3.102 -0.2532448742682863 -44.92755120768951 15.609556234499463 -1.5957369367119245 1.0
vehicle.bus.bendy 0 0 0 0 0 0 0 10.573 3.37 3.061 -0.951097104824177 46.172045887303035 13.472073510748068 -0.35211773904231514 1.0
vehicle.car 0 0 0 0 0 0 0 4.778 2.103 2.399 0.6166526720680722 -18.160271044145464 38.00399842235523 -0.024616144867691148 1.0
vehicle.car 0 0 0 0 0 0 0 4.83 1.74 1.972 1.003733604307622 -45.81526395278706 9.630092865049955 1.5634927855850735 1.0
vehicle.car 0 0 0 0 0 0 0 5.593 2.0 2.414 0.8059198247344913 -16.807314863106818 19.918190712520673 -1.5600834536152863 1.0
vehicle.bus.bendy 0 0 0 0 0 0 0 8.852 3.492 2.986 -0.4741966192434852 41.46948393359521 5.302403566472979 0.7264767347926133 1.0
vehicle.car 0 0 0 0 0 0 0 5.245 1.909 2.173 1.056178200419304 -17.694475413155267 1.5972168873158759 1.5732307317397165 1.0
vehicle.car 0 0 0 0 0 0 0 4.272 1.781 1.953 0.2723513762610899 -17.878805690231605 48.49411257198452 -0.03747292458930929 1.0
vehicle.car 0 0 0 0 0 0 0 4.548 1.673 1.741 1.4895987914000122 -68.24556608258001 9.724233112407866 1.531137744402538 1.0
vehicle.car 0 0 0 0 0 0 0 4.75 2.0 2.016 0.8827385547329601 -68.96367710167156 13.057474210410184 -1.589960470548947 1.0
vehicle.car 0 0 0 0 0 0 0 5.161 1.835 2.224 0.8115656257308651 0.5701077788483178 8.120845441325221 1.5796005405954112 1.0
vehicle.car 0 0 0 0 0 0 0 5.157 2.0 2.073 0.8497201488204094 -19.627151966279925 13.678221622598937 -1.6103439062209066 1.0
human.pedestrian.adult 0 0 0 0 0 0 0 0.745 2.0 0.71 1.1190452798242727 -41.74201045374676 -11.900297706187981 -1.539665218086757 1.0
