vehicle.bus.bendy 0 0 0 0 0 0 0 10.573 3.37 3.061 -0.9849026425648109 38.98936808692732 25.506191194694832 1.8722991864269565 1.0
vehicle.truck 0 0 0 0 0 0 0 11.155 4.047 3.557 0.16761313370801717 4.2770360311696605 -19.70258901044082 -0.13539783534810113 1.0
vehicle.car 0 0 0 0 0 0 0 5.006 1.876 2.064 1.7454859770957656 9.770003586366009 -52.01731537053322 -2.765990100108044 1.0
vehicle.car 0 0 0 0 0 0 0 4.46 1.617 1.999 -0.7048371266069255 53.924731375920196 25.275161472415913 -2.3025866560516874 1.0
vehicle.car 0 0 0 0 0 0 0 3.932 1.652 2.109 2.0243176794701623 11.451939311869936 -46.335924159128744 -2.8104200259695133 1.0
vehicle.car 0 0 0 0 0 0 0 5.245 1.909 2.173 0.9373320827252148 -6.745031858851532 2.084640578639395 1.8064593460202687 1.0
vehicle.truck 0 0 0 0 0 0 0 5.934 2.14 2.508 0.4579791763940963 15.218961159181244 8.463745256805344 -0.24160090870772954 1.0
vehicle.car 0 0 0 0 0 0 0 4.992 1.549 1.981 0.46451588318532605 -29.1961666815241 16.98588197040387 1.803946619587462 1.0
vehicle.car 0 0 0 0 0 0 0 5.218 2.451 2.384 0.6222196312883412 -15.954423988491179 3.2483122443079346 1.7781912378564417 1.0
vehicle.car 0 0 0 0 0 0 0 5.161 1.835 2.224 0.9560778366209828 -29.94277132515737 14.213346785407929 1.812828414319445 1.0
vehicle.car 0 0 0 0 0 0 0 3.764 1.559 1.778 -0.49949119254709495 57.24365821534709 21.35600509866731 -2.374604977665008 1.0
vehicle.bus.bendy 0 0 0 0 0 0 0 8.852 3.492 2.986 -0.641228512767397 30.169376575211395 27.341729215486325 1.4700567745270439 1.0
vehicle.car 0 0 0 0 0 0 0 4.99 1.732 2.288 0.27327581072822105 -29.469241534917945 19.978813369405636 1.803946619587462 1.0
vehicle.car 0 0 0 0 0 0 0 4.109 1.42 1.802 -0.4934114975731442 59.86655188573867 19.223831599364313 -2.269901940570179 1.0
vehicle.car 0 0 0 0 0 0 0 4.923 2.0 2.098 1.0842821513480025 30.678305501865783 -25.37919100880073 2.503595362135891 1.0
vehicle.car 0 0 0 0 0 0 0 4.23 1.552 1.951 -0.6511022388355524 74.58222629235433 21.675055454625053 0.8270843456017278 1.0
vehicle.truck 0 0 0 0 0 0 0 8.911 3.595 3.102 -0.017917442414802198 -72.68217570334765 32.30320260556196 -1.3628509957882464 1.0
