movable_object.pushable_pullable 0 0 0 0 0 0 0 1.214 1.189 0.764 0.46100605023026164 15.892613685158674 -5.448937154578277 -0.10431608438008766 1.0
vehicle.truck 0 0 0 0 0 0 0 6.372 2.978 2.877 -0.35600649645862104 22.67807140821836 -2.0109807867453346 -1.6131314898238864 1.0
vehicle.construction 0 0 0 0 0 0 0 8.514 2.81 4.845 -3.293688971533219 74.26538238754404 -16.294629816247117 2.5543040138677675 1.0
human.pedestrian.construction_worker 0 0 0 0 0 0 0 1.094 1.106 0.53 1.1353876051512475 19.621913402824518 13.236874632288291 -3.1102127093281267 1.0
movable_object.pushable_pullable 0 0 0 0 0 0 0 1.216 1.139 0.783 0.49651683653951234 16.973504364590998 -5.3946386907677715 -0.15310920285913632 1.0
vehicle.truck 0 0 0 0 0 0 0 7.516 3.093 2.312 0.93165312199733 -16.842161701478723 5.972096105168006 -1.5481712250465671 1.0
movable_object.pushable_pullable 0 0 0 0 0 0 0 1.208 1.134 0.758 0.3171860652407642 17.80623575379093 -6.560001684820111 -0.030264176854618796 1.0
human.pedestrian.construction_worker 0 0 0 0 0 0 0 0.533 1.618 0.624 0.07200487114648829 6.998215080533829 -8.623883539120532 -0.047622821276316785 1.0
vehicle.truck 0 0 0 0 0 0 0 9.791 2.975 2.447 -0.8949539369666033 48.745397388028856 -1.7335372453421416 -1.645151803441384 1.0
human.pedestrian.construction_worker 0 0 0 0 0 0 0 0.881 1.759 0.616 0.30575188529866204 22.605101257150654 -0.008581675372330611 -1.5426130751808502 1.0
vehicle.truck 0 0 0 0 0 0 0 6.227 2.601 2.156 0.8583458233573332 -6.038531967112288 5.813740168490267 -1.5047048130787415 1.0
human.pedestrian.construction_worker 0 0 0 0 0 0 0 0.521 1.773 0.581 -0.6557519461340968 76.67507070503976 12.420954932501251 -1.115149732274638 1.0
human.pedestrian.construction_worker 0 0 0 0 0 0 0 0.544 1.739 0.665 0.7144246540345945 -19.39748367452677 -9.99876719043267 -0.9640918246882713 1.0
human.pedestrian.construction_worker 0 0 0 0 0 0 0 0.655 1.645 0.739 -0.6695659065117756 11.839826684311511 -14.44086384335818 -2.7566648132765614 1.0
