vehicle.truck 0 0 0 0 0 0 0 7.516 3.093 2.312 1.6772888039496863 -71.33836478850333 -2.0551230591662644 -1.6605011077832685 1.0
human.pedestrian.construction_worker 0 0 0 0 0 0 0 0.521 1.773 0.581 -0.43975455696645926 25.589252248896056 14.632668072653848 -2.7896998069062278 1.0
movable_object.trafficcone 0 0 0 0 0 0 0 0.352 0.738 0.336 0.89147208503983 21.153795015300844 -2.5534120434332364 3.0852744402980443 1.0
vehicle.truck 0 0 0 0 0 0 0 9.791 2.975 2.447 0.5745419476724527 -5.314311956723949 -3.6775604346533086 -1.550715016201468 1.0
movable_object.trafficcone 0 0 0 0 0 0 0 0.396 0.711 0.34 0.7798873578760134 23.266020548143516 -2.295187050313721 -2.639531658260699 1.0
vehicle.construction 0 0 0 0 0 0 0 8.514 2.81 4.845 -1.3173025682497896 21.467438235975884 -15.568630653241847 2.6490410663543535 1.0
human.pedestrian.construction_worker 0 0 0 0 0 0 0 1.094 1.106 0.53 1.3980033042878346 -35.99415855733697 8.650026472645944 -3.0155469632957246 1.0
vehicle.truck 0 0 0 0 0 0 0 6.227 2.601 2.156 1.658659428778308 -60.84246401113604 -1.3309885288188559 -1.58215145532907 1.0
vehicle.truck 0 0 0 0 0 0 0 6.372 2.978 2.877 1.129393801318745 -31.461712716046197 -6.220573401961672 -1.5012578950708138 1.0
movable_object.trafficcone 0 0 0 0 0 0 0 0.309 0.717 0.314 0.6237618887076094 24.633746317043602 -3.127432241927117 -3.023416647607865 1.0
