vehicle.motorcycle 0 0 0 0 0 0 0 1.964 1.272 0.665 1.0649016426275277 -12.677715336384068 22.61707581668897 -1.3708978072093423 1.0
movable_object.barrier 0 0 0 0 0 0 0 0.551 0.601 0.548 1.5914032597750196 -9.734597296471483 10.70473640537756 -0.20109930290167455 1.0
movable_object.barrier 0 0 0 0 0 0 0 0.552 0.598 0.546 1.5882361803555134 -9.045040314943314 10.57985590716582 -0.033807777383771054 1.0
vehicle.truck 0 0 0 0 0 0 0 4.94 2.734 1.945 1.142281426295156 -45.43709498385557 6.931295871722349 -1.573000930662599 1.0
vehicle.truck 0 0 0 0 0 0 0 7.696 3.146 2.836 1.2380644956577647 -68.99956408889452 6.21176458143097 -1.604659490839638 1.0
vehicle.motorcycle 0 0 0 0 0 0 0 2.047 1.575 0.682 1.4712516140419818 -32.53560108478776 4.1165834906973195 -1.5784122649248475 1.0
vehicle.truck 0 0 0 0 0 0 0 4.795 1.949 1.831 1.0405971971766728 -17.719492071501882 7.1448892017609476 -1.5716585013664073 1.0
movable_object.barrier 0 0 0 0 0 0 0 0.553 0.601 0.548 1.5952397345495022 -5.521954823799217 10.881328248051199 -0.07429850453794984 1.0
vehicle.motorcycle 0 0 0 0 0 0 0 1.903 0.995 0.659 1.222837569618685 -7.184510056836618 16.39985891523559 -0.731954635296427 1.0
movable_object.barrier 0 0 0 0 0 0 0 0.554 0.602 0.554 1.5479129086432164 -8.204669352074589 10.514124038748385 -0.6318091575412481 1.0
movable_object.barrier 0 0 0 0 0 0 0 0.545 0.597 0.555 1.619107581111686 -12.247375360617024 10.912035394588457 -0.02994100500463759 1.0
movable_object.barrier 0 0 0 0 0 0 0 0.601 0.552 0.547 1.5660224517257255 -6.739362501529988 10.649615286423165 -0.21134108301929366 1.0
vehicle.motorcycle 0 0 0 0 0 0 0 1.874 1.135 0.544 1.1308640838499096 -12.880654984477625 21.162858688616392 -1.013162218952779 1.0
movable_object.debris 0 0 0 0 0 0 0 0.878 1.418 1.134 1.1968113995089498 -5.369909535496839 9.55584301910976 -1.3021929890604511 1.0
movable_object.barrier 0 0 0 0 0 0 0 0.547 0.603 0.552 1.6313896903201401 -13.602814174496146 10.942999432171588 -0.06778702655100055 1.0
vehicle.motorcycle 0 0 0 0 0 0 0 2.236 1.21 0.597 0.8827450325294222 -12.448919362397337 25.915683458056005 -1.4058002030927916 1.0
vehicle.car 0 0 0 0 0 0 0 4.129 1.588 1.956 1.2342623875540872 -24.051730825751996 6.86511937992536 -1.5758468813619917 1.0
movable_object.barrier 0 0 0 0 0 0 0 0.552 0.601 0.551 1.6020978427288624 -11.150554513069867 10.791458874544645 -0.14280012366148398 1.0
vehicle.motorcycle 0 0 0 0 0 0 0 2.001 1.204 0.672 1.0130154605015373 -7.635443860653072 18.8574802015816 -1.1343254341702114 1.0
