vehicle.car 0 0 0 0 0 0 0 4.247 1.537 1.88 1.6031317572340762 9.870662778031196 26.267761396200704 2.545070311958108 1.0
vehicle.car 0 0 0 0 0 0 0 4.662 1.526 2.127 0.6981703265303496 17.201218465735092 5.201542368610226 1.470680192917401 1.0
vehicle.truck 0 0 0 0 0 0 0 4.705 1.974 2.236 1.3977556417092423 -26.217759292740585 -28.83678715555693 2.672817932515599 1.0
vehicle.truck 0 0 0 0 0 0 0 5.051 2.145 2.104 1.3531391663703594 13.712930595416617 32.24288287814546 2.554267429956634 1.0
human.pedestrian.adult 0 0 0 0 0 0 0 0.66 1.759 0.84 1.1766514433185216 -17.518575324472906 -24.964868223077932 -0.5825575300486143 1.0
vehicle.bus.rigid 0 0 0 0 0 0 0 12.306 3.424 3.214 -0.6203472609720704 27.858998980829153 4.276470012775404 1.470680192917401 1.0
vehicle.car 0 0 0 0 0 0 0 4.565 1.745 2.158 1.3867907858957742 -18.310812290857005 -21.189326931316423 -0.5478421786092387 1.0
vehicle.car 0 0 0 0 0 0 0 4.558 2.0 2.092 1.6753529775091887 -34.73870569909883 -43.75028604277749 2.6360991810462284 1.0
vehicle.car 0 0 0 0 0 0 0 4.709 1.899 2.008 1.6131657322379753 -24.29029262489446 -15.29198860640008 -2.753808750126008 1.0
vehicle.car 0 0 0 0 0 0 0 4.75 1.633 1.918 0.82318293972601 10.509070241066684 -3.0051262603530065 -1.5708774445710922 1.0
human.pedestrian.adult 0 0 0 0 0 0 0 0.638 2.108 0.676 1.4292812914731696 -11.796786070926238 11.558278217197804 2.956027717268385 1.0
vehicle.construction 0 0 0 0 0 0 0 7.932 3.618 2.768 -1.5898829162722583 59.0948571110954 -7.2340188334456865 -0.8816119088115641 1.0
