vehicle.car 0 0 0 0 0 0 0 4.22 1.477 1.902 1.594839907969209 -15.334290269317734 35.89861774849294 -0.06331696305796619 1.0
vehicle.truck 0 0 0 0 0 0 0 7.696 3.146 2.836 0.20234734784354003 7.076683613156295 8.513642687173977 -1.5510033730033213 1.0
movable_object.barrier 0 0 0 0 0 0 0 0.364 0.998 2.106 1.6253760281035614 -20.644286552842104 -9.456132532093177 -2.2643009427876946 1.0
human.pedestrian.adult 0 0 0 0 0 0 0 0.629 1.538 0.479 1.4043527556628261 -2.5791914709219808 16.744864975525232 2.5998954731190214 1.0
movable_object.trafficcone 0 0 0 0 0 0 0 0.401 0.696 0.406 1.8640418016677307 -21.643295005617038 -7.090877416928408 -0.6393524145533576 1.0
movable_object.barrier 0 0 0 0 0 0 0 0.345 0.998 2.112 1.7601395873087622 -22.355356925311302 -8.100149507284904 -2.707428930489593 1.0
movable_object.barrier 0 0 0 0 0 0 0 0.349 1.003 2.114 1.310350918226479 13.967825525559778 10.626420060948872 -0.04556410560592283 1.0
movable_object.barrier 0 0 0 0 0 0 0 0.358 1.009 2.203 1.2695766410532694 16.17114870395335 10.556352737080116 -0.04556410560592283 1.0
movable_object.barrier 0 0 0 0 0 0 0 0.349 0.997 2.112 1.7837217807693646 -10.291967363883206 16.391884568499414 -0.0974677286446699 1.0
vehicle.car 0 0 0 0 0 0 0 4.661 1.763 1.855 1.0333364108940069 -0.6182259778538524 8.583195280731745 -1.5052549855347195 1.0
human.pedestrian.adult 0 0 0 0 0 0 0 0.733 1.604 0.685 0.5016185447138202 2.1196460358100584 -6.4675396829696625 -2.1634544686539057 1.0
vehicle.motorcycle 0 0 0 0 0 0 0 1.894 1.674 1.007 0.02635212951460808 30.62655257672048 4.42714743059061 -1.5575292097881626 1.0
movable_object.barrier 0 0 0 0 0 0 0 0.352 1.004 2.111 1.6365574119362745 5.721328469120787 10.94188895260738 -0.04556410560592283 1.0
human.pedestrian.construction_worker 0 0 0 0 0 0 0 0.736 1.697 0.511 1.4463730910492942 -25.789927182681517 -8.56362737408475 -2.886284182504845 1.0
movable_object.barrier 0 0 0 0 0 0 0 0.355 1.001 2.108 1.7466688231675134 -6.305155687286272 12.43519545591001 -1.5041354895019907 1.0
vehicle.car 0 0 0 0 0 0 0 5.057 1.934 1.954 1.1269034581787678 -20.794208096702352 0.13086478863858936 -0.3989561032174045 1.0
movable_object.barrier 0 0 0 0 0 0 0 0.351 0.996 2.114 1.462381896918798 -19.875794470106396 -15.69833773794577 -1.555697088721824 1.0
movable_object.barrier 0 0 0 0 0 0 0 0.351 1.002 2.109 1.4830957356670151 1.341446273110329 10.830900381179905 -0.04556410560592283 1.0
vehicle.car 0 0 0 0 0 0 0 4.693 1.503 1.977 1.9670430277865882 -27.741601753092596 23.77687197561901 -3.1069003636327945 1.0
vehicle.construction 0 0 0 0 0 0 0 2.612 2.901 3.869 0.8792522480735018 -26.00891572629025 -15.275423479988975 -1.5436740547082541 1.0
movable_object.barrier 0 0 0 0 0 0 0 0.351 1.004 1.983 1.779505687558985 -8.181349717230216 16.623443144662485 -0.14489899112987814 1.0
vehicle.car 0 0 0 0 0 0 0 4.552 1.865 1.9 0.5010029402089313 22.55984025628119 8.129789588182906 -1.5180079414363217 1.0
vehicle.car 0 0 0 0 0 0 0 4.352 1.562 1.889 1.2296568847065719 -13.951632907533671 8.8098578473932 -0.04066899229751897 1.0
movable_object.trafficcone 0 0 0 0 0 0 0 0.401 0.787 0.293 1.533571240573404 -19.84580051623482 -17.572168690855086 -1.0047102989002568 1.0
vehicle.construction 0 0 0 0 0 0 0 1.67 2.502 1.705 0.822284159128109 0.40530537698641167 13.124425677076234 -0.37025911917538323 1.0
human.pedestrian.adult 0 0 0 0 0 0 0 0.339 1.711 0.429 1.4293853556731377 -6.314557530504998 16.77717240271657 -2.9668381754803113 1.0
movable_object.barrier 0 0 0 0 0 0 0 0.36 1.024 2.115 1.5068680715728304 3.552972394363985 10.93863195063853 -0.10583354387405208 1.0
human.pedestrian.adult 0 0 0 0 0 0 0 0.82 1.726 0.45 1.7242100977635326 -34.52687013794856 2.710493451687243 -2.994149068861791 1.0
vehicle.car 0 0 0 0 0 0 0 5.093 1.61 2.137 1.038005331773564 -18.13287980978584 -10.573524959141483 -0.07131005066947793 1.0
movable_object.debris 0 0 0 0 0 0 0 1.132 1.248 0.455 1.7459774172763471 -25.007261470361936 -7.156332937776034 -0.27215244492012225 1.0
vehicle.car 0 0 0 0 0 0 0 5.078 1.556 1.954 0.8618877961056353 16.510334337028784 8.483486144165699 -1.5180079414363217 1.0
movable_object.trafficcone 0 0 0 0 0 0 0 0.405 0.702 0.397 1.9003408454734934 -22.930794592411264 -6.36568558477412 -0.10262665402297699 1.0
vehicle.car 0 0 0 0 0 0 0 3.981 1.582 1.723 1.6466064986323978 -21.123730632646758 22.329883632903943 -3.1291504705933093 1.0
human.pedestrian.adult 0 0 0 0 0 0 0 0.303 1.711 0.431 1.453967132517646 -5.888261405526481 16.100848996293625 -1.4815231375513447 1.0
human.pedestrian.adult 0 0 0 0 0 0 0 0.625 1.824 1.028 1.1868448343870412 -3.163941423593135 13.222475616434856 -0.35278716128380694 1.0
vehicle.car 0 0 0 0 0 0 0 4.744 2.0 1.802 1.1523179851046343 -29.426286926018275 -7.934044645837262 -3.089292240498116 1.0
movable_object.debris 0 0 0 0 0 0 0 0.351 0.862 0.605 1.6882292420447564 -11.687515779631427 16.52613356980136 -2.101819709109037 1.0
vehicle.truck 0 0 0 0 0 0 0 8.699 3.384 3.204 0.48526164694160584 -26.356668716387745 -33.48613099683461 -3.108593116826671 1.0
vehicle.car 0 0 0 0 0 0 0 4.609 1.547 1.814 1.7330752689745832 -28.572961443187886 8.020651421389545 -3.08089827928357 1.0
movable_object.barrier 0 0 0 0 0 0 0 0.35 0.996 2.106 1.6724225559564825 -2.8150430050263537 10.912295932982168 -0.07069109231013293 1.0
vehicle.truck 0 0 0 0 0 0 0 4.94 2.734 1.945 -0.11307260330041113 30.625068250133925 7.952920613972359 -1.5300877538224222 1.0
movable_object.barrier 0 0 0 0 0 0 0 0.355 1.019 2.105 1.5931282861076794 -4.987399455345221 11.113685782597248 -0.14345159395131724 1.0
