human.pedestrian.adult 0 0 0 0 0 0 0 0.303 1.711 0.431 0.2864354813286164 24.71547740517782 2.2295057851826865 -0.2698101615787465 1.0
vehicle.truck 0 0 0 0 0 0 0 7.696 3.146 2.836 -0.26132872053016015 21.971651640681827 -12.635763252182594 -0.3390125293734787 1.0
vehicle.car 0 0 0 0 0 0 0 3.981 1.582 1.723 -0.08831248160515193 24.912255095323964 18.682475805970288 -1.9229521211147054 1.0
human.pedestrian.construction_worker 0 0 0 0 0 0 0 0.293 1.623 1.17 1.4720382517744213 -9.501096053129531 11.444285263985751 -1.7876853435680564 1.0
vehicle.truck 0 0 0 0 0 0 0 8.699 3.384 3.204 1.146629761044882 -28.993291264251823 3.7627137993918143 -1.895865959578674 1.0
movable_object.barrier 0 0 0 0 0 0 0 0.352 1.004 2.111 0.9247247892007159 23.798907203297414 -10.540159238790258 -1.2456111616898262 1.0
movable_object.barrier 0 0 0 0 0 0 0 0.371 1.045 2.113 1.5245035453065965 -6.096090924073738 5.521084063276841 -0.39443851343814096 1.0
movable_object.barrier 0 0 0 0 0 0 0 0.355 1.001 2.108 0.8839262351685148 20.872608086573326 1.3910302642495305 -2.8563784177289246 1.0
vehicle.car 0 0 0 0 0 0 0 5.093 1.61 2.137 1.6109796711649296 -18.64651135761504 -1.1402501740214177 -1.2482807582321662 1.0
vehicle.car 0 0 0 0 0 0 0 4.552 1.865 1.9 0.11007221823166546 26.974543009704 -27.301444971504303 -0.30613259568541196 1.0
vehicle.car 0 0 0 0 0 0 0 4.22 1.477 1.902 0.9427448989213413 2.9629630855394926 5.922328786939981 -1.2328913581928056 1.0
human.pedestrian.adult 0 0 0 0 0 0 0 0.733 1.604 0.685 0.7106898105557016 9.181607900303671 -16.96584582581089 -0.5810938642773849 1.0
human.pedestrian.adult 0 0 0 0 0 0 0 0.505 1.651 0.608 1.3643078326761424 -6.272358190158927 20.61199762689392 -1.268782654098871 1.0
vehicle.car 0 0 0 0 0 0 0 5.078 1.556 1.954 0.3665074298398189 25.19362403955407 -21.494852631412957 -0.30613259568541196 1.0
movable_object.barrier 0 0 0 0 0 0 0 0.355 1.019 2.105 0.8267129121735712 20.15466913477173 -0.34490933641573857 -1.335506470335659 1.0
human.pedestrian.adult 0 0 0 0 0 0 0 0.339 1.711 0.429 0.29772285850698155 25.115202748510093 2.825284473131756 -1.7541147887998099 1.0
human.pedestrian.construction_worker 0 0 0 0 0 0 0 0.736 1.697 0.511 1.3051615908531324 -5.680184772918928 12.036408704493757 -1.673564027093966 1.0
movable_object.barrier 0 0 0 0 0 0 0 0.364 0.998 2.106 1.4534638257474077 -4.619223780631976 7.092202072487807 -1.0516525310105393 1.0
human.pedestrian.construction_worker 0 0 0 0 0 0 0 0.568 1.875 0.674 1.082336401737783 -7.061265799187923 17.901251254296508 -1.406035649844494 1.0
movable_object.barrier 0 0 0 0 0 0 0 0.351 1.004 1.983 0.681512669068866 24.160248432895642 4.488149361328838 -1.0718501570895818 1.0
human.pedestrian.adult 0 0 0 0 0 0 0 0.82 1.726 0.45 0.5281949531123438 8.42244465660678 26.147899590197976 -1.7814247755698371 1.0
movable_object.barrier 0 0 0 0 0 0 0 0.358 1.009 2.203 0.7201067081179079 27.109488096125272 -20.412985510579848 -1.2456111616898262 1.0
human.pedestrian.adult 0 0 0 0 0 0 0 0.629 1.538 0.479 0.3668278910622331 26.397755158510265 -0.6160046472529672 -2.470566346066054 1.0
vehicle.car 0 0 0 0 0 0 0 4.661 1.763 1.855 0.4039991474337445 19.29880304699575 -5.401101116094786 -0.28715821824064136 1.0
movable_object.barrier 0 0 0 0 0 0 0 0.35 0.996 2.106 0.837231703419476 20.734191402391914 -2.4303052931498037 -1.276180823951801 1.0
movable_object.barrier 0 0 0 0 0 0 0 0.36 1.024 2.115 0.8568841056633826 22.97640719489774 -8.535559433881618 -1.1122749360918611 1.0
vehicle.car 0 0 0 0 0 0 0 4.744 2.0 1.802 -0.0464511663389785 20.335034876704942 24.16374004887534 -1.8940161818044157 1.0
vehicle.construction 0 0 0 0 0 0 0 2.612 2.901 3.869 0.906633763660563 -12.010741310557016 10.017756804160076 -2.7563111900861443 1.0
movable_object.debris 0 0 0 0 0 0 0 1.132 1.248 0.455 1.4078535305293203 -4.0525740684501015 11.873038694320407 -1.4833540780571832 1.0
vehicle.car 0 0 0 0 0 0 0 5.057 1.934 1.954 0.9891274420350437 -7.194244142949373 2.9583080418658576 -1.2002982589236275 1.0
movable_object.debris 0 0 0 0 0 0 0 0.351 0.862 0.605 0.5886152582652528 22.792168090386088 7.686496316789541 -0.8892176120080251 1.0
movable_object.trafficcone 0 0 0 0 0 0 0 0.405 0.702 0.397 1.5160573950539626 -2.5871836598961284 10.196823948465852 -1.3106418987638975 1.0
vehicle.car 0 0 0 0 0 0 0 4.609 1.547 1.814 0.028955351766392967 30.939955706377734 27.409833401414737 -1.8681716835434568 1.0
vehicle.car 0 0 0 0 0 0 0 4.352 1.562 1.889 1.59017274019918 -20.219701423237236 -4.96507514897806 -1.2569002590406324 1.0
human.pedestrian.adult 0 0 0 0 0 0 0 0.625 1.824 1.028 0.2582797357535035 22.832604986899067 -1.5251776516034596 -1.5644081693028902 1.0
movable_object.barrier 0 0 0 0 0 0 0 0.345 0.998 2.112 1.4448831252748178 -3.9720155969167936 9.230035073101389 -1.494719445024951 1.0
movable_object.trafficcone 0 0 0 0 0 0 0 0.401 0.696 0.406 1.5837712847289984 -2.8285114623532586 8.652341924968594 -1.8515878841353128 1.0
movable_object.barrier 0 0 0 0 0 0 0 0.349 0.997 2.112 0.5725275241106823 23.232020501987108 6.390863251134471 -1.1210858131935488 1.0
vehicle.truck 0 0 0 0 0 0 0 4.94 2.734 1.945 -0.4024217429990011 29.609890844193444 -34.94116202980916 -0.32217953267662836 1.0
vehicle.construction 0 0 0 0 0 0 0 1.67 2.502 1.705 -0.11212224753745575 23.88019332320866 -4.7666006490541095 -0.8443990320632508 1.0
