movable_object.trafficcone 0 0 0 0 0 0 0 0.255 0.699 0.296 1.2724836425080874 6.599399460735332 4.645348557022477 -0.04253581057897371 1.0
movable_object.trafficcone 0 0 0 0 0 0 0 0.412 0.766 0.341 1.078988308294929 12.765077365582375 2.4965089796417956 1.5447813547165383 1.0
human.pedestrian.construction_worker 0 0 0 0 0 0 0 0.522 1.8 0.598 0.14538765624361005 26.01651105066177 5.650824137078061 -1.3041890881714568 1.0
movable_object.trafficcone 0 0 0 0 0 0 0 0.247 0.757 0.317 0.9704222191669354 17.142598486316285 2.3566224476951994 1.5410127759193823 1.0
vehicle.construction 0 0 0 0 0 0 0 7.932 3.618 2.768 -0.4640527284552619 25.050402975394768 4.791706796779314 -1.185994165593769 1.0
vehicle.bus.rigid 0 0 0 0 0 0 0 12.306 3.424 3.214 0.4857251138167333 -8.070648616523506 6.420279943991967 1.774987183579368 1.0
human.pedestrian.adult 0 0 0 0 0 0 0 0.638 2.108 0.676 2.3723634297722356 -48.19259646538601 1.4021123822289874 -3.0229961019733365 1.0
movable_object.trafficcone 0 0 0 0 0 0 0 0.37 0.778 0.368 1.037202767021129 14.817537937622292 2.470652282978628 1.5447813547165383 1.0
vehicle.car 0 0 0 0 0 0 0 4.696 1.54 2.075 1.176717152518837 3.294135358440285 8.182590984885772 1.728801765883242 1.0
movable_object.trafficcone 0 0 0 0 0 0 0 0.31 0.735 0.341 0.8283049531418093 22.0837920583051 2.0962424046158534 -1.6033083651843647 1.0
movable_object.trafficcone 0 0 0 0 0 0 0 0.262 0.704 0.384 1.3441030419763962 6.593706008594581 3.0263389071987374 1.4400483239530262 1.0
movable_object.trafficcone 0 0 0 0 0 0 0 0.336 0.739 0.34 1.3618542316380773 5.322022254950472 3.2970035077343645 1.3598138739140548 1.0
movable_object.trafficcone 0 0 0 0 0 0 0 0.251 0.722 0.331 0.957875153431065 18.408296598602362 2.2771752344225393 1.5410127759193823 1.0
movable_object.trafficcone 0 0 0 0 0 0 0 0.326 0.698 0.351 1.0981016272135136 13.854179148707582 2.4889600039718682 1.5447813547165383 1.0
vehicle.car 0 0 0 0 0 0 0 4.75 1.633 1.918 0.18186370690917153 30.529797915580474 0.09258006429037013 -1.5583465282243196 1.0
movable_object.trafficcone 0 0 0 0 0 0 0 0.289 0.757 0.319 0.8992907837772983 20.504563000598935 2.158448474623591 1.5482358906850875 1.0
movable_object.barrier 0 0 0 0 0 0 0 2.229 1.085 0.496 0.77109285554284 22.277867216343715 8.332199396844068 -1.5164735127895863 1.0
vehicle.car 0 0 0 0 0 0 0 4.662 1.526 2.127 1.6171534634822493 -18.549094420957992 4.060534743106612 1.774987183579368 1.0
movable_object.barrier 0 0 0 0 0 0 0 1.993 1.052 0.562 0.4302890879092782 32.25586338194862 2.2600543630737615 -1.567890174641204 1.0
movable_object.trafficcone 0 0 0 0 0 0 0 0.334 0.74 0.315 1.2494418759482775 8.221014856017428 2.8150093570986856 1.5447813547165383 1.0
movable_object.trafficcone 0 0 0 0 0 0 0 0.302 0.761 0.404 1.1578181909676535 10.741459346337503 2.6029747571741626 1.6752713298621336 1.0
human.pedestrian.adult 0 0 0 0 0 0 0 0.67 1.728 0.521 0.14372768361808164 48.33868608425731 21.099530005661943 1.6148150131562211 1.0
movable_object.barrier 0 0 0 0 0 0 0 2.25 1.113 0.621 0.7439645192070882 20.63389156874366 3.6422489575040777 -0.11798623384570561 1.0
movable_object.trafficcone 0 0 0 0 0 0 0 0.374 0.713 0.283 1.150875075257999 11.678313791015933 2.5349046269354485 1.5447813547165383 1.0
movable_object.trafficcone 0 0 0 0 0 0 0 0.372 0.743 0.38 1.2362464871198344 9.533376406219771 2.6487744532299304 1.6752713298621336 1.0
movable_object.trafficcone 0 0 0 0 0 0 0 0.275 0.749 0.365 0.9253568361770734 19.433652010018342 2.212911408492319 1.489823439138875 1.0
