vehicle.truck 0 0 0 0 0 0 0 8.72 3.684 2.899 -1.2065653172875224 -3.5286652761675295 -42.11303686709585 2.7659510268987137 1.0
human.pedestrian.adult 0 0 0 0 0 0 0 1.674 1.742 1.3 -0.9302657001925484 3.2455849997708577 -43.64576245262695 -1.1755623108599416 1.0
human.pedestrian.adult 0 0 0 0 0 0 0 0.74 1.758 0.626 1.062922551199654 -13.73973307233942 -5.6281394261441084 -1.5396087287228335 1.0
human.pedestrian.adult 0 0 0 0 0 0 0 0.776 1.626 0.72 1.1378491276490708 -13.678631180136376 -5.092338561166527 -1.5632183915380287 1.0
vehicle.construction 0 0 0 0 0 0 0 3.193 2.483 2.456 -2.9048860121459223 91.25570953326988 46.81444313094223 -0.7593455977097499 1.0
vehicle.truck 0 0 0 0 0 0 0 7.687 3.224 2.778 -1.2458032149794658 62.247195430263204 4.804362961918476 -1.5553097080346046 1.0
vehicle.bicycle 0 0 0 0 0 0 0 1.68 1.142 0.692 0.8809610457057989 -6.606949945395593 -12.73550158622175 2.5255002933925708 1.0
human.pedestrian.adult 0 0 0 0 0 0 0 0.519 1.664 0.674 -0.1575786148079249 16.486376751247427 -8.976203319835603 -1.539957638135908 1.0
human.pedestrian.adult 0 0 0 0 0 0 0 0.527 1.662 0.589 -0.18398345330123467 16.65604413328583 -9.988688758731579 -1.5050669810146475 1.0
human.pedestrian.adult 0 0 0 0 0 0 0 0.553 1.711 0.669 -0.20742312923959072 14.578184733000203 -9.970608542005756 -1.5050669810146475 1.0
human.pedestrian.adult 0 0 0 0 0 0 0 0.523 1.465 0.675 -0.01900454860622508 14.53543384743106 -8.55369294809934 -1.5050669810146475 1.0
