vehicle.truck 0 0 0 0 0 0 0 10.072 3.307 2.864 0.24312632287224512 7.993401251727404 -4.9375997058906185 -1.9136393728813292 1.0
vehicle.truck 0 0 0 0 0 0 0 6.351 3.042 3.419 -0.041543325811561393 43.45525766841379 -17.2153905769487 -1.8982283420630015 1.0
vehicle.car 0 0 0 0 0 0 0 3.899 1.673 1.968 1.5514678059167446 -46.52864301826846 14.052527418074888 -1.8853829094596355 1.0
vehicle.truck 0 0 0 0 0 0 0 7.74 2.29 2.424 0.5118303192778993 17.98486806702882 -8.440659802584207 -1.8787333044248857 1.0
vehicle.bus.rigid 0 0 0 0 0 0 0 10.691 3.986 3.047 1.0620120253875094 -70.15562921022602 28.971531189236913 -1.2347489774295752 1.0
vehicle.truck 0 0 0 0 0 0 0 6.309 2.84 2.39 0.16581010824653786 36.81494661164534 -7.0856970661486836 -1.2409098109451993 1.0
human.pedestrian.construction_worker 0 0 0 0 0 0 0 0.56 0.511 1.889 1.0480255240748506 42.206484974392986 -2.075093206024109 2.8298507553703924 1.0
movable_object.trafficcone 0 0 0 0 0 0 0 0.428 0.748 0.44 1.1442618328371634 -7.220206551308519 -16.11305022960946 -0.5555950767044457 1.0
movable_object.trafficcone 0 0 0 0 0 0 0 0.504 0.76 0.498 1.072301494321631 -4.2841695201407894 -14.759334505650816 -0.5555950767044457 1.0
human.pedestrian.construction_worker 0 0 0 0 0 0 0 0.584 1.733 0.782 0.6289360043490485 19.908481344860135 -10.753647527557023 -1.8886089647373892 1.0
vehicle.car 0 0 0 0 0 0 0 4.429 1.477 1.853 0.43181156125800024 40.023017112381346 -12.059498518690116 -1.9511459574096985 1.0
vehicle.truck 0 0 0 0 0 0 0 7.008 3.361 2.587 1.0829510003173548 -50.36616364379458 22.95097472373057 -1.143645629133415 1.0
human.pedestrian.construction_worker 0 0 0 0 0 0 0 0.585 0.539 1.636 0.9324257500655313 46.2193956062194 -3.4266685658260188 -0.31902222910344236 1.0
human.pedestrian.construction_worker 0 0 0 0 0 0 0 0.792 1.862 0.98 0.5576363128824124 31.98273012059924 -13.71566252676945 -0.2870381337594381 1.0
vehicle.car 0 0 0 0 0 0 0 4.27 1.867 2.218 1.783542306990399 -54.8919846698935 20.24228927489474 -1.9309236991446221 1.0
vehicle.car 0 0 0 0 0 0 0 4.461 1.534 1.787 0.43420665679021186 53.98744974332658 -17.40310858673508 -2.0015038187885708 1.0
human.pedestrian.construction_worker 0 0 0 0 0 0 0 0.559 2.0 0.668 0.3135440434839351 22.717089859065453 -14.202370352742438 -0.4268114190184775 1.0
movable_object.trafficcone 0 0 0 0 0 0 0 0.452 0.682 0.491 1.0642420587685544 -5.481492136244112 -15.368312008081043 -0.5555950767044457 1.0
