vehicle.car 0 0 0 0 0 0 0 4.655 1.737 2.03 0.6421539968348692 28.001245539037424 17.010037091327842 1.6696581042768504 1.0
movable_object.trafficcone 0 0 0 0 0 0 0 0.238 0.5 0.267 1.1168270586073978 13.962272595528173 -3.6664909580290033 -0.04508959386519962 1.0
vehicle.car 0 0 0 0 0 0 0 4.364 1.925 2.023 0.7887710312065226 26.7773173243452 39.308131004721254 -1.6120366806951303 1.0
vehicle.car 0 0 0 0 0 0 0 4.061 1.667 1.861 1.019698004733427 16.08260805164798 21.756962829771194 2.995211377853364 1.0
vehicle.car 0 0 0 0 0 0 0 4.925 2.061 2.102 0.4978347422721203 26.167792733703305 32.677931773236395 -1.4365292830230674 1.0
vehicle.truck 0 0 0 0 0 0 0 5.339 2.434 2.0 0.07973643589778523 28.24159802145617 44.324249622011415 1.7207910683981087 1.0
vehicle.car 0 0 0 0 0 0 0 4.332 2.0 2.022 0.7018011940268701 26.56204533668609 36.875369154734784 -1.591362840465016 1.0
movable_object.trafficcone 0 0 0 0 0 0 0 0.404 0.671 0.294 1.8882394792861807 11.771835954670594 14.609080091861854 -1.3678044311682793 1.0
vehicle.bus.rigid 0 0 0 0 0 0 0 11.88 3.947 2.8 -0.5318926989762509 37.585720400503476 0.7388528386073242 -1.5463906771665714 1.0
vehicle.car 0 0 0 0 0 0 0 4.521 1.777 1.927 1.0871074628495427 15.490509528645505 16.21102401799068 2.9893950682965986 1.0
movable_object.pushable_pullable 0 0 0 0 0 0 0 0.833 1.298 1.275 1.4425875404466748 12.646054021434555 14.966167085676998 -2.160328003723766 1.0
