vehicle.car 0 0 0 0 0 0 0 3.899 1.673 1.968 2.0945791464204344 -42.60966169781682 12.180298450534732 -1.835873515788844 1.0
movable_object.trafficcone 0 0 0 0 0 0 0 0.428 0.748 0.44 1.0187364705165445 -1.703794005753776 -16.22371365860454 -0.605412404498809 1.0
vehicle.car 0 0 0 0 0 0 0 4.27 1.867 2.218 2.4398703547620566 -54.606457139993616 19.074038009004468 -1.8581421943655236 1.0
vehicle.truck 0 0 0 0 0 0 0 7.008 3.361 2.587 1.3517386379462946 -34.57049407446444 16.06260522648821 -1.142142698827442 1.0
vehicle.bus.rigid 0 0 0 0 0 0 0 10.691 3.986 3.047 1.4655144537232625 -53.28940779260721 22.01440237327297 -1.301874518571985 1.0
human.pedestrian.construction_worker 0 0 0 0 0 0 0 0.559 2.0 0.668 -0.25454465089440825 28.175172032220043 -12.796224389843463 -0.47669715527900536 1.0
human.pedestrian.construction_worker 0 0 0 0 0 0 0 0.584 1.733 0.782 0.2145256657161655 25.209281888121495 -9.624474921298727 -2.408590613402156 1.0
human.pedestrian.construction_worker 0 0 0 0 0 0 0 0.792 1.862 0.98 -0.28323540664199653 37.291631371672395 -13.143343897572398 -0.06056311000909176 1.0
human.pedestrian.construction_worker 0 0 0 0 0 0 0 0.585 0.539 1.636 0.15785863817006485 50.99326076473014 -0.8844738836222557 -0.27005595054746934 1.0
vehicle.truck 0 0 0 0 0 0 0 7.74 2.29 2.424 0.12077834929125675 23.150884232893965 -7.305273219501909 -1.8292243313980006 1.0
human.pedestrian.construction_worker 0 0 0 0 0 0 0 0.589 2.0 0.72 -0.12523420846322886 26.639809222076185 -14.265714386647002 -1.7533959032396664 1.0
vehicle.truck 0 0 0 0 0 0 0 6.309 2.84 2.39 -0.4150825340834642 41.978621351727654 -5.108997485956408 -1.2905837635775939 1.0
movable_object.trafficcone 0 0 0 0 0 0 0 0.452 0.682 0.491 0.9453374615736031 0.011597921944397481 -15.380094597727837 -0.605412404498809 1.0
vehicle.car 0 0 0 0 0 0 0 4.429 1.477 1.853 0.013874069379206877 34.43787940328248 -6.456883274629248 -1.9016325159235077 1.0
movable_object.trafficcone 0 0 0 0 0 0 0 0.504 0.76 0.498 0.8892278556404646 1.1171521057243572 -14.723817477260697 -0.605412404498809 1.0
vehicle.truck 0 0 0 0 0 0 0 10.072 3.307 2.864 -0.08765701463583378 13.130010758704575 -4.244340107957212 -1.8641282155195862 1.0
