human.pedestrian.construction_worker 0 0 0 0 0 0 0 0.585 0.539 1.636 0.9028849231491161 17.35483564434449 10.244786186108952 -0.02619114825541402 1.0
human.pedestrian.construction_worker 0 0 0 0 0 0 0 0.608 1.835 0.715 0.6156755509727484 0.5270294891284274 -11.95128724544654 2.993673473290092 1.0
vehicle.truck 0 0 0 0 0 0 0 7.808 3.455 2.918 -0.5056226494606533 -3.7274785412656204 -22.028317848010825 -0.8193800694210154 1.0
vehicle.truck 0 0 0 0 0 0 0 10.072 3.307 2.864 0.6938076390778376 -17.858431976079178 -3.8593336439870054 -1.5790484975666281 1.0
vehicle.construction 0 0 0 0 0 0 0 16.886 5.231 4.589 -0.9218052191792835 55.38353069433375 -19.708044325871114 -0.7879192405178514 1.0
vehicle.car 0 0 0 0 0 0 0 4.429 1.477 1.853 0.1453807338319657 34.297448744793506 -1.0475697563708823 -1.5991001798360287 1.0
movable_object.pushable_pullable 0 0 0 0 0 0 0 0.921 1.284 1.41 0.8960414274497097 12.7171877927787 -7.293766820665349 -1.6788497847249317 1.0
vehicle.truck 0 0 0 0 0 0 0 6.309 2.84 2.39 0.30642179438605 9.632558211625106 3.759224993109685 -1.575676594713637 1.0
vehicle.truck 0 0 0 0 0 0 0 4.906 2.219 1.761 0.08659222534551114 33.469021956136984 -3.799032088859861 -1.5461875668090048 1.0
vehicle.car 0 0 0 0 0 0 0 3.899 1.673 1.968 2.6997218820609024 -72.98900370853714 -4.088450431062623 -1.6571394702908497 1.0
human.pedestrian.construction_worker 0 0 0 0 0 0 0 0.665 1.931 0.7 0.44285693465079373 0.5665393399477573 -15.085570847410668 -0.12362933967035161 1.0
vehicle.car 0 0 0 0 0 0 0 4.27 1.867 2.218 2.738670983011247 -72.37940343501516 -1.2694428975399865 -1.603602652123171 1.0
vehicle.truck 0 0 0 0 0 0 0 6.351 3.042 3.419 -0.12511333948214998 19.277369643133984 -3.7159755981033773 -1.5636389224442366 1.0
movable_object.pushable_pullable 0 0 0 0 0 0 0 0.796 1.298 0.907 0.8737350009124971 13.859367021343113 -7.073698574043877 -1.7539441371341589 1.0
human.pedestrian.construction_worker 0 0 0 0 0 0 0 0.792 1.862 0.98 0.8180603948666604 3.8414169623344727 -2.1190557056374226 -0.8778026926050408 1.0
human.pedestrian.construction_worker 0 0 0 0 0 0 0 0.584 1.733 0.782 1.1555560309239563 -5.346928802666765 -5.437203652674723 -0.024248033641239175 1.0
human.pedestrian.construction_worker 0 0 0 0 0 0 0 1.056 1.851 0.986 0.9399445166082926 -0.6722595438983248 -2.2786228010864855 -0.7178784628239647 1.0
human.pedestrian.construction_worker 0 0 0 0 0 0 0 0.56 0.511 1.889 1.0115991965082298 13.011723728283583 10.238298402368283 -3.118653444895637 1.0
vehicle.truck 0 0 0 0 0 0 0 7.74 2.29 2.424 0.9419741330393349 -7.5999961033363395 -3.7544964554626796 -1.5441457604607374 1.0
vehicle.truck 0 0 0 0 0 0 0 9.746 3.586 3.189 0.040920060548431225 3.761567936953029 -9.135780513831243 -0.22480126732525463 1.0
human.pedestrian.construction_worker 0 0 0 0 0 0 0 1.021 1.862 0.721 0.8911321682275049 0.5541568049619132 -7.247354660816296 3.020166118055097 1.0
vehicle.car 0 0 0 0 0 0 0 4.461 1.534 1.787 0.2762993898687516 45.51936634654237 -3.277195654377034 -1.6698136569534432 1.0
human.pedestrian.construction_worker 0 0 0 0 0 0 0 0.559 2.0 0.668 0.7844495243924972 -1.2998363502013393 -7.580929531141395 -0.7616795359224451 1.0
