vehicle.truck 0 0 0 0 0 0 0 5.779 3.197 2.838 -0.5457314572502202 29.957180229957498 -3.807226327170132 -1.5521922108590296 1.0
vehicle.truck 0 0 0 0 0 0 0 16.047 4.461 4.373 -0.3376296899078611 14.95249726612163 11.521391999645981 -1.5753505216869277 1.0
vehicle.bus.rigid 0 0 0 0 0 0 0 12.303 3.601 3.247 1.2744311693460242 -57.25965901365627 7.028890891021039 -1.5992523619955472 1.0
vehicle.car 0 0 0 0 0 0 0 4.801 1.573 1.99 1.1822867648732205 -8.267822786957943 -4.375861870222156 -1.5230569656524402 1.0
vehicle.truck 0 0 0 0 0 0 0 6.467 3.133 2.657 -1.3694751947294397 62.65382126325669 -4.337886665366559 -1.5600430850801823 1.0
vehicle.trailer 0 0 0 0 0 0 0 14.501 3.495 4.385 -0.9139798712718461 61.673748222883845 11.696021618200676 -1.5743037307437833 1.0
vehicle.trailer 0 0 0 0 0 0 0 13.028 2.98 3.726 -0.23173252329999852 20.34708987602422 -3.816339982732937 -1.5696386313514958 1.0
human.pedestrian.construction_worker 0 0 0 0 0 0 0 1.167 1.618 0.827 1.1034316270666449 -19.041466625320105 -6.219436200527675 2.604038549412671 1.0
vehicle.truck 0 0 0 0 0 0 0 5.17 3.455 2.533 -0.30664140003890084 51.73044381897263 11.663364114949642 -1.5863418521226365 1.0
vehicle.motorcycle 0 0 0 0 0 0 0 1.961 1.366 0.768 1.6669746897956732 -29.680978374765402 -5.7516595980081 -1.5167763610438225 1.0
