vehicle.bus.rigid 0 0 0 0 0 0 0 12.892 3.284 3.267 -2.5512292574626354 69.3001501147184 13.477634248035388 1.6845747053741134 1.0
vehicle.construction 0 0 0 0 0 0 0 5.026 3.021 4.053 0.911456645863886 10.49048593455051 -13.7790343185887 -1.4666362625228384 1.0
vehicle.car 0 0 0 0 0 0 0 3.892 1.659 1.887 -0.355238343023869 8.796870597384117 18.216867682993396 -0.36963123084221117 1.0
movable_object.trafficcone 0 0 0 0 0 0 0 0.259 1.027 0.335 2.9402781080351423 -5.665989543719824 -33.04225454768533 -3.044258809261459 1.0
vehicle.bus.rigid 0 0 0 0 0 0 0 12.597 3.381 2.946 -0.845922018354003 25.362384955082923 2.7828869393343276 -1.4176469828083853 1.0
vehicle.bicycle 0 0 0 0 0 0 0 1.764 1.192 0.507 0.17665652830600276 6.421517557275497 9.87248018116323 -3.058214674086079 1.0
movable_object.barrier 0 0 0 0 0 0 0 1.148 0.892 0.581 0.46509589951383407 7.189116569474847 9.607398145544439 -2.9155162607769727 1.0
vehicle.car 0 0 0 0 0 0 0 4.619 1.82 1.974 1.9628879505470236 -25.3830275140868 -13.854287637271023 -0.062314759746813664 1.0
vehicle.car 0 0 0 0 0 0 0 4.417 1.544 1.863 -1.1880104636219477 21.991719824015146 18.93762178921088 2.004946040637833 1.0
vehicle.car 0 0 0 0 0 0 0 4.199 1.504 1.881 -0.6866057702744572 14.288591533490024 19.966851050940953 -2.838410697815423 1.0
movable_object.trafficcone 0 0 0 0 0 0 0 0.25 0.873 0.346 3.020795836818436 -5.2169456043876945 -33.01545089307245 -3.044258809261459 1.0
vehicle.car 0 0 0 0 0 0 0 4.306 1.416 1.806 -1.0650710560058876 22.470504501678104 16.159561830446453 1.912334161354444 1.0
movable_object.pushable_pullable 0 0 0 0 0 0 0 0.854 1.339 1.237 0.3163655034550197 17.304722247825474 6.519200284427289 -3.0071125368293945 1.0
movable_object.pushable_pullable 0 0 0 0 0 0 0 0.795 1.194 1.254 0.37568732969061713 19.09170110132066 6.948787875138629 -2.8110575141078176 1.0
vehicle.car 0 0 0 0 0 0 0 4.862 2.183 2.23 2.0429484826141606 -17.22494713613177 -14.368577300818197 -0.08407471209790884 1.0
