vehicle.construction 0 0 0 0 0 0 0 5.026 3.021 4.053 1.1285462067100793 -6.002385624618461 -14.533289353246099 -1.5990771925534597 1.0
vehicle.car 0 0 0 0 0 0 0 4.619 1.82 1.974 1.8235310860044536 -41.78967265855531 -9.575770339851868 -0.14769846411002696 1.0
vehicle.car 0 0 0 0 0 0 0 3.94 1.678 2.143 0.6050059171471693 -58.07354828160256 10.311080997300207 -1.9643004928879852 1.0
vehicle.car 0 0 0 0 0 0 0 4.862 2.183 2.23 1.9874440115209018 -33.77552639151931 -11.161232784504046 -0.19768800926655672 1.0
movable_object.barrier 0 0 0 0 0 0 0 1.148 0.892 0.581 0.6647262443101143 -6.355744779732404 9.458149918918776 -3.048166777566042 1.0
vehicle.bicycle 0 0 0 0 0 0 0 1.764 1.192 0.507 0.38999410117269695 -7.034988572651438 9.661796964829293 3.092308867607776 1.0
vehicle.car 0 0 0 0 0 0 0 4.306 1.416 1.806 -0.616313515770764 9.647841007069314 13.838854325469365 1.7795899502770567 1.0
vehicle.car 0 0 0 0 0 0 0 4.417 1.544 1.863 -0.8145226977114584 9.458680777502249 16.676738136999475 1.7544743711616713 1.0
movable_object.pushable_pullable 0 0 0 0 0 0 0 0.795 1.194 1.254 0.7906319420036823 5.058650504318204 5.169104097907697 -2.9436993314612456 1.0
vehicle.bus.rigid 0 0 0 0 0 0 0 12.597 3.381 2.946 -0.516017368837116 25.34199144693008 0.8374079192449344 -1.5296976967243259 1.0
vehicle.car 0 0 0 0 0 0 0 3.892 1.659 1.887 -0.18609927039384966 -3.64550476011542 17.686423430391002 -0.238602573297932 1.0
vehicle.bus.rigid 0 0 0 0 0 0 0 12.892 3.284 3.267 -1.2184641727981027 47.04834446711397 5.641753769697779 1.5300222262266185 1.0
vehicle.car 0 0 0 0 0 0 0 4.199 1.504 1.881 -0.49238300871126384 2.0315390676506007 18.691632189438437 -2.971054835002249 1.0
movable_object.pushable_pullable 0 0 0 0 0 0 0 0.854 1.339 1.237 0.7710710330350989 3.2344199950504104 4.980590385151936 -3.139770351223153 1.0
