movable_object.trafficcone 0 0 0 0 0 0 0 0.259 1.027 0.335 1.4779216245953348 6.160850172674699 -32.987694613816885 -3.036490633149792 1.0
vehicle.construction 0 0 0 0 0 0 0 5.026 3.021 4.053 -0.09118473924996656 22.358675951652458 -14.166369600608588 -1.4591289256823448 1.0
movable_object.barrier 0 0 0 0 0 0 0 1.148 0.892 0.581 0.09154071951468579 18.66019818462192 9.796434233949311 -2.9077637111430263 1.0
vehicle.car 0 0 0 0 0 0 0 4.862 2.183 2.23 1.4274257642343362 -5.461027462669584 -14.41239821248946 -0.084909462837512 1.0
vehicle.car 0 0 0 0 0 0 0 4.619 1.82 1.974 1.6587251419243185 -13.677833580588645 -13.915911738948342 -0.06964324495055507 1.0
vehicle.bus.rigid 0 0 0 0 0 0 0 12.892 3.284 3.267 -4.341467162213917 88.84834241688814 16.053937837714688 1.7579465832219885 1.0
vehicle.car 0 0 0 0 0 0 0 4.306 1.416 1.806 -1.5565066895187736 33.904626992628444 16.50451473847508 1.9202813411228732 1.0
movable_object.pushable_pullable 0 0 0 0 0 0 0 0.854 1.339 1.237 -0.2704097767564007 28.82626404275874 6.948286273208358 -2.999348849616501 1.0
movable_object.trafficcone 0 0 0 0 0 0 0 0.25 0.873 0.346 1.528515970138433 6.571712147832148 -32.96463708644021 -3.036490633149792 1.0
vehicle.bicycle 0 0 0 0 0 0 0 1.764 1.192 0.507 -0.07784867071453078 17.926216191250433 10.11730284862557 -3.050444814601148 1.0
vehicle.bus.rigid 0 0 0 0 0 0 0 12.597 3.381 2.946 -1.3186296569915108 29.08658177422006 1.8726050616500027 -1.4421062798350253 1.0
