vehicle.car 0 0 0 0 0 0 0 3.892 1.659 1.887 0.3303287890729656 -14.374716794753704 17.777580724797748 -0.21324913257685196 1.0
vehicle.car 0 0 0 0 0 0 0 4.417 1.544 1.863 -0.39501189231113715 -1.2915309813539477 16.378882806023654 1.7302728275900359 1.0
movable_object.pushable_pullable 0 0 0 0 0 0 0 0.854 1.339 1.237 1.0150768205187752 -7.789510853902567 4.813269834896623 3.1193970337261128 1.0
vehicle.bus.rigid 0 0 0 0 0 0 0 12.892 3.284 3.267 -1.0637736863892835 34.31406149604646 4.340180052152154 1.5406608518576883 1.0
vehicle.construction 0 0 0 0 0 0 0 5.026 3.021 4.053 1.2667363988408968 -17.500820418472706 -14.661121375041866 -1.6228684427566824 1.0
vehicle.car 0 0 0 0 0 0 0 4.306 1.416 1.806 -0.220656157616102 -1.1641568467338699 13.535258901986921 1.7553929211414925 1.0
movable_object.pushable_pullable 0 0 0 0 0 0 0 0.795 1.194 1.254 1.082258280888599 -5.952904506068839 4.9594641387507 -2.9676948989333134 1.0
movable_object.barrier 0 0 0 0 0 0 0 1.148 0.892 0.581 1.0657406603819604 -17.301587943866185 9.467154944127344 -3.0721742994652104 1.0
vehicle.car 0 0 0 0 0 0 0 3.94 1.678 2.143 1.6238448950140092 -43.587220232682924 4.277327987435821 -1.7439300500691424 1.0
vehicle.car 0 0 0 0 0 0 0 4.199 1.504 1.881 0.08952256817450747 -8.711915330594026 18.564133928012577 -2.995053545913816 1.0
vehicle.bicycle 0 0 0 0 0 0 0 1.764 1.192 0.507 0.9890497478366963 -18.63360758719164 10.36850292006569 -3.118935333382826 1.0
vehicle.bus.rigid 0 0 0 0 0 0 0 12.597 3.381 2.946 -0.7104333988687379 27.658949469734225 0.4991896123763189 -1.5490655354944467 1.0
