vehicle.car 0 0 0 0 0 0 0 4.199 1.504 1.881 -0.3899479505495502 5.5242711721652205 18.954265535436168 -2.9305556016563266 1.0
movable_object.pushable_pullable 0 0 0 0 0 0 0 0.795 1.194 1.254 0.6999536565859601 9.101961902115736 5.549768509154673 -2.90319972428372 1.0
vehicle.car 0 0 0 0 0 0 0 4.417 1.544 1.863 -0.7837221930131311 13.047917751017426 17.249754167771208 1.7949353461855573 1.0
movable_object.pushable_pullable 0 0 0 0 0 0 0 0.854 1.339 1.237 0.6442571267263812 7.284321556019512 5.286864593617326 -3.099273542513484 1.0
movable_object.barrier 0 0 0 0 0 0 0 1.148 0.892 0.581 0.7036526805061235 -2.5060407737557853 9.291690634771616 -3.0076686263152723 1.0
vehicle.construction 0 0 0 0 0 0 0 5.026 3.021 4.053 0.9042298763366453 -1.195345960580325 -14.496442055610476 -1.558566552425635 1.0
vehicle.car 0 0 0 0 0 0 0 3.94 1.678 2.143 0.8865499361415223 -64.28879380371232 11.802474303922104 -1.9412340105380794 1.0
vehicle.car 0 0 0 0 0 0 0 4.619 1.82 1.974 1.9649564003383728 -37.10706824662815 -11.07457769665988 -0.11090502727703999 1.0
vehicle.bus.rigid 0 0 0 0 0 0 0 12.892 3.284 3.267 -1.4992975662345782 53.12649897514888 7.583841901154752 1.5704707823096822 1.0
vehicle.car 0 0 0 0 0 0 0 4.306 1.416 1.806 -0.6607175342403977 13.326275708797281 14.412239991373026 1.8200520931182789 1.0
vehicle.car 0 0 0 0 0 0 0 4.862 2.183 2.23 2.0386232821423063 -29.03471189080664 -12.33898864850832 -0.15895878389245155 1.0
vehicle.bus.rigid 0 0 0 0 0 0 0 12.597 3.381 2.946 -0.7357415234162543 24.90914131762231 1.6338328258087766 -1.4906557639854228 1.0
vehicle.car 0 0 0 0 0 0 0 3.892 1.659 1.887 -0.045950146550125553 -0.10489622133859042 17.718457715928327 -0.2778836142561012 1.0
vehicle.bicycle 0 0 0 0 0 0 0 1.764 1.192 0.507 0.3584285991467471 -3.1634197730672082 9.642588319166737 3.1328048986475903 1.0
