static_object.bicycle_rack 0 0 0 0 0 0 0 1.715 1.165 8.206 0.43153802132062324 7.647188465200748 -21.873821247624438 -1.500369306941181 1.0
movable_object.barrier 0 0 0 0 0 0 0 0.554 1.031 1.991 1.1335091819289222 4.0923183486796955 6.269522316073569 3.082389653711271 1.0
vehicle.car 0 0 0 0 0 0 0 4.297 1.607 1.627 -0.4860046652724943 54.206244051120294 7.533024033118016 -1.4920266937132682 1.0
movable_object.barrier 0 0 0 0 0 0 0 0.418 1.026 2.028 0.5299307129406075 26.701741585980518 7.478798094533376 -0.05865052388494263 1.0
movable_object.barrier 0 0 0 0 0 0 0 0.439 1.032 1.987 0.2633879301948727 36.874476550093426 8.286416379913204 -0.11327128763089966 1.0
human.pedestrian.adult 0 0 0 0 0 0 0 0.552 1.714 0.623 0.566396644485992 -3.785979925798102 -37.02577952683126 -0.0604267094880484 1.0
human.pedestrian.adult 0 0 0 0 0 0 0 0.548 1.65 0.612 0.3333103236356263 -2.809313334389254 34.95430585889375 2.3653604875217145 1.0
movable_object.trafficcone 0 0 0 0 0 0 0 0.358 0.688 0.369 1.8535450827963862 -28.115642566343325 -7.732460686266157 -0.23862373779561707 1.0
human.pedestrian.adult 0 0 0 0 0 0 0 0.654 1.678 0.643 0.5647304104128641 -0.5761911071925168 -23.531246116460242 -0.07698889195772196 1.0
human.pedestrian.adult 0 0 0 0 0 0 0 0.695 1.844 0.695 0.659472505454696 6.998776861864718 -29.69024199267148 3.077752130604871 1.0
vehicle.truck 0 0 0 0 0 0 0 5.323 2.008 1.886 -0.5859550231152967 57.4178102686676 15.846996270037993 -1.8596881852193619 1.0
human.pedestrian.adult 0 0 0 0 0 0 0 0.67 1.63 0.488 1.0123006740611598 -0.2708345214876081 -2.022157823028031 -0.04372403966484484 1.0
movable_object.barrier 0 0 0 0 0 0 0 0.847 1.414 1.261 1.2319207755053412 -12.84645402351976 -4.534287228761205 -1.4433903935103256 1.0
movable_object.barrier 0 0 0 0 0 0 0 0.361 1.905 1.855 0.9269201548181303 -14.778915883394438 -13.07394452759413 -0.2921216201777419 1.0
movable_object.trafficcone 0 0 0 0 0 0 0 0.436 0.742 0.419 0.7685708417966163 22.89597364229565 7.424151523554327 2.5598658471109212 1.0
movable_object.trafficcone 0 0 0 0 0 0 0 0.327 0.698 0.336 1.2912254185169787 2.856233276843539 6.516662527088894 -1.873891898279222 1.0
movable_object.trafficcone 0 0 0 0 0 0 0 0.402 0.758 0.402 1.4725097103846732 -2.0896881176194295 6.793602169095461 -1.4434702669956252 1.0
human.pedestrian.adult 0 0 0 0 0 0 0 0.529 1.803 0.58 0.6158281645481287 -3.1688789643208715 -19.31441594499011 -0.06174535887179289 1.0
human.pedestrian.adult 0 0 0 0 0 0 0 0.622 1.576 0.513 0.8683340969520721 5.372064138197388 21.449177084496938 -0.08011815690687918 1.0
human.pedestrian.adult 0 0 0 0 0 0 0 0.602 1.766 0.741 0.635663237236213 6.127639290036741 -29.95939705893717 3.04285073823113 1.0
human.pedestrian.adult 0 0 0 0 0 0 0 0.958 1.776 0.64 1.0553372178071239 -5.834277400229657 -2.41658676577433 -0.10720306340541441 1.0
human.pedestrian.adult 0 0 0 0 0 0 0 0.664 1.766 0.6 1.0908801966296573 -6.503828655503958 -2.1737044625546353 -0.1276827030530452 1.0
human.pedestrian.adult 0 0 0 0 0 0 0 0.793 1.642 0.594 0.2230780119830212 12.334043222583505 -11.46660860889612 -1.2462480206737823 1.0
movable_object.barrier 0 0 0 0 0 0 0 0.458 1.048 2.032 0.030338416554356762 44.92929432353213 8.8672352508974 -0.08804262243004857 1.0
human.pedestrian.adult 0 0 0 0 0 0 0 0.552 1.731 0.6 0.19291451545405644 -1.6327839186185338 36.942445077075284 -0.7899487866686918 1.0
vehicle.car 0 0 0 0 0 0 0 4.337 1.471 1.738 1.0009893872912479 9.713458371048315 13.078567208931505 -1.5929661000055555 1.0
human.pedestrian.adult 0 0 0 0 0 0 0 0.663 1.615 0.618 1.0160022617249393 -2.480677576786497 -3.898209519862551 -0.5951565091089073 1.0
movable_object.barrier 0 0 0 0 0 0 0 0.492 1.044 2.059 -0.00800232986186189 46.95635697835971 9.037919112370714 -0.08804262243004857 1.0
human.pedestrian.adult 0 0 0 0 0 0 0 0.741 1.667 0.719 0.4257578148933841 4.951641030234751 -15.386266344961662 -2.9675575109820205 1.0
movable_object.barrier 0 0 0 0 0 0 0 0.44 1.052 2.103 0.5020255578773448 28.77635879608884 7.5692344469787765 -0.0892799357331917 1.0
movable_object.barrier 0 0 0 0 0 0 0 0.435 1.046 2.031 0.3564591306189241 32.87461068339814 7.877274839494304 -0.09068004671608065 1.0
human.pedestrian.adult 0 0 0 0 0 0 0 0.562 1.642 0.625 0.3238363842810387 -2.204390618320002 36.458950252781065 -0.7899487866686918 1.0
human.pedestrian.adult 0 0 0 0 0 0 0 0.641 1.646 0.702 0.4530883883164255 -5.585609198797491 45.08294972115335 2.7449392592840915 1.0
human.pedestrian.adult 0 0 0 0 0 0 0 0.619 1.626 0.599 0.694075923285148 -6.607248887775936 -24.809983300389558 -2.7893601646796364 1.0
movable_object.barrier 0 0 0 0 0 0 0 0.458 0.952 2.011 -0.3393523716346616 55.60661056564272 10.357650155240236 -0.041573770018539236 1.0
human.pedestrian.adult 0 0 0 0 0 0 0 0.985 1.68 0.734 0.8991884277010639 1.0922631440631234 5.985581207053692 3.1177796720209265 1.0
human.pedestrian.adult 0 0 0 0 0 0 0 0.567 1.811 0.652 0.9532983692482259 -1.1642548019439651 -3.650257307241477 -0.5761867803367267 1.0
movable_object.trafficcone 0 0 0 0 0 0 0 0.355 0.72 0.361 1.272799789815311 2.9345692564835284 6.142793605539072 -1.5227202992218052 1.0
human.pedestrian.adult 0 0 0 0 0 0 0 0.412 1.648 0.611 0.3414655675531896 -2.354911150207141 35.53366338841003 2.3828107654226507 1.0
movable_object.barrier 0 0 0 0 0 0 0 0.836 1.508 1.233 1.876068725912454 -44.77004274075888 -6.5886313651113335 -1.554939658709701 1.0
movable_object.barrier 0 0 0 0 0 0 0 0.463 1.04 1.975 0.18677251752386237 38.8497968843461 8.464701700759615 -0.07558067284482206 1.0
human.pedestrian.adult 0 0 0 0 0 0 0 0.635 1.771 0.673 0.9878256982037421 -5.964380298252039 -4.743219833244744 -0.0633337126210698 1.0
human.pedestrian.adult 0 0 0 0 0 0 0 0.679 1.72 0.626 0.8215502115566219 4.727537574225494 21.275534415772142 -0.16326652301216527 1.0
movable_object.trafficcone 0 0 0 0 0 0 0 0.361 0.719 0.36 1.8166236103542424 -25.213423328389645 -7.463512178697167 -0.16376686615311087 1.0
human.pedestrian.adult 0 0 0 0 0 0 0 0.584 1.878 0.659 0.6291778373130297 -4.068443250927561 -19.48998610332785 -0.076845354277701 1.0
human.pedestrian.adult 0 0 0 0 0 0 0 0.839 1.67 0.582 0.9651609504083921 -1.8916895540773253 -4.206088181300128 -0.0633337126210698 1.0
human.pedestrian.adult 0 0 0 0 0 0 0 0.617 1.794 0.688 0.611072454207812 -7.496016834502552 -24.753921183121545 -2.8068107872046397 1.0
vehicle.construction 0 0 0 0 0 0 0 2.244 2.895 2.492 -2.546528394653799 83.02866476334789 -10.271047418323032 -1.4111230799264032 1.0
human.pedestrian.adult 0 0 0 0 0 0 0 0.529 1.752 0.664 0.5980948611918817 -2.6360257581370536 -23.171264138867055 -0.07698889195772196 1.0
movable_object.barrier 0 0 0 0 0 0 0 0.417 1.074 2.0 0.45091746349286577 30.868035600152517 7.686589080590237 -0.10702827142327642 1.0
human.pedestrian.adult 0 0 0 0 0 0 0 0.556 1.573 0.538 0.6854004334118177 -2.4969892923418864 -19.243641881286944 -0.08501721860560707 1.0
human.pedestrian.adult 0 0 0 0 0 0 0 0.7 1.945 0.689 0.9288173262322447 -6.712402248822225 -4.42392815859225 -0.0633337126210698 1.0
human.pedestrian.adult 0 0 0 0 0 0 0 0.75 1.661 0.569 1.11276924315349 -7.229499860302524 -2.4197251368246793 -0.07784916678855858 1.0
movable_object.barrier 0 0 0 0 0 0 0 0.399 1.216 1.967 1.0413887792061804 -2.3786183933021894 -7.878703138472732 -0.13685002046095818 1.0
human.pedestrian.adult 0 0 0 0 0 0 0 0.605 1.751 0.601 0.9421980358873009 0.9681678281077866 -2.7515307028489433 -0.04372403966484484 1.0
movable_object.barrier 0 0 0 0 0 0 0 0.337 1.028 2.033 0.5693354250249154 24.72074189448656 7.4244244707262705 3.11739575655612 1.0
movable_object.barrier 0 0 0 0 0 0 0 0.412 1.187 2.047 1.105893065654199 -4.957065957171414 -7.776878006967872 -0.09283244665332369 1.0
