movable_object.trafficcone 0 0 0 0 0 0 0 0.389 0.734 0.389 1.4937291988241634 5.462309669031561 9.602699040534235 -0.09986131374792961 1.0
movable_object.barrier 0 0 0 0 0 0 0 0.603 1.004 2.094 1.6662382852432507 -10.464972529498326 10.47424501378772 -3.1033374269156733 1.0
movable_object.barrier 0 0 0 0 0 0 0 0.436 1.063 2.416 -1.3941942245265513 -35.02453690361646 -51.176904428916885 -1.4943567317682849 1.0
movable_object.barrier 0 0 0 0 0 0 0 0.46 1.28 1.246 2.1772970299247656 -47.284872914034715 6.662176201146914 -1.5770644792185369 1.0
human.pedestrian.adult 0 0 0 0 0 0 0 0.627 1.664 0.592 -1.1724878473308127 15.694588856208735 -16.198918860257432 -0.912343906724745 1.0
human.pedestrian.adult 0 0 0 0 0 0 0 0.541 1.73 0.528 -1.364442653102226 17.152517969382423 -17.36465041318968 -0.8903618081201436 1.0
human.pedestrian.adult 0 0 0 0 0 0 0 0.673 1.704 0.804 1.0889818536589995 -17.22745380393138 -2.17655365764555 -1.0429460558172394 1.0
vehicle.construction 0 0 0 0 0 0 0 2.883 3.154 3.861 0.4437510401463288 -9.072041898269175 3.974755865234613 -0.06909941213661952 1.0
vehicle.car 0 0 0 0 0 0 0 4.809 1.567 2.094 2.6208736173820175 -70.50863165681345 12.013562065412994 1.5931985040330048 1.0
vehicle.bicycle 0 0 0 0 0 0 0 1.679 1.064 0.647 -0.02359859598225078 27.420159563131886 -6.566504724378512 -0.2988668263934553 1.0
vehicle.car 0 0 0 0 0 0 0 4.919 1.65 2.028 1.353619539989479 0.32993051141009616 15.099701084004359 -1.517124985323231 1.0
human.pedestrian.construction_worker 0 0 0 0 0 0 0 0.63 1.848 1.035 1.2091702505825654 -12.299793048484092 3.3717111367266828 -0.9351816845527168 1.0
movable_object.barrier 0 0 0 0 0 0 0 0.611 0.985 2.144 1.6627330487225254 -15.32088125260257 3.1839217571551033 -0.11188241181228875 1.0
vehicle.car 0 0 0 0 0 0 0 5.051 1.586 2.068 2.769559724819503 -34.55323193732358 21.983921008458033 -2.6889400441332008 1.0
movable_object.barrier 0 0 0 0 0 0 0 0.611 1.072 2.001 1.5386586978098056 -11.317785557646964 2.8226622763476237 -0.15746026260591606 1.0
human.pedestrian.adult 0 0 0 0 0 0 0 0.759 1.752 0.795 1.156838547289146 -17.626285210482674 -1.2121320805964815 -2.1083117508849423 1.0
human.pedestrian.adult 0 0 0 0 0 0 0 0.68 1.834 0.697 -1.3376441631304794 15.337403427784414 -16.8709753765363 -0.5678781013890131 1.0
movable_object.barrier 0 0 0 0 0 0 0 0.584 0.998 2.084 1.6894632640115796 -14.517489952280677 9.799966037097597 2.4574510146847253 1.0
vehicle.car 0 0 0 0 0 0 0 4.428 1.555 2.016 0.37687441452638565 -30.535096451457083 -17.453350578495385 -0.09783653710546503 1.0
vehicle.car 0 0 0 0 0 0 0 4.42 1.533 2.04 1.673809911790242 -9.868972991461803 15.650576264889304 -1.517124985323231 1.0
human.pedestrian.adult 0 0 0 0 0 0 0 0.658 1.835 0.712 1.1011368789819038 -17.916789212208737 -2.03618289767566 -0.49481121638290126 1.0
movable_object.barrier 0 0 0 0 0 0 0 0.439 0.978 2.416 -0.15959109351715095 -33.53698098310347 -29.448666039847062 -1.514039205038749 1.0
movable_object.barrier 0 0 0 0 0 0 0 0.576 1.05 2.084 1.6654728693000664 -8.402971498272917 10.383546825471893 -3.0970401157211676 1.0
movable_object.barrier 0 0 0 0 0 0 0 0.436 1.081 2.416 -0.3501766347174793 -33.69942473835849 -31.870371673871134 -1.511790254004656 1.0
vehicle.truck 0 0 0 0 0 0 0 7.704 3.834 2.841 -0.40949242507970285 9.130600942525449 3.628931922281895 1.6403587584012502 1.0
human.pedestrian.adult 0 0 0 0 0 0 0 0.604 1.711 0.787 1.1192048195902882 -18.132549073306336 -2.883001196876364 -1.2356963594871502 1.0
movable_object.trafficcone 0 0 0 0 0 0 0 0.459 0.706 0.475 0.3616322677860153 28.394535291725624 -4.7993261479102225 0.8658775857599377 1.0
human.pedestrian.adult 0 0 0 0 0 0 0 0.572 1.683 0.637 -1.3054786731706975 18.373049930549715 -17.03802833671607 -0.7276141886516605 1.0
movable_object.barrier 0 0 0 0 0 0 0 0.42 1.083 2.408 -0.4268936073945033 -33.99486984984072 -36.68632679120813 -1.511790254004656 1.0
vehicle.car 0 0 0 0 0 0 0 4.687 1.535 1.896 1.23222090494148 3.5187581314368632 11.8416179387849 -1.5345589784011073 1.0
human.pedestrian.adult 0 0 0 0 0 0 0 0.728 1.656 0.613 -1.279982274580181 16.624017884062322 -15.364151449361739 -1.0902624934628342 1.0
human.pedestrian.construction_worker 0 0 0 0 0 0 0 0.901 1.865 1.061 0.936791241160634 -16.767817635419554 -0.6364154787591452 -0.3031428120215214 1.0
human.pedestrian.adult 0 0 0 0 0 0 0 0.512 1.645 0.606 1.1599460744942087 -20.46703866060219 -2.139702120490367 -0.06922132118067026 1.0
movable_object.barrier 0 0 0 0 0 0 0 0.599 1.043 1.926 1.5088783454633887 -9.2463777875155 2.5673291988719216 -0.12649377070038703 1.0
movable_object.barrier 0 0 0 0 0 0 0 0.594 1.001 2.088 1.63975466826731 -6.966265590427211 9.341847392575396 -1.505827948535135 1.0
vehicle.bicycle 0 0 0 0 0 0 0 1.697 1.079 0.623 0.019616357826728992 28.286326706635126 -6.399693611790897 -0.06510078677655073 1.0
movable_object.barrier 0 0 0 0 0 0 0 1.169 1.303 0.537 2.29915201984961 -47.096336448433014 8.355959942528582 -0.11599561579348361 1.0
vehicle.car 0 0 0 0 0 0 0 4.744 1.677 1.875 0.654639963729339 -27.025332397405293 -11.62583073000381 -0.08558084545947864 1.0
movable_object.barrier 0 0 0 0 0 0 0 0.588 0.998 2.026 1.5951396151401291 -13.377199168725014 3.0435683298721035 -0.09820231334620821 1.0
movable_object.barrier 0 0 0 0 0 0 0 0.365 1.037 3.249 -0.03196580675976857 -34.334242430227775 -27.741571440503083 -1.4910792713046641 1.0
movable_object.barrier 0 0 0 0 0 0 0 0.599 1.021 2.099 1.7018953371320777 -12.55969239229462 10.512693304480047 -3.131928270594207 1.0
movable_object.barrier 0 0 0 0 0 0 0 0.576 1.046 1.975 1.4719139844564635 -7.339375138027106 2.470455410571449 -0.07564916263556398 1.0
human.pedestrian.adult 0 0 0 0 0 0 0 0.606 1.818 0.699 1.0737153167559088 -17.605485566790364 -2.4919976607914056 -0.5336723220406832 1.0
human.pedestrian.adult 0 0 0 0 0 0 0 0.6 1.649 0.614 -0.6822262553427247 5.247068380015058 -13.204583964001493 -2.0093529832001957 1.0
human.pedestrian.adult 0 0 0 0 0 0 0 0.508 1.683 0.508 -1.3580166564932772 17.441342407671403 -17.002731706275277 -0.8297744669899956 1.0
vehicle.car 0 0 0 0 0 0 0 4.503 1.635 2.001 1.0406874281694927 9.7329260707241 11.483488423649172 -1.517124985323231 1.0
vehicle.car 0 0 0 0 0 0 0 4.696 1.581 2.037 2.5673654280019873 -56.56596860827672 4.833325370941232 1.6745662530275593 1.0
movable_object.trafficcone 0 0 0 0 0 0 0 0.41 0.72 0.381 1.189071812794989 10.307938371612842 1.411538417407753 -0.06573116300633508 1.0
human.pedestrian.adult 0 0 0 0 0 0 0 0.724 1.735 0.65 -0.21670606057121072 -5.150314175135416 -14.188758719881095 -0.8793051234691127 1.0
movable_object.trafficcone 0 0 0 0 0 0 0 0.386 0.738 0.388 1.5349847184219647 0.9245998109776622 9.857456231252435 -0.36550725707295584 1.0
movable_object.trafficcone 0 0 0 0 0 0 0 0.346 0.706 0.346 1.536404471522805 -3.909017485795089 2.2704145276211363 -0.06516054630752599 1.0
vehicle.car 0 0 0 0 0 0 0 3.898 1.644 1.785 1.5027936926075638 -10.693477446365346 12.91326538436811 -1.517124985323231 1.0
movable_object.trafficcone 0 0 0 0 0 0 0 0.415 0.713 0.432 1.1201146385007055 14.065662127659785 1.0551480677158107 -0.06573116300633508 1.0
vehicle.car 0 0 0 0 0 0 0 4.713 1.74 2.08 1.3190065325783695 -4.1930828958817274 12.32696855864662 -1.4822580879123466 1.0
vehicle.truck 0 0 0 0 0 0 0 6.279 2.95 2.299 -0.08629512213110568 18.16077582447963 2.9770284749137397 1.6903464748287735 1.0
movable_object.trafficcone 0 0 0 0 0 0 0 0.415 0.734 0.392 1.4037484960820925 4.674849184771997 1.701654143885272 -0.08118095478935494 1.0
movable_object.barrier 0 0 0 0 0 0 0 0.586 1.057 2.136 1.3974734632350663 -5.473409033896943 2.3987120691560877 -0.10188984573214732 1.0
human.pedestrian.adult 0 0 0 0 0 0 0 0.71 1.752 0.617 -1.1851506123755557 15.701174526143486 -15.663325466596724 -1.059422218430532 1.0
human.pedestrian.adult 0 0 0 0 0 0 0 0.516 1.642 0.504 -1.3165805741784349 16.499718015030275 -17.604079820320333 -0.8289568334721338 1.0
movable_object.barrier 0 0 0 0 0 0 0 0.441 1.073 2.425 -0.33350554206226235 -33.864854302251054 -34.27955641856377 -1.511790254004656 1.0
movable_object.barrier 0 0 0 0 0 0 0 0.565 0.999 2.144 1.729567241037468 -16.89386127342551 4.536345893596612 1.6374871548343668 1.0
movable_object.trafficcone 0 0 0 0 0 0 0 0.422 0.754 0.389 1.7318274524538593 -6.340557621219011 10.360588841462869 -0.09855603522414214 1.0
movable_object.trafficcone 0 0 0 0 0 0 0 0.344 0.705 0.342 1.5482406266559514 -1.3580905167058603 2.1789240701686445 -0.06516054630752599 1.0
vehicle.truck 0 0 0 0 0 0 0 10.091 3.369 2.933 2.782492040931963 -31.949746640622983 34.550935732133134 -3.10759378196585 1.0
movable_object.trafficcone 0 0 0 0 0 0 0 0.4 0.746 0.368 1.375950940258865 9.500913443856788 9.160863288498106 -0.09986131374792961 1.0
vehicle.truck 0 0 0 0 0 0 0 6.327 2.921 2.285 0.42661850297293147 -11.641774680486813 -4.046391490609521 0.8986642306623427 1.0
movable_object.barrier 0 0 0 0 0 0 0 0.42 1.061 2.408 -1.1239052690664229 -34.500311979038614 -46.353760111253685 -1.511790254004656 1.0
