human.pedestrian.adult 0 0 0 0 0 0 0 0.605 1.751 0.601 1.8664035354360478 -41.0685718182782 7.5429899686735595 -0.17456509278544985 1.0
human.pedestrian.adult 0 0 0 0 0 0 0 0.958 1.776 0.64 1.9117962774143544 -44.349962585280075 7.264143894269545 -0.799737959791722 1.0
human.pedestrian.adult 0 0 0 0 0 0 0 0.76 1.732 0.603 0.00299231370744657 29.038072063205906 -4.9604899186811595 -0.4768879961553303 1.0
movable_object.barrier 0 0 0 0 0 0 0 0.415 1.075 2.082 1.023348424358036 6.87896935407952 10.689096706333459 -0.05403475237671174 1.0
movable_object.barrier 0 0 0 0 0 0 0 0.458 1.048 2.032 1.235109383461969 2.757697788592244 9.727364945547082 -0.061916942380438655 1.0
vehicle.car 0 0 0 0 0 0 0 4.335 1.473 1.787 -0.6707679261558105 46.94464983988483 7.658935324448126 -1.9396660045139367 1.0
vehicle.car 0 0 0 0 0 0 0 4.337 1.471 1.738 2.1547366275116735 -32.12116246395584 15.24827249913256 -1.5558174761932575 1.0
movable_object.barrier 0 0 0 0 0 0 0 0.492 1.044 2.059 1.1552082465238922 4.788341175347679 9.823251566836287 -0.061916942380438655 1.0
vehicle.car 0 0 0 0 0 0 0 4.692 1.657 1.691 0.2828006705828918 22.925874416132594 5.362313441188353 -1.4992711221872543 1.0
movable_object.barrier 0 0 0 0 0 0 0 0.367 0.751 0.409 1.200529277794998 6.400823284039735 9.880079845643348 -0.331115696455587 1.0
movable_object.barrier 0 0 0 0 0 0 0 0.435 1.046 2.031 1.5126792953257089 -9.327558280307615 9.188556358803341 -0.0639651513566335 1.0
vehicle.truck 0 0 0 0 0 0 0 7.609 3.664 3.19 -1.7975779734784099 41.90718968105477 -28.985574609039297 3.084747887114556 1.0
movable_object.barrier 0 0 0 0 0 0 0 0.402 1.037 2.052 1.227900744625196 0.6950858544467293 9.664324921375973 -0.061916942380438655 1.0
movable_object.barrier 0 0 0 0 0 0 0 0.337 1.028 2.033 1.6846399816905897 -17.494388507275577 9.041045117783286 -3.1284491276733863 1.0
human.pedestrian.adult 0 0 0 0 0 0 0 0.679 1.72 0.626 1.9002564491591565 -39.519941399416844 29.443352495490547 -0.5602566732361218 1.0
movable_object.barrier 0 0 0 0 0 0 0 0.553 1.057 2.005 -0.46684944635844094 39.28920977106479 -14.947637980816545 -1.5333400338733938 1.0
vehicle.car 0 0 0 0 0 0 0 4.356 1.415 1.718 0.270880441795996 23.879370390564535 8.300411182055315 -1.498119802881611 1.0
human.pedestrian.adult 0 0 0 0 0 0 0 0.664 1.766 0.6 1.956133931479457 -45.174108002693906 7.367214275019178 -0.9466347390724561 1.0
movable_object.barrier 0 0 0 0 0 0 0 0.463 1.04 1.975 1.330541860663507 -3.334983715477319 9.553311125519595 -0.05312084367830394 1.0
human.pedestrian.adult 0 0 0 0 0 0 0 0.654 1.678 0.643 1.3841996315061924 -44.13567653299047 -12.384844687004005 -0.05402559431948184 1.0
human.pedestrian.adult 0 0 0 0 0 0 0 0.47 1.766 0.512 -0.22240821055724191 33.04568522418575 -1.5084433727025754 -1.4219896771180593 1.0
movable_object.barrier 0 0 0 0 0 0 0 0.417 1.074 2.0 1.5155075804541582 -11.343009278207193 9.074642900997999 -0.07758909949127002 1.0
movable_object.barrier 0 0 0 0 0 0 0 0.418 1.026 2.028 1.6136805487580799 -15.513744794208128 9.022170776369318 -0.045043974120639874 1.0
movable_object.barrier 0 0 0 0 0 0 0 0.44 1.052 2.103 1.576097291536915 -13.437350576334685 9.03515348636179 -0.06287127376639035 1.0
movable_object.trafficcone 0 0 0 0 0 0 0 0.295 0.709 0.294 1.1177745772862107 8.079455155679767 10.873962987193707 -0.05403475237671174 1.0
human.pedestrian.adult 0 0 0 0 0 0 0 0.471 1.86 0.565 -0.30834263948179935 33.261045839333 -3.1114393425567592 -1.3906694731261382 1.0
movable_object.barrier 0 0 0 0 0 0 0 0.39 0.937 2.008 0.6639153930325068 17.47286640943899 10.845592956885769 -0.05139681356537551 1.0
movable_object.barrier 0 0 0 0 0 0 0 0.554 1.031 1.991 2.272137249578427 -38.2473998818589 8.585507142809208 3.1197333071579028 1.0
vehicle.car 0 0 0 0 0 0 0 4.249 1.479 1.835 -1.554373509435349 49.52707309847079 -22.718042854539917 -0.06416536032983622 1.0
movable_object.barrier 0 0 0 0 0 0 0 0.446 1.069 1.998 1.300526295096481 -1.3420856566128008 9.58827385993849 -0.045401857550160685 1.0
human.pedestrian.adult 0 0 0 0 0 0 0 0.412 1.648 0.611 2.0198905239142104 -39.559438474332595 32.52627864920075 2.5249127149704425 1.0
human.pedestrian.adult 0 0 0 0 0 0 0 0.548 1.65 0.612 1.8748463275348077 -40.16730897405627 32.01348567278401 2.5249127149704425 1.0
human.pedestrian.adult 0 0 0 0 0 0 0 0.529 1.803 0.58 1.4387316034159336 -46.363010625245465 -9.099157832552176 -0.053932151512409376 1.0
vehicle.car 0 0 0 0 0 0 0 4.214 1.513 1.928 -0.39962566111574815 38.11174593667281 -0.40363396261723367 -2.669679836243934 1.0
movable_object.barrier 0 0 0 0 0 0 0 0.441 0.967 2.017 0.7423950652772376 15.505134386985764 10.863610416646154 -0.05082475039763246 1.0
vehicle.car 0 0 0 0 0 0 0 4.297 1.607 1.627 0.44385705492316707 16.380796003228856 7.877427436617586 -1.5295545686204397 1.0
vehicle.truck 0 0 0 0 0 0 0 5.323 2.008 1.886 1.6036056228720723 -30.89241652771058 12.317354717978308 -1.621864362431296 1.0
human.pedestrian.adult 0 0 0 0 0 0 0 0.793 1.642 0.594 1.1942734433581363 -24.13872876536122 -8.573218653174214 -1.5803650121554096 1.0
movable_object.barrier 0 0 0 0 0 0 0 0.847 1.414 1.261 2.204101751579762 -55.49093235014678 -1.561517849084353 -1.4062741104627055 1.0
movable_object.barrier 0 0 0 0 0 0 0 0.449 1.045 1.976 -0.48918559997704336 39.15732280937475 -12.911017023058852 -1.5158955565472336 1.0
vehicle.truck 0 0 0 0 0 0 0 9.692 2.911 2.536 -1.6052057522045522 58.07631951310612 15.250974130693452 -1.4641998353068804 1.0
movable_object.barrier 0 0 0 0 0 0 0 0.438 1.047 2.025 1.4647656151137542 -7.288673559961175 9.334581618215617 -0.10152618778480615 1.0
human.pedestrian.adult 0 0 0 0 0 0 0 0.74 1.744 0.508 -0.0970603538301209 30.598137647570265 -2.4692892370417976 -0.24824424503652764 1.0
movable_object.trafficcone 0 0 0 0 0 0 0 0.35 0.72 0.363 1.1644027238180157 7.372872920953075 9.958414866383174 -0.11041866466554495 1.0
human.pedestrian.adult 0 0 0 0 0 0 0 0.567 1.811 0.652 1.9524098229447464 -43.086792983174114 3.790010319371477 -0.12678865979154885 1.0
vehicle.construction 0 0 0 0 0 0 0 2.244 2.895 2.492 -1.5217218377981843 40.14373000726419 -10.750549537180385 -1.44866612992623 1.0
movable_object.barrier 0 0 0 0 0 0 0 0.429 1.049 1.997 -0.28618867983310825 39.022164727966484 -4.796167021768489 -1.5584551243900844 1.0
human.pedestrian.adult 0 0 0 0 0 0 0 0.435 1.756 0.568 -0.22858887420342178 33.285427735432556 0.14989655858350825 -1.440612385431188 1.0
human.pedestrian.adult 0 0 0 0 0 0 0 0.641 1.646 0.702 1.8933310940835664 -43.55536048265151 39.143451611588354 2.555479320839936 1.0
movable_object.barrier 0 0 0 0 0 0 0 0.458 0.952 2.011 0.7747606619594091 13.47900422418593 10.75464697532657 -0.04610471378118852 1.0
movable_object.barrier 0 0 0 0 0 0 0 0.387 1.065 2.079 -0.3213743154242926 39.08499275135476 -6.791061407575721 -1.5584551243900844 1.0
movable_object.barrier 0 0 0 0 0 0 0 0.43 1.052 2.011 -0.4150170178438276 39.03003129858182 -8.851860350459921 -1.6368691068349328 1.0
human.pedestrian.adult 0 0 0 0 0 0 0 0.779 1.839 0.748 -0.4330511290936342 26.787132661000584 -12.749878529065796 -0.2607010697330807 1.0
human.pedestrian.adult 0 0 0 0 0 0 0 0.985 1.68 0.734 1.991041935020025 -42.434948822300655 1.3146776649890577 -3.128065247657114 1.0
human.pedestrian.adult 0 0 0 0 0 0 0 0.622 1.576 0.513 1.9958925390309825 -38.84752777759543 29.794863035166113 -0.6124650705334815 1.0
human.pedestrian.adult 0 0 0 0 0 0 0 0.75 1.692 0.508 -0.004608503042436984 29.58034547138153 -5.281996961170771 -0.4567514849908907 1.0
movable_object.barrier 0 0 0 0 0 0 0 0.439 1.032 1.987 1.4034136028161084 -5.315648504158281 9.448608193014554 -0.08309254926509624 1.0
movable_object.barrier 0 0 0 0 0 0 0 0.422 1.029 2.046 -0.4174435432312593 39.06171097063195 -10.90256352506939 -1.5584551243900844 1.0
human.pedestrian.adult 0 0 0 0 0 0 0 0.747 1.573 0.547 0.01704672082809322 29.873687218812343 -2.3943282352790667 -0.24824424503652764 1.0
vehicle.motorcycle 0 0 0 0 0 0 0 1.823 1.772 0.639 1.6081872155231949 -15.898123979704442 13.167088201969817 -1.6076203252821442 1.0
