movable_object.trafficcone 0 0 0 0 0 0 0 0.395 0.706 0.412 1.1270681167533905 -0.42262846619835415 -10.077656945330329 -0.49313500539892985 1.0
human.pedestrian.adult 0 0 0 0 0 0 0 0.75 1.661 0.569 -0.3521629103384184 39.73332600853977 -3.3089791725853064 -0.41003107799243566 1.0
movable_object.barrier 0 0 0 0 0 0 0 0.393 1.041 2.009 1.7236679584671084 -23.863824106012352 4.230069939287948 -0.0636556746832504 1.0
human.pedestrian.adult 0 0 0 0 0 0 0 0.958 1.776 0.64 -0.4430060681318376 40.52016274329219 -3.1350927915024283 -0.37850371918707637 1.0
movable_object.barrier 0 0 0 0 0 0 0 0.472 0.949 2.013 1.8371590116175374 3.348580550247764 19.218502299104852 -0.1390088525323705 1.0
movable_object.barrier 0 0 0 0 0 0 0 0.422 1.083 1.983 1.8140785465902196 1.0288358012783945 15.492625007544804 -0.15305721641140835 1.0
movable_object.barrier 0 0 0 0 0 0 0 0.476 0.918 1.982 1.7420291411626583 1.3638405355654533 18.86671773169787 -0.20666613039736603 1.0
movable_object.barrier 0 0 0 0 0 0 0 0.408 1.086 2.314 1.850387847607672 -34.09593303872106 3.8254023486911306 -0.07204860513054001 1.0
movable_object.barrier 0 0 0 0 0 0 0 0.417 0.993 2.021 1.814624883411455 5.101547898234262 16.00538018969796 -0.16175815525897974 1.0
movable_object.trafficcone 0 0 0 0 0 0 0 0.401 0.712 0.398 0.7294223846268343 0.34418514618296353 -11.486660407209776 -0.45096791962459726 1.0
human.pedestrian.adult 0 0 0 0 0 0 0 0.567 1.811 0.652 -0.6581748683929466 45.25914869577284 -3.7665732184255787 -0.8271141276029788 1.0
movable_object.barrier 0 0 0 0 0 0 0 0.445 1.009 1.993 1.7676250735101653 -1.356646931674097 15.668909452760506 -0.11952103225030086 1.0
movable_object.barrier 0 0 0 0 0 0 0 0.447 0.988 1.999 1.74929654363326 -0.6414523617123472 18.572607920592443 -0.05623111780766976 1.0
movable_object.barrier 0 0 0 0 0 0 0 0.45 1.071 2.024 1.6506973118603394 6.159675034762271 17.4995052561594 -1.576186011606831 1.0
movable_object.barrier 0 0 0 0 0 0 0 0.554 1.031 1.991 -0.29876322554431356 51.190123235019314 6.0429324921489656 -3.1376541538001 1.0
movable_object.barrier 0 0 0 0 0 0 0 0.836 1.508 1.233 0.8067267022252128 1.6312854140439241 -3.8018274263992615 -1.4919246551684617 1.0
movable_object.barrier 0 0 0 0 0 0 0 0.847 1.414 1.261 -0.22447122583486967 33.56256646016631 -3.680461917629304 -1.3803918618235702 1.0
human.pedestrian.adult 0 0 0 0 0 0 0 0.519 1.121 0.45 0.9758768042574235 -2.931706156915952 -12.702136194432633 -0.29890430472712914 1.0
movable_object.trafficcone 0 0 0 0 0 0 0 0.377 0.711 0.38 1.2053265305704313 -2.9584626630295823 -11.26405382110498 -0.45096791962459726 1.0
human.pedestrian.adult 0 0 0 0 0 0 0 0.562 1.642 0.625 -0.4776763247349983 49.14656159561546 31.943208917872493 -0.2064299032193091 1.0
movable_object.trafficcone 0 0 0 0 0 0 0 0.4 0.743 0.398 0.3893260371179452 23.240404730899243 -5.911790704439622 -0.06804018757756225 1.0
movable_object.barrier 0 0 0 0 0 0 0 0.393 1.067 2.023 1.7603920581732013 -25.892001765523307 4.156825676979792 -0.051329051775823586 1.0
movable_object.barrier 0 0 0 0 0 0 0 0.393 1.017 2.031 1.5174051123605972 -19.228734412350065 5.86439339871165 -1.6085394503525468 1.0
human.pedestrian.adult 0 0 0 0 0 0 0 0.496 1.223 0.617 0.9126212950289119 -3.4361503677900096 -13.093409473187839 -0.29890430472712914 1.0
movable_object.barrier 0 0 0 0 0 0 0 0.398 1.061 2.02 1.6152816895374011 -19.795071226944536 4.421974670299126 -0.06675271763315216 1.0
human.pedestrian.adult 0 0 0 0 0 0 0 0.7 1.945 0.689 -0.67965989901746 39.53111806197108 -4.644939003100671 -0.12304018867935085 1.0
movable_object.barrier 0 0 0 0 0 0 0 0.406 1.057 2.049 1.8148680950945395 -31.932496956689562 3.984743699713832 -0.07204860513054001 1.0
human.pedestrian.adult 0 0 0 0 0 0 0 0.604 1.904 0.603 1.1405301846013063 -27.56939910852149 -10.14503250338943 -1.15023269985719 1.0
human.pedestrian.adult 0 0 0 0 0 0 0 0.361 1.606 0.619 0.7644876449080081 -3.9072064339023926 -11.870224039870154 2.7986480192038803 1.0
movable_object.barrier 0 0 0 0 0 0 0 0.421 1.044 2.006 1.8382282018289808 3.0531565818310895 15.718317656015685 -0.15305721641140835 1.0
movable_object.barrier 0 0 0 0 0 0 0 0.405 1.032 2.03 1.6787268547283611 -21.824612183366174 4.337907927642804 -0.0636556746832504 1.0
movable_object.barrier 0 0 0 0 0 0 0 0.416 1.035 1.991 1.7764569495394142 -29.90284644812899 4.069345100393095 -0.047293531308021386 1.0
movable_object.barrier 0 0 0 0 0 0 0 0.407 1.071 2.007 1.7588788716151444 -27.919192446217334 4.109999889494496 -0.047293531308021386 1.0
movable_object.trafficcone 0 0 0 0 0 0 0 0.358 0.688 0.369 0.5647554569148356 18.1954272393593 -5.975411679949608 -0.3019553088586697 1.0
human.pedestrian.adult 0 0 0 0 0 0 0 0.839 1.67 0.582 -0.6097695127336775 44.54724205005768 -4.278657048799218 -0.12304018867935085 1.0
