vehicle.construction 0 0 0 0 0 0 0 13.495 3.041 2.164 0.2844686090294219 -18.99584030382827 -3.5540547004474417 -1.5744315414397727 1.0
human.pedestrian.adult 0 0 0 0 0 0 0 1.025 1.67 0.748 0.9275251589555726 -2.140184306849411 -6.053687310474353 -0.7304711569163267 1.0
vehicle.car 0 0 0 0 0 0 0 4.559 1.741 1.956 1.2671191533259343 27.609260486859593 9.080463818183118 -0.07281747386079651 1.0
movable_object.trafficcone 0 0 0 0 0 0 0 0.347 0.756 0.331 1.4697177470659955 -18.968057871971673 -2.010907391450768 -1.581955327497556 1.0
movable_object.trafficcone 0 0 0 0 0 0 0 0.362 0.763 0.367 1.487470957734529 -16.162846203417484 -1.8986696165326309 -1.556194683406817 1.0
human.pedestrian.adult 0 0 0 0 0 0 0 0.553 1.711 0.5 -0.27084188756270633 18.117612955554875 -34.57094363883002 -0.29389052087234546 1.0
movable_object.trafficcone 0 0 0 0 0 0 0 0.343 0.744 0.376 1.5157866411590912 -13.074347028043512 -1.9732756872425794 -1.5117418909311473 1.0
human.pedestrian.adult 0 0 0 0 0 0 0 0.695 1.769 0.671 0.7298582045135475 27.407300495290798 -14.049506195517443 -0.07302610212148686 1.0
human.pedestrian.adult 0 0 0 0 0 0 0 0.565 1.835 0.545 0.4634713562834316 26.179993234693985 -19.72862029325986 -1.0262944448509401 1.0
human.pedestrian.adult 0 0 0 0 0 0 0 0.771 1.849 0.669 1.3886873611573625 28.232041168412522 45.694145282814986 2.85653991697665 1.0
human.pedestrian.adult 0 0 0 0 0 0 0 0.581 1.794 0.608 0.19107581027922477 20.20721220252378 -22.57501545350457 2.722028508959137 1.0
movable_object.trafficcone 0 0 0 0 0 0 0 0.38 0.718 0.416 1.3945801419641644 -11.497545480804359 -4.3408412861599235 -2.198841506507616 1.0
vehicle.bicycle 0 0 0 0 0 0 0 1.609 1.219 0.787 1.1532979943637391 -13.949743767339108 18.2866812359539 -1.5567686856597192 1.0
human.pedestrian.adult 0 0 0 0 0 0 0 0.771 1.696 0.611 0.1716143217434173 20.507988085434803 -23.52282034836587 2.7069838979465146 1.0
human.pedestrian.adult 0 0 0 0 0 0 0 0.762 1.725 0.724 1.2509761048476544 30.617659895558738 29.07925181645255 -0.1368676565061726 1.0
