human.pedestrian.adult 0 0 0 0 0 0 0 0.635 1.794 0.756 0.6006026074729081 26.861222836856708 -16.30867133236133 -0.2504340231071982 1.0
human.pedestrian.adult 0 0 0 0 0 0 0 0.475 1.752 0.588 0.9028370391468821 32.065998954520815 41.55517067552215 -1.3921085990414994 1.0
movable_object.trafficcone 0 0 0 0 0 0 0 0.347 0.756 0.331 1.500519358474157 -18.971139425388934 -2.009926866376097 -1.5822217416529911 1.0
vehicle.car 0 0 0 0 0 0 0 4.559 1.741 1.956 1.2283526435700434 27.60833794903062 9.061638596792887 -0.07390359914669986 1.0
human.pedestrian.adult 0 0 0 0 0 0 0 0.695 1.769 0.671 0.6869061920968139 27.508251408565073 -14.13451408904286 -0.3034447185543172 1.0
vehicle.bicycle 0 0 0 0 0 0 0 1.609 1.219 0.787 1.1800759947576906 -13.94555410629093 18.283478891433944 -1.5564952144359934 1.0
human.pedestrian.adult 0 0 0 0 0 0 0 0.581 1.794 0.608 0.12907795155301072 19.92367128105397 -23.20523721034989 2.7217578589299682 1.0
vehicle.construction 0 0 0 0 0 0 0 13.495 3.041 2.164 0.3102370233257265 -18.983986118149467 -3.555739249920286 -1.5741581327127054 1.0
human.pedestrian.adult 0 0 0 0 0 0 0 0.565 1.835 0.545 0.43992408896882773 25.75102683412536 -19.44739754680088 -1.177388555572822 1.0
human.pedestrian.adult 0 0 0 0 0 0 0 0.762 1.725 0.724 1.1271765465661805 30.60996037524317 29.397069037475745 -0.09300012433493876 1.0
human.pedestrian.adult 0 0 0 0 0 0 0 1.025 1.67 0.748 0.9342222304261404 -2.641384220861462 -5.562862486813457 -0.7983399175905461 1.0
human.pedestrian.adult 0 0 0 0 0 0 0 0.771 1.849 0.669 1.3255180731747258 28.15610024202095 45.31783978155114 2.8993424683401807 1.0
vehicle.car 0 0 0 0 0 0 0 4.412 1.657 1.955 0.03568934365173371 14.517468678627163 -27.137626050410038 -0.13911450014746407 1.0
movable_object.trafficcone 0 0 0 0 0 0 0 0.38 0.718 0.416 1.4151732100108387 -11.512013442358969 -4.347676340598956 -2.19917021146808 1.0
human.pedestrian.adult 0 0 0 0 0 0 0 0.771 1.696 0.611 0.12068754568819995 20.27147537213802 -24.073409955438436 2.7067132201738664 1.0
movable_object.trafficcone 0 0 0 0 0 0 0 0.343 0.744 0.376 1.5381560603031186 -13.066529056041299 -1.9711213916546313 -1.5120080512799765 1.0
