vehicle.car 0 0 0 0 0 0 0 4.484 1.499 1.679 0.3408095270762019 -22.366269598813158 -34.145653056277006 -1.8531198964407878 1.0
vehicle.car 0 0 0 0 0 0 0 4.538 1.516 1.752 0.41837617393788246 -19.76555855520774 -22.383692229826163 -1.8531198964407878 1.0
vehicle.car 0 0 0 0 0 0 0 4.123 1.731 1.658 0.8785619884634509 -28.40687929981432 -22.151847874832665 -1.2886378767328246 1.0
vehicle.car 0 0 0 0 0 0 0 4.378 1.61 1.773 0.28803981617043806 -21.861373032342897 -29.222932181112785 -1.8531198964407878 1.0
movable_object.trafficcone 0 0 0 0 0 0 0 0.425 0.713 0.425 1.1042234445325483 2.0637731395523837 12.364562176425087 2.33475161910422 1.0
human.pedestrian.adult 0 0 0 0 0 0 0 0.753 1.885 0.699 0.2840705181271812 31.55565774322082 -2.657580736662311 -0.5292769524438725 1.0
human.pedestrian.adult 0 0 0 0 0 0 0 0.674 1.741 0.69 0.4584366881662024 26.230626060808827 12.400622510075259 -1.4148070435708604 1.0
vehicle.car 0 0 0 0 0 0 0 4.423 1.413 1.782 0.7125752290119296 8.51112531706343 -15.577554110184808 2.779046185294879 1.0
movable_object.barrier 0 0 0 0 0 0 0 0.536 1.055 2.028 0.23430719502574093 40.7567132911392 17.564177753038695 -2.9863186028835482 1.0
vehicle.truck 0 0 0 0 0 0 0 8.336 3.059 2.389 -0.9631059489932361 49.38925884849622 4.833475495791102 1.5501259599983488 1.0
vehicle.car 0 0 0 0 0 0 0 4.367 1.671 1.807 0.3050008618583624 -16.602168749723187 -32.25077888076656 -2.820692270045325 1.0
vehicle.car 0 0 0 0 0 0 0 4.232 1.496 1.78 0.8309296257914305 -40.9023255195825 -26.303844132888074 -1.8416729830844494 1.0
human.pedestrian.adult 0 0 0 0 0 0 0 0.61 1.747 0.654 0.8206190724602531 -6.823439412904025 -39.15374407104006 -0.19493262162736613 1.0
vehicle.car 0 0 0 0 0 0 0 4.763 1.443 1.781 0.364278298152272 -18.818528365216483 -20.239397185043227 -1.8531198964407878 1.0
vehicle.bus.rigid 0 0 0 0 0 0 0 10.606 3.189 2.712 0.4039379564355915 0.9645152727056421 -46.876428880252384 2.884711143743152 1.0
vehicle.car 0 0 0 0 0 0 0 4.304 1.792 1.679 0.20459255574683965 -22.640902765650573 -31.442870682426896 -1.8531198964407878 1.0
vehicle.construction 0 0 0 0 0 0 0 10.82 2.959 2.777 -0.22906687275209392 15.178796546445277 19.7425038247771 2.945876505555807 1.0
human.pedestrian.adult 0 0 0 0 0 0 0 0.92 1.711 0.711 0.4488768084281103 11.62144814841129 15.82927258446523 -0.48579873746391655 1.0
vehicle.car 0 0 0 0 0 0 0 4.162 1.428 1.686 0.9260102363279735 -29.913585695397472 -26.810060246685524 -1.286840866219574 1.0
vehicle.car 0 0 0 0 0 0 0 4.291 1.539 1.744 1.6383859810156838 -5.995742947802541 -70.58223020774302 2.8688657479891155 1.0
movable_object.barrier 0 0 0 0 0 0 0 0.54 1.031 2.018 0.6339445627322964 34.806000603775395 25.833508106022457 1.4841191421445297 1.0
human.pedestrian.adult 0 0 0 0 0 0 0 0.743 1.73 0.604 0.39173215796865724 30.794638702846047 -2.956699427976863 -0.035245000012634975 1.0
human.pedestrian.adult 0 0 0 0 0 0 0 0.679 1.572 0.554 0.5108251144150521 30.11391537843489 -3.972188779633224 -0.032998930361884504 1.0
movable_object.trafficcone 0 0 0 0 0 0 0 0.376 0.711 0.383 1.1639862612211613 6.843527180551755 12.177961765675045 3.088991405710324 1.0
movable_object.barrier 0 0 0 0 0 0 0 0.54 1.036 1.997 0.5360002594387427 33.41826547626022 16.999690407580193 1.4593080537257297 1.0
movable_object.barrier 0 0 0 0 0 0 0 0.561 1.092 2.005 -0.16478940258352237 47.08492957143444 17.883159908626727 2.978458441453437 1.0
movable_object.barrier 0 0 0 0 0 0 0 0.536 1.009 2.002 0.4415039558662195 33.689994361706866 19.006952189566963 1.4368750627584195 1.0
movable_object.barrier 0 0 0 0 0 0 0 0.525 1.024 2.024 0.45025529480485094 36.803959809564276 16.54381686977291 -2.8717742786679175 1.0
vehicle.car 0 0 0 0 0 0 0 4.661 2.0 1.719 0.32928486463827056 4.3124521798252475 -34.47212884430394 2.8598261959181404 1.0
movable_object.barrier 0 0 0 0 0 0 0 0.547 1.06 2.013 0.4460013998103717 34.816353222981384 15.898368993217503 -2.81437506039836 1.0
vehicle.car 0 0 0 0 0 0 0 4.336 1.569 1.703 1.4770228932557352 -3.8581134174628264 -63.547508966291595 2.860140311748877 1.0
vehicle.car 0 0 0 0 0 0 0 4.396 1.711 1.878 0.7851726951329772 -40.01845371729426 -23.955503880621286 -1.8467682529559353 1.0
vehicle.bicycle 0 0 0 0 0 0 0 1.722 0.968 0.597 1.1893778514578313 -3.4604690352788094 7.6770494968904455 -1.2827583435279521 1.0
