human.pedestrian.adult 0 0 0 0 0 0 0 0.635 1.794 0.756 0.6312818958649273 26.60441982098908 -15.224699545787018 -0.2853945588469031 1.0
human.pedestrian.adult 0 0 0 0 0 0 0 0.475 1.752 0.588 0.8960482056418979 31.927036277280003 41.34753974929859 -1.3921824245983476 1.0
vehicle.car 0 0 0 0 0 0 0 4.559 1.741 1.956 1.23749060709911 27.57917068512802 9.046015003877178 -0.07562313511885677 1.0
human.pedestrian.adult 0 0 0 0 0 0 0 0.584 1.632 0.632 0.5815665847034781 24.260268418126703 -18.396292140729614 1.6488991314377834 1.0
movable_object.trafficcone 0 0 0 0 0 0 0 0.347 0.756 0.331 1.5096351064014089 -18.99939402101475 -2.0151433571253308 -1.5821450777508232 1.0
human.pedestrian.adult 0 0 0 0 0 0 0 1.025 1.67 0.748 1.0254990484771853 -3.758393733209883 -4.686723321220018 -0.9347097326326228 1.0
human.pedestrian.adult 0 0 0 0 0 0 0 0.553 1.711 0.5 -0.319932546972565 18.0525899263278 -34.57063355106359 -0.29405241095397017 1.0
vehicle.construction 0 0 0 0 0 0 0 13.495 3.041 2.164 0.3130387920755608 -18.979925177584487 -3.5663078308924665 -1.5742322183849717 1.0
human.pedestrian.adult 0 0 0 0 0 0 0 0.771 1.849 0.669 1.2900068889522878 27.998553551916054 44.577857076181616 2.9855636649702344 1.0
vehicle.bicycle 0 0 0 0 0 0 0 1.609 1.219 0.787 1.196788578209697 -13.970001855548281 18.273127798784984 -1.5565692770280366 1.0
human.pedestrian.adult 0 0 0 0 0 0 0 0.565 1.835 0.545 0.48148992556001335 24.770963147454978 -19.12884695487727 -1.4787505207172016 1.0
human.pedestrian.adult 0 0 0 0 0 0 0 0.695 1.769 0.671 0.6771191681796047 27.551507345840555 -14.24117264491592 -0.6188954803502931 1.0
vehicle.car 0 0 0 0 0 0 0 4.412 1.657 1.955 0.34892234497883834 15.690434684959481 -18.15014900433993 -0.12652845303108862 1.0
movable_object.trafficcone 0 0 0 0 0 0 0 0.38 0.718 0.416 1.4236661850854737 -11.562191179740285 -4.365931574363959 -2.199215372074857 1.0
movable_object.trafficcone 0 0 0 0 0 0 0 0.343 0.744 0.376 1.5487716897830661 -13.070068929712075 -1.9710832902686506 -1.5119312940048673 1.0
