human.pedestrian.adult 0 0 0 0 0 0 0 0.674 1.741 0.69 0.5429097054824132 27.496214075645923 12.755332891751664 -1.5240434301801074 1.0
vehicle.car 0 0 0 0 0 0 0 4.538 1.516 1.752 0.4864639677631212 -21.45419842605703 -22.300243951196226 -1.8576493918398187 1.0
movable_object.barrier 0 0 0 0 0 0 0 0.561 1.092 2.005 -0.10472369512446034 45.54816301719408 17.668812757402833 3.0079132151020644 1.0
vehicle.car 0 0 0 0 0 0 0 4.378 1.61 1.773 0.3821451540310649 -23.546262157541463 -29.140308346251985 -1.8576493918398187 1.0
movable_object.trafficcone 0 0 0 0 0 0 0 0.425 0.713 0.425 1.0250958569341335 0.22854506004584657 12.383585704766427 2.2692232629447204 1.0
vehicle.truck 0 0 0 0 0 0 0 8.336 3.059 2.389 -0.8471171238262298 47.63072564981538 4.7161191812299945 1.545710583754782 1.0
vehicle.car 0 0 0 0 0 0 0 4.212 1.688 1.824 1.113296331941118 -39.569240241254555 -14.444597942059449 -1.846150699470174 1.0
vehicle.car 0 0 0 0 0 0 0 4.763 1.443 1.781 0.42482252112778995 -20.557861032960535 -20.142153682047667 -1.8576493918398187 1.0
movable_object.barrier 0 0 0 0 0 0 0 0.54 1.031 2.018 0.6455899286876212 33.267865476170385 25.912268814776642 1.4797083564501659 1.0
vehicle.car 0 0 0 0 0 0 0 4.065 1.458 1.74 1.5272006422773818 -29.004851376613 -0.16307490918502737 -1.5488184752669678 1.0
human.pedestrian.adult 0 0 0 0 0 0 0 0.92 1.711 0.711 0.4364279071414596 9.500496059029974 15.501458652358094 -0.47312561302647893 1.0
vehicle.car 0 0 0 0 0 0 0 4.396 1.711 1.878 0.808825741474554 -41.9865444822972 -23.702286145157366 -1.851298062375668 1.0
vehicle.construction 0 0 0 0 0 0 0 10.82 2.959 2.777 -0.26478533398085424 13.419179169187098 19.716846733264063 2.9414011156973814 1.0
human.pedestrian.adult 0 0 0 0 0 0 0 0.61 1.747 0.654 0.9383539252330096 -7.88618936322023 -36.219238977315094 -0.1999925426579292 1.0
movable_object.barrier 0 0 0 0 0 0 0 0.54 1.036 1.997 0.5907456440088654 31.799719683933038 16.891405328547993 1.454899081672706 1.0
movable_object.barrier 0 0 0 0 0 0 0 0.548 1.018 2.05 0.5791155444702205 34.98049596562676 33.17061194271069 1.3924758157051667 1.0
vehicle.truck 0 0 0 0 0 0 0 4.921 2.0 1.885 1.4045430005605326 7.771556930409562 -54.32003646666259 -0.23120436198790273 1.0
movable_object.trafficcone 0 0 0 0 0 0 0 0.38 0.712 0.383 0.9412087646531682 14.778814467748196 16.554004642838546 -1.808653632852871 1.0
movable_object.barrier 0 0 0 0 0 0 0 0.537 1.017 2.008 0.039594820801689856 43.522576444270626 17.754563568204794 -3.131769239455922 1.0
vehicle.car 0 0 0 0 0 0 0 4.679 1.626 1.781 0.4422807161027762 -22.056705518779005 -24.872065881947343 -1.8576493918398187 1.0
human.pedestrian.adult 0 0 0 0 0 0 0 0.589 1.665 0.607 1.729652530995527 3.652543719919582 -62.810453886614845 -2.4544383457765466 1.0
human.pedestrian.adult 0 0 0 0 0 0 0 0.743 1.73 0.604 0.4886630772587427 29.382145531351917 -0.39385791406239723 -0.16075247554580585 1.0
vehicle.car 0 0 0 0 0 0 0 4.123 1.731 1.658 0.9668233226135385 -30.23227528036777 -22.164377730156765 -1.2842429632926233 1.0
movable_object.trafficcone 0 0 0 0 0 0 0 0.376 0.711 0.383 1.2027333320722586 5.0238135905293975 12.147345047850665 3.1368624685987108 1.0
vehicle.car 0 0 0 0 0 0 0 4.367 1.671 1.807 0.4417875739770394 -18.736428214449745 -31.121122881140803 -2.668132185570059 1.0
movable_object.barrier 0 0 0 0 0 0 0 0.536 1.055 2.028 0.25007867996753497 39.29923404267341 17.381151592095012 -2.99080529172849 1.0
human.pedestrian.adult 0 0 0 0 0 0 0 0.679 1.572 0.554 0.6219961781880552 28.602433599595372 -0.88721132458377 -0.08365271348334602 1.0
movable_object.barrier 0 0 0 0 0 0 0 0.547 1.06 2.013 0.47585226597875363 33.172117108122045 15.800745518266178 -2.8188673370207473 1.0
movable_object.barrier 0 0 0 0 0 0 0 0.536 1.009 2.002 0.5047007614323469 32.140877978420065 18.940768228642842 1.4249907228964922 1.0
vehicle.bus.rigid 0 0 0 0 0 0 0 10.606 3.189 2.712 0.837895677444549 -2.9982258067406065 -53.41876924447577 2.862787443665761 1.0
vehicle.car 0 0 0 0 0 0 0 4.661 2.0 1.719 1.0551946470419622 0.09100811068380954 -42.07513913937948 2.8553536161911808 1.0
movable_object.barrier 0 0 0 0 0 0 0 0.539 1.014 2.002 0.6078365544201143 31.198663525661765 15.125978072786548 -2.773665770609705 1.0
human.pedestrian.adult 0 0 0 0 0 0 0 0.753 1.885 0.699 0.3994116150636614 30.437733167995916 -0.3325315913253116 -0.3074198525338403 1.0
movable_object.barrier 0 0 0 0 0 0 0 0.54 1.047 2.019 0.15338110791878967 41.422389836239866 17.648159187128105 -3.0500317711344493 1.0
vehicle.bicycle 0 0 0 0 0 0 0 1.722 0.968 0.597 1.189821098306703 -5.185063298799274 7.631988590963776 1.2958091136020613 1.0
