movable_object.barrier 0 0 0 0 0 0 0 0.483 1.105 2.046 0.701933118937362 19.717083298428705 -7.28914951293912 3.0525213304836214 1.0
movable_object.barrier 0 0 0 0 0 0 0 0.473 1.037 2.036 0.7414308898751092 -5.3256505666678295 -14.187683088130344 1.0858540638713983 1.0
movable_object.barrier 0 0 0 0 0 0 0 0.405 1.133 2.141 0.5071354589493745 -3.7076561236332766 -18.036838142600864 1.2000254790167304 1.0
movable_object.trafficcone 0 0 0 0 0 0 0 0.35 0.693 0.366 1.6667817292283214 -5.240450282011112 7.892838457693839 3.110103269003469 1.0
human.pedestrian.adult 0 0 0 0 0 0 0 0.635 1.835 0.631 -0.018653365002460065 -7.062223985535269 -20.780244706073066 2.8396647201100267 1.0
movable_object.barrier 0 0 0 0 0 0 0 0.491 1.05 2.081 0.9777786194640378 -7.240014115165958 -10.583093242544628 1.0669409807608314 1.0
movable_object.barrier 0 0 0 0 0 0 0 0.37 1.06 2.116 0.8334422053949289 9.84773402183437 -7.605027997118805 3.0533867911362416 1.0
movable_object.trafficcone 0 0 0 0 0 0 0 0.387 0.719 0.437 1.3635931413791216 28.418387904952382 11.928056739770811 3.0430300539376756 1.0
movable_object.debris 0 0 0 0 0 0 0 1.18 1.161 0.991 1.2098749150745567 22.94760956194945 11.756598206497964 1.438097973121229 1.0
movable_object.barrier 0 0 0 0 0 0 0 0.503 1.115 1.974 0.648597680163704 27.694664850925378 -6.68067444834392 3.069970135584134 1.0
movable_object.trafficcone 0 0 0 0 0 0 0 0.35 0.721 0.36 1.280421234025026 23.86958609316037 13.892913607551602 -3.105101465398892 1.0
movable_object.barrier 0 0 0 0 0 0 0 0.521 1.092 1.881 0.6667169925986751 23.730210418560322 -6.943594101884489 3.069970135584134 1.0
vehicle.car 0 0 0 0 0 0 0 4.583 1.732 2.089 1.9653517850698918 -63.51416782967864 27.698526759200064 -3.097249501973863 1.0
movable_object.barrier 0 0 0 0 0 0 0 0.434 1.079 2.082 0.6955460237249387 17.732017969442342 -7.46004083709366 3.069970135584134 1.0
movable_object.barrier 0 0 0 0 0 0 0 0.313 1.111 2.111 1.0939899104586095 1.9529488451232042 -7.716723596703868 2.9531487277649138 1.0
human.pedestrian.adult 0 0 0 0 0 0 0 0.634 1.584 0.67 0.07799780116594071 -6.152346966364141 -20.947541932776016 2.8396647201100267 1.0
movable_object.barrier 0 0 0 0 0 0 0 0.426 1.142 2.018 0.27845877892201754 -3.078946897108865 -20.012721409521067 1.2969596185210088 1.0
human.pedestrian.construction_worker 0 0 0 0 0 0 0 0.629 1.835 0.709 0.12225848451081689 11.903533980697631 20.69464257065082 1.6283127039310665 1.0
human.pedestrian.construction_worker 0 0 0 0 0 0 0 0.621 1.76 0.653 0.8931513382011659 12.56046916955816 13.952767062621458 -0.9960221352719962 1.0
movable_object.barrier 0 0 0 0 0 0 0 0.458 1.06 1.944 0.6026817425583579 29.64286374322534 -6.455688220509352 3.0176237314453456 1.0
movable_object.trafficcone 0 0 0 0 0 0 0 0.346 0.72 0.364 1.315970618452991 20.32504678373439 9.92835911490033 -3.116094217210737 1.0
movable_object.trafficcone 0 0 0 0 0 0 0 0.342 0.714 0.324 0.9390033079779266 16.503020150063797 -7.086534597913261 3.0885714377833944 1.0
vehicle.truck 0 0 0 0 0 0 0 6.286 3.42 2.521 -0.6857631162098957 -15.269264568012728 -26.098919584029968 -0.17604700940730567 1.0
movable_object.barrier 0 0 0 0 0 0 0 0.517 1.193 2.076 1.134786114817028 -8.3719611632577 -8.859804953627306 0.920037081262806 1.0
movable_object.trafficcone 0 0 0 0 0 0 0 0.304 0.684 0.37 1.5717237069670016 -0.42163429346306236 8.038115575360392 -3.1413775454418573 1.0
human.pedestrian.adult 0 0 0 0 0 0 0 0.539 2.0 0.675 -0.03300288327668327 -7.916195444185306 -21.443919203953012 2.8641627187900927 1.0
movable_object.barrier 0 0 0 0 0 0 0 0.341 1.071 2.124 1.112526795976806 -7.052053583486922 -8.51167494402125 3.03148767309803 1.0
movable_object.barrier 0 0 0 0 0 0 0 0.478 1.129 2.072 0.5426876662828615 41.607267217006616 -5.277812918372697 3.0123681545714227 1.0
movable_object.barrier 0 0 0 0 0 0 0 0.337 1.105 1.881 0.8010379700338407 11.846921393482813 -7.508566509611678 3.1252558173568907 1.0
vehicle.car 0 0 0 0 0 0 0 5.152 1.83 2.165 2.069671534498597 -54.57416360205053 32.33591997089461 -3.097249501973863 1.0
human.pedestrian.construction_worker 0 0 0 0 0 0 0 0.604 1.683 0.704 1.3863379516112775 -13.560100454599027 7.998580092605502 -1.4252401124669092 1.0
movable_object.barrier 0 0 0 0 0 0 0 0.393 1.073 2.09 0.6882507467861636 15.80997163416072 -7.6667620599145545 -3.0335229745346535 1.0
movable_object.trafficcone 0 0 0 0 0 0 0 0.254 0.688 0.281 1.5694200410328236 2.551512576066887 8.245562882711907 -3.1413775454418573 1.0
movable_object.barrier 0 0 0 0 0 0 0 0.426 1.059 2.102 0.8480270495210362 -6.183648602980272 -12.435263438493562 1.0843771938932978 1.0
movable_object.barrier 0 0 0 0 0 0 0 0.423 0.999 2.072 0.16407935748291141 -2.799972291052737 -21.759458801668853 1.4388567420525389 1.0
movable_object.barrier 0 0 0 0 0 0 0 0.33 1.122 2.05 0.6197438973757945 33.54577380101714 -5.290628580979858 -3.1268679866102413 1.0
movable_object.trafficcone 0 0 0 0 0 0 0 0.307 0.723 0.346 1.7565635816209784 -11.515490004448763 7.612451758990264 3.0926544584755415 1.0
movable_object.trafficcone 0 0 0 0 0 0 0 0.335 0.726 0.391 1.4033347618652203 24.455762464188922 10.790717203917234 -3.111225998664633 1.0
movable_object.trafficcone 0 0 0 0 0 0 0 0.248 0.669 0.31 1.0037990376299133 10.493500723325353 -6.662271975151105 2.998605420506718 1.0
movable_object.trafficcone 0 0 0 0 0 0 0 0.271 0.674 0.331 0.9826951661974297 10.959751017266475 -6.643689994352987 3.138195856766897 1.0
vehicle.construction 0 0 0 0 0 0 0 11.641 4.038 2.71 0.14437748090669264 -8.672579433223524 9.72776673806054 -1.590876570167329 1.0
human.pedestrian.adult 0 0 0 0 0 0 0 0.603 1.807 0.663 0.4046274624614645 -8.666980313143664 -15.343850453436126 2.8618389796800585 1.0
human.pedestrian.construction_worker 0 0 0 0 0 0 0 0.599 1.723 0.577 0.9138195542238774 12.526766385940006 14.697042513797115 -2.627390868343415 1.0
movable_object.barrier 0 0 0 0 0 0 0 0.394 1.078 2.098 1.0375087362697928 -4.971530779717597 -8.340516673073829 3.03148767309803 1.0
movable_object.barrier 0 0 0 0 0 0 0 0.429 1.106 2.007 0.6030186437369521 31.49026886596926 -5.80463123455717 2.5664722806325013 1.0
movable_object.barrier 0 0 0 0 0 0 0 0.509 1.164 2.036 0.6848562591252979 25.69784774406794 -6.805216638837817 3.069970135584134 1.0
movable_object.barrier 0 0 0 0 0 0 0 0.342 1.066 1.999 0.7765497821848841 13.778087511919175 -7.526194659246727 -3.105583053810193 1.0
movable_object.trafficcone 0 0 0 0 0 0 0 0.274 0.67 0.288 0.97162826369311 16.89153428595662 -6.965681883934911 3.1409178716979476 1.0
human.pedestrian.adult 0 0 0 0 0 0 0 0.801 1.683 0.766 0.7533820140611962 5.310739927468018 4.081522133413571 -1.6685932690218506 1.0
movable_object.barrier 0 0 0 0 0 0 0 0.396 1.125 2.056 0.6555152786537021 -4.442758188794422 -16.081882802215784 1.2000254790167304 1.0
human.pedestrian.adult 0 0 0 0 0 0 0 0.655 1.683 0.663 0.7138232886907423 6.745293766341984 4.369328301900501 -1.6685932690218506 1.0
movable_object.barrier 0 0 0 0 0 0 0 0.4 1.047 2.054 0.6593818716046277 21.74490777264021 -7.08646677282767 3.069970135584134 1.0
vehicle.car 0 0 0 0 0 0 0 4.244 1.465 1.846 1.2925977362233576 -13.898097162949657 -0.5972320852613882 1.805250228480082 1.0
