movable_object.barrier 0 0 0 0 0 0 0 0.444 1.194 1.98 1.0819026785960184 -5.68807767551636 -5.513733921078087 3.1046079266962208 1.0
movable_object.barrier 0 0 0 0 0 0 0 0.437 1.139 1.985 0.9928845361530193 -1.7223256306034909 -5.4951465978251965 3.1394893833756257 1.0
movable_object.barrier 0 0 0 0 0 0 0 0.457 1.243 2.006 0.9942313836685445 0.29726529998076384 -5.485837510677213 3.1394893833756257 1.0
vehicle.car 0 0 0 0 0 0 0 4.505 1.961 1.904 2.632637827380883 -50.83329905343475 14.69759800527093 -1.532919309805986 1.0
human.pedestrian.construction_worker 0 0 0 0 0 0 0 0.652 2.0 0.791 1.157451947206087 -14.7379118645329 -6.230098674062717 1.5640085347448176 1.0
movable_object.barrier 0 0 0 0 0 0 0 0.512 1.035 1.995 1.567090060259266 -23.65280085543825 -5.257797848098807 -3.123398402814832 1.0
movable_object.barrier 0 0 0 0 0 0 0 0.436 1.141 2.012 0.5369393835100997 14.336356780825788 -5.382704494352657 3.1394893833756257 1.0
movable_object.barrier 0 0 0 0 0 0 0 0.555 1.135 2.013 1.699049174930582 -27.571437391509406 -5.20762325070773 3.10543548904624 1.0
movable_object.barrier 0 0 0 0 0 0 0 0.445 1.174 1.977 0.7377250438104723 8.24964329928669 -5.38819195897126 3.087167203482853 1.0
movable_object.barrier 0 0 0 0 0 0 0 0.425 1.277 2.03 1.3613711441840084 -13.704649179423363 -5.422779539727379 -3.1088144662023725 1.0
vehicle.construction 0 0 0 0 0 0 0 7.117 3.684 5.252 -1.1665695288636582 -7.314914628880251 -15.46943556684132 -1.473966020459688 1.0
movable_object.barrier 0 0 0 0 0 0 0 0.336 1.117 2.12 -0.1441775884674361 32.0016491094301 -10.526153202703705 1.3469700055799123 1.0
movable_object.barrier 0 0 0 0 0 0 0 0.441 1.171 2.058 0.644098686417885 10.279255282481131 -5.368410582003804 3.1394893833756257 1.0
movable_object.barrier 0 0 0 0 0 0 0 0.534 1.042 1.99 0.38475538614606875 22.437271052959836 -5.239191475844249 3.106220321779155 1.0
movable_object.barrier 0 0 0 0 0 0 0 0.496 1.236 1.999 1.484206823062274 -19.682942147994403 -5.342769678282284 -3.1265342458615084 1.0
movable_object.barrier 0 0 0 0 0 0 0 0.496 1.202 2.008 0.40598924716142354 20.387376750933615 -5.207894931837378 3.1411017788383333 1.0
movable_object.barrier 0 0 0 0 0 0 0 0.469 1.098 1.998 1.654075737871004 -25.651214184341654 -5.144115577047787 -3.1227408873379403 1.0
movable_object.barrier 0 0 0 0 0 0 0 0.509 1.073 2.019 0.8716992313063809 2.2842415081831784 -5.474461233828253 3.1394893833756257 1.0
movable_object.barrier 0 0 0 0 0 0 0 0.51 1.148 2.121 1.8767278104482985 -33.906245096612636 -4.995907304580239 -3.1106230696623447 1.0
movable_object.barrier 0 0 0 0 0 0 0 0.471 1.16 2.053 1.203379375428251 -7.68770747473191 -5.526775324978161 3.1394893833756257 1.0
movable_object.barrier 0 0 0 0 0 0 0 0.488 1.111 1.977 1.551777624620514 -21.680941428082924 -5.288390789524379 -3.123398402814832 1.0
movable_object.barrier 0 0 0 0 0 0 0 0.387 1.028 2.083 -0.22482611107212574 32.31579091615651 -12.274909258037876 1.5952929952477355 1.0
movable_object.barrier 0 0 0 0 0 0 0 0.358 1.144 2.006 1.0556799207054155 -3.73838741248386 -5.46383156437017 3.1394893833756257 1.0
movable_object.barrier 0 0 0 0 0 0 0 0.391 1.126 2.103 1.7258315816763021 -29.69515963827011 -5.004368432062427 3.1202400503100263 1.0
human.pedestrian.construction_worker 0 0 0 0 0 0 0 0.564 1.876 0.599 0.6272794536238285 -5.154228328418042 -7.4951302968492515 1.5640085347448176 1.0
movable_object.barrier 0 0 0 0 0 0 0 0.466 1.161 1.985 1.3870338135330698 -15.65305441781807 -5.37519325600725 -3.1265342458615084 1.0
movable_object.barrier 0 0 0 0 0 0 0 0.427 1.217 2.08 0.5047131784698338 18.307376092370323 -5.178300240363187 3.106220321779155 1.0
human.pedestrian.construction_worker 0 0 0 0 0 0 0 0.643 1.849 0.872 1.2233168136703514 -15.168736724837729 -4.583399017443717 1.6829158684346641 1.0
human.pedestrian.construction_worker 0 0 0 0 0 0 0 0.552 1.881 0.652 0.5963189756862596 1.7114888619564597 -7.265297943596899 -3.0677319775714835 1.0
movable_object.barrier 0 0 0 0 0 0 0 0.453 1.131 2.014 1.4350956797871697 -17.67564935588648 -5.377378092832329 -3.1265342458615084 1.0
movable_object.barrier 0 0 0 0 0 0 0 0.479 1.064 2.114 0.12127672506783105 30.892895616779906 -4.942472364765106 3.106220321779155 1.0
movable_object.barrier 0 0 0 0 0 0 0 0.551 1.065 2.079 1.9647221177052785 -36.01164541008381 -4.89741607692132 -3.0931823448341245 1.0
movable_object.barrier 0 0 0 0 0 0 0 0.425 1.188 2.06 1.3150457428397861 -11.801441746971836 -5.474135418177645 3.1394893833756257 1.0
movable_object.barrier 0 0 0 0 0 0 0 0.433 1.091 2.017 0.631118680982277 12.315678799595212 -5.361426428238516 3.1394893833756257 1.0
movable_object.barrier 0 0 0 0 0 0 0 0.477 1.096 2.07 0.3329380399070837 26.56767864472743 -4.9411946830815126 3.106220321779155 1.0
movable_object.barrier 0 0 0 0 0 0 0 0.504 1.054 2.13 2.104458917568826 -42.45188654582162 -4.469405866394999 -3.0757416253156276 1.0
human.pedestrian.construction_worker 0 0 0 0 0 0 0 0.68 1.794 0.592 1.4580374847344346 -30.497517558294145 -4.586770431806608 1.5574106736390805 1.0
movable_object.barrier 0 0 0 0 0 0 0 0.492 1.145 1.977 0.795694155280946 4.278208786919694 -5.477239677052203 -3.1088144662023725 1.0
movable_object.barrier 0 0 0 0 0 0 0 0.503 1.029 2.031 2.360634139003685 -46.57316100699782 -4.141178701798195 -3.0757416253156276 1.0
vehicle.car 0 0 0 0 0 0 0 4.541 1.519 1.776 2.037176485835813 -25.401117383967247 13.47970748394998 -1.586109153784185 1.0
movable_object.barrier 0 0 0 0 0 0 0 0.466 1.092 1.996 1.8911742212037972 -31.744712344853404 -5.023772413381092 -3.1106230696623447 1.0
movable_object.barrier 0 0 0 0 0 0 0 0.433 1.072 2.007 0.36440406693468275 24.371581434598973 -5.064125284678456 3.0887795981105715 1.0
movable_object.barrier 0 0 0 0 0 0 0 0.456 1.133 2.025 1.2049456165162442 -9.772002811770086 -5.533881300634622 3.1394893833756257 1.0
movable_object.barrier 0 0 0 0 0 0 0 0.457 1.172 1.997 0.8046880326564287 6.250156278749077 -5.463853130164301 3.1046079266962208 1.0
vehicle.car 0 0 0 0 0 0 0 4.244 1.465 1.846 1.583047526019064 -17.660703287544106 -0.010387048845094934 1.6020083850240745 1.0
