human.pedestrian.adult 0 0 0 0 0 0 0 0.88 1.56 0.435 1.2057304307695518 -2.4184864985535603 16.4507160371156 -1.724237112049809 1.0
human.pedestrian.adult 0 0 0 0 0 0 0 0.307 1.736 0.459 0.29725878586855703 30.72364895114273 12.332429608952571 -1.5981122183196677 1.0
vehicle.car 0 0 0 0 0 0 0 4.608 1.657 1.861 1.2945400577846218 -20.41771397207276 -0.10488157235359868 -1.5670201163902355 1.0
human.pedestrian.adult 0 0 0 0 0 0 0 0.569 1.711 0.576 1.1024730587371512 -15.758918619421449 7.6203035471107725 -1.5956363331712193 1.0
vehicle.motorcycle 0 0 0 0 0 0 0 2.413 1.439 0.923 1.314151891893832 -0.7312989029512245 5.152219729906772 1.620795959104675 1.0
human.pedestrian.adult 0 0 0 0 0 0 0 0.803 1.846 0.639 1.3547026120854442 -25.98082734970115 8.549260038153559 -1.5047282390669592 1.0
human.pedestrian.adult 0 0 0 0 0 0 0 0.72 1.519 0.489 1.1851495217380006 -16.004049144261753 8.749333497225951 -1.5202574867128842 1.0
human.pedestrian.adult 0 0 0 0 0 0 0 0.559 1.611 0.637 1.1784512269705285 -16.618104251898927 8.272098274686948 -1.5607385354404553 1.0
human.pedestrian.adult 0 0 0 0 0 0 0 0.426 1.708 0.548 1.2082180557269877 -1.882461080946551 14.981596040858891 -2.6403824900208495 1.0
human.pedestrian.adult 0 0 0 0 0 0 0 0.313 1.694 0.402 0.23901412086306228 31.00304104688869 11.663872494090189 -1.5981122183196677 1.0
human.pedestrian.adult 0 0 0 0 0 0 0 0.604 1.735 0.751 1.4063792269484479 -25.941451794442695 7.815278367316804 -1.5605640472205629 1.0
human.pedestrian.adult 0 0 0 0 0 0 0 0.887 1.515 0.671 1.801446544568615 -47.3300508716814 8.027505433661918 -1.4761127317877962 1.0
