human.pedestrian.adult 0 0 0 0 0 0 0 0.681 1.78 0.673 1.0404160466361159 -11.432893231124593 -5.344538094666387 -1.5668078019440905 1.0
human.pedestrian.adult 0 0 0 0 0 0 0 0.666 1.747 0.586 0.7281828269410898 26.28339371179886 -18.21160810518447 -2.632847219147397 1.0
human.pedestrian.adult 0 0 0 0 0 0 0 0.799 1.945 0.717 0.9483221858393236 -12.520147558154873 -5.754936375799815 -1.4670106297368175 1.0
human.pedestrian.adult 0 0 0 0 0 0 0 0.58 1.728 0.612 0.9630323041885875 29.270841279076826 -22.953795338497937 -2.563052964741722 1.0
vehicle.car 0 0 0 0 0 0 0 4.607 1.596 1.826 1.1493501387105494 23.98118222706685 -23.428958234806302 -0.47018169384637964 1.0
human.pedestrian.adult 0 0 0 0 0 0 0 0.849 1.697 0.67 0.7744621422522708 5.872002420893485 -4.661309001676608 -0.46513692244244 1.0
human.pedestrian.adult 0 0 0 0 0 0 0 0.657 1.917 0.737 0.29800916015775786 5.357096331987883 -14.725636563688052 -1.158610929614282 1.0
human.pedestrian.adult 0 0 0 0 0 0 0 0.898 1.739 0.661 0.7166254160919902 6.109973914189194 -6.307639309204842 -1.1210606427710559 1.0
human.pedestrian.adult 0 0 0 0 0 0 0 0.696 1.945 0.666 1.1326197949266423 -29.16309104762781 -7.032671636915746 1.9077826685429136 1.0
human.pedestrian.adult 0 0 0 0 0 0 0 0.974 1.878 0.672 1.17134332734451 -9.078598429969766 7.782646981975996 2.4256801744605143 1.0
human.pedestrian.adult 0 0 0 0 0 0 0 0.678 1.632 0.628 0.6579885160909726 0.8680671292107984 36.22908595228605 -2.67940931918554 1.0
human.pedestrian.adult 0 0 0 0 0 0 0 0.925 1.752 0.733 1.455028580048656 -15.24978007631246 7.024211246239915 -1.3328748199959328 1.0
human.pedestrian.adult 0 0 0 0 0 0 0 0.718 1.835 0.653 1.161085337954876 -28.52615201009622 -7.67801602197573 1.9437928226193488 1.0
vehicle.car 0 0 0 0 0 0 0 4.945 1.658 2.042 2.0540044988148565 -47.71333538030268 9.699763315161814 -0.294176341035314 1.0
human.pedestrian.adult 0 0 0 0 0 0 0 0.525 1.758 0.592 0.849608018494746 28.483134429281026 -23.438499217376094 -2.563052964741722 1.0
human.pedestrian.adult 0 0 0 0 0 0 0 0.847 1.849 0.756 0.8464604046867688 -11.011393930455403 -6.624869516014455 -1.5685231767206202 1.0
vehicle.car 0 0 0 0 0 0 0 4.886 1.77 1.796 0.7528003949728435 -2.187667671311215 35.46311367047555 -0.4061521627046183 1.0
human.pedestrian.adult 0 0 0 0 0 0 0 0.637 2.0 0.637 0.6582052807796072 3.3009374007601124 37.54548110376024 -1.4817853431630912 1.0
human.pedestrian.adult 0 0 0 0 0 0 0 0.773 1.917 0.639 0.9049480342406004 -13.035387744825009 -6.535425474386997 -1.460399556120608 1.0
