human.pedestrian.adult 0 0 0 0 0 0 0 0.818 1.895 0.737 1.0444048578606075 -10.119572101435326 -5.8104480117233095 -1.5380131445532603 1.0
human.pedestrian.adult 0 0 0 0 0 0 0 0.737 1.821 0.651 0.9493525540518616 -5.534774358522208 -6.427181922028723 1.8785553354443891 1.0
vehicle.car 0 0 0 0 0 0 0 4.854 2.0 1.997 2.355198570128611 -44.04752395828672 11.084993877823411 -2.513208056825505 1.0
human.pedestrian.adult 0 0 0 0 0 0 0 0.653 1.631 0.58 1.1530326710381305 -4.885957751461627 -5.6273610543673716 1.6517492193594094 1.0
human.pedestrian.adult 0 0 0 0 0 0 0 0.37 1.672 0.501 0.2834875563683751 35.22255638721249 -14.27214051259198 -1.8174994576380685 1.0
human.pedestrian.adult 0 0 0 0 0 0 0 0.634 1.849 0.606 0.2966666745550622 8.655185032490454 18.053779530171518 -3.048967337935369 1.0
human.pedestrian.adult 0 0 0 0 0 0 0 0.805 1.855 0.718 1.2130374949532141 -8.833648450867319 -4.1661182398658205 1.6327331987726899 1.0
human.pedestrian.adult 0 0 0 0 0 0 0 0.597 1.917 0.673 1.077999268597793 -8.060361561344758 -6.187072980555327 -1.3612157441831982 1.0
human.pedestrian.adult 0 0 0 0 0 0 0 0.374 1.662 0.372 2.669503739120371 -42.87984974630472 11.128389677362325 2.187991809922548 1.0
human.pedestrian.adult 0 0 0 0 0 0 0 0.525 1.642 0.539 1.2803174764635488 -9.01793332334917 -5.461975288255851 -1.5380131445532603 1.0
human.pedestrian.adult 0 0 0 0 0 0 0 0.56 1.826 0.79 0.6514611261104688 5.086651694406376 11.92149531365573 2.578545536680891 1.0
human.pedestrian.adult 0 0 0 0 0 0 0 0.481 1.772 0.543 1.2005225142514186 -8.233652838383858 -4.722597925261803 -1.52963066801553 1.0
