human.pedestrian.adult 0 0 0 0 0 0 0 0.812 1.67 0.505 0.3628914413433988 33.957205582528175 14.741365258435454 -0.8864705076692232 1.0
human.pedestrian.adult 0 0 0 0 0 0 0 0.718 1.664 0.509 0.014907620631237073 37.158733942597415 5.555628193823027 2.5089922399980065 1.0
human.pedestrian.adult 0 0 0 0 0 0 0 0.924 1.679 0.608 0.32030656495699406 34.801223400535704 12.97055938223419 -0.7287595163064644 1.0
human.pedestrian.adult 0 0 0 0 0 0 0 0.838 1.862 0.766 1.2147137065134288 15.34687656994753 38.38465136405249 -1.568898042758943 1.0
human.pedestrian.adult 0 0 0 0 0 0 0 0.689 1.776 0.635 1.2521190056624802 8.947276569710674 21.04799027604116 2.5490444920615785 1.0
human.pedestrian.adult 0 0 0 0 0 0 0 0.836 1.738 0.559 0.4359464323482656 21.287765400897893 12.437699819969746 2.207273337243537 1.0
human.pedestrian.adult 0 0 0 0 0 0 0 0.58 1.713 0.585 0.7427591808944886 -20.650374302346748 -5.9547706277017545 -3.1399634817116855 1.0
human.pedestrian.adult 0 0 0 0 0 0 0 0.897 1.821 0.641 0.6725852330835177 9.805808616861816 10.562274404892745 2.8238910719102908 1.0
human.pedestrian.adult 0 0 0 0 0 0 0 0.535 1.713 0.582 -0.4516869028606255 48.25547577505177 -6.016896822546689 -0.07068017060572984 1.0
human.pedestrian.adult 0 0 0 0 0 0 0 0.529 1.733 0.551 0.422928047726727 46.98730386128033 20.11326999064703 -1.5223422477118742 1.0
vehicle.bicycle 0 0 0 0 0 0 0 1.484 1.131 0.601 -0.029094952815458652 20.323705781324765 -6.119122363798529 -2.9168607027415296 1.0
human.pedestrian.adult 0 0 0 0 0 0 0 0.705 1.607 0.632 0.3075554568120714 34.029333614148335 12.615936248595213 -0.7679155664970398 1.0
vehicle.car 0 0 0 0 0 0 0 4.557 1.759 1.867 -0.3880661399597478 48.18179933019442 -0.4892065110331978 1.6380801779286713 1.0
human.pedestrian.adult 0 0 0 0 0 0 0 0.801 1.777 0.578 0.44416034796568626 34.147887576115124 15.498172196919873 -0.8464562837877736 1.0
human.pedestrian.adult 0 0 0 0 0 0 0 0.855 1.812 0.727 1.2171174288021427 9.522932909209391 21.518402508463158 2.512550878960578 1.0
human.pedestrian.adult 0 0 0 0 0 0 0 0.716 1.668 0.676 -0.15861270647664472 41.349882862294045 -1.2627551504167371 2.5622947858705922 1.0
vehicle.construction 0 0 0 0 0 0 0 7.595 2.88 1.983 6.60794607406005 -100.85777653664657 7.090822020142147 -1.5097359408522006 1.0
static_object.bicycle_rack 0 0 0 0 0 0 0 2.057 1.189 5.257 0.01757560294820193 19.356829563777634 -7.883742787336292 -2.5332499711992753 1.0
human.pedestrian.adult 0 0 0 0 0 0 0 0.579 1.557 0.637 -0.19734034112781906 41.506951955272854 -4.74461262457402 2.0861449101105602 1.0
human.pedestrian.adult 0 0 0 0 0 0 0 0.869 1.835 0.5 2.804039580433495 -43.88899742571422 18.801787522505098 -1.5353323197833815 1.0
human.pedestrian.adult 0 0 0 0 0 0 0 0.838 1.737 0.575 0.5089679837548109 27.244464900474444 15.81724637605888 2.3385716189667507 1.0
human.pedestrian.adult 0 0 0 0 0 0 0 0.724 1.766 0.695 -0.7707317308067116 51.21809040185087 -8.171202968579877 1.8326853571197406 1.0
human.pedestrian.adult 0 0 0 0 0 0 0 0.606 1.833 0.505 0.5294658176070896 25.91524330121407 17.673535895198352 2.5939465717666774 1.0
human.pedestrian.adult 0 0 0 0 0 0 0 0.867 1.804 0.697 1.83235477487875 10.417167947842708 44.38247250275056 2.2663768951364824 1.0
human.pedestrian.adult 0 0 0 0 0 0 0 0.692 1.543 0.554 0.07802875416710997 37.872663419213886 5.634478843277388 2.4764800263433884 1.0
human.pedestrian.adult 0 0 0 0 0 0 0 0.835 1.991 0.715 1.695760773132037 10.271471483582083 41.660262441240164 -0.982303919446128 1.0
human.pedestrian.adult 0 0 0 0 0 0 0 1.079 1.972 0.611 0.3784487415680927 20.547040639333577 12.493787636477231 2.2104247266955603 1.0
human.pedestrian.adult 0 0 0 0 0 0 0 0.67 1.722 0.68 -0.9364886866945017 52.30415999090225 -9.785207763898883 1.714304258071956 1.0
human.pedestrian.adult 0 0 0 0 0 0 0 0.52 1.759 0.658 -0.17500243279019678 41.74328826022455 -0.7385638020042407 2.6046051890468416 1.0
