human.pedestrian.adult 0 0 0 0 0 0 0 0.56 1.688 0.563 2.3636681407166176 -44.628560456984395 -1.0064466930240887 2.321234116314555 1.0
human.pedestrian.adult 0 0 0 0 0 0 0 0.63 1.471 0.463 1.4111972420432883 -17.507181960381 -5.169425990494596 2.2772449085106983 1.0
human.pedestrian.adult 0 0 0 0 0 0 0 1.042 1.838 0.795 1.5410160082647666 -26.50395367212826 -4.898614516143625 2.103256529690251 1.0
human.pedestrian.adult 0 0 0 0 0 0 0 0.831 1.681 0.54 2.3906367881325234 -38.91232646442633 7.046721108181831 -1.4973254997182206 1.0
human.pedestrian.adult 0 0 0 0 0 0 0 0.882 1.616 0.455 0.1703716329734648 26.316597905781915 17.902991699248574 2.3030141417527448 1.0
human.pedestrian.adult 0 0 0 0 0 0 0 0.857 1.661 0.552 0.15261217020916507 16.74825812817282 -9.566830788377912 -1.2274550687205128 1.0
human.pedestrian.adult 0 0 0 0 0 0 0 0.51 1.542 0.639 0.8667603389316844 -5.031177043825822 -12.99131673254789 1.7149147748218123 1.0
human.pedestrian.adult 0 0 0 0 0 0 0 0.891 1.776 0.612 1.565318575659099 -26.138512714430263 -4.163221225682848 2.114878833667756 1.0
human.pedestrian.adult 0 0 0 0 0 0 0 0.686 1.707 0.381 0.2849833397739939 2.252117312736193 -10.747086833690798 -1.503225412034677 1.0
human.pedestrian.adult 0 0 0 0 0 0 0 0.523 1.743 0.698 -0.062400311852832624 17.644556439118922 -9.618328073287431 -0.21584194807163293 1.0
human.pedestrian.adult 0 0 0 0 0 0 0 0.809 1.643 0.374 0.44052314693561195 1.9083469342524033 -11.453392217547655 -1.2594006354099427 1.0
human.pedestrian.adult 0 0 0 0 0 0 0 0.589 1.61 0.538 1.082171761275521 -8.608428015731269 -9.418801175811213 -0.1906210855544277 1.0
human.pedestrian.adult 0 0 0 0 0 0 0 0.784 1.763 0.382 0.13828557923515689 7.848886132709017 -10.173575244590271 1.8448436071187206 1.0
vehicle.car 0 0 0 0 0 0 0 4.337 1.843 2.637 1.126293249723125 -9.67998505991343 -4.576845703554137 1.4122629037550878 1.0
human.pedestrian.adult 0 0 0 0 0 0 0 0.712 1.711 0.574 0.24501853536649687 6.8142566293676445 -9.16580549564418 1.5594132302002146 1.0
human.pedestrian.adult 0 0 0 0 0 0 0 0.658 1.717 0.606 1.5114805121924946 -25.102103748658728 -2.3680496688140567 2.32053669825319 1.0
human.pedestrian.adult 0 0 0 0 0 0 0 0.42 1.74 0.626 -0.41653628784294633 27.74201696991453 -4.431676500303656 1.45603567740502 1.0
human.pedestrian.adult 0 0 0 0 0 0 0 0.589 1.87 0.532 2.3323975495275313 -44.26091690860024 -0.5719799262187393 2.1779719750145015 1.0
human.pedestrian.adult 0 0 0 0 0 0 0 0.91 1.701 0.638 1.4611856110845247 -20.860106668174236 -2.0095288296947795 2.3930867222581735 1.0
human.pedestrian.adult 0 0 0 0 0 0 0 0.601 1.628 0.532 2.4338383070226444 -38.96561253349335 8.01005190474603 -1.5670137315441153 1.0
human.pedestrian.adult 0 0 0 0 0 0 0 0.784 1.581 0.505 0.32201073053647666 25.320590767706726 17.330207826401683 2.3030141417527448 1.0
human.pedestrian.adult 0 0 0 0 0 0 0 0.588 1.739 0.539 2.140868073201383 -38.326219380369544 11.018293224493013 -1.2288477144174195 1.0
human.pedestrian.adult 0 0 0 0 0 0 0 0.612 1.876 0.747 1.2000396990289866 -10.543534455648123 -6.134369989830645 -0.6115230264844076 1.0
human.pedestrian.adult 0 0 0 0 0 0 0 0.945 1.807 0.372 0.17640110799338793 24.855574048386288 16.386996668401764 2.4308533193153696 1.0
human.pedestrian.adult 0 0 0 0 0 0 0 0.485 1.643 0.526 1.443828717134716 -17.89144309804434 -5.634339493110975 2.2336576314529983 1.0
human.pedestrian.adult 0 0 0 0 0 0 0 0.814 1.89 0.579 1.4872067461287322 -21.881792497400728 -13.59998749045917 -1.718049894426624 1.0
