human.pedestrian.adult 0 0 0 0 0 0 0 0.492 1.779 0.531 -0.1466082028147604 8.181267014271409 -12.679136764224067 -1.8090604423232266 1.0
human.pedestrian.adult 0 0 0 0 0 0 0 0.667 1.784 0.732 1.4918773501043376 11.456121200842558 27.992146190086192 -0.38629448843212977 1.0
human.pedestrian.adult 0 0 0 0 0 0 0 0.503 1.728 0.617 1.1696998127086546 -10.623441785407925 -4.069773886081822 -0.05435148363779163 1.0
human.pedestrian.adult 0 0 0 0 0 0 0 0.935 1.727 0.644 0.8263443723205227 3.0112273793576927 11.658642334534234 -2.357937610343991 1.0
human.pedestrian.adult 0 0 0 0 0 0 0 0.54 1.615 0.528 0.7268513896979981 -1.289163934935147 -9.72018239205822 0.5433811795836689 1.0
human.pedestrian.adult 0 0 0 0 0 0 0 0.709 2.0 0.648 1.5110191468529865 14.986692785575606 31.66381173540657 -2.7674373067247604 1.0
human.pedestrian.adult 0 0 0 0 0 0 0 0.372 1.573 0.528 1.2546857743743316 -9.940171603618882 -3.9023545174362457 -0.1974700851221698 1.0
vehicle.car 0 0 0 0 0 0 0 4.73 1.762 1.868 3.799656291434785 -45.503117029676034 -3.304810635729362 1.6603811467147604 1.0
human.pedestrian.adult 0 0 0 0 0 0 0 0.548 2.0 0.548 1.7085244174814735 15.348970897058246 33.97401632331977 0.624571469082583 1.0
vehicle.motorcycle 0 0 0 0 0 0 0 1.488 1.548 0.858 0.6980927277759024 46.3930347427731 -1.3023599183467547 1.6615913211885331 1.0
vehicle.car 0 0 0 0 0 0 0 4.405 1.625 1.757 4.518262150058883 -52.41647315448722 -2.1788436240067477 1.7251009256654752 1.0
human.pedestrian.adult 0 0 0 0 0 0 0 0.687 1.372 0.533 1.4223884732084562 -12.740425167764464 -5.926825258467919 -0.08438818844610196 1.0
vehicle.car 0 0 0 0 0 0 0 4.078 1.609 2.028 5.614535416816673 -65.06971023877284 1.6934727645972179 1.6429819303601203 1.0
human.pedestrian.adult 0 0 0 0 0 0 0 0.495 1.744 0.457 0.6237481038907957 -1.1811921163118955 -10.224775097949736 0.5947856176127138 1.0
vehicle.car 0 0 0 0 0 0 0 4.234 1.598 1.811 1.6623534116732706 -17.053889444912375 3.3148585577029777 1.6649744160035684 1.0
human.pedestrian.adult 0 0 0 0 0 0 0 0.66 1.716 0.606 0.9731703004966415 2.6816495566037495 12.567996833925934 -2.2619865048569707 1.0
human.pedestrian.adult 0 0 0 0 0 0 0 0.658 1.706 0.66 1.1941573427977992 4.403519163886316 16.48034610037084 0.4555156806808309 1.0
human.pedestrian.adult 0 0 0 0 0 0 0 0.552 1.611 0.548 1.2706689557800597 -9.600605460095355 -3.1275084862243983 -2.573594041519689 1.0
human.pedestrian.adult 0 0 0 0 0 0 0 0.528 1.53 0.558 0.7298932481067912 -0.5876153027492117 -9.514499957768056 -0.28411400309235724 1.0
human.pedestrian.adult 0 0 0 0 0 0 0 0.526 1.577 0.488 1.9108506475601028 -23.827193999775346 11.105201267162458 -2.235818344611432 1.0
human.pedestrian.adult 0 0 0 0 0 0 0 0.534 1.265 0.402 1.0629895609241031 -7.732614925817802 -24.601011987814424 1.991676880759023 1.0
