human.pedestrian.adult 0 0 0 0 0 0 0 0.812 1.67 0.505 0.6454482586501316 55.52695809823217 12.872917852295704 -0.6800666918257647 1.0
vehicle.car 0 0 0 0 0 0 0 4.4 1.634 1.795 -0.08786035641241186 -2.1921619445176264 -9.930838153364924 -1.563393447500129 1.0
human.pedestrian.adult 0 0 0 0 0 0 0 0.692 1.543 0.554 0.5348361931634944 55.771571660223394 8.092868252526024 2.4103739909563604 1.0
human.pedestrian.adult 0 0 0 0 0 0 0 0.689 1.776 0.635 1.1829782891670229 26.903591256174792 23.29782159723742 2.3228141926594468 1.0
human.pedestrian.adult 0 0 0 0 0 0 0 1.079 1.972 0.611 0.6243435349145936 37.87582640280832 14.782807498698121 2.3260946177481987 1.0
human.pedestrian.adult 0 0 0 0 0 0 0 0.58 1.713 0.585 0.4471678606774727 -0.7097405176993917 -4.334319278186551 -2.8425483661283106 1.0
human.pedestrian.adult 0 0 0 0 0 0 0 0.718 1.664 0.509 0.5101952550521862 55.30824604209342 7.752657735708184 2.399078538211973 1.0
human.pedestrian.adult 0 0 0 0 0 0 0 0.838 1.737 0.575 0.9542983591448737 44.20246536952101 18.711036132426024 2.3233318483186896 1.0
human.pedestrian.adult 0 0 0 0 0 0 0 0.836 1.738 0.559 0.6843725289880211 38.55755299641411 14.966206984633372 2.3677281931877117 1.0
human.pedestrian.adult 0 0 0 0 0 0 0 0.698 1.832 0.756 -0.47869087204507255 2.4841313531898765 -11.525877181685878 -1.4192234196911269 1.0
vehicle.car 0 0 0 0 0 0 0 4.557 1.759 1.867 0.28823318505664974 68.02218399505186 -0.31449384138573383 1.6383605586750507 1.0
human.pedestrian.adult 0 0 0 0 0 0 0 0.897 1.821 0.641 0.70941566344308 28.209123549681816 13.851177914419283 2.6783326662081697 1.0
human.pedestrian.adult 0 0 0 0 0 0 0 0.724 1.766 0.695 0.05631580421591309 68.59887009623866 -7.318142067072221 1.8714384924040788 1.0
human.pedestrian.adult 0 0 0 0 0 0 0 0.606 1.833 0.505 0.5734720852675663 44.53631178054733 20.740336485495817 2.786514258467302 1.0
human.pedestrian.adult 0 0 0 0 0 0 0 0.869 1.835 0.5 1.5230428812333412 -20.119099219956365 18.87891534577883 -1.544924486228898 1.0
movable_object.trafficcone 0 0 0 0 0 0 0 0.349 0.761 0.354 -0.06153735997839336 4.073370949422174 -12.111354297496058 -1.5356955758058461 1.0
human.pedestrian.adult 0 0 0 0 0 0 0 0.579 1.557 0.637 0.36445179822795803 59.04709377645341 -2.953850446891021 2.220382942200187 1.0
human.pedestrian.adult 0 0 0 0 0 0 0 0.705 1.607 0.632 0.5935041354129997 55.695420849180856 10.486295110930056 -0.5690117610127583 1.0
vehicle.construction 0 0 0 0 0 0 0 7.595 2.88 1.983 4.210759627879866 -81.12410226759536 7.338910196414895 -1.5084103223217324 1.0
human.pedestrian.adult 0 0 0 0 0 0 0 0.801 1.777 0.578 0.7293153253875053 56.037511447295344 13.268108430216477 -0.6513601383794398 1.0
human.pedestrian.adult 0 0 0 0 0 0 0 0.67 1.722 0.68 -0.062019301748334366 69.59769880828696 -8.911317514624805 2.028680725436077 1.0
vehicle.car 0 0 0 0 0 0 0 4.674 1.699 1.961 3.2526681932808743 -59.008722029872544 19.12006878731288 -2.8807371503819272 1.0
vehicle.bicycle 0 0 0 0 0 0 0 1.484 1.131 0.601 0.0846726297247341 40.15707822558704 -5.9742034237627175 -2.916032042471344 1.0
movable_object.pushable_pullable 0 0 0 0 0 0 0 0.514 1.051 1.034 1.6032297196809564 -13.129482641256136 21.894556099200667 -0.45883847769108144 1.0
human.pedestrian.adult 0 0 0 0 0 0 0 0.835 1.991 0.715 1.3803689028559158 32.16972991823992 40.42205753749267 -0.985538441759239 1.0
human.pedestrian.adult 0 0 0 0 0 0 0 0.716 1.668 0.676 0.3387027308536714 59.01765932446966 1.9862884781358232 2.5030820328318573 1.0
human.pedestrian.adult 0 0 0 0 0 0 0 0.924 1.679 0.608 0.6013644113741594 56.33325943435647 10.865628941906042 -0.5965960445863523 1.0
human.pedestrian.adult 0 0 0 0 0 0 0 0.52 1.759 0.658 0.32122392573630365 59.45753250231679 2.690270778184711 2.5432853883947146 1.0
