human.pedestrian.adult 0 0 0 0 0 0 0 0.848 1.719 0.763 -0.6007272175482118 31.51329276680399 -7.499989018935057 -1.4524114760154694 1.0
human.pedestrian.adult 0 0 0 0 0 0 0 0.799 2.0 0.796 1.6666111623492021 -54.726978858537116 7.521831165663774 -1.5614802824505922 1.0
human.pedestrian.adult 0 0 0 0 0 0 0 0.808 2.0 0.795 -1.505492626065825 68.70825844550644 10.91531466348356 -0.6795986758716897 1.0
human.pedestrian.adult 0 0 0 0 0 0 0 0.814 2.0 0.801 -1.300146638744958 68.21317069161876 9.962476722676517 -0.7156852511098464 1.0
human.pedestrian.adult 0 0 0 0 0 0 0 0.929 1.862 0.666 0.17510819700558614 4.179148532891359 -7.558087290653609 -2.7602133461212706 1.0
human.pedestrian.adult 0 0 0 0 0 0 0 0.806 2.0 0.763 0.7340104411700246 -16.979344403852842 -11.104597959919765 2.337771225214545 1.0
human.pedestrian.adult 0 0 0 0 0 0 0 0.568 1.798 0.62 -0.540393286844214 9.400246429144236 -21.21307774778512 2.706825461555093 1.0
human.pedestrian.adult 0 0 0 0 0 0 0 0.675 1.8 0.655 -0.561994798268318 10.157314608524187 -19.863038064488862 2.5847380419256716 1.0
human.pedestrian.adult 0 0 0 0 0 0 0 0.857 1.685 0.47 0.29856377919162175 5.24340922847876 -6.690112123350385 -2.59763686302833 1.0
human.pedestrian.adult 0 0 0 0 0 0 0 0.595 2.0 0.598 0.9876013869009244 -39.37267173291203 -6.378555031015406 -1.1780637498608684 1.0
human.pedestrian.adult 0 0 0 0 0 0 0 0.626 1.932 0.67 0.8599396538249644 -36.13902101761497 -8.53620178926051 -1.5578025433641827 1.0
human.pedestrian.adult 0 0 0 0 0 0 0 0.602 1.64 0.731 -0.12069000881578806 21.657232938049887 -7.589375428704759 -1.5736582424143286 1.0
human.pedestrian.adult 0 0 0 0 0 0 0 0.81 2.0 0.812 0.6090386791967441 36.31923785299518 34.6856558772093 -1.1388801832196211 1.0
human.pedestrian.adult 0 0 0 0 0 0 0 0.661 1.008 0.594 1.6357760167413649 -8.6657469190431 31.23968946716157 -1.3232912031417303 1.0
human.pedestrian.adult 0 0 0 0 0 0 0 0.803 1.862 0.796 -1.2896490309573827 66.88393910468444 9.58408910590396 -0.6969507373185877 1.0
human.pedestrian.adult 0 0 0 0 0 0 0 0.6 2.0 0.601 1.0739644020184538 -40.492690165480745 -6.283270508000162 -1.2128977026599355 1.0
vehicle.bicycle 0 0 0 0 0 0 0 1.863 1.447 0.475 1.1275849758455436 32.35705505806273 26.532170288960994 2.499994567504416 1.0
human.pedestrian.adult 0 0 0 0 0 0 0 0.666 1.821 0.782 1.6192501050944292 17.03166551402626 42.75663668154895 -1.7650533516894829 1.0
human.pedestrian.adult 0 0 0 0 0 0 0 0.777 1.876 0.735 1.3123815604232933 -11.230981258699419 37.60610194266688 -1.3630527297254957 1.0
human.pedestrian.adult 0 0 0 0 0 0 0 0.679 1.661 0.603 -0.6037400118114202 31.073120615917173 -8.797951422340544 -1.369638315061561 1.0
human.pedestrian.adult 0 0 0 0 0 0 0 0.602 1.776 0.604 0.6091951125395711 -16.170813125802006 -10.845360026444736 2.4121815900408015 1.0
vehicle.car 0 0 0 0 0 0 0 3.921 1.738 1.895 1.4793270172815212 -38.84284642288575 -0.5906769185045241 -1.5595446510281814 1.0
human.pedestrian.adult 0 0 0 0 0 0 0 1.051 1.515 0.483 3.2372058771085985 -2.2153164035089525 41.336804231617386 -1.1974483456830711 1.0
human.pedestrian.adult 0 0 0 0 0 0 0 0.726 1.983 0.795 1.2424009306114485 -11.246413410270453 36.83950781266778 -0.9264688439182436 1.0
human.pedestrian.adult 0 0 0 0 0 0 0 0.872 1.53 0.725 0.624799206150618 -18.73939258195201 -10.022434701942975 -1.5661025892690192 1.0
vehicle.car 0 0 0 0 0 0 0 4.481 1.637 1.783 1.3688330088033573 -12.76075354843914 3.529020201773677 1.575250176305997 1.0
human.pedestrian.adult 0 0 0 0 0 0 0 0.775 1.655 0.667 0.5930078531821013 8.757516570263071 -2.7405418584089882 3.1415054236639435 1.0
human.pedestrian.adult 0 0 0 0 0 0 0 0.906 1.633 0.609 0.3588814452092263 5.917216294642307 -6.714500988722064 -2.5701432747117607 1.0
human.pedestrian.adult 0 0 0 0 0 0 0 0.805 2.0 0.802 -1.88446262646779 77.42961134239053 10.355412540960787 2.773730380833803 1.0
human.pedestrian.adult 0 0 0 0 0 0 0 0.669 1.943 0.923 -0.8413469350650635 31.732714481738086 -8.269221924209878 -1.4524114760154694 1.0
human.pedestrian.adult 0 0 0 0 0 0 0 0.592 1.862 0.875 -0.5799309994501893 10.04129426684395 -20.9731018342803 2.654501959706839 1.0
human.pedestrian.adult 0 0 0 0 0 0 0 0.601 1.8 0.608 -0.5797258036415346 11.25316967922046 -20.65416149068603 2.6820647094242664 1.0
human.pedestrian.adult 0 0 0 0 0 0 0 0.772 1.65 0.682 -0.15056007972351837 21.601884277299337 -8.172920889330586 -1.5619160755794619 1.0
human.pedestrian.adult 0 0 0 0 0 0 0 0.597 1.746 0.602 -3.1765033815081867 43.07907376141556 -34.96444201071805 -2.0028583903545725 1.0
human.pedestrian.adult 0 0 0 0 0 0 0 0.81 2.0 0.798 2.1318816970637626 -56.055478675757186 14.940932699216974 2.222060202439259 1.0
human.pedestrian.adult 0 0 0 0 0 0 0 0.796 1.876 0.796 1.2913966973896744 23.833565623597227 42.33263191450984 -1.5508480066605532 1.0
human.pedestrian.adult 0 0 0 0 0 0 0 0.817 1.862 0.636 0.763624855774232 -36.06602544083883 -9.311045067251401 1.5926633455953896 1.0
vehicle.car 0 0 0 0 0 0 0 4.931 1.775 1.838 1.635293115077916 -35.12856295779034 2.6562537732805462 -1.568173464481161 1.0
human.pedestrian.adult 0 0 0 0 0 0 0 0.604 1.737 0.495 -0.5472618312872181 10.448023039703482 -20.82220309081402 2.619619886053015 1.0
