vehicle.motorcycle 0 0 0 0 0 0 0 2.283 1.365 0.869 2.6812815799333354 -34.93333600434245 -7.014166331752241 -1.4988778371829383 1.0
vehicle.car 0 0 0 0 0 0 0 4.701 1.818 1.92 1.7236642505415953 -18.644197498738816 -3.6149001174485176 -1.378672826914407 1.0
human.pedestrian.adult 0 0 0 0 0 0 0 0.65 1.645 0.617 2.664910790870487 -58.82918382217724 -23.032217494866515 -1.0865395171129713 1.0
vehicle.car 0 0 0 0 0 0 0 4.64 1.602 2.157 0.4356849309369762 12.438407744401173 13.591594777543962 -1.1531260606640235 1.0
human.pedestrian.adult 0 0 0 0 0 0 0 0.853 1.332 0.583 4.036041650936184 -63.284809486770605 -15.19041795001763 2.4576441148592867 1.0
human.pedestrian.adult 0 0 0 0 0 0 0 0.588 1.659 0.684 4.245011108231608 -76.2335360281901 12.235255710285642 2.6765915029584795 1.0
vehicle.car 0 0 0 0 0 0 0 4.441 1.444 1.885 1.4071968510835062 -7.946276297556634 -0.6913994148011042 -1.4258769373808988 1.0
human.pedestrian.adult 0 0 0 0 0 0 0 0.895 1.77 1.044 -0.1604093880687345 -4.884436058261982 -30.534745373791765 -0.39473964078603885 1.0
vehicle.motorcycle 0 0 0 0 0 0 0 2.153 1.397 1.033 2.776471900066435 -42.83261168945829 -8.643224787882579 -1.690451366533046 1.0
vehicle.car 0 0 0 0 0 0 0 4.807 1.758 1.917 1.9971901839093318 -25.936373371723686 -0.9248563257543598 -1.4478511821939462 1.0
human.pedestrian.adult 0 0 0 0 0 0 0 0.951 1.258 0.624 3.808601746386011 -64.67758451409716 -15.949264978788122 2.8350084421842983 1.0
