vehicle.car 0 0 0 0 0 0 0 4.701 1.818 1.92 1.603101275920506 -20.462521079098362 -0.8744281107654405 -1.6019578916120176 1.0
vehicle.car 0 0 0 0 0 0 0 4.807 1.758 1.917 1.7684789192302284 -27.53204371087803 3.3432386605491082 -1.6406677485586885 1.0
vehicle.motorcycle 0 0 0 0 0 0 0 2.153 1.397 1.033 2.2565034506071995 -37.60408606523449 -1.977932720718662 -1.5242878397790518 1.0
vehicle.car 0 0 0 0 0 0 0 4.64 1.602 2.157 -0.1458935870345286 28.153477135030716 2.8205570871949517 -0.41382176492618683 1.0
vehicle.car 0 0 0 0 0 0 0 4.972 2.182 2.24 -4.807232067263948 44.410045858386816 -79.46649192366418 -1.3210573611056553 1.0
vehicle.car 0 0 0 0 0 0 0 4.441 1.444 1.885 1.350689868769145 -9.188170912814998 0.2756883222819472 -1.6239730242577748 1.0
human.pedestrian.adult 0 0 0 0 0 0 0 0.65 1.645 0.617 2.120160370633101 -55.108632803280805 -14.141192648061198 -0.6603956552863579 1.0
human.pedestrian.adult 0 0 0 0 0 0 0 0.895 1.77 1.044 -0.35997821747536957 -3.762096676612929 -29.79450901797383 -0.23061477821720544 1.0
human.pedestrian.adult 0 0 0 0 0 0 0 0.951 1.258 0.624 2.9397199201634345 -60.42603976878452 -5.576901240829285 3.000868144424512 1.0
human.pedestrian.adult 0 0 0 0 0 0 0 0.588 1.659 0.684 2.9311096822679983 -67.65569182367233 25.968892282698818 2.7412416801882973 1.0
human.pedestrian.adult 0 0 0 0 0 0 0 0.853 1.332 0.583 3.1703469978468823 -58.86397993304652 -5.0467076718251445 2.623423576625214 1.0
vehicle.motorcycle 0 0 0 0 0 0 0 2.283 1.365 0.869 2.150101277254109 -29.541443667013127 -1.6691429282907466 -1.6643227541243952 1.0
