vehicle.car 0 0 0 0 0 0 0 4.64 1.602 2.157 0.9177011853998578 5.861063357266328 15.318828464572563 -1.4234276607879117 1.0
vehicle.motorcycle 0 0 0 0 0 0 0 2.283 1.365 0.869 2.5019575782853236 -35.76206296741177 -9.735054361079285 -1.420071551429828 1.0
human.pedestrian.adult 0 0 0 0 0 0 0 0.895 1.77 1.044 -0.42321267883256536 -3.9427169505994906 -30.788629616347595 -0.472271501639387 1.0
vehicle.car 0 0 0 0 0 0 0 4.441 1.444 1.885 1.339219004395027 -7.461590841117586 -0.8308359541870821 -1.3503444901824224 1.0
vehicle.car 0 0 0 0 0 0 0 4.807 1.758 1.917 1.866514338088276 -24.824000311159296 -2.4417043614987515 -1.3690495373431766 1.0
human.pedestrian.adult 0 0 0 0 0 0 0 0.853 1.332 0.583 3.668647241690733 -63.39029009765794 -20.122379323206285 2.3788108684632565 1.0
human.pedestrian.adult 0 0 0 0 0 0 0 0.588 1.659 0.684 4.254681157200098 -78.11202076110696 5.637681925221216 2.587294744329977 1.0
vehicle.car 0 0 0 0 0 0 0 4.701 1.818 1.92 1.5748816387019944 -17.702100107240383 -4.439856471341893 -1.2998785986110253 1.0
human.pedestrian.adult 0 0 0 0 0 0 0 0.951 1.258 0.624 3.425276939817943 -64.7185883559645 -20.98481461535647 2.7561778735023026 1.0
vehicle.motorcycle 0 0 0 0 0 0 0 2.153 1.397 1.033 2.5845172272614305 -43.52360571167781 -11.981698109716381 -1.769201987113851 1.0
human.pedestrian.adult 0 0 0 0 0 0 0 0.65 1.645 0.617 2.1522132039666197 -58.60925196982325 -27.471440367273324 -1.251919335606825 1.0
