vehicle.car 0 0 0 0 0 0 0 4.781 1.526 1.95 1.4781227505930685 -18.23910653338774 3.19307016466858 1.7735856886290673 1.0
movable_object.barrier 0 0 0 0 0 0 0 2.238 1.052 0.52 0.9745904152755971 20.448600929372752 4.175332585386322 -0.7607985496451413 1.0
vehicle.car 0 0 0 0 0 0 0 4.306 1.477 1.875 0.38689114622937804 22.98419874143569 -2.699999137856072 1.6815451458151784 1.0
human.pedestrian.construction_worker 0 0 0 0 0 0 0 0.694 1.008 0.67 0.8206330246354745 8.944347854465441 -8.537131743387661 -0.751485629619836 1.0
movable_object.barrier 0 0 0 0 0 0 0 2.141 1.064 0.546 0.873598251804253 18.625417299476368 2.461497402355304 -0.7165167044220517 1.0
movable_object.barrier 0 0 0 0 0 0 0 2.569 1.033 0.542 0.8829288077513989 11.699154823544454 -4.823320924495523 -0.2178257033511759 1.0
human.pedestrian.construction_worker 0 0 0 0 0 0 0 0.641 0.899 0.658 0.9253657597571072 -13.244051945401909 -13.9243959262025 1.473869735277229 1.0
human.pedestrian.construction_worker 0 0 0 0 0 0 0 0.527 1.147 0.646 0.8289682379722904 8.212387727703373 -8.413916902361809 -0.04067752646307099 1.0
movable_object.pushable_pullable 0 0 0 0 0 0 0 1.331 1.176 0.814 0.9061684862134941 3.880986064819418 -5.559884008991812 -0.3701335051729835 1.0
human.pedestrian.construction_worker 0 0 0 0 0 0 0 1.022 1.692 0.759 0.7328328554812036 8.326954893983844 -1.8998728164929213 -1.6555799396738333 1.0
human.pedestrian.construction_worker 0 0 0 0 0 0 0 0.665 1.667 0.597 0.577792107056724 7.272498838461622 -6.43890793348639 -1.2814203834451146 1.0
movable_object.barrier 0 0 0 0 0 0 0 2.321 1.055 0.56 0.9029351484400557 13.179356556741737 -3.4163484388471157 -1.3238217855039363 1.0
vehicle.truck 0 0 0 0 0 0 0 4.972 1.949 1.962 0.47098906814965436 7.396205976224324 -3.867757285440548 1.7428491570361722 1.0
vehicle.truck 0 0 0 0 0 0 0 4.865 1.906 2.13 0.2416508345222027 22.76811886003328 4.174958006498127 -0.7502286581403261 1.0
human.pedestrian.construction_worker 0 0 0 0 0 0 0 0.833 1.734 0.686 0.5811470525188724 5.5943255210942855 -6.161456926609659 1.8806408652468685 1.0
human.pedestrian.construction_worker 0 0 0 0 0 0 0 1.024 0.834 0.625 1.9963759121330629 24.703258326754575 20.521924855009836 2.3100461258291567 1.0
