human.pedestrian.adult 0 0 0 0 0 0 0 0.823 1.849 0.706 0.6810698229483861 25.581905137566746 13.368970004599953 -1.6207686758915312 1.0
vehicle.car 0 0 0 0 0 0 0 4.382 1.588 1.784 -0.253297044483336 59.04662085527068 7.02894591235074 1.6055172147040064 1.0
human.pedestrian.adult 0 0 0 0 0 0 0 0.748 2.0 0.776 -3.767383266351873 25.904337078103723 -31.285429328007968 1.2531137354548072 1.0
human.pedestrian.adult 0 0 0 0 0 0 0 0.746 1.469 0.859 1.3343620688030562 2.0001186807536007 11.234849167634662 -3.115095503927442 1.0
human.pedestrian.adult 0 0 0 0 0 0 0 0.635 2.0 0.652 0.6682925387848552 22.926733797453746 14.05294872916107 -1.6695002033499478 1.0
movable_object.trafficcone 0 0 0 0 0 0 0 0.242 0.872 0.242 -0.4206843831389516 32.07218324970627 -22.215016923461544 -2.1933660925314005 1.0
vehicle.truck 0 0 0 0 0 0 0 10.709 3.755 3.07 1.6512888131673904 -74.51004252780918 9.976215273901245 1.3763538268019007 1.0
vehicle.car 0 0 0 0 0 0 0 4.526 1.678 2.013 1.0164588572849411 -16.978177141769716 -7.184877410708008 -0.1747218267680566 1.0
vehicle.bus.rigid 0 0 0 0 0 0 0 12.206 3.181 2.89 -0.26830903495596525 29.992462583199586 6.929710124541038 1.5880697390006766 1.0
vehicle.car 0 0 0 0 0 0 0 4.412 1.498 1.855 1.473897095416929 -13.894283471362726 2.924309702404444 2.046294715768151 1.0
vehicle.motorcycle 0 0 0 0 0 0 0 2.349 2.02 0.993 0.6076437685773836 -24.397430943285823 -22.01566269847794 2.8925496486654847 1.0
vehicle.car 0 0 0 0 0 0 0 5.137 2.14 2.004 1.4793594821876335 -75.77345773515289 -15.991458867596341 -0.22458028486843418 1.0
vehicle.truck 0 0 0 0 0 0 0 4.999 2.623 2.25 -1.320950225735456 -33.90453241447404 -81.0905916347165 1.276566081039439 1.0
human.pedestrian.adult 0 0 0 0 0 0 0 0.884 1.821 0.662 1.0450010054336794 -9.51744694619298 -3.5437353790662103 -0.4550305105052921 1.0
vehicle.car 0 0 0 0 0 0 0 4.333 1.817 1.922 -1.3300506227378808 36.254844628896606 -27.621567564055464 -2.209663961670782 1.0
vehicle.truck 0 0 0 0 0 0 0 5.08 2.278 1.925 -0.19869118659084273 -32.67727370988433 -48.06618495236917 2.844404402495134 1.0
vehicle.car 0 0 0 0 0 0 0 4.689 1.741 2.064 1.6640949128393308 -82.55595059957753 -14.176237568501024 -0.20307734119516851 1.0
human.pedestrian.adult 0 0 0 0 0 0 0 0.529 1.739 0.674 0.790501576030691 -0.16315860640345364 -3.58527688254694 -0.03952005526558544 1.0
human.pedestrian.adult 0 0 0 0 0 0 0 0.425 1.725 0.701 0.8123801595761937 -0.8989569976884838 -3.75136136395421 -0.03952005526558544 1.0
vehicle.bicycle 0 0 0 0 0 0 0 1.6 1.166 0.589 1.5185872584231825 -48.26974097092425 -6.085857304104065 -0.7619672365309231 1.0
vehicle.car 0 0 0 0 0 0 0 4.393 2.0 1.786 1.209705285090748 4.654463648874425 22.2259599157113 -0.204036154692659 1.0
