human.pedestrian.adult 0 0 0 0 0 0 0 0.529 1.739 0.674 0.9339919822898722 -6.446370195896867 -3.661684885139784 -0.044981535467556455 1.0
vehicle.car 0 0 0 0 0 0 0 4.333 1.817 1.922 -1.3939211295256415 29.922210630134124 -27.646177755415138 -2.2101391180487555 1.0
vehicle.car 0 0 0 0 0 0 0 5.137 2.14 2.004 1.633606966493185 -82.07356124751068 -15.980030655435971 -0.22603465687449287 1.0
vehicle.car 0 0 0 0 0 0 0 4.393 2.0 1.786 1.5277459177553174 -1.6144615353300642 22.245984268222095 -0.20478136664546476 1.0
human.pedestrian.adult 0 0 0 0 0 0 0 0.425 1.725 0.701 0.9470081049523005 -7.181515682785246 -3.724904294013916 -0.044981535467556455 1.0
vehicle.truck 0 0 0 0 0 0 0 10.709 3.755 3.07 2.1442937156183297 -85.28429614166083 11.173615020306276 1.3760820463340817 1.0
movable_object.trafficcone 0 0 0 0 0 0 0 0.333 0.854 0.318 1.0615477966457878 -25.27222046368496 -22.696612261125363 -1.8595273098663343 1.0
human.pedestrian.adult 0 0 0 0 0 0 0 0.823 1.849 0.706 0.8930294055642171 19.980197975277825 13.354031019915858 -1.5907670965296044 1.0
vehicle.car 0 0 0 0 0 0 0 4.382 1.588 1.784 -0.022030300796224367 49.48559557000281 6.886738502100178 1.6052157923930954 1.0
human.pedestrian.adult 0 0 0 0 0 0 0 0.748 2.0 0.776 -3.705032463310203 19.606602634808223 -31.244835990038343 1.2528615455171428 1.0
human.pedestrian.adult 0 0 0 0 0 0 0 0.746 1.469 0.859 1.5933726768304846 -4.243161377764844 11.224163898297897 -3.1155127868762085 1.0
vehicle.car 0 0 0 0 0 0 0 4.526 1.678 2.013 1.1094675098704307 -23.27837231766157 -7.163909879643776 -0.17647000419595216 1.0
movable_object.trafficcone 0 0 0 0 0 0 0 0.242 0.872 0.242 -0.4093670661757868 25.743105825287753 -22.24783381245906 -2.1938424601325766 1.0
human.pedestrian.adult 0 0 0 0 0 0 0 0.635 2.0 0.652 0.8902356664004304 17.189309641898834 13.987168845061497 -1.7572542428784654 1.0
vehicle.car 0 0 0 0 0 0 0 4.412 1.498 1.855 1.6499459608096751 -21.947903710604642 1.5300964655175495 2.261144417355948 1.0
human.pedestrian.adult 0 0 0 0 0 0 0 0.884 1.821 0.662 1.216867539618797 -15.518541852438121 -2.885704954140428 -0.4212186570066567 1.0
vehicle.truck 0 0 0 0 0 0 0 5.08 2.278 1.925 -0.41471035344245744 -39.90826872123983 -50.98444928124453 2.8440063891137584 1.0
vehicle.car 0 0 0 0 0 0 0 4.631 1.592 1.914 -2.033226983541159 41.02495111719148 -36.15566644170409 -0.04575560878618745 1.0
vehicle.bus.rigid 0 0 0 0 0 0 0 12.206 3.181 2.89 -0.015208128279956767 20.902152293313204 6.782326308231614 1.5877703305270554 1.0
