vehicle.truck 0 0 0 0 0 0 0 4.914 2.082 2.084 -0.3271494873230747 30.61656567174546 -32.99809127619464 -1.4896849999205655 1.0
movable_object.trafficcone 0 0 0 0 0 0 0 0.308 0.75 0.318 0.684040551882506 24.6747874638402 -24.59211343702126 -1.7304985444962524 1.0
movable_object.pushable_pullable 0 0 0 0 0 0 0 0.526 1.124 0.622 0.8678134910328531 12.606373022732543 10.725855083046582 -0.15101093690610412 1.0
vehicle.car 0 0 0 0 0 0 0 4.684 1.593 1.775 1.954012694102846 -35.100128920779774 -9.12241095217449 -1.4728663412510867 1.0
vehicle.car 0 0 0 0 0 0 0 4.761 1.578 1.949 -0.6323949950609863 48.28229450202094 -13.375393600411705 -0.40804515751247195 1.0
vehicle.car 0 0 0 0 0 0 0 5.25 2.0 2.1 -0.5532088349164619 38.438637587181454 -22.15880319435493 -0.07946804891054171 1.0
vehicle.car 0 0 0 0 0 0 0 4.488 1.731 2.168 3.2594766594992044 -78.11277430565447 -12.002531579869787 -0.08720762406810678 1.0
vehicle.car 0 0 0 0 0 0 0 4.554 1.605 1.915 -0.30155600137436056 39.11239022254084 -15.853277186342854 -0.13109343833295384 1.0
vehicle.car 0 0 0 0 0 0 0 4.464 1.704 1.791 -0.4662793519400008 43.02380884095996 -39.45553944251786 -1.4638115312043487 1.0
vehicle.car 0 0 0 0 0 0 0 4.398 1.523 1.781 -0.6543167306692529 50.14080273855326 -11.847994643933863 -0.3939690373286542 1.0
vehicle.truck 0 0 0 0 0 0 0 9.367 3.906 3.109 -0.8900475455629508 25.856333685013183 -32.68151868022129 -0.1311101822045746 1.0
human.pedestrian.adult 0 0 0 0 0 0 0 0.804 1.725 0.745 2.044567347238999 -39.769894084945214 17.919470253953605 -1.7206840986779168 1.0
vehicle.car 0 0 0 0 0 0 0 4.594 1.615 1.815 0.125131346669066 27.081614396198272 9.333358256354021 1.805366427306037 1.0
vehicle.car 0 0 0 0 0 0 0 4.2 1.644 1.855 -0.5762984904933486 45.5688822461128 -13.35660233482058 -0.40804515751247195 1.0
vehicle.car 0 0 0 0 0 0 0 4.737 2.0 1.983 -0.7106225244725981 43.29065485574393 -14.63506939019146 -0.40804515751247195 1.0
vehicle.car 0 0 0 0 0 0 0 4.689 1.741 2.064 -0.9069199224330188 52.798803210079825 -10.973853853857324 -0.3916234391360529 1.0
vehicle.truck 0 0 0 0 0 0 0 4.889 2.761 1.972 2.345400538196657 -49.56002076879478 -26.46468350507838 -0.15969223997117332 1.0
vehicle.car 0 0 0 0 0 0 0 5.137 2.14 2.004 -1.4252120730204623 59.57675783725707 -9.247757588127543 -0.3698938871514983 1.0
static_object.bicycle_rack 0 0 0 0 0 0 0 1.601 1.037 1.102 0.5193960708635481 18.674007386904933 -21.110082181686778 3.0290106057230055 1.0
vehicle.truck 0 0 0 0 0 0 0 5.159 2.298 1.93 -0.658540591667405 38.67364605552621 -30.898735988194137 -2.0226767971442987 1.0
movable_object.trafficcone 0 0 0 0 0 0 0 0.295 0.752 0.304 0.5754685892808274 24.993434117365442 -21.5364255538869 -1.7304985444962524 1.0
vehicle.car 0 0 0 0 0 0 0 3.789 1.855 1.596 2.046609565784321 -45.20984620044689 -8.131851340360841 -1.4205268935832862 1.0
