movable_object.barrier 0 0 0 0 0 0 0 2.001 0.944 0.41 1.298223775844297 -8.245221976266716 -2.1785533124413106 1.5641983780239164 1.0
movable_object.trafficcone 0 0 0 0 0 0 0 0.418 0.827 0.469 1.4835488760510724 -5.082789989072172 9.45540678434439 -0.04780956921148061 1.0
movable_object.trafficcone 0 0 0 0 0 0 0 0.33 0.802 0.406 1.7948879662508652 -21.289304410396344 9.612703581274443 -0.057941616213330605 1.0
movable_object.barrier 0 0 0 0 0 0 0 2.114 1.096 0.453 1.1883721230647377 -4.202074920408776 -2.1441077163719413 1.5990910285510722 1.0
movable_object.trafficcone 0 0 0 0 0 0 0 0.418 0.693 0.361 0.6660034788348257 7.96127773539216 -7.958161222330102 2.7731014849767366 1.0
movable_object.trafficcone 0 0 0 0 0 0 0 0.433 0.717 0.432 1.6895366832849676 -11.654063779384574 2.0382722435647387 -0.0695844635746461 1.0
movable_object.trafficcone 0 0 0 0 0 0 0 0.386 0.812 0.449 1.5859391899003707 -14.296602099777818 9.462521012606581 -0.06402642327451957 1.0
movable_object.trafficcone 0 0 0 0 0 0 0 0.362 0.748 0.329 2.2429997216824313 -36.800356881217446 1.912443384236811 -0.09725839330004504 1.0
movable_object.trafficcone 0 0 0 0 0 0 0 0.396 0.679 0.386 0.7736482103628681 4.2689261452266125 -7.392474607342567 -3.1022863525432296 1.0
vehicle.truck 0 0 0 0 0 0 0 7.833 3.629 2.932 -1.0639928903961775 60.25881290407378 4.145438111874032 1.5685869744647123 1.0
vehicle.construction 0 0 0 0 0 0 0 3.896 4.642 2.837 -1.2526049423515546 53.72257607638276 5.341914449371917 1.6034796852433075 1.0
human.pedestrian.adult 0 0 0 0 0 0 0 0.746 1.772 0.6 -0.537454178698112 30.828719570032952 -7.023003692367099 -2.3529757705159895 1.0
movable_object.trafficcone 0 0 0 0 0 0 0 0.422 0.836 0.457 1.5501646177226678 -9.561635203416904 9.504170386575858 -0.08271942698237211 1.0
movable_object.barrier 0 0 0 0 0 0 0 2.04 0.956 0.332 1.0160391145096017 -10.157572541895508 -6.396273683808549 -1.56518096222531 1.0
movable_object.barrier 0 0 0 0 0 0 0 1.893 1.135 0.541 0.2234395593454659 41.95119021963458 3.448493830344437 -0.38385742512877385 1.0
movable_object.barrier 0 0 0 0 0 0 0 2.132 1.255 0.417 1.3526665570864227 -11.840629996457453 -3.395603497075696 2.950290742093097 1.0
movable_object.trafficcone 0 0 0 0 0 0 0 0.35 0.74 0.35 0.6906612450910884 6.894011098699389 -7.314518525823905 -3.1022863525432296 1.0
movable_object.trafficcone 0 0 0 0 0 0 0 0.503 1.134 0.555 1.6837176034339796 -1.5638582731547839 8.539541041296559 -0.04780956921148061 1.0
vehicle.truck 0 0 0 0 0 0 0 5.136 2.742 2.09 1.4311957198359835 -69.9951287755979 -14.533251315064698 -0.04109497954381425 1.0
human.pedestrian.adult 0 0 0 0 0 0 0 0.924 1.89 0.803 0.2453377907176584 5.401808743918888 -6.803334455872287 1.6092940559467106 1.0
movable_object.barrier 0 0 0 0 0 0 0 1.981 1.175 0.498 0.23312187810513696 43.65362118949937 2.49402798729479 -1.496714311534344 1.0
vehicle.construction 0 0 0 0 0 0 0 6.427 3.667 4.283 0.9629102918074645 -49.50425637174539 5.097578669603106 -0.059223425732827906 1.0
movable_object.barrier 0 0 0 0 0 0 0 2.12 1.08 0.384 1.3800548511749582 -10.330898926123476 -2.154692550788805 1.6165375301318647 1.0
movable_object.trafficcone 0 0 0 0 0 0 0 0.505 0.765 0.505 1.4948330694908651 -3.9832912665409257 9.37518069051832 -0.04087440271155707 1.0
movable_object.barrier 0 0 0 0 0 0 0 1.92 1.017 0.329 0.958466858984108 -3.01315370127642 -5.219241031245396 -2.9631349871575496 1.0
movable_object.trafficcone 0 0 0 0 0 0 0 0.384 0.789 0.41 0.7634147041851214 3.299758213620929 -7.949866566110118 -3.1022863525432296 1.0
movable_object.trafficcone 0 0 0 0 0 0 0 0.448 0.799 0.444 1.5781325508270792 -8.264745784633526 9.466188414990539 -0.04780956921148061 1.0
movable_object.trafficcone 0 0 0 0 0 0 0 0.433 0.767 0.48 1.4638757095423205 -2.7666355693254285 9.117771373868703 -0.05265484027968803 1.0
vehicle.car 0 0 0 0 0 0 0 4.677 1.817 1.939 1.9662074147559871 -50.89037730244632 14.60476230349574 -1.5908462148354339 1.0
movable_object.trafficcone 0 0 0 0 0 0 0 0.385 0.762 0.404 1.3323835228616325 4.310125168752365 2.180310436260372 -0.05265484027968803 1.0
human.pedestrian.adult 0 0 0 0 0 0 0 0.661 1.543 0.624 0.023591636385741577 21.406434510383264 -6.565589385550855 -1.5523072558233464 1.0
movable_object.barrier 0 0 0 0 0 0 0 1.953 1.104 0.321 0.9705319083618362 -5.9739823606704485 -6.385397574894197 -1.56518096222531 1.0
movable_object.barrier 0 0 0 0 0 0 0 1.996 0.978 0.314 0.7582851273801632 18.45132067535003 6.238169191378323 -1.5153210896511817 1.0
movable_object.trafficcone 0 0 0 0 0 0 0 0.417 0.757 0.367 1.532280973097472 -5.294974321754865 2.0926589283003305 -0.06969993604321267 1.0
movable_object.trafficcone 0 0 0 0 0 0 0 0.423 0.708 0.391 0.8803959628771882 22.517160377826333 2.315062583392532 -0.09034037212867929 1.0
vehicle.car 0 0 0 0 0 0 0 5.075 1.473 1.984 1.7912586403323973 -36.99001008997281 14.895563412020278 -1.5842549776077002 1.0
movable_object.trafficcone 0 0 0 0 0 0 0 0.389 0.855 0.425 1.99384165531676 -33.12860195080091 9.601740945713138 -0.057941616213330605 1.0
movable_object.trafficcone 0 0 0 0 0 0 0 0.421 0.79 0.401 0.9916373399438364 18.154192886584948 2.2680091414514765 -0.06708482118403225 1.0
movable_object.trafficcone 0 0 0 0 0 0 0 0.376 0.769 0.404 1.7786143608946834 -16.450162923674508 1.9824585759514677 -0.04076116687121001 1.0
movable_object.trafficcone 0 0 0 0 0 0 0 0.351 0.681 0.346 1.160309624962155 13.891973828470555 2.2562040191052155 -0.05265484027968803 1.0
movable_object.barrier 0 0 0 0 0 0 0 2.163 0.934 0.48 0.46057997095973324 25.859060301403797 18.562935934503063 -0.1071013908471592 1.0
vehicle.car 0 0 0 0 0 0 0 4.653 1.615 1.963 1.9112808173993519 -44.36387588115426 14.636499769923594 -1.571913464107845 1.0
movable_object.barrier 0 0 0 0 0 0 0 2.012 1.057 0.336 0.9157785260426736 -3.970792292667379 -6.427689637727775 -1.56518096222531 1.0
movable_object.trafficcone 0 0 0 0 0 0 0 0.787 0.588 0.292 1.3593487447968444 -6.913212716907074 -5.537956246170883 1.542938647258259 1.0
movable_object.barrier 0 0 0 0 0 0 0 2.072 1.113 0.319 1.0970478250691476 -2.881609832401473 -3.1921562953745393 3.0720935267035605 1.0
vehicle.car 0 0 0 0 0 0 0 4.799 1.704 2.015 2.07434762604499 -53.4870094665814 11.50401963457238 -1.5782926965917659 1.0
movable_object.barrier 0 0 0 0 0 0 0 2.012 1.03 0.369 1.0970101737669362 -11.503166484785503 -5.492791183468696 3.0200897413450427 1.0
movable_object.trafficcone 0 0 0 0 0 0 0 0.351 0.819 0.358 1.4180183217779239 0.601889945126603 2.1346573150498536 -0.05265484027968803 1.0
movable_object.trafficcone 0 0 0 0 0 0 0 0.499 0.768 0.443 1.569033232532116 -7.010842138600664 9.458918692016187 -0.04780956921148061 1.0
vehicle.car 0 0 0 0 0 0 0 4.961 1.626 1.594 0.507915471531461 -5.170643607399752 28.375333586574033 -0.04185119741500465 1.0
movable_object.barrier 0 0 0 0 0 0 0 2.118 1.14 0.334 1.033215644858587 -8.03564471356956 -6.3825529629494 -1.56518096222531 1.0
human.pedestrian.adult 0 0 0 0 0 0 0 0.583 1.642 0.624 -0.6218371520077852 31.221037487046956 -8.218414569766699 -2.1801106298894064 1.0
movable_object.trafficcone 0 0 0 0 0 0 0 0.39 0.727 0.351 1.7380581548228582 -18.802693301779044 9.551469872959906 -0.04780956921148061 1.0
movable_object.barrier 0 0 0 0 0 0 0 2.196 1.062 0.454 0.10316449267661221 43.38960474772689 7.8116095237119545 -3.079702860850654 1.0
movable_object.barrier 0 0 0 0 0 0 0 2.121 1.085 0.354 0.706190351234977 17.123107343642932 7.438006880306993 -0.09614080968729688 1.0
human.pedestrian.adult 0 0 0 0 0 0 0 0.708 1.735 0.655 0.12038932180048417 10.848712102116 -7.335276827352983 1.5906224292798727 1.0
movable_object.barrier 0 0 0 0 0 0 0 1.928 1.091 0.447 1.2493900085117275 -6.251276628255676 -2.160575205948388 1.5572199065967318 1.0
movable_object.trafficcone 0 0 0 0 0 0 0 0.413 0.704 0.379 1.2375703825719324 9.343509530628582 2.1867395923051838 -0.06530878392572603 1.0
movable_object.barrier 0 0 0 0 0 0 0 2.068 1.095 0.47 0.2517279853070571 40.84848386158261 4.880882902094308 -0.2972163785577777 1.0
human.pedestrian.construction_worker 0 0 0 0 0 0 0 0.653 1.726 0.791 0.11107856336953115 29.781385568660635 6.379690132832105 3.0676988028147454 1.0
