vehicle.bicycle 0 0 0 0 0 0 0 1.912 1.242 0.49 1.0312899985805641 3.4144668230796795 -16.67057729637073 -3.097206325652939 1.0
vehicle.car 0 0 0 0 0 0 0 4.412 1.498 1.855 -0.6065917342198941 67.21322640855529 14.276889220034684 1.8112898452053559 1.0
vehicle.motorcycle 0 0 0 0 0 0 0 2.349 2.02 0.993 -0.24999591315937897 38.92860349225213 -5.621697033841209 -3.107869120155075 1.0
movable_object.debris 0 0 0 0 0 0 0 0.212 1.293 1.301 1.1551442232369584 -2.401273464417968 -19.985041663265065 -0.07568575194411231 1.0
vehicle.car 0 0 0 0 0 0 0 4.398 1.523 1.781 1.3562650770094349 -23.050834186938296 -18.853352055145866 -0.047136843215618285 1.0
vehicle.car 0 0 0 0 0 0 0 4.737 2.0 1.983 1.3708876043110245 -30.531382861335093 -18.432113747682543 -0.037205170207728955 1.0
vehicle.car 0 0 0 0 0 0 0 5.137 2.14 2.004 0.9229948708084759 -13.466629639082036 -19.883329294346012 -0.06769261181671737 1.0
vehicle.car 0 0 0 0 0 0 0 4.2 1.644 1.855 1.513982522540548 -27.902985877055777 -18.19648663250228 -0.037205170207728955 1.0
vehicle.car 0 0 0 0 0 0 0 4.452 1.601 1.954 1.2941396270592225 -18.246197084298533 -18.78369044157011 -0.06618970613263286 1.0
vehicle.car 0 0 0 0 0 0 0 4.761 1.578 1.949 1.448804674395674 -25.520486748746738 -19.27913327463345 -0.037205170207728955 1.0
vehicle.car 0 0 0 0 0 0 0 4.689 1.741 2.064 1.4576682454357799 -20.58105994926262 -19.16022436140149 -0.04899336965371148 1.0
vehicle.truck 0 0 0 0 0 0 0 9.367 3.906 3.109 0.9474816225164471 -54.36307876296831 -27.24079485365187 -0.555513513041106 1.0
human.pedestrian.adult 0 0 0 0 0 0 0 0.425 1.725 0.701 -0.6470169044348656 58.40444627548174 3.8835385874051362 -0.17705827719032463 1.0
vehicle.car 0 0 0 0 0 0 0 4.578 1.666 1.999 1.3535716924845014 -15.776621413428392 -19.125767677652366 -0.04899336965371148 1.0
vehicle.car 0 0 0 0 0 0 0 4.208 2.0 2.104 0.9525225046958756 -11.35503849829394 -59.79463166564156 -1.02617832326316 1.0
vehicle.bicycle 0 0 0 0 0 0 0 1.761 1.077 0.474 1.2390689124755814 -12.042121220491653 -6.311475406039163 -1.2819659119732716 1.0
vehicle.car 0 0 0 0 0 0 0 4.329 1.637 1.946 1.154946638050914 -14.414196818930789 -42.71107302466999 -1.3053811735065182 1.0
vehicle.construction 0 0 0 0 0 0 0 6.006 2.465 2.599 0.7247686699280529 -4.377995722414134 -28.81653638374452 -0.15790812686345745 1.0
human.pedestrian.adult 0 0 0 0 0 0 0 0.746 1.469 0.859 -0.4702790133710171 58.82530661117044 19.106280104481026 -2.9544715241442656 1.0
vehicle.truck 0 0 0 0 0 0 0 10.709 3.755 3.07 -0.7645095555875104 35.32013771222201 9.64236482485506 1.750563387267837 1.0
movable_object.debris 0 0 0 0 0 0 0 0.208 1.1 0.88 1.1946748213519383 -3.6457592032625574 -19.754194142972832 -0.10895676640608087 1.0
vehicle.car 0 0 0 0 0 0 0 4.526 1.678 2.013 -0.11798206340501527 43.24639825486533 -1.8646134931912561 -0.031272870592456314 1.0
movable_object.pushable_pullable 0 0 0 0 0 0 0 0.526 1.124 0.622 2.5833362521940306 -47.48623541420548 17.48810737060507 -0.28406105203565524 1.0
vehicle.truck 0 0 0 0 0 0 0 5.08 2.278 1.925 -0.5094692780866583 37.534450993002196 -17.89505722499214 3.0050081649927485 1.0
