movable_object.barrier 0 0 0 0 0 0 0 2.224 1.07 0.651 0.7655931446363835 16.244696536178704 -1.9298337554972609 -1.5971710164758424 1.0
movable_object.barrier 0 0 0 0 0 0 0 2.185 1.065 0.585 0.6041319965671189 12.93772722587715 -7.228567781506534 -1.5844895939423242 1.0
movable_object.barrier 0 0 0 0 0 0 0 1.902 1.097 0.613 0.9643639409070401 9.995883260466002 -2.006683061460356 -1.671708776693051 1.0
vehicle.motorcycle 0 0 0 0 0 0 0 2.143 1.381 0.762 0.7590803246611072 24.40490342369969 22.434567286515502 -1.5109496543243468 1.0
vehicle.car 0 0 0 0 0 0 0 4.329 1.649 1.838 0.5316639622160988 26.88473783389952 13.783572887252417 -1.5797798735689144 1.0
movable_object.trafficcone 0 0 0 0 0 0 0 0.345 0.739 0.348 0.5426938111985816 17.331945051056817 -5.4743528419247385 -1.5496030698987449 1.0
movable_object.barrier 0 0 0 0 0 0 0 2.26 1.154 0.644 0.4911590459106002 17.725933598017072 -3.54502467055757 -3.0806667300829282 1.0
movable_object.trafficcone 0 0 0 0 0 0 0 0.315 0.733 0.309 0.8214494324648182 6.768993916084795 -7.548662274917853 -1.5496030698987449 1.0
movable_object.trafficcone 0 0 0 0 0 0 0 0.331 0.751 0.351 0.7569350757115689 7.242899425190069 -9.087525968105927 -1.5496030698987449 1.0
movable_object.barrier 0 0 0 0 0 0 0 2.063 1.064 0.51 0.7722229947567045 10.927019516287842 -7.365425090137113 -1.5670462440820767 1.0
movable_object.trafficcone 0 0 0 0 0 0 0 0.298 0.794 0.328 0.47389111636027315 16.736974549606185 -6.56782268219768 -1.5496030698987449 1.0
movable_object.trafficcone 0 0 0 0 0 0 0 0.43 0.77 0.355 0.8503501407322654 6.017635188334548 -6.492907657928045 -1.5496030698987449 1.0
movable_object.barrier 0 0 0 0 0 0 0 2.142 1.119 0.593 0.9748116613952573 11.66629393128478 -2.000680066235176 -1.5670462440820767 1.0
movable_object.trafficcone 0 0 0 0 0 0 0 0.318 0.757 0.326 0.9099980086631545 8.91870990914111 -7.5172887374824064 -1.5496030698987449 1.0
movable_object.trafficcone 0 0 0 0 0 0 0 0.276 0.684 0.288 0.655082178456195 15.426205712751026 -7.533970629121786 -1.5496030698987449 1.0
movable_object.barrier 0 0 0 0 0 0 0 1.719 1.087 0.654 1.0563905107097364 7.985124043343196 -2.1417514930270785 -1.6193767969116033 1.0
movable_object.trafficcone 0 0 0 0 0 0 0 0.279 0.772 0.443 1.2766852770898682 5.352618652122168 -2.345230192397412 -1.5496030698987449 1.0
vehicle.car 0 0 0 0 0 0 0 5.086 2.231 1.925 -1.2675537768613694 73.4484829784036 3.9656342723977085 1.5399246505182536 1.0
movable_object.trafficcone 0 0 0 0 0 0 0 0.356 0.838 0.343 1.0524248681534114 5.246384591590247 -3.753773977079465 -1.5496030698987449 1.0
movable_object.trafficcone 0 0 0 0 0 0 0 0.469 0.727 0.359 0.9446776768693164 5.429459792458782 -5.177739220193696 -1.5496030698987449 1.0
movable_object.trafficcone 0 0 0 0 0 0 0 0.411 0.775 0.391 0.7136427462369711 14.3597366767209 -6.7449589339675775 -1.5496030698987449 1.0
movable_object.barrier 0 0 0 0 0 0 0 2.13 1.043 0.67 0.9041787040612784 13.962324149932542 -1.9869243258202367 -1.5844895939423242 1.0
