vehicle.truck 0 0 0 0 0 0 0 4.878 2.116 1.968 0.4823770384546924 8.934994693110418 -3.292818628186954 -1.6791384731416175 1.0
vehicle.motorcycle 0 0 0 0 0 0 0 2.095 1.254 0.521 0.464725550810874 4.356151919667556 -9.3250328386634 -1.399866453463531 1.0
vehicle.truck 0 0 0 0 0 0 0 9.983 3.286 3.01 -1.1229191910723517 61.33128778838383 -8.591012460962409 -1.659643087469182 1.0
movable_object.trafficcone 0 0 0 0 0 0 0 0.355 0.867 0.301 1.1810113796859767 -14.211986419139995 -16.303246309334625 -0.6277050622063243 1.0
movable_object.trafficcone 0 0 0 0 0 0 0 0.343 0.84 0.368 0.9790056311433102 -12.673833834013886 -15.133576996056075 -0.6277050622063243 1.0
vehicle.truck 0 0 0 0 0 0 0 5.147 2.992 2.167 1.3258081995534117 -54.67314627576666 9.684629131675713 -1.3239538250695784 1.0
vehicle.motorcycle 0 0 0 0 0 0 0 2.236 1.338 0.611 0.5150398156743502 -0.25445233636615133 -8.84592338457594 -1.6869301823662122 1.0
human.pedestrian.adult 0 0 0 0 0 0 0 0.624 1.626 0.831 -0.022511288264066787 46.151071217271195 -8.292924719596295 -1.6213579355355163 1.0
vehicle.car 0 0 0 0 0 0 0 4.776 1.537 1.999 0.5179308745920688 28.24664420975448 -1.4568548837099844 -1.681083832910554 1.0
vehicle.truck 0 0 0 0 0 0 0 5.192 2.786 1.884 -0.483937715759998 48.41363556890942 -7.31770463843308 -1.6671224131519908 1.0
movable_object.trafficcone 0 0 0 0 0 0 0 0.425 0.822 0.371 0.9281526178539364 -11.618817126754383 -14.303129695836034 -0.6277050622063243 1.0
