movable_object.barrier 0 0 0 0 0 0 0 2.179 1.206 0.505 1.6388561593068502 -17.197463184491088 5.732179652707997 1.5680393931425476 1.0
movable_object.barrier 0 0 0 0 0 0 0 2.054 1.066 0.459 1.6699588806514332 -14.490321818692257 8.76033936552133 1.5854815107566047 1.0
movable_object.barrier 0 0 0 0 0 0 0 2.172 0.971 0.506 1.7181615632995377 -7.7511023434744395 21.981344447066164 -0.26542349889984607 1.0
human.pedestrian.adult 0 0 0 0 0 0 0 0.649 1.567 0.608 0.26426768554969693 -8.650578469308169 -28.2999165682594 1.0679190031627606 1.0
human.pedestrian.adult 0 0 0 0 0 0 0 0.644 1.645 0.682 0.23968494307422566 -3.931009335512493 -25.924663133340413 -2.4191192253009 1.0
movable_object.barrier 0 0 0 0 0 0 0 1.948 1.055 0.47 1.584539611492241 -12.414695148580828 8.723604167434944 1.5910246559366055 1.0
movable_object.barrier 0 0 0 0 0 0 0 1.951 1.01 0.555 1.6862659375906428 -8.341138813413789 19.84990276754444 -0.26542349889984607 1.0
movable_object.trafficcone 0 0 0 0 0 0 0 0.367 0.7 0.369 1.784411162505751 -13.617786631263039 1.8633811938434066 -0.06403259444253706 1.0
movable_object.barrier 0 0 0 0 0 0 0 1.856 1.103 0.429 2.293903010900019 -32.27140456236969 1.9725056032060087 -1.5966507578134896 1.0
movable_object.trafficcone 0 0 0 0 0 0 0 0.334 0.775 0.377 1.7235389118079065 -11.716095587302483 7.964894837392526 -1.495239165203743 1.0
vehicle.car 0 0 0 0 0 0 0 5.573 2.236 2.057 -1.3620081053432247 71.82617058939468 -0.09350926434128654 1.5924354458260233 1.0
movable_object.barrier 0 0 0 0 0 0 0 2.148 1.187 0.436 2.032761014665108 -24.05530676649228 1.928032393501282 -1.561766469984743 1.0
movable_object.barrier 0 0 0 0 0 0 0 2.3 1.104 0.523 1.7494282662083243 -16.743240659273514 8.771754903752225 1.5680393931425476 1.0
movable_object.barrier 0 0 0 0 0 0 0 2.161 1.076 0.515 1.7324100836612844 -12.363224406917274 18.737081040440273 1.6001910110076105 1.0
movable_object.barrier 0 0 0 0 0 0 0 2.011 1.001 0.458 1.7702859153883677 -14.490440751064929 19.052900682897988 1.806921170085202 1.0
human.pedestrian.adult 0 0 0 0 0 0 0 0.64 1.422 0.657 1.0035951119434208 -23.5052733735252 -15.414664911453894 -2.52248304733922 1.0
movable_object.trafficcone 0 0 0 0 0 0 0 0.387 0.789 0.468 2.025598471238315 -22.45116392350733 1.9923164294041003 -0.051582847115174246 1.0
vehicle.construction 0 0 0 0 0 0 0 3.896 4.642 2.837 0.18760791750915484 -28.236542684390272 4.776168493994989 1.6178885940402354 1.0
movable_object.barrier 0 0 0 0 0 0 0 1.985 1.05 0.376 1.6011594285066368 -12.658198406897045 6.305772919214296 0.7815313938658659 1.0
vehicle.truck 0 0 0 0 0 0 0 7.833 3.629 2.932 0.8126769815921233 -21.69632756774353 3.4697914836677533 1.583003846186216 1.0
human.pedestrian.adult 0 0 0 0 0 0 0 0.648 1.653 0.664 1.1258724448719644 -28.17141798925927 -12.152481642704558 -2.5150793745155777 1.0
human.pedestrian.adult 0 0 0 0 0 0 0 0.491 1.67 0.538 -0.4058775208772515 -2.839972109720843 -47.42520221674647 1.033405322955737 1.0
movable_object.barrier 0 0 0 0 0 0 0 1.951 0.968 0.545 1.6464714795672881 -10.233279949055854 18.847937536649827 1.4807114261065681 1.0
movable_object.barrier 0 0 0 0 0 0 0 2.108 1.174 0.523 1.5562305101953138 -14.934508973664077 5.731687911637782 1.5680393931425476 1.0
movable_object.barrier 0 0 0 0 0 0 0 2.175 1.096 0.444 2.248490018413876 -30.13863549315596 2.029494703204895 -1.5443246222594134 1.0
movable_object.barrier 0 0 0 0 0 0 0 1.987 1.089 0.433 2.3450953191876143 -36.21892608842679 1.906907212312459 -1.5525641257854454 1.0
movable_object.barrier 0 0 0 0 0 0 0 2.631 1.096 0.645 1.8153315547402549 -19.25990974334392 8.858786379925675 1.5680393931425476 1.0
human.pedestrian.adult 0 0 0 0 0 0 0 0.993 1.491 0.576 -0.5115511239962899 23.28152235013998 -13.93963006584744 -0.29702717189342387 1.0
movable_object.trafficcone 0 0 0 0 0 0 0 0.416 0.765 0.357 1.6500483996180935 -8.525776737140324 1.80449243341602 -0.06403259444253706 1.0
movable_object.trafficcone 0 0 0 0 0 0 0 0.324 0.693 0.332 1.7546869476648408 -11.71968155118958 7.5408937280480695 -1.495239165203743 1.0
