vehicle.bicycle 0 0 0 0 0 0 0 1.515 1.044 0.577 -0.02152215819818437 32.29248878988651 -15.165574617051213 2.3940670696840742 1.0
human.pedestrian.adult 0 0 0 0 0 0 0 0.431 1.441 0.449 1.4659870318404638 -12.446177648239505 13.246200877409633 -1.5696267088549902 1.0
vehicle.bus.rigid 0 0 0 0 0 0 0 12.487 3.704 2.881 1.4417667873975772 -43.23467159231649 7.462012772299313 -1.5884156285296314 1.0
vehicle.car 0 0 0 0 0 0 0 4.34 1.906 1.714 -0.4959439184758252 64.27485374428868 0.21060338389576228 -1.557065071357874 1.0
vehicle.car 0 0 0 0 0 0 0 4.878 1.527 2.051 1.239896558216976 3.298263566381073 7.482699169498548 -1.5758539030797643 1.0
vehicle.car 0 0 0 0 0 0 0 4.743 1.502 1.991 0.9233896160085922 8.705413095775452 4.912953788667066 -1.593300759453398 1.0
vehicle.car 0 0 0 0 0 0 0 4.591 2.0 1.88 1.8327700154673048 -32.62059936023799 7.682349169342186 -1.5774241155957265 1.0
vehicle.car 0 0 0 0 0 0 0 4.852 1.518 2.016 1.0997234115400063 9.654859620972738 7.501754029771881 -1.462452273022202 1.0
vehicle.bus.rigid 0 0 0 0 0 0 0 10.671 4.05 3.169 -0.9206110550145806 16.504951482026925 -35.22007784970604 -3.1384248197368425 1.0
movable_object.barrier 0 0 0 0 0 0 0 0.532 0.649 0.559 2.6396516464992272 -33.583102957377 11.28272746321609 -3.1028267584680673 1.0
vehicle.car 0 0 0 0 0 0 0 4.423 1.561 1.838 1.366084077904352 -3.770793614740383 7.750457045033259 -1.5590526869818264 1.0
vehicle.car 0 0 0 0 0 0 0 4.51 2.0 1.832 2.6122615604084043 -63.24752880440513 7.883644359002162 -1.6151094826082106 1.0
vehicle.bicycle 0 0 0 0 0 0 0 1.496 1.145 0.683 0.24456287137311605 28.453725406580244 -19.113325805262665 -0.04040557546849399 1.0
movable_object.barrier 0 0 0 0 0 0 0 0.512 0.652 0.552 2.52929465082578 -32.47516260114832 11.144107477116481 3.0233083011391724 1.0
vehicle.car 0 0 0 0 0 0 0 4.414 1.704 1.889 1.5110809425680207 -10.898345546202968 7.1947013671129785 -1.5884156285296314 1.0
vehicle.car 0 0 0 0 0 0 0 4.641 1.482 1.951 0.5702398721701832 18.593968724600327 -15.302036041507515 2.9966621262183857 1.0
movable_object.barrier 0 0 0 0 0 0 0 0.551 0.643 0.631 2.653046948959007 -34.91981965892955 11.438371369817938 -3.0853767298512613 1.0
vehicle.bus.rigid 0 0 0 0 0 0 0 8.135 3.407 2.889 2.021716568567609 -73.48981839063755 7.653625567676284 -1.6151094826082106 1.0
vehicle.car 0 0 0 0 0 0 0 4.602 1.57 2.03 1.7093349694323194 -19.3686628853445 7.686527062936892 -1.5774241155957265 1.0
vehicle.car 0 0 0 0 0 0 0 5.812 2.653 2.241 1.1770182486624492 -34.2595572542395 0.14844422953691702 -1.57119691773429 1.0
human.pedestrian.adult 0 0 0 0 0 0 0 0.887 1.62 0.784 0.9519364819906698 -5.766732474522887 3.381425248764324 -1.5837586216931685 1.0
vehicle.bicycle 0 0 0 0 0 0 0 1.849 0.907 0.642 0.8846270256218595 23.689386155457782 12.33827679903498 -0.052662440047665626 1.0
