vehicle.car 0 0 0 0 0 0 0 4.569 2.0 2.012 0.14458756365719577 4.6846626130108735 -57.28100511000014 -3.1370559327560867 1.0
vehicle.car 0 0 0 0 0 0 0 4.602 1.57 2.03 1.5684009720387864 -31.03887553611136 7.62051003014362 -1.5759537201947573 1.0
vehicle.car 0 0 0 0 0 0 0 4.591 2.0 1.88 1.7353623816435295 -44.128616122816226 7.676628302378167 -1.5759537201947573 1.0
vehicle.car 0 0 0 0 0 0 0 5.812 2.653 2.241 0.9008562204446725 -38.9479766229664 -0.00850760009737211 -1.5724629663131786 1.0
vehicle.car 0 0 0 0 0 0 0 4.852 1.518 2.016 1.334214249560051 -1.939423991051898 7.513042101221824 -1.4696934900114584 1.0
vehicle.car 0 0 0 0 0 0 0 4.423 1.561 1.838 1.410556425021376 -15.2466523192606 7.74148923551597 -1.557580409816234 1.0
vehicle.car 0 0 0 0 0 0 0 4.878 1.527 2.051 1.423448279948095 -8.219365282354833 7.453203438061566 -1.5776549572840093 1.0
vehicle.bicycle 0 0 0 0 0 0 0 1.849 0.907 0.642 1.2133236454009289 12.067020709919959 12.194614305134087 -0.047616314407591176 1.0
vehicle.car 0 0 0 0 0 0 0 4.414 1.704 1.889 1.4199400434064797 -22.336168526733804 7.103020840306859 -1.5869463426824728 1.0
vehicle.car 0 0 0 0 0 0 0 4.514 2.0 2.521 0.7655542532427266 0.5490760155670696 -57.39077698922648 -3.1370559327560867 1.0
vehicle.bicycle 0 0 0 0 0 0 0 1.515 1.044 0.577 0.4660466335297528 20.711050202481392 -15.106919300127972 2.395395553854886 1.0
vehicle.car 0 0 0 0 0 0 0 4.34 1.906 1.714 0.10329756495440767 61.78417036116726 0.21623705042205021 -1.5583296558363902 1.0
vehicle.car 0 0 0 0 0 0 0 4.985 1.626 1.802 -0.5887579597930988 90.57201761557064 4.007037573768916 -1.0354562196991353 1.0
vehicle.car 0 0 0 0 0 0 0 4.743 1.502 1.991 1.2373865367012302 -6.777939859572011 4.920926443288855 -1.57438334818674 1.0
vehicle.bicycle 0 0 0 0 0 0 0 1.496 1.145 0.683 0.8206647353260391 16.823477160787867 -19.24797989463471 -0.03544732748492052 1.0
human.pedestrian.adult 0 0 0 0 0 0 0 0.887 1.62 0.784 0.9851286857537878 -15.763653865139517 3.3577636920745277 -1.5850259543773193 1.0
vehicle.bus.rigid 0 0 0 0 0 0 0 12.487 3.704 2.881 0.9210597588625606 -54.61370869487677 7.410517434781394 -1.5869463426824728 1.0
vehicle.car 0 0 0 0 0 0 0 4.641 1.482 1.951 0.7178780798854423 7.599091896397966 -22.628372238367724 3.085278000722097 1.0
vehicle.bus.rigid 0 0 0 0 0 0 0 8.135 3.407 2.889 1.5870352083271118 -86.36476936411418 7.357384778945045 -1.6136428424662626 1.0
vehicle.bus.rigid 0 0 0 0 0 0 0 10.671 4.05 3.169 -0.5485975501950637 4.8604580222223515 -35.2626246888149 -3.1370559327560867 1.0
vehicle.car 0 0 0 0 0 0 0 4.46 1.447 1.674 2.7583060332911016 -102.16196795727645 5.981066406336293 -1.57874549428914 1.0
