vehicle.car 0 0 0 0 0 0 0 4.487 1.762 2.004 0.564468529246724 34.505239437022844 23.07773715829613 -3.041249872773049 1.0
vehicle.bicycle 0 0 0 0 0 0 0 1.032 1.197 0.729 1.2565274674070106 -0.05626068304966292 12.483530114994645 -3.000595807946537 1.0
vehicle.car 0 0 0 0 0 0 0 4.57 1.746 1.916 0.3285537835959531 36.997323794349455 22.928711023834772 -3.0093198535756676 1.0
vehicle.bicycle 0 0 0 0 0 0 0 1.744 1.092 0.578 0.46241756518908883 24.88653822522612 11.46475728235926 2.0467764234057686 1.0
vehicle.car 0 0 0 0 0 0 0 4.985 1.626 1.802 2.551985191883633 -22.76778122358687 29.28517607665119 -0.2609665986806764 1.0
vehicle.motorcycle 0 0 0 0 0 0 0 1.98 1.737 0.866 2.620373973439273 -26.35996569691028 28.980325811486217 -2.8809021066949407 1.0
vehicle.car 0 0 0 0 0 0 0 4.768 2.013 1.809 3.8449999070521605 -85.27314268343156 30.09897440579167 -1.1950104523010516 1.0
vehicle.car 0 0 0 0 0 0 0 4.339 1.463 2.015 0.2068492702091953 48.39236571710455 20.34778530036366 -2.501935343732825 1.0
vehicle.car 0 0 0 0 0 0 0 5.812 2.653 2.241 2.0846813545735445 -69.51763270275109 -5.111768668481516 -1.495879444739673 1.0
vehicle.car 0 0 0 0 0 0 0 4.524 1.597 1.781 0.7992875053772865 29.677439206333176 23.743139278071283 -2.9889055892490575 1.0
vehicle.bicycle 0 0 0 0 0 0 0 1.434 1.074 0.534 1.602183824866696 10.366331082480475 23.11309838335115 -0.08048086171777413 1.0
vehicle.construction 0 0 0 0 0 0 0 12.813 6.7 3.068 -0.9228663424161355 17.715776904530674 29.823112970626905 -2.894337090694746 1.0
vehicle.car 0 0 0 0 0 0 0 4.34 1.906 1.714 -0.5811655321981897 42.489013619481064 -6.523576028803691 -1.8655150335603663 1.0
vehicle.motorcycle 0 0 0 0 0 0 0 2.367 1.653 0.736 2.3653356168105417 -44.89075055307465 4.948743881634067 -1.690686975775404 1.0
vehicle.car 0 0 0 0 0 0 0 5.137 2.104 1.941 0.5803984623540377 27.563251103502058 24.702541827938465 -2.9613376236945683 1.0
vehicle.car 0 0 0 0 0 0 0 4.192 1.684 2.032 0.27279411462574954 39.29374644325346 22.36500110116446 -3.041249872773049 1.0
movable_object.trafficcone 0 0 0 0 0 0 0 0.456 0.734 0.333 3.615656674779053 -82.02381799637695 21.18847471386037 -1.0740094103088484 1.0
vehicle.truck 0 0 0 0 0 0 0 10.023 4.281 2.986 -1.5558577566593468 69.17855861442129 28.593411157323665 -2.461806074434957 1.0
vehicle.car 0 0 0 0 0 0 0 4.487 2.0 2.404 3.248685867809133 -29.466994241039938 46.23125120084894 2.04503180462516 1.0
