human.pedestrian.adult 0 0 0 0 0 0 0 0.902 1.807 0.709 -0.13476425242226386 31.716509713557038 9.87170904061365 -3.0394842910783932 1.0
human.pedestrian.adult 0 0 0 0 0 0 0 0.772 1.77 0.658 -1.1915877002564255 59.43272041151035 9.816303745157017 -3.020686905062636 1.0
movable_object.barrier 0 0 0 0 0 0 0 0.389 1.01 2.182 -0.25659194296294496 46.76789747511708 16.876596439064745 -0.9912354283868492 1.0
vehicle.car 0 0 0 0 0 0 0 4.258 1.464 1.64 0.4354192542392727 18.47929210665894 -2.4742506951200745 -1.5339889461529337 1.0
movable_object.barrier 0 0 0 0 0 0 0 0.563 0.999 2.063 1.0187851083612713 9.108704060967298 -4.9615283149662766 -3.1288541469701876 1.0
movable_object.barrier 0 0 0 0 0 0 0 0.534 1.057 2.085 1.094812490231989 7.0182287921053765 -4.9533437268803215 -3.1288541469701876 1.0
movable_object.barrier 0 0 0 0 0 0 0 0.544 1.047 2.089 0.25425070833108243 26.084686754360405 -4.634140555896549 -3.0208649403444063 1.0
movable_object.barrier 0 0 0 0 0 0 0 0.532 1.009 2.089 0.8631609014129358 13.391729101657209 -4.962796003811852 -3.1288541469701876 1.0
vehicle.car 0 0 0 0 0 0 0 3.567 1.554 1.583 -0.08865252899665677 28.853035184958586 -2.5029440992941687 -1.464310254876545 1.0
human.pedestrian.adult 0 0 0 0 0 0 0 0.538 1.7 0.631 1.1248292397903294 0.15868875477998007 11.040265230171165 1.423646639177874 1.0
vehicle.bicycle 0 0 0 0 0 0 0 1.607 1.1 0.581 1.5769887235576998 -4.366650388751775 9.869764723013027 1.4517885020916532 1.0
movable_object.barrier 0 0 0 0 0 0 0 0.455 1.035 2.098 0.9511188675238296 11.284207828627668 -4.939742155434881 -3.1288541469701876 1.0
movable_object.barrier 0 0 0 0 0 0 0 0.349 0.996 2.084 -0.27403450209953234 33.70820948341623 -8.14074731115294 -1.9689037332685304 1.0
movable_object.barrier 0 0 0 0 0 0 0 0.504 1.108 2.26 -0.4559846311081397 31.87460980602555 -12.69193379092133 -1.8736864024343989 1.0
movable_object.barrier 0 0 0 0 0 0 0 0.5 1.016 2.01 0.6285979889430036 17.599617882688875 -4.948056717455081 3.1194322995190724 1.0
movable_object.barrier 0 0 0 0 0 0 0 0.333 1.09 2.141 -0.37915997844748284 27.039730874574797 -12.076094777088679 2.359058354204228 1.0
human.pedestrian.construction_worker 0 0 0 0 0 0 0 0.454 1.794 0.57 -0.7737093278094321 50.5185212681688 17.076650864867588 -1.047414961306103 1.0
movable_object.barrier 0 0 0 0 0 0 0 0.575 1.026 2.109 0.3792697304287952 23.953023641324435 -4.8727461229630835 -3.079683401202125 1.0
movable_object.barrier 0 0 0 0 0 0 0 0.528 1.08 2.17 1.3077444964585727 0.5548584587126204 -4.787971739705371 3.0474856954908187 1.0
movable_object.barrier 0 0 0 0 0 0 0 0.538 1.073 2.263 0.5062925864465517 21.99640750285244 -4.971940279644322 -3.114582258116231 1.0
movable_object.barrier 0 0 0 0 0 0 0 0.551 1.064 2.125 1.1701454797707738 4.883924773944691 -4.910108339171494 -3.1240162924265498 1.0
movable_object.barrier 0 0 0 0 0 0 0 0.554 1.046 2.175 1.2485062541779937 2.713906648472175 -5.098485418868238 2.977688039687033 1.0
human.pedestrian.adult 0 0 0 0 0 0 0 0.785 1.739 0.67 -1.3563551200381272 61.405111824992574 8.140508468459842 -2.9857880814196207 1.0
movable_object.trafficcone 0 0 0 0 0 0 0 0.288 0.784 0.297 1.4475970076318347 -9.450108625870307 -7.813154694756278 -1.5689207715424995 1.0
movable_object.barrier 0 0 0 0 0 0 0 0.392 1.036 2.057 -0.3922952123192337 48.38733105232855 15.347259487413691 -0.5223328384968902 1.0
vehicle.truck 0 0 0 0 0 0 0 4.839 1.979 1.856 1.8117307870453678 -32.96397768397063 -2.111447975781632 -1.5813621018076773 1.0
human.pedestrian.adult 0 0 0 0 0 0 0 0.788 1.807 0.762 1.5232988871759012 -14.314690649891897 10.638008411048256 -1.6388767338067076 1.0
vehicle.construction 0 0 0 0 0 0 0 4.934 2.0 3.543 -0.990189667226332 50.32942011740501 22.03892312840029 3.1051926924831346 1.0
vehicle.bicycle 0 0 0 0 0 0 0 1.482 0.932 0.462 1.795041016497768 -4.511941770701533 12.6773604225173 -1.5988078153822194 1.0
movable_object.trafficcone 0 0 0 0 0 0 0 0.17 0.824 0.208 1.4580964550562605 -20.50047170739226 -16.12572689162418 -3.1060747887646087 1.0
vehicle.car 0 0 0 0 0 0 0 4.397 1.883 1.774 1.1107321309644362 -21.71832797803643 -23.30620000489478 -1.5780003278345047 1.0
human.pedestrian.adult 0 0 0 0 0 0 0 0.474 1.737 0.682 1.1781772387177702 1.3224231424199278 11.424652100439891 -0.042938908867247605 1.0
movable_object.barrier 0 0 0 0 0 0 0 0.413 1.072 2.27 -0.3526111785137469 32.80404657512882 -10.47723872804297 -2.0576593641660317 1.0
human.pedestrian.adult 0 0 0 0 0 0 0 0.743 1.777 0.688 -0.2160454265159013 33.752592716345056 9.311480179793465 3.0866561646371204 1.0
movable_object.barrier 0 0 0 0 0 0 0 0.501 1.043 2.145 0.7784926825847307 15.532186879043113 -4.957523817457376 -3.1288541469701876 1.0
movable_object.trafficcone 0 0 0 0 0 0 0 0.248 0.728 0.262 1.5369030289480268 -10.576542479420675 -7.397106370480921 -1.5689207715424995 1.0
movable_object.barrier 0 0 0 0 0 0 0 0.53 1.041 2.146 0.5779039078620285 19.71016754396043 -5.006213724338603 -3.1288541469701876 1.0
movable_object.trafficcone 0 0 0 0 0 0 0 0.309 0.77 0.384 1.537117285528754 -1.2307369219721498 -4.902894583872088 -2.991211813512246 1.0
vehicle.construction 0 0 0 0 0 0 0 5.223 2.488 2.93 -0.7834532780907066 28.13802101218354 -8.24551326751405 -1.8412405862143455 1.0
