vehicle.car 0 0 0 0 0 0 0 4.458 1.443 1.869 0.8004940842820606 16.798091325575978 20.86207866856968 -3.138948500082302 1.0
vehicle.car 0 0 0 0 0 0 0 4.33 1.457 1.791 0.8130859936423365 19.94255940619395 19.37697667416218 3.1354584237569467 1.0
human.pedestrian.construction_worker 0 0 0 0 0 0 0 0.617 1.761 0.563 0.6062857260912125 26.673564463022444 17.594540539461022 -1.8892730304289396 1.0
movable_object.barrier 0 0 0 0 0 0 0 0.673 1.092 2.183 1.0991652058301444 12.701141052038077 27.55405909422182 2.930117609565289 1.0
movable_object.barrier 0 0 0 0 0 0 0 0.611 0.9 2.076 0.6557292832223901 15.355317872310913 -11.503703693593769 -1.5528852046708668 1.0
human.pedestrian.adult 0 0 0 0 0 0 0 0.602 1.684 0.538 0.6566116789180458 25.947147796445336 13.038907090094046 -1.5531775049198977 1.0
movable_object.barrier 0 0 0 0 0 0 0 0.58 0.789 1.942 0.8871442270631951 9.992751620383059 -6.216826040625676 -1.5040755801761154 1.0
vehicle.car 0 0 0 0 0 0 0 4.206 1.448 1.904 1.0420089049430405 16.669941836712127 31.6595896919447 -3.1214964458867076 1.0
movable_object.barrier 0 0 0 0 0 0 0 0.597 0.91 1.989 0.6134311719109916 15.38917710100621 -13.551503347469053 -1.5528852046708668 1.0
movable_object.barrier 0 0 0 0 0 0 0 0.588 0.913 1.986 0.5611346907103911 14.304065441509206 -15.139923872543468 -2.8606232713310042 1.0
vehicle.car 0 0 0 0 0 0 0 4.173 1.421 1.771 0.016461190687250937 31.190412645148243 -16.20104068822409 -0.027698185715447465 1.0
human.pedestrian.adult 0 0 0 0 0 0 0 0.6 1.658 0.576 0.5707707328330788 25.36055906818794 11.67075834238547 1.5532874520943647 1.0
movable_object.barrier 0 0 0 0 0 0 0 0.752 0.997 2.156 1.6437427565789187 -21.565036213228513 -5.8064485145744795 -0.1552064150051642 1.0
human.pedestrian.adult 0 0 0 0 0 0 0 0.713 1.794 0.599 0.5459907656140207 20.994941399959753 12.387996328048537 1.6556741001119466 1.0
human.pedestrian.adult 0 0 0 0 0 0 0 0.567 1.832 0.68 0.5718879383835624 24.4400532499551 13.19863785021694 -1.758266048486079 1.0
human.pedestrian.adult 0 0 0 0 0 0 0 0.627 1.573 0.618 -0.0005955454931096948 39.86737051018984 -14.320239721602043 -0.4875615175239041 1.0
movable_object.barrier 0 0 0 0 0 0 0 0.604 0.963 2.111 1.1174586476688848 6.096148433018104 -4.922593886845677 -0.08688594451864695 1.0
human.pedestrian.construction_worker 0 0 0 0 0 0 0 0.631 1.807 0.67 0.5707330390331915 26.753234489925294 16.80740415149744 -0.8771820103404195 1.0
movable_object.barrier 0 0 0 0 0 0 0 0.74 1.031 2.006 1.608728057709014 -19.364376283878745 -5.560515909543678 -0.042890466466412036 1.0
movable_object.barrier 0 0 0 0 0 0 0 0.619 0.901 1.985 0.6680944380772353 13.782856077250404 -10.213933169034936 -0.03221561913429838 1.0
human.pedestrian.adult 0 0 0 0 0 0 0 0.637 1.794 0.681 0.898479819512128 7.336489623830121 10.883420791218947 -2.0304905302925382 1.0
vehicle.construction 0 0 0 0 0 0 0 2.051 2.341 2.158 0.27495629272829764 2.624592404654727 -7.870461340421825 -1.857092678207474 1.0
movable_object.barrier 0 0 0 0 0 0 0 0.583 0.965 2.03 1.7632676026024865 -47.27742285694182 -7.910264308643564 -1.3458005696058208 1.0
human.pedestrian.adult 0 0 0 0 0 0 0 0.72 1.806 0.619 0.49363517551603064 24.585665579080107 11.165921550604438 1.5570791785312634 1.0
movable_object.barrier 0 0 0 0 0 0 0 0.705 1.015 2.143 1.5139807809632828 -8.690250602719502 -5.4783885915219965 -0.025721237660322416 1.0
vehicle.construction 0 0 0 0 0 0 0 6.571 3.937 2.566 -0.4287857393577998 27.904738521031014 23.170677419084793 1.9500916560643944 1.0
movable_object.barrier 0 0 0 0 0 0 0 0.569 0.854 2.324 0.7970277272293884 9.787666720050227 -8.365700443682558 -1.9478749832103643 1.0
human.pedestrian.adult 0 0 0 0 0 0 0 0.76 1.676 0.608 0.5717479274512317 26.36954557348511 12.417194727631394 1.398343188049374 1.0
human.pedestrian.construction_worker 0 0 0 0 0 0 0 0.66 1.797 0.583 0.5319579201756903 28.68856929511842 16.346975349221182 -0.30925017559989243 1.0
human.pedestrian.adult 0 0 0 0 0 0 0 0.576 1.752 0.663 1.4759437235252684 -50.64958892912961 -1.779705935208143 -2.3485142978768607 1.0
movable_object.barrier 0 0 0 0 0 0 0 0.609 1.015 2.006 1.0342938371167603 21.948527292645093 18.578369180763683 1.5174780198166955 1.0
movable_object.debris 0 0 0 0 0 0 0 0.617 1.2 1.216 0.16393167662164665 27.409668590562354 -15.163266218750678 -0.03992250009201648 1.0
human.pedestrian.adult 0 0 0 0 0 0 0 0.77 1.955 0.618 0.48068674325529814 25.96643083505036 11.214958740651454 1.8296158759174936 1.0
movable_object.barrier 0 0 0 0 0 0 0 0.587 0.999 2.137 1.035334790616211 8.512181281026235 -4.672510002021449 -0.3175511050757578 1.0
movable_object.barrier 0 0 0 0 0 0 0 0.749 1.013 2.136 1.680769202979699 -23.660462828830592 -5.548833800528373 -0.09336562495487222 1.0
movable_object.barrier 0 0 0 0 0 0 0 0.707 1.054 3.035 1.0687161743499018 11.672564497985123 29.75123845170139 1.5103057956310035 1.0
movable_object.barrier 0 0 0 0 0 0 0 0.75 1.01 2.089 1.6088831483217518 -17.178741047615354 -5.538434470481349 -0.024031561128534662 1.0
movable_object.barrier 0 0 0 0 0 0 0 0.584 1.012 2.009 0.9755159362600572 27.860467279097435 15.307149720844327 3.025423231088606 1.0
movable_object.barrier 0 0 0 0 0 0 0 0.702 1.018 2.147 1.4194207314685012 -4.51706087402664 -5.48168789039417 -0.02425080129145485 1.0
vehicle.car 0 0 0 0 0 0 0 4.604 1.961 1.902 0.0187624107205262 40.40199868595086 2.963227059782292 1.7012598091159647 1.0
vehicle.motorcycle 0 0 0 0 0 0 0 2.342 1.77 0.89 1.0983142213917374 -5.958044477792108 -2.464115544473444 -1.5969965293298634 1.0
movable_object.barrier 0 0 0 0 0 0 0 0.686 1.028 2.053 1.539714788055062 -10.820075484262011 -5.5034631770872116 -0.023941232876351748 1.0
movable_object.barrier 0 0 0 0 0 0 0 0.603 1.005 1.996 0.9515683991509165 24.05530446379928 15.426600399108414 2.632543377421806 1.0
vehicle.car 0 0 0 0 0 0 0 4.861 1.959 1.8 0.8151064745466654 0.722996821255749 -2.9842064332072287 -1.5204093996513715 1.0
human.pedestrian.adult 0 0 0 0 0 0 0 0.623 1.686 0.61 0.04541801177340765 36.87393229163835 -7.506874372212314 -0.030569276355896235 1.0
human.pedestrian.adult 0 0 0 0 0 0 0 0.664 1.786 0.495 0.5407423469870727 24.9274494049858 12.144703819929605 1.5805450657483142 1.0
movable_object.barrier 0 0 0 0 0 0 0 0.622 1.039 2.122 0.9861233485719332 22.50501311109566 16.760075437196264 2.1808193828277913 1.0
movable_object.barrier 0 0 0 0 0 0 0 0.698 1.031 1.976 1.4627377585690637 -6.611487130405828 -5.488113756327445 -0.02425080129145485 1.0
vehicle.car 0 0 0 0 0 0 0 4.607 1.98 1.882 -0.4453555240747854 31.4460080307637 -25.26646695072381 -0.02411652852513413 1.0
human.pedestrian.adult 0 0 0 0 0 0 0 0.745 1.794 0.579 0.4945796680089577 23.575902854375663 12.057704230258492 1.523159853380795 1.0
vehicle.bicycle 0 0 0 0 0 0 0 1.576 1.103 0.565 1.815511452451606 -29.766201034025443 9.466114567542576 1.4069813805848623 1.0
movable_object.debris 0 0 0 0 0 0 0 0.608 1.213 1.169 0.12752613251476075 28.95352035737966 -15.207564734001963 -0.03992250009201648 1.0
