vehicle.bus.rigid 0 0 0 0 0 0 0 13.37 3.9 3.753 -1.0909314015406695 35.05772527053419 -16.3575546054398 -0.31141148412744 1.0
vehicle.car 0 0 0 0 0 0 0 4.841 1.587 2.122 1.5777538378630047 -45.80604087957691 -6.01367394520613 -0.033402190912955376 1.0
vehicle.bicycle 0 0 0 0 0 0 0 1.777 1.135 0.616 2.358204669012821 -6.928908487800325 37.484658787123294 -1.7091767467536778 1.0
vehicle.car 0 0 0 0 0 0 0 4.66 1.732 2.101 1.2481177157256793 -47.28737182097312 -22.651566379918055 -3.134492415848258 1.0
movable_object.trafficcone 0 0 0 0 0 0 0 0.44 0.891 0.462 -0.8619064664346007 19.708166329976752 -50.62849544326119 -0.5290847185569021 1.0
vehicle.bus.rigid 0 0 0 0 0 0 0 12.657 3.374 3.806 -2.176118065787494 43.54558064204484 -43.80887464830955 -0.3370783982024168 1.0
vehicle.car 0 0 0 0 0 0 0 5.274 1.9 2.137 0.6230536876940582 21.854584087337994 6.459844392046176 0.49316185824802794 1.0
vehicle.car 0 0 0 0 0 0 0 4.834 1.666 2.116 1.206163597684076 -13.679932514893098 -0.29821884224194317 1.5298366527781972 1.0
movable_object.trafficcone 0 0 0 0 0 0 0 0.584 0.947 0.538 -0.9321443776161833 18.087242076387355 -56.15283478837383 1.2264121146413256 1.0
vehicle.truck 0 0 0 0 0 0 0 5.067 2.167 2.373 0.8505221469794468 -6.762120627843732 4.130679875717125 -1.6234261329365856 1.0
vehicle.car 0 0 0 0 0 0 0 4.715 1.646 2.08 1.3544803330657325 -45.662164237829494 -11.362275113176645 3.1136500059820493 1.0
vehicle.bicycle 0 0 0 0 0 0 0 1.898 1.107 0.647 1.629572681653488 5.793574400044424 30.41910342356594 1.9394676324206088 1.0
vehicle.car 0 0 0 0 0 0 0 5.085 1.621 2.252 1.3058658832526089 -42.8884111889549 -11.737370646511918 -3.128820634082479 1.0
vehicle.motorcycle 0 0 0 0 0 0 0 3.097 1.764 1.165 0.5545182536436996 18.320927439407438 -3.053830848827695 2.0284150107607353 1.0
vehicle.car 0 0 0 0 0 0 0 4.82 1.96 2.021 1.1048602718573481 -57.4075323066394 -22.581081990613416 -0.027827518807844953 1.0
vehicle.motorcycle 0 0 0 0 0 0 0 2.182 1.769 1.004 1.0264496586308751 -23.15701574433354 -9.44440828716215 2.4407003249251495 1.0
vehicle.car 0 0 0 0 0 0 0 5.083 1.518 2.133 1.5731365354390556 -42.67127562049919 -6.4308578986339695 -3.1227125614414 1.0
movable_object.trafficcone 0 0 0 0 0 0 0 0.492 0.905 0.457 -0.9407872445855243 18.00437897471702 -52.26176102818464 -0.5290847185569021 1.0
vehicle.motorcycle 0 0 0 0 0 0 0 2.147 1.311 0.65 1.7849831711817228 -50.475625675552905 -3.757676419364771 -1.6102163917396846 1.0
human.pedestrian.adult 0 0 0 0 0 0 0 0.752 2.0 0.771 1.3170822533185818 1.1248085784547026 39.194862731760075 3.1012418929767573 1.0
human.pedestrian.adult 0 0 0 0 0 0 0 0.574 1.771 0.685 1.1226398774121487 -21.22395685596933 6.437465052464013 1.6889117277863868 1.0
vehicle.car 0 0 0 0 0 0 0 4.543 1.59 2.07 1.1703978193604572 -52.22078174353621 -23.411126221974747 -0.0710780942056104 1.0
vehicle.car 0 0 0 0 0 0 0 4.99 2.212 2.181 1.7067209385031485 -13.115380248655816 53.74518196754472 1.4564432138411512 1.0
movable_object.trafficcone 0 0 0 0 0 0 0 0.441 0.917 0.445 -0.8608878722526867 18.61156747891623 -51.152220487839614 -0.24093020561180367 1.0
vehicle.car 0 0 0 0 0 0 0 4.672 2.18 1.973 0.9279622679370969 -37.697293916258886 -20.23236666291179 -0.028284961822686583 1.0
human.pedestrian.adult 0 0 0 0 0 0 0 0.809 2.0 0.835 1.3043220801251112 1.885042452875299 39.32440667860246 3.056932192893738 1.0
vehicle.truck 0 0 0 0 0 0 0 6.232 2.84 2.824 0.38543432511834586 4.472543153880578 4.175401565854217 -1.5679698441948107 1.0
human.pedestrian.adult 0 0 0 0 0 0 0 0.634 1.729 0.651 1.1160287512893348 -20.88979589246369 6.969447893804197 2.615372072982135 1.0
human.pedestrian.adult 0 0 0 0 0 0 0 1.304 2.0 1.211 -0.8839528365212204 29.821628591544652 -39.15685109550499 -0.3817123973886538 1.0
