vehicle.car 0 0 0 0 0 0 0 4.236 1.489 1.896 1.0312425497642954 -21.993703880866022 -16.9287970240129 -3.12187926797311 1.0
vehicle.car 0 0 0 0 0 0 0 4.834 1.732 2.038 1.4000598458978206 -50.56262160387861 -20.717591547052123 -0.040104906189126766 1.0
vehicle.car 0 0 0 0 0 0 0 4.99 2.212 2.181 1.186899390026825 -6.304713145994244 54.19188894476282 1.4922695477357593 1.0
vehicle.car 0 0 0 0 0 0 0 4.82 1.96 2.021 1.3338326787048584 -53.181207256886616 -20.586152815370053 -0.040957176322907074 1.0
human.pedestrian.adult 0 0 0 0 0 0 0 1.304 2.0 1.211 -0.7932580716341283 32.85395080799097 -40.48001970170911 -0.3458066800836477 1.0
human.pedestrian.adult 0 0 0 0 0 0 0 0.574 1.771 0.685 0.944630886218927 -15.963527407149028 7.1422398276803 1.7247454254523271 1.0
vehicle.car 0 0 0 0 0 0 0 4.834 1.666 2.116 1.266734053549506 -15.587784510452376 0.11771935826899069 1.5889328024408274 1.0
vehicle.bus.rigid 0 0 0 0 0 0 0 13.37 3.9 3.753 -1.0397440010130068 39.48890152986304 -18.163837353355962 -0.27552296335151283 1.0
vehicle.car 0 0 0 0 0 0 0 5.083 1.518 2.133 1.5904383962615105 -37.82100022019319 -4.962470077435566 -3.086853381711162 1.0
human.pedestrian.adult 0 0 0 0 0 0 0 0.634 1.729 0.651 1.0076088429122994 -15.5910137708358 7.6299173520049495 2.65122383687968 1.0
vehicle.truck 0 0 0 0 0 0 0 6.232 2.84 2.824 0.16050474250499663 12.666937207221991 3.738581184984989 -1.5669887457924778 1.0
human.pedestrian.adult 0 0 0 0 0 0 0 0.809 2.0 0.835 0.9009662446458901 8.058100452494948 41.88636913569225 3.0927900292630426 1.0
vehicle.motorcycle 0 0 0 0 0 0 0 2.71 1.726 1.347 0.5829811626090988 32.20435854911077 27.55113323183562 -0.03263586901872273 1.0
vehicle.truck 0 0 0 0 0 0 0 5.067 2.167 2.373 0.6622275890110219 3.5844713315303283 4.442291922568549 -1.604995878286669 1.0
vehicle.car 0 0 0 0 0 0 0 4.672 2.18 1.973 1.0920358630979445 -33.47863823646416 -18.9753563367757 -0.0390404775916906 1.0
vehicle.car 0 0 0 0 0 0 0 4.657 1.648 2.34 1.23888839135997 -40.42909671224121 -21.0478445300936 -0.05001343447663231 1.0
vehicle.car 0 0 0 0 0 0 0 5.085 1.621 2.252 1.41294493905718 -38.29663550482595 -10.210813639804822 -3.092961533128241 1.0
vehicle.motorcycle 0 0 0 0 0 0 0 2.147 1.311 0.65 1.8297474065906392 -45.65731163634658 -2.19603200897285 -1.5743353809139533 1.0
vehicle.car 0 0 0 0 0 0 0 4.586 1.767 2.364 1.2915012030358102 -24.923645614908153 -16.838992411016207 -3.1044274061240156 1.0
vehicle.motorcycle 0 0 0 0 0 0 0 3.097 1.764 1.165 0.5362432221500346 23.118477129245566 -3.81556515019172 2.0642567437200317 1.0
vehicle.car 0 0 0 0 0 0 0 4.66 1.732 2.101 1.469756723302413 -43.211855137551304 -21.04532269112973 -3.0986333880895165 1.0
human.pedestrian.adult 0 0 0 0 0 0 0 0.752 2.0 0.771 1.0215683794080457 7.069350318294758 41.77812267057753 3.0818360777858658 1.0
vehicle.car 0 0 0 0 0 0 0 5.274 1.9 2.137 0.5665847162680497 23.928782296784835 0.5180350770089803 1.2807259634093722 1.0
