movable_object.barrier 0 0 0 0 0 0 0 0.703 1.036 2.089 0.654002422459349 33.47696298268214 -5.4992981647374535 -0.02949280694520162 1.0
vehicle.car 0 0 0 0 0 0 0 4.749 1.464 2.106 0.5760137558113003 7.869175635559024 -19.59617352605047 -2.377756486148556 1.0
movable_object.barrier 0 0 0 0 0 0 0 0.583 0.965 2.03 1.1617951681669283 1.0204613767168356 -6.823160328779042 -1.3677248782262748 1.0
vehicle.car 0 0 0 0 0 0 0 4.536 1.829 1.715 0.8063502671972625 5.813773050122418 -9.897324300327703 -2.915639002473279 1.0
vehicle.truck 0 0 0 0 0 0 0 4.67 2.239 1.918 0.12503960452322088 19.93156912403672 -16.639813662299133 1.5320954063593444 1.0
human.pedestrian.adult 0 0 0 0 0 0 0 0.576 1.752 0.663 1.027553613899693 -4.821009242215867 2.3613537146125103 -2.7188899754026927 1.0
vehicle.car 0 0 0 0 0 0 0 4.861 1.959 1.8 -0.34947338727911414 48.98936973356185 -3.4335675205037814 -1.5423313152632607 1.0
movable_object.barrier 0 0 0 0 0 0 0 0.74 1.031 2.006 0.7409916135161092 29.141636839596792 -5.43307797355302 -0.028627513147668537 1.0
vehicle.construction 0 0 0 0 0 0 0 2.051 2.341 2.158 -0.8666081231476277 51.00012818143459 -8.514181078851575 -1.8790107577671655 1.0
movable_object.trafficcone 0 0 0 0 0 0 0 0.385 0.825 0.37 0.9985111120873448 13.494711222144897 -7.703852165273386 1.2214532196307495 1.0
movable_object.barrier 0 0 0 0 0 0 0 0.75 1.01 2.089 0.7081649245234397 31.31341018496647 -5.512852310478526 -0.03133935384363795 1.0
vehicle.car 0 0 0 0 0 0 0 3.863 1.728 1.631 0.735311539094655 1.4980769665162965 -22.672920991404617 -1.582484958713617 1.0
human.pedestrian.adult 0 0 0 0 0 0 0 0.735 1.765 0.654 0.7550764697345199 3.5674207650270793 11.107515056566738 -1.527008495724699 1.0
movable_object.barrier 0 0 0 0 0 0 0 0.749 1.013 2.136 0.8238503247700497 24.935617081757332 -5.356669658339051 -0.11495795301646972 1.0
vehicle.motorcycle 0 0 0 0 0 0 0 2.342 1.77 0.89 1.5660485897411245 -26.93951354668368 -1.7580424176176204 -1.618074706548727 1.0
movable_object.trafficcone 0 0 0 0 0 0 0 0.45 0.76 0.457 1.0339525224156532 23.08798575246268 -5.238654669657887 1.1731084954014817 1.0
vehicle.bicycle 0 0 0 0 0 0 0 1.429 0.881 0.431 1.0037210403462704 20.004529505223747 12.271115563810435 -1.8694836300872009 1.0
vehicle.bicycle 0 0 0 0 0 0 0 1.576 1.103 0.565 0.8507407614991372 20.044166992055555 9.492069881580356 1.385095015589087 1.0
