human.pedestrian.adult 0 0 0 0 0 0 0 0.445 1.711 0.444 -2.036585935344649 25.917816699507146 -39.87699062855523 -0.3351857968959937 1.0
movable_object.barrier 0 0 0 0 0 0 0 0.649 1.082 2.353 1.5414913666924528 -10.544930107591686 1.7641244393923963 -3.064960573068296 1.0
human.pedestrian.adult 0 0 0 0 0 0 0 0.704 1.752 0.659 0.9073916596777143 10.029210305819959 6.3973324868237444 -0.6062166421473627 1.0
human.pedestrian.adult 0 0 0 0 0 0 0 0.616 1.612 0.504 1.2384815365051476 11.261361499476843 24.46767218837433 -1.8484343190167616 1.0
movable_object.barrier 0 0 0 0 0 0 0 0.699 1.117 2.272 1.5668042884193971 -26.049053830843256 -7.066077700428861 -1.6148099139308103 1.0
human.pedestrian.adult 0 0 0 0 0 0 0 0.689 1.764 0.734 0.4951271098853068 11.892792914118592 -5.127709673751322 -1.549285717705911 1.0
human.pedestrian.adult 0 0 0 0 0 0 0 0.612 1.676 0.649 0.43202728007674396 13.173827844041078 -4.935860983902815 1.7340513280914038 1.0
vehicle.construction 0 0 0 0 0 0 0 8.84 3.012 2.736 1.1014530262483013 -48.13635293079237 4.210517781904455 -1.5464588608846146 1.0
human.pedestrian.adult 0 0 0 0 0 0 0 0.7 1.585 0.568 0.8576405594200144 19.69491634756614 9.672802612252742 2.8719337184655664 1.0
movable_object.trafficcone 0 0 0 0 0 0 0 0.4 0.791 0.429 1.4989499395057344 -4.00111766791785 3.0397199792647727 3.113515414832275 1.0
movable_object.barrier 0 0 0 0 0 0 0 0.712 0.919 2.35 1.5215039641226986 -15.298729569606877 1.560917208512118 -3.0998636776669173 1.0
movable_object.barrier 0 0 0 0 0 0 0 0.624 0.935 2.242 1.444835486787528 -10.24096330786548 3.0908572028168786 -3.1215908616946075 1.0
vehicle.car 0 0 0 0 0 0 0 4.416 1.759 1.944 1.3852756879291928 -20.655437090019156 -3.3450195417450526 -1.549285717705911 1.0
movable_object.barrier 0 0 0 0 0 0 0 0.678 1.03 1.972 -0.22295203547211062 59.57736560340792 -6.576976309291722 -0.14174805528676693 1.0
movable_object.barrier 0 0 0 0 0 0 0 0.579 0.983 2.12 1.380016320619596 -5.878448304180804 3.0008165546461125 3.1266913378451004 1.0
movable_object.barrier 0 0 0 0 0 0 0 0.705 0.993 2.352 1.5424117786602123 -12.914832880331991 1.6017637280134887 -3.1173152310492194 1.0
movable_object.barrier 0 0 0 0 0 0 0 0.617 0.999 2.123 1.3586244330244144 -5.998072352010969 1.8596086531987608 3.096063861565323 1.0
movable_object.barrier 0 0 0 0 0 0 0 0.624 1.026 2.302 1.5953586151493437 -14.843401837876273 2.9504992130151875 -3.0981708770189496 1.0
human.pedestrian.adult 0 0 0 0 0 0 0 0.772 1.669 0.839 1.0682921875289793 -20.757494677850225 -7.995154347236238 -2.9004797911954014 1.0
human.pedestrian.adult 0 0 0 0 0 0 0 0.674 1.634 0.58 1.0038157668117216 -18.370371957483474 -10.245526962844671 -2.172077619739011 1.0
movable_object.barrier 0 0 0 0 0 0 0 0.608 1.083 2.19 1.8270390892058055 -24.37641947348603 2.6333668792905485 -3.100212708728872 1.0
movable_object.barrier 0 0 0 0 0 0 0 0.583 1.027 2.209 0.9442083228871773 14.857573839814693 2.688262506774792 -3.098048716147929 1.0
movable_object.barrier 0 0 0 0 0 0 0 0.673 1.087 2.352 1.8017580665927266 -22.05282715357592 2.7145863397076218 -3.100212708728872 1.0
movable_object.trafficcone 0 0 0 0 0 0 0 0.337 0.734 0.367 0.9392060568087242 20.939883574060204 2.381542318271299 3.140373356049688 1.0
movable_object.barrier 0 0 0 0 0 0 0 0.653 0.989 2.37 1.644852483429216 -20.19040309081357 1.4539157846394513 -3.1173152310492194 1.0
movable_object.barrier 0 0 0 0 0 0 0 0.581 1.036 2.209 0.9744156957747433 14.85826236695431 3.347683495638206 -3.098048716147929 1.0
human.pedestrian.adult 0 0 0 0 0 0 0 0.575 1.651 0.593 -1.839651663501559 23.434389180018606 -36.64723744169717 -0.672624365082644 1.0
movable_object.barrier 0 0 0 0 0 0 0 0.67 1.119 2.349 1.7280183563277551 -19.641171461518585 2.786996823048952 -3.100212708728872 1.0
movable_object.barrier 0 0 0 0 0 0 0 0.667 1.018 2.366 1.610329713769441 -17.763797701648958 1.5022734484793459 -3.0998636776669173 1.0
movable_object.barrier 0 0 0 0 0 0 0 0.597 0.982 2.346 1.3987992261338253 -8.232052847617114 1.9058485845318411 -3.1347667847999467 1.0
movable_object.barrier 0 0 0 0 0 0 0 0.628 1.026 2.353 1.7171380849956641 -22.65549350644388 1.4549329247417038 -3.124906656901084 1.0
movable_object.barrier 0 0 0 0 0 0 0 0.663 1.132 2.211 1.5857390500466195 -12.494518208750543 3.031980258615615 -3.0807193243457185 1.0
vehicle.car 0 0 0 0 0 0 0 4.411 1.775 2.053 2.8110568701980925 -60.06883472165381 22.327746985276416 -0.10614583342881723 1.0
movable_object.barrier 0 0 0 0 0 0 0 0.704 1.136 2.344 1.7179259316813673 -17.210442190505137 2.8548006135218387 -3.100212708728872 1.0
vehicle.car 0 0 0 0 0 0 0 4.244 1.66 2.0 2.155381056243791 -46.82368385215299 7.333138731935651 1.5872436672968329 1.0
vehicle.truck 0 0 0 0 0 0 0 7.213 2.997 2.391 0.4455816243345663 21.828852422933494 24.067373160214995 -3.1141914029607927 1.0
human.pedestrian.adult 0 0 0 0 0 0 0 0.581 1.664 0.569 0.4594346320269286 13.21699015925565 -5.871963463124229 1.3360949495822672 1.0
movable_object.barrier 0 0 0 0 0 0 0 0.526 1.063 1.984 0.346715766206215 39.850293249129024 -6.5973950451707015 1.5454513987262297 1.0
human.pedestrian.adult 0 0 0 0 0 0 0 0.594 1.931 0.592 2.650444933376688 -53.14743063093071 19.258176947197537 2.4019493114791226 1.0
movable_object.barrier 0 0 0 0 0 0 0 0.556 1.053 2.135 1.4846085219654785 -8.027274588908629 3.0297314207337713 -3.139042415495199 1.0
