movable_object.barrier 0 0 0 0 0 0 0 0.426 1.571 2.043 1.6963203965176687 -19.952804781505023 1.7894494950972135 -0.05780188402436259 1.0
movable_object.barrier 0 0 0 0 0 0 0 0.46 0.908 2.225 1.066349222580568 -6.956401992519686 -4.594961352151119 -0.04804235970008364 1.0
movable_object.barrier 0 0 0 0 0 0 0 0.388 1.518 1.877 1.687312313349918 -17.971812193931306 1.9015798764210055 -0.06997047149880942 1.0
movable_object.barrier 0 0 0 0 0 0 0 0.458 1.138 2.095 1.1190205591533253 -4.6903898556087364 -4.545882582036324 -0.056254716150233364 1.0
movable_object.barrier 0 0 0 0 0 0 0 0.378 1.616 2.098 1.6009662674229141 -15.951380339680847 2.002557510987207 -0.05780188402436259 1.0
movable_object.barrier 0 0 0 0 0 0 0 0.571 1.048 2.048 1.8741985060102788 -33.64910529080789 -3.636010276851689 -0.12050359989313719 1.0
movable_object.barrier 0 0 0 0 0 0 0 0.483 1.071 2.14 1.250952032047225 -7.470223563779971 -2.1018133028679755 3.1260991002548852 1.0
movable_object.barrier 0 0 0 0 0 0 0 0.617 1.11 2.145 1.175508647361812 -5.249858900809444 -2.2236495008507524 3.108650298069243 1.0
movable_object.barrier 0 0 0 0 0 0 0 0.496 1.02 2.229 1.2673033196400192 -10.255695211002694 -3.3784077325569326 -1.6518848917873479 1.0
movable_object.barrier 0 0 0 0 0 0 0 0.427 1.658 1.864 1.7806501771737442 -21.93417433768585 1.7572909824656808 -0.05284413635991214 1.0
movable_object.trafficcone 0 0 0 0 0 0 0 0.336 0.982 0.271 1.1784491793683969 -2.9447786585883806 -4.741391630258291 1.609391282240253 1.0
movable_object.barrier 0 0 0 0 0 0 0 0.322 1.069 1.935 1.872690775748516 -23.536337214988453 8.012757922895268 -0.0706430994200673 1.0
human.pedestrian.adult 0 0 0 0 0 0 0 0.77 1.766 0.773 1.286270086129452 -16.00041578037822 2.66042591654787 2.5593663640292164 1.0
movable_object.barrier 0 0 0 0 0 0 0 0.323 1.032 2.107 1.2200107667363445 -3.9035480855207094 -2.940082156448838 1.5851433670843766 1.0
movable_object.debris 0 0 0 0 0 0 0 0.853 1.491 1.125 2.4234880317055776 -42.3802128942612 2.468726739095871 1.7362522890315981 1.0
vehicle.construction 0 0 0 0 0 0 0 8.951 3.367 2.894 0.2694300276976348 -0.17001738223170645 3.677004418938121 -1.633518886388102 1.0
vehicle.construction 0 0 0 0 0 0 0 6.987 4.31 3.026 0.23045551307568019 -17.36217740572925 3.856514066747713 -1.5391967815190029 1.0
movable_object.barrier 0 0 0 0 0 0 0 0.614 0.989 1.943 1.7289406585963123 -36.638828160670656 -5.076241271929827 1.8130487956313308 1.0
movable_object.barrier 0 0 0 0 0 0 0 0.409 0.944 2.125 1.1035280295890693 -9.219061440140964 -4.722460216457095 -0.04743113787365516 1.0
movable_object.barrier 0 0 0 0 0 0 0 0.451 0.997 2.083 1.1025383297526077 -3.4368816541080784 -4.022410973556536 1.5851433670843766 1.0
human.pedestrian.adult 0 0 0 0 0 0 0 0.572 2.0 0.543 0.9371589770837815 -3.266097637917583 2.9527046878159973 2.285628335594467 1.0
vehicle.truck 0 0 0 0 0 0 0 6.657 3.157 2.486 1.7386084641877928 -60.925829522367344 4.404184530241477 1.7670264700109586 1.0
movable_object.barrier 0 0 0 0 0 0 0 0.261 1.053 2.073 1.7855639658942413 -21.17065155762386 8.096066323097954 -0.0706430994200673 1.0
human.pedestrian.adult 0 0 0 0 0 0 0 0.553 2.0 0.67 1.1661347820310575 -12.366311056914666 2.7679729648928326 -1.950377111531889 1.0
movable_object.trafficcone 0 0 0 0 0 0 0 0.432 0.741 0.352 1.6084088954102704 -5.820430128433719 1.9715023258947966 -1.445540378015001 1.0
movable_object.barrier 0 0 0 0 0 0 0 0.646 1.071 2.162 1.256885222776726 -9.561433712158326 -2.0490599847948645 -3.139637404132028 1.0
vehicle.construction 0 0 0 0 0 0 0 6.175 3.219 2.238 0.23035940007807043 -12.82731985551489 6.863655731190001 -1.5793940476545192 1.0
movable_object.trafficcone 0 0 0 0 0 0 0 0.347 0.694 0.325 1.757624967204779 -11.202062753368855 1.8464469215635921 -1.3485102138739684 1.0
