movable_object.barrier 0 0 0 0 0 0 0 2.058 1.093 0.555 0.6524564525732335 7.246733349102669 -5.534107284872126 1.5222537926197521 1.0
movable_object.barrier 0 0 0 0 0 0 0 2.05 1.101 0.512 1.5241929802482514 -16.67913414024829 -5.495723586078044 1.5693418474063634 1.0
movable_object.barrier 0 0 0 0 0 0 0 1.891 1.157 0.651 0.9065061075530445 1.2110438036178983 -5.5022092703426795 1.516002478996647 1.0
vehicle.construction 0 0 0 0 0 0 0 5.792 3.152 2.011 -0.39981950733040483 -30.87546462867237 -16.522830124562123 -1.7504804956237479 1.0
movable_object.barrier 0 0 0 0 0 0 0 2.128 1.017 0.503 0.0883759110563192 15.004316057444996 -10.713635995663191 3.10706090526058 1.0
movable_object.barrier 0 0 0 0 0 0 0 1.899 1.127 0.541 1.3853023233263924 -14.641951922129634 -5.408867408400771 1.5693418474063634 1.0
movable_object.barrier 0 0 0 0 0 0 0 1.934 1.045 0.485 1.1902210475184856 -8.80257543335782 -5.561417459887049 1.5693418474063634 1.0
vehicle.construction 0 0 0 0 0 0 0 7.505 4.435 3.078 -1.4010354627940602 -22.756846231589222 -14.356715646269803 -1.7307602439089251 1.0
movable_object.barrier 0 0 0 0 0 0 0 1.985 1.095 0.63 0.8152481628695376 2.9889539048840845 -5.46429279176138 1.5395629326325784 1.0
movable_object.barrier 0 0 0 0 0 0 0 2.043 1.091 0.521 1.3895906148419535 -12.684921482147887 -5.572459790683322 1.5693418474063634 1.0
movable_object.barrier 0 0 0 0 0 0 0 2.021 1.014 0.437 0.5476434496927384 9.842452083337175 -5.505480598522874 1.5570817475212806 1.0
movable_object.barrier 0 0 0 0 0 0 0 1.892 1.214 0.488 1.9817306545713649 -27.72519267916702 -5.491846556878505 1.6019615683015447 1.0
movable_object.barrier 0 0 0 0 0 0 0 1.979 1.159 0.521 1.000956090201587 -0.7945957474908297 -5.604430558759251 1.5334158428680462 1.0
movable_object.barrier 0 0 0 0 0 0 0 2.134 1.108 0.513 1.311557511737615 -10.73929011960343 -5.601861081527364 1.5693418474063634 1.0
movable_object.barrier 0 0 0 0 0 0 0 1.903 1.1 0.38 1.572145737250312 -18.749508398903384 -5.465146434571232 1.5693418474063634 1.0
movable_object.barrier 0 0 0 0 0 0 0 2.041 0.983 0.503 2.3443916357169705 -29.920172400371673 -5.483477790257213 1.6223217123474933 1.0
movable_object.barrier 0 0 0 0 0 0 0 2.022 1.073 0.571 0.49762762259667087 11.558071682060554 -5.382282345628974 1.5694985838061415 1.0
human.pedestrian.adult 0 0 0 0 0 0 0 0.449 1.671 0.485 2.365273941996942 -24.086554524827438 18.183897505947648 1.5760641450221975 1.0
movable_object.barrier 0 0 0 0 0 0 0 2.012 0.97 0.553 -0.07470132529105128 15.048277661787598 -12.693906227810592 -3.141255885880488 1.0
movable_object.barrier 0 0 0 0 0 0 0 2.018 1.049 0.494 -0.22018705726512064 14.53361195046476 -16.931782949398862 -2.680425216097346 1.0
human.pedestrian.adult 0 0 0 0 0 0 0 0.553 1.812 0.531 -1.4610166121184687 37.46798532588506 -5.918936546556026 -2.122487856421695 1.0
movable_object.barrier 0 0 0 0 0 0 0 1.954 1.003 0.529 0.40284477638201177 14.673536272489299 -6.755765726616269 3.089626654395482 1.0
vehicle.car 0 0 0 0 0 0 0 4.65 2.0 1.785 -0.7793724887609993 26.75593540469665 -6.360348797244488 0.23289979910554104 1.0
vehicle.car 0 0 0 0 0 0 0 4.713 1.877 2.091 -0.6192241160720245 31.19433807587374 8.200493596903303 -1.7465259438287344 1.0
vehicle.truck 0 0 0 0 0 0 0 6.339 2.933 2.32 4.44334872108227 -79.56109466835417 17.761577631012834 -1.4707724887682785 1.0
movable_object.barrier 0 0 0 0 0 0 0 2.168 1.001 0.509 0.13973959131226343 13.503498037403851 -5.46671251203309 1.47853147252152 1.0
movable_object.barrier 0 0 0 0 0 0 0 1.937 1.179 0.537 1.050385858775911 -2.733217024931324 -5.670227523994879 1.5453095835731139 1.0
movable_object.barrier 0 0 0 0 0 0 0 1.946 1.129 0.481 1.142321983417435 -6.720439919354576 -5.555639831932157 1.5693418474063634 1.0
movable_object.barrier 0 0 0 0 0 0 0 1.895 0.989 0.512 0.21081887538203542 14.794866300134162 -8.735716755742196 3.0547581814740274 1.0
human.pedestrian.construction_worker 0 0 0 0 0 0 0 0.48 2.0 0.739 0.33832836454478527 8.562818577322139 -6.151356194449074 1.5428541869877828 1.0
human.pedestrian.construction_worker 0 0 0 0 0 0 0 0.641 1.638 0.574 0.22843660253179107 6.705875236000619 -7.029923339158985 1.5428541869877828 1.0
movable_object.barrier 0 0 0 0 0 0 0 2.027 0.98 0.468 0.47920545118903884 10.952363616090466 -3.9118050889469647 1.5997007562623047 1.0
movable_object.barrier 0 0 0 0 0 0 0 2.206 1.088 0.581 1.105839175168391 -4.955302053918722 -5.637287371435145 1.568122788500106 1.0
movable_object.barrier 0 0 0 0 0 0 0 1.686 1.11 0.569 0.7623193325310423 4.9488214530516625 -5.452015472890236 1.5395629326325784 1.0
human.pedestrian.child 0 0 0 0 0 0 0 0.828 1.369 0.491 3.2964339370280964 -37.53873295339966 19.12271516103765 1.6167018344707884 1.0
movable_object.barrier 0 0 0 0 0 0 0 2.019 1.016 0.499 -0.12899332555639725 15.088544228937383 -15.140755626992535 3.131364259907757 1.0
