movable_object.barrier 0 0 0 0 0 0 0 2.058 1.093 0.555 0.4388442049278792 16.61960054817598 -5.4863563233785335 1.5199776907174556 1.0
movable_object.barrier 0 0 0 0 0 0 0 1.893 1.15 0.508 1.8058185567600167 -24.9693378658375 -5.149548192797625 1.6200941357789542 1.0
vehicle.truck 0 0 0 0 0 0 0 4.721 2.0 1.852 3.000108533896435 -55.20939815698565 15.68929894513784 -1.5605233756069135 1.0
movable_object.barrier 0 0 0 0 0 0 0 1.881 1.133 0.587 1.5091003872594921 -15.319229050088728 -5.325727567570279 1.5937479079788304 1.0
movable_object.barrier 0 0 0 0 0 0 0 2.206 1.088 0.581 0.8407296385833362 4.535061999802239 -5.611164861090841 1.5658695299328809 1.0
movable_object.barrier 0 0 0 0 0 0 0 0.948 1.188 0.923 2.928588765102777 -45.276000920770926 14.57148622816182 -1.5440352539412343 1.0
movable_object.barrier 0 0 0 0 0 0 0 1.899 1.127 0.541 1.1518541930076602 -5.26218544549068 -5.404201078425273 1.5670891815945591 1.0
movable_object.barrier 0 0 0 0 0 0 0 1.937 1.179 0.537 0.8207050510287022 6.161325734842462 -5.654963034416951 1.5430450973727243 1.0
vehicle.construction 0 0 0 0 0 0 0 7.505 4.435 3.078 -1.5281137316119957 -13.35159844900456 -14.302260596184801 -1.7408227770190425 1.0
movable_object.barrier 0 0 0 0 0 0 0 2.019 1.016 0.499 -0.19496354512772368 24.48454525307849 -15.084037633194644 3.129596431300855 1.0
movable_object.barrier 0 0 0 0 0 0 0 2.043 1.091 0.521 1.066944967289029 -3.228307609465562 -5.560896233148397 1.5670891815945591 1.0
movable_object.barrier 0 0 0 0 0 0 0 2.05 1.101 0.512 1.1767235233672924 -7.308247916676344 -5.492268554901004 1.5670891815945591 1.0
vehicle.truck 0 0 0 0 0 0 0 5.086 2.0 1.804 3.343798281406559 -62.01857133513954 15.617842753195989 -1.5665112540958797 1.0
movable_object.barrier 0 0 0 0 0 0 0 1.773 1.188 0.555 1.602861595506695 -18.276449052240988 -5.342718585748235 1.5937479079788304 1.0
movable_object.barrier 0 0 0 0 0 0 0 1.985 1.095 0.63 0.5718944847485887 12.304626066251956 -5.467652222636866 1.5372955769800924 1.0
movable_object.barrier 0 0 0 0 0 0 0 1.903 1.1 0.38 1.2582257970660096 -9.374956454873391 -5.466632690855153 1.5670891815945591 1.0
human.pedestrian.adult 0 0 0 0 0 0 0 0.449 1.671 0.485 1.6619248746851947 -16.47494179053142 18.31751953890007 1.626088402388591 1.0
movable_object.barrier 0 0 0 0 0 0 0 2.022 1.073 0.571 0.2576377277177305 21.02425922681545 -5.297073103562955 1.5672459941536534 1.0
vehicle.construction 0 0 0 0 0 0 0 5.792 3.152 2.011 -0.575904947645391 -21.101155618091163 -16.516859231331775 -1.7518373506474303 1.0
movable_object.barrier 0 0 0 0 0 0 0 2.111 1.086 0.536 1.3101355138022144 -11.213699128624704 -5.446814491282653 1.5670891815945591 1.0
movable_object.barrier 0 0 0 0 0 0 0 1.944 1.056 0.54 1.3697798085165052 -13.309538486916713 -5.301714724423907 1.5763237693865797 1.0
human.pedestrian.construction_worker 0 0 0 0 0 0 0 1.202 2.566 0.52 0.7028362266629331 -13.872795111981908 -7.553944560152117 1.5082875644559053 1.0
movable_object.barrier 0 0 0 0 0 0 0 1.891 1.157 0.651 0.7095873107223549 10.406849068666105 -5.529370559530549 1.5485681773427409 1.0
movable_object.barrier 0 0 0 0 0 0 0 2.012 0.97 0.553 -0.1261479274648757 24.442443823885874 -12.637543635567521 3.140164170930647 1.0
movable_object.barrier 0 0 0 0 0 0 0 1.934 1.045 0.485 0.9538185881022354 0.5748069507733317 -5.545082820131839 1.5670891815945591 1.0
vehicle.car 0 0 0 0 0 0 0 4.713 1.877 2.091 -0.911195022380053 41.4248968494397 8.66260796702974 -1.713025588342477 1.0
movable_object.barrier 0 0 0 0 0 0 0 2.027 0.98 0.468 -0.2275447794976831 20.28246602918635 -3.8502272974581317 1.5974626245963517 1.0
movable_object.barrier 0 0 0 0 0 0 0 2.168 1.001 0.509 0.21398606908642803 23.00423295489505 -5.404644330260739 1.476232554420891 1.0
movable_object.barrier 0 0 0 0 0 0 0 1.954 1.003 0.529 0.16388701401084893 24.04273498313824 -6.69251995391981 3.087848638543134 1.0
movable_object.barrier 0 0 0 0 0 0 0 2.128 1.017 0.503 -0.038030039479811484 24.344582153328716 -10.6564658149726 3.1052871454065443 1.0
movable_object.barrier 0 0 0 0 0 0 0 1.946 1.129 0.481 0.8727794423588064 2.653107231145178 -5.481195407730293 1.5670891815945591 1.0
movable_object.barrier 0 0 0 0 0 0 0 1.979 1.159 0.521 0.739334415932954 8.419750570862 -5.577657925956596 1.565991494940631 1.0
movable_object.barrier 0 0 0 0 0 0 0 2.134 1.108 0.513 1.06090229296833 -1.3626877468369274 -5.5883191114193576 1.5670891815945591 1.0
human.pedestrian.construction_worker 0 0 0 0 0 0 0 0.641 1.638 0.574 0.053152915078129304 15.827390127114809 -6.981344911193221 1.5405884768078177 1.0
movable_object.barrier 0 0 0 0 0 0 0 1.895 0.989 0.512 0.10285476605421828 24.152202467623965 -8.678033221201087 3.0529716478784756 1.0
movable_object.barrier 0 0 0 0 0 0 0 1.892 1.214 0.488 1.66799672348976 -20.44265247956987 -5.531273953030293 1.599724501866186 1.0
vehicle.truck 0 0 0 0 0 0 0 4.728 1.977 1.821 2.797902573756499 -49.65379194972482 15.684892185664282 -1.5024483623777973 1.0
movable_object.barrier 0 0 0 0 0 0 0 2.053 1.125 0.55 1.5336149863396515 -17.222646414264748 -5.339415963573595 1.5937479079788304 1.0
human.pedestrian.child 0 0 0 0 0 0 0 0.828 1.369 0.491 2.210320029001878 -29.768454290660973 19.116898149836548 1.6609398537613789 1.0
vehicle.car 0 0 0 0 0 0 0 4.504 1.803 1.934 -0.6961665520456104 28.149429926387604 -19.29182908206663 -2.959771839627038 1.0
vehicle.car 0 0 0 0 0 0 0 4.65 2.0 1.785 -0.7795638392085588 36.14776755513639 -6.124192655242338 -0.21087605483661775 1.0
