movable_object.barrier 0 0 0 0 0 0 0 0.676 1.028 2.175 1.5964671491109403 -22.97669161777482 2.088742084482987 3.081807800169262 1.0
movable_object.barrier 0 0 0 0 0 0 0 0.661 0.998 2.23 1.5043095590167987 -18.761274988715133 1.850719770331737 3.09048207557107 1.0
vehicle.car 0 0 0 0 0 0 0 4.117 1.62 2.007 0.6550794117944276 50.8276604186097 9.422558254623425 1.447379556150226 1.0
movable_object.barrier 0 0 0 0 0 0 0 0.52 1.273 2.291 1.932241559450049 -21.228534722694963 11.684008366121331 3.082874195003132 1.0
vehicle.car 0 0 0 0 0 0 0 4.448 1.637 1.775 0.333006439998027 13.70277585793939 -14.739429584909354 -0.5290260382220033 1.0
movable_object.barrier 0 0 0 0 0 0 0 0.646 1.058 2.208 1.711402599839607 -27.01641098268963 2.275008815005006 3.0992610705984998 1.0
human.pedestrian.construction_worker 0 0 0 0 0 0 0 0.67 1.799 1.168 1.3553829044322017 -43.63325104958354 5.261262348740539 1.4583925521655363 1.0
vehicle.bus.rigid 0 0 0 0 0 0 0 15.831 3.116 2.589 -0.20725126124430904 -13.83500159981132 -60.39322979150369 3.0563958384539314 1.0
vehicle.construction 0 0 0 0 0 0 0 3.833 2.637 2.737 0.7448589788835693 -44.295869095331284 7.87177089340808 1.5631992914167387 1.0
movable_object.barrier 0 0 0 0 0 0 0 0.591 1.044 2.235 1.6235520552504563 -25.411586749438726 -6.359476373017872 -1.6513355544502168 1.0
movable_object.barrier 0 0 0 0 0 0 0 0.475 0.976 2.172 1.3271066103632132 -4.587530259687566 13.710577672994408 2.988956401763218 1.0
movable_object.barrier 0 0 0 0 0 0 0 0.682 1.009 2.242 1.5774784492254237 -20.881094106782353 1.996891656076071 3.09048207557107 1.0
movable_object.barrier 0 0 0 0 0 0 0 0.453 1.138 1.715 1.6837275071337128 -23.94491975954388 11.868103714743091 3.082874195003132 1.0
vehicle.car 0 0 0 0 0 0 0 4.745 1.833 2.067 1.6827959563279706 -51.106737557246 11.24254232155855 1.5359722254588313 1.0
movable_object.barrier 0 0 0 0 0 0 0 0.565 1.007 2.274 1.7306425676213095 -26.679910016639067 -5.200174120782462 -0.018435337579109756 1.0
movable_object.barrier 0 0 0 0 0 0 0 0.651 1.028 2.21 1.8107223944984412 -35.32268735029049 2.765762809814385 3.0653028241133464 1.0
movable_object.barrier 0 0 0 0 0 0 0 0.549 1.117 2.081 1.7487627635815042 -19.29482245334397 11.73655730357925 -3.1130447599813937 1.0
movable_object.barrier 0 0 0 0 0 0 0 0.594 1.073 2.062 1.8321271726089026 -29.435385605116167 12.048304541298343 -0.02963974134083358 1.0
movable_object.barrier 0 0 0 0 0 0 0 0.407 1.074 2.041 1.7455209273598113 -25.594334346333 11.945136786239608 -0.04702953705988122 1.0
movable_object.barrier 0 0 0 0 0 0 0 0.661 1.31 2.095 1.7441888900693296 -17.99744867873608 13.272272566458668 -1.5063051668563867 1.0
movable_object.trafficcone 0 0 0 0 0 0 0 0.324 0.775 0.347 1.635282646127034 -16.987597384425918 5.18977185235972 3.032467404748944 1.0
movable_object.barrier 0 0 0 0 0 0 0 0.528 1.008 2.22 1.6914622912532684 -28.096789566067706 -6.038485666900427 1.4630176615298671 1.0
vehicle.car 0 0 0 0 0 0 0 4.201 1.634 1.84 1.1666427779514326 -5.366096027961079 -4.535548291246867 -1.8589420239033956 1.0
movable_object.barrier 0 0 0 0 0 0 0 0.529 1.061 2.108 1.1299998147829466 -3.2697639260763878 14.764188987064834 -1.7433491058075434 1.0
movable_object.barrier 0 0 0 0 0 0 0 0.534 1.053 2.323 1.7267214973335157 -26.949095284396975 -7.416271798419884 3.107080135755223 1.0
vehicle.truck 0 0 0 0 0 0 0 8.36 2.96 2.336 -0.13802508761309662 56.62813316858705 4.943910453133426 1.4343245312896684 1.0
human.pedestrian.adult 0 0 0 0 0 0 0 0.55 1.682 0.583 0.5756340326125893 0.37079390397645995 -14.364672289435301 -2.6884782585063363 1.0
movable_object.barrier 0 0 0 0 0 0 0 0.516 0.954 2.246 1.340401399281368 -5.759111046356773 14.944788233999034 1.4357382438477453 1.0
