movable_object.barrier 0 0 0 0 0 0 0 0.54 0.994 1.935 1.199470158540034 -15.073193617830464 -9.46896655840032 -0.21411838524348603 1.0
movable_object.barrier 0 0 0 0 0 0 0 0.531 0.961 2.187 1.2166225273859315 -17.014784950192833 -9.212580337362319 -0.3968088003818764 1.0
movable_object.barrier 0 0 0 0 0 0 0 0.464 0.94 1.982 0.7947360537614535 22.598354892058882 5.403463780030701 -0.040930139061043036 1.0
vehicle.construction 0 0 0 0 0 0 0 3.833 2.637 2.737 -0.6882128122604932 54.495822507600664 8.453895778326146 1.7046468760051283 1.0
movable_object.barrier 0 0 0 0 0 0 0 0.629 0.843 1.965 1.4150340229237346 10.561719234510095 5.043432563498115 3.120257388319673 1.0
movable_object.barrier 0 0 0 0 0 0 0 0.612 1.081 2.024 1.0283851697320001 14.555648604031031 5.2783811868264765 3.137708222579759 1.0
movable_object.barrier 0 0 0 0 0 0 0 0.538 1.116 2.094 1.2137827475167942 -13.104173473200085 -9.024169054094626 -0.23137123811198634 1.0
movable_object.trafficcone 0 0 0 0 0 0 0 0.332 0.809 0.34 1.2400344382627853 3.2150450720972223 2.586415897558597 3.1150840885737825 1.0
human.pedestrian.construction_worker 0 0 0 0 0 0 0 0.62 1.772 0.549 0.3095946362675852 32.61162745974372 6.4014914801880485 3.12576399903889 1.0
movable_object.trafficcone 0 0 0 0 0 0 0 0.29 0.679 0.276 1.4032967310396351 2.616340796277941 1.9918466300438706 2.5915610715948905 1.0
movable_object.barrier 0 0 0 0 0 0 0 0.607 1.031 2.228 1.1252358388291614 7.884239914792064 1.7450653151496092 -3.133199550084611 1.0
movable_object.trafficcone 0 0 0 0 0 0 0 0.324 0.697 0.36 1.3754250046926426 3.658325003810992 2.023168796668074 -3.028494560841658 1.0
movable_object.barrier 0 0 0 0 0 0 0 0.489 0.95 1.922 1.0314934089302297 17.09388669105356 5.121675244255159 -3.120006719408705 1.0
movable_object.barrier 0 0 0 0 0 0 0 0.516 1.031 2.212 0.7290328712881041 25.988014506343344 2.1667129723378 -3.129308014034603 1.0
human.pedestrian.construction_worker 0 0 0 0 0 0 0 0.698 1.685 0.834 0.6532771152582719 4.426380799582313 2.4905848002106064 1.6774265884013104 1.0
movable_object.barrier 0 0 0 0 0 0 0 0.591 1.05 2.23 1.0626176040390218 12.060933659831688 1.866091414894699 -3.1188026118592997 1.0
movable_object.barrier 0 0 0 0 0 0 0 0.478 0.891 1.808 0.8499839485576385 19.082104944234725 5.038986106439245 -3.120006719408705 1.0
movable_object.trafficcone 0 0 0 0 0 0 0 0.459 0.968 0.417 2.813467827790621 -8.67573607446154 22.454501086961283 -2.927159409997186 1.0
movable_object.barrier 0 0 0 0 0 0 0 0.601 1.032 2.165 0.537765486554975 38.351925713733024 2.657669633688425 -3.0913175490808698 1.0
movable_object.barrier 0 0 0 0 0 0 0 0.603 1.084 2.235 0.9828806054991353 16.076123331134735 1.9153652875370908 -3.1344909118285793 1.0
movable_object.trafficcone 0 0 0 0 0 0 0 0.398 1.092 0.408 2.7144606723053215 -11.285436502405588 21.20941263245247 -2.927159409997186 1.0
human.pedestrian.adult 0 0 0 0 0 0 0 0.835 1.67 0.677 0.0061081547059078645 25.374116381540485 -8.774165189241268 -1.5607099749031725 1.0
vehicle.car 0 0 0 0 0 0 0 4.872 1.817 2.213 -1.5448167623306002 25.44110397731227 -32.64476714151154 -1.1601787972817945 1.0
movable_object.barrier 0 0 0 0 0 0 0 0.481 1.033 2.216 1.2381199413869544 -12.562246721440555 -6.776712692622429 -1.4172924489683005 1.0
movable_object.trafficcone 0 0 0 0 0 0 0 0.311 0.683 0.311 1.408579237532102 3.05304680443009 2.053862414880927 -2.941240466761907 1.0
movable_object.barrier 0 0 0 0 0 0 0 0.63 1.007 2.223 1.0521579894814275 10.017434432668194 1.7708679669107303 -3.0808470495897975 1.0
vehicle.car 0 0 0 0 0 0 0 4.201 1.634 1.84 0.10146429674522695 39.093526955142636 -2.824079163047016 -1.0246106409325044 1.0
movable_object.trafficcone 0 0 0 0 0 0 0 0.32 0.692 0.31 1.349715818716358 4.59553084709396 2.053586638026318 3.1150840885737825 1.0
movable_object.barrier 0 0 0 0 0 0 0 0.595 1.05 2.233 0.8996801802749881 18.103222334932006 1.902049205295419 -3.099589243947655 1.0
movable_object.barrier 0 0 0 0 0 0 0 0.565 1.056 2.233 0.680794480232172 28.049171076320814 2.183375855266867 3.136426458794955 1.0
vehicle.truck 0 0 0 0 0 0 0 7.213 2.997 2.391 1.246066705270802 -57.20278039816342 24.56519953216566 3.1312784626653034 1.0
human.pedestrian.construction_worker 0 0 0 0 0 0 0 0.386 1.697 0.586 0.8474405197545984 3.5159878405694704 2.7707619451284757 2.2988637759562858 1.0
human.pedestrian.adult 0 0 0 0 0 0 0 0.581 1.664 0.569 1.1243266414666628 -66.59254792928915 -5.062177048765109 1.3333874373180876 1.0
movable_object.barrier 0 0 0 0 0 0 0 0.648 1.033 2.232 1.4276582342355266 -18.18148986007285 -6.3841674283802154 -0.14017216333996174 1.0
movable_object.trafficcone 0 0 0 0 0 0 0 0.393 0.686 0.402 1.3664446189516872 3.833328162677903 2.60043324824855 3.1150840885737825 1.0
movable_object.trafficcone 0 0 0 0 0 0 0 0.36 0.692 0.321 1.4155504036260458 1.7773919838902206 2.1026290189937704 3.0615274836923803 1.0
human.pedestrian.adult 0 0 0 0 0 0 0 0.766 1.203 0.772 2.0259470181271575 -15.039138310749458 20.04588967090611 -1.8137132263531468 1.0
movable_object.barrier 0 0 0 0 0 0 0 0.594 1.059 2.235 1.1688100213361385 5.813342810633654 2.0363786766817804 -3.133199550084611 1.0
human.pedestrian.adult 0 0 0 0 0 0 0 0.735 1.706 0.666 1.0779362892807296 -0.3291891918021738 5.287352156098947 2.8485577929227164 1.0
movable_object.barrier 0 0 0 0 0 0 0 0.637 1.012 2.172 1.4176761462563479 -14.095681420153326 -5.742707569774183 -0.19141723153792256 1.0
human.pedestrian.construction_worker 0 0 0 0 0 0 0 0.505 1.652 0.68 0.792125238707759 1.9011952290138747 2.5249509580916674 2.531304097748417 1.0
movable_object.barrier 0 0 0 0 0 0 0 0.626 0.867 2.232 1.0887528388274397 12.404963478027012 5.260486122894203 3.120257388319673 1.0
movable_object.barrier 0 0 0 0 0 0 0 0.504 1.062 2.164 1.2807732100442066 -20.814569344378164 -8.073696125679623 1.2655726140455812 1.0
vehicle.car 0 0 0 0 0 0 0 4.379 1.981 1.954 4.033542119220499 40.828279604647406 61.09620950372169 -0.556229915617342 1.0
vehicle.car 0 0 0 0 0 0 0 4.602 1.553 2.071 -1.1955363663480236 7.946983278690883 -33.23892973461521 -1.4991223955014936 1.0
movable_object.barrier 0 0 0 0 0 0 0 0.57 1.016 2.209 1.1263049895552861 26.62204728862137 5.157007823191859 -3.10204021348944 1.0
movable_object.barrier 0 0 0 0 0 0 0 0.647 1.052 2.255 0.5217403276535901 40.2337350639518 2.759888828126426 -3.0738667168637406 1.0
movable_object.barrier 0 0 0 0 0 0 0 0.536 1.051 2.5 1.1318083319676333 -19.29975741334652 -8.76333608877892 -0.04411277696359228 1.0
vehicle.motorcycle 0 0 0 0 0 0 0 2.051 1.329 0.59 1.2316390716666477 -17.245906976331607 -5.524679699813711 -1.4106798594344099 1.0
movable_object.trafficcone 0 0 0 0 0 0 0 0.297 0.724 0.346 1.3725062936190806 4.1096220161651225 2.0204324183996505 3.1150840885737825 1.0
human.pedestrian.construction_worker 0 0 0 0 0 0 0 0.477 1.637 0.83 0.7771921835609095 2.927362215071581 2.7324077501940773 2.45591769283463 1.0
movable_object.barrier 0 0 0 0 0 0 0 0.586 1.026 2.213 0.9924856291880504 14.106278226685681 1.9152758529195586 -3.1187502593575775 1.0
movable_object.barrier 0 0 0 0 0 0 0 0.62 1.027 2.107 1.4469206406874437 -16.213833256567074 -6.090229594174144 -0.14017216333996174 1.0
movable_object.trafficcone 0 0 0 0 0 0 0 0.303 0.683 0.325 1.4130237553109835 2.185105671723921 2.0793660698828993 2.9754774673274813 1.0
movable_object.barrier 0 0 0 0 0 0 0 0.589 1.014 2.221 0.7638508576044485 24.098264655538905 2.266448669120974 3.1134786118517193 1.0
movable_object.barrier 0 0 0 0 0 0 0 0.544 0.877 1.811 0.9743175983070957 16.358884116336093 5.345845139286805 -3.137457553664868 1.0
human.pedestrian.adult 0 0 0 0 0 0 0 0.686 1.165 0.704 2.1105515372973476 -14.180613995369317 20.55697486462339 2.66668618553644 1.0
human.pedestrian.adult 0 0 0 0 0 0 0 0.569 1.734 0.591 -0.6917483014169021 11.185025736415438 -14.54579953586016 1.5979652914608753 1.0
human.pedestrian.construction_worker 0 0 0 0 0 0 0 0.591 1.74 0.649 0.7882311892073863 0.23161167900657204 3.929105367664741 -0.758896015225174 1.0
human.pedestrian.construction_worker 0 0 0 0 0 0 0 0.541 1.673 0.575 0.8336905604590871 0.20540567556192432 4.5374372597671835 -1.890936786299009 1.0
