movable_object.barrier 0 0 0 0 0 0 0 1.946 1.129 0.481 0.9237946304792023 -6.23867312051872 -28.114969106641265 -0.024539014165913642 1.0
movable_object.barrier 0 0 0 0 0 0 0 1.895 0.989 0.512 1.2036548329701846 -3.245007733566731 -6.573259777573927 -1.4833227853506292 1.0
movable_object.barrier 0 0 0 0 0 0 0 2.206 1.088 0.581 0.9018597026106783 -6.240436573028108 -26.993806875215903 -0.02478454337158098 1.0
vehicle.car 0 0 0 0 0 0 0 4.65 2.0 1.785 0.8626789148322851 -6.243684377870641 5.3534875915185545 1.393156276958531 1.0
movable_object.barrier 0 0 0 0 0 0 0 2.022 1.073 0.571 1.2799109649921407 -6.524738486426856 -9.762367362945012 -0.032428778401964564 1.0
movable_object.barrier 0 0 0 0 0 0 0 1.937 1.179 0.537 0.9189691915585423 -6.330010394225017 -24.17584151064093 -0.03730376918631961 1.0
movable_object.barrier 0 0 0 0 0 0 0 2.168 1.001 0.509 1.2790594232939596 -6.354594161470468 -7.913759458720427 -0.03515850184590619 1.0
vehicle.car 0 0 0 0 0 0 0 4.527 1.568 1.94 -0.818394428382257 35.998191251006986 7.719571860762159 -1.1342040571408631 1.0
human.pedestrian.construction_worker 0 0 0 0 0 0 0 0.641 1.638 0.574 0.7658662207995395 -4.948148615902249 -14.69032884626928 -0.4235723100939861 1.0
movable_object.barrier 0 0 0 0 0 0 0 1.985 1.095 0.63 1.1135991024047622 -6.3229716945760215 -17.929507653528383 -0.029383812549065524 1.0
movable_object.barrier 0 0 0 0 0 0 0 2.012 0.97 0.553 1.167448735039842 0.7863748255949559 -6.340661883858398 -1.5182238966100252 1.0
movable_object.barrier 0 0 0 0 0 0 0 1.686 1.11 0.569 1.1651431501311431 -6.257948126494683 -15.687323417847018 -0.0418596455610043 1.0
movable_object.barrier 0 0 0 0 0 0 0 2.058 1.093 0.555 1.1577037423358005 -6.387501748616579 -13.717555534514842 -0.041774158839622544 1.0
movable_object.barrier 0 0 0 0 0 0 0 2.027 0.98 0.468 1.2420619325377533 -8.070280413873542 -10.468038391999405 -0.0295248682161251 1.0
movable_object.barrier 0 0 0 0 0 0 0 1.891 1.157 0.651 1.1046997301428139 -6.228046286854301 -20.246763566918574 -0.033280533786783195 1.0
vehicle.construction 0 0 0 0 0 0 0 5.792 3.152 2.011 -2.5916630709909487 4.480475996003453 -51.974814587426216 -2.9630413275690364 1.0
human.pedestrian.adult 0 0 0 0 0 0 0 0.604 1.629 0.502 0.7159808086946237 -1.6692310161220008 11.157663683509758 -0.23846323961856264 1.0
movable_object.barrier 0 0 0 0 0 0 0 2.021 1.014 0.437 1.2078875487046419 -6.37617726143505 -11.54585220726954 -0.029324291840708838 1.0
vehicle.car 0 0 0 0 0 0 0 4.532 1.923 1.809 0.8837211044166808 -23.84512465965237 8.274882161434215 3.140091523777089 1.0
movable_object.barrier 0 0 0 0 0 0 0 2.134 1.108 0.513 0.8641176849782888 -6.405858096252432 -32.134300748352906 -0.024539014165913642 1.0
vehicle.construction 0 0 0 0 0 0 0 7.505 4.435 3.078 -2.6995908889269966 2.3043553114747826 -44.6218661072257 -2.9827970039240483 1.0
movable_object.barrier 0 0 0 0 0 0 0 1.934 1.045 0.485 0.8537474065647888 -6.446711360475207 -30.194443674203377 -0.024539014165913642 1.0
human.pedestrian.adult 0 0 0 0 0 0 0 0.738 1.799 0.444 0.415809743926157 -5.872423478004845 19.24935673627978 -2.916252497091561 1.0
movable_object.barrier 0 0 0 0 0 0 0 1.954 1.003 0.529 1.257631416742935 -5.242920231464306 -6.742487964198398 -1.4833227853506292 1.0
human.pedestrian.adult 0 0 0 0 0 0 0 0.44 1.603 0.611 0.7197888546037965 -1.2800768656317412 11.913876977456983 2.247983877337811 1.0
movable_object.barrier 0 0 0 0 0 0 0 1.979 1.159 0.521 1.0791517751695316 -6.337005848200957 -22.29244123360701 -0.047026214598965055 1.0
movable_object.barrier 0 0 0 0 0 0 0 2.128 1.017 0.503 1.205877876431816 -1.2212565291534696 -6.364942421806037 -1.50077331536398 1.0
human.pedestrian.adult 0 0 0 0 0 0 0 0.588 1.852 0.54 0.6879655100416336 -4.9593515105854475 16.510653060946677 2.4537231045780743 1.0
movable_object.barrier 0 0 0 0 0 0 0 2.019 1.016 0.499 1.1382059438435073 3.035095456109733 -6.478336809173193 -1.560000785632715 1.0
vehicle.car 0 0 0 0 0 0 0 4.713 1.877 2.091 0.9713970061550229 -13.528194721988795 2.7048359679456184 -1.9373461364323 1.0
movable_object.barrier 0 0 0 0 0 0 0 2.018 1.049 0.494 1.1136729354525332 4.801092192215824 -7.055103364689205 -2.066766433174827 1.0
human.pedestrian.adult 0 0 0 0 0 0 0 0.553 1.812 0.531 0.757473633625471 -6.168546177039895 16.133942456670713 -2.590459166682903 1.0
vehicle.car 0 0 0 0 0 0 0 4.504 1.803 1.934 -1.3168913640683224 63.234274145107314 -15.600949668371992 -1.819398363776929 1.0
human.pedestrian.construction_worker 0 0 0 0 0 0 0 0.48 2.0 0.739 0.9897543403147152 -5.9863287026349505 -10.252506157444044 -0.03921164979927205 1.0
