vehicle.truck 0 0 0 0 0 0 0 4.804 2.04 1.898 0.5066651860332384 10.148825123870594 -3.9084672073246964 -1.3701889218439707 1.0
vehicle.truck 0 0 0 0 0 0 0 9.99 2.738 2.707 -0.23679341217705369 20.38441537903531 0.7391663239602391 -0.9392320279009105 1.0
human.pedestrian.construction_worker 0 0 0 0 0 0 0 0.509 1.887 0.708 0.4670841421190869 9.110794185760161 -8.00734621413714 -1.239218138187308 1.0
vehicle.truck 0 0 0 0 0 0 0 7.876 3.066 2.634 -0.8132347468787288 28.30202094240872 5.939434637276998 -0.8658506626547542 1.0
vehicle.truck 0 0 0 0 0 0 0 11.207 3.591 2.962 0.4354776528075082 -12.802408623812127 -2.849277519714693 -1.6566579475791965 1.0
vehicle.truck 0 0 0 0 0 0 0 7.777 3.197 2.731 -0.08664948320223205 11.451680567596263 -12.903514922374605 -0.17780100354017137 1.0
vehicle.truck 0 0 0 0 0 0 0 10.12 3.329 2.848 1.557762780297244 -44.087592132560815 -2.3091729774855363 -1.6648232642336591 1.0
human.pedestrian.construction_worker 0 0 0 0 0 0 0 0.637 0.904 0.655 2.648644347438064 -64.97324613109812 11.667646705827735 -2.8752307296027 1.0
vehicle.truck 0 0 0 0 0 0 0 6.595 2.986 2.384 2.5144451956742557 -77.57783883622218 -1.4387457927051297 -1.5831126134244755 1.0
vehicle.truck 0 0 0 0 0 0 0 4.796 2.001 1.894 0.9452087513140474 -2.4825681320200594 -5.080882644100214 -1.6056271419084425 1.0
vehicle.car 0 0 0 0 0 0 0 5.597 1.954 2.038 -0.9254892090611935 33.41368902928621 18.711509500247264 -0.5812654480649613 1.0
