vehicle.car 0 0 0 0 0 0 0 4.243 1.439 1.753 0.18659614773537814 34.11011411427426 4.049800766178226 1.3453580972054962 1.0
human.pedestrian.stroller 0 0 0 0 0 0 0 1.731 1.307 0.447 0.40032065276137085 26.002247530485388 -23.249804419527777 2.2961852471232396 1.0
human.pedestrian.adult 0 0 0 0 0 0 0 0.624 1.762 0.546 -0.1488585749768474 36.37896815516436 -6.3881396662128935 1.2259069712349362 1.0
vehicle.car 0 0 0 0 0 0 0 4.603 1.582 1.804 1.6099917440489704 -25.483017829111958 1.8732870045532317 1.7059223492770492 1.0
human.pedestrian.stroller 0 0 0 0 0 0 0 1.714 1.302 0.44 0.5114127962617445 26.531959343166502 -22.394527896315285 2.262729312946675 1.0
vehicle.car 0 0 0 0 0 0 0 4.008 1.632 1.665 0.5295552162664203 16.231163217553465 4.284327758137912 1.451827763495773 1.0
human.pedestrian.adult 0 0 0 0 0 0 0 0.766 1.821 0.59 -2.375021908927185 86.48540566268467 7.4118058451114806 -0.47044969864015584 1.0
human.pedestrian.stroller 0 0 0 0 0 0 0 1.753 1.3 0.466 0.44435477697730197 25.74222550059582 -23.685374781096026 2.190424816444093 1.0
human.pedestrian.adult 0 0 0 0 0 0 0 0.784 1.712 0.635 0.0814544364015296 27.78553592535632 -9.016318204380703 1.3210837436099467 1.0
human.pedestrian.adult 0 0 0 0 0 0 0 0.465 1.725 0.477 1.240514133012522 -20.63945553172202 -16.68119061046588 -0.7616647122485158 1.0
human.pedestrian.adult 0 0 0 0 0 0 0 0.829 1.687 0.609 1.5879646317240343 -29.755259458819353 -9.13444774260152 -0.8313955699499935 1.0
human.pedestrian.adult 0 0 0 0 0 0 0 0.825 1.67 0.613 -0.24598072375262575 32.56419895210429 -9.516953693220932 1.1416909314791006 1.0
human.pedestrian.stroller 0 0 0 0 0 0 0 1.693 1.346 0.432 0.3509554557409069 26.900074155399082 -21.372850390011063 2.2417866473880537 1.0
human.pedestrian.adult 0 0 0 0 0 0 0 0.638 1.835 0.729 0.3137928904987332 25.923057249257926 -31.404548796006804 2.62551609687657 1.0
vehicle.truck 0 0 0 0 0 0 0 6.497 3.045 2.155 1.7110704545089699 -46.821457516551085 6.7900249271815785 1.8833205156918353 1.0
vehicle.car 0 0 0 0 0 0 0 4.258 1.438 1.755 0.5521138425490293 17.69159159209426 1.0856064399833791 1.433300310177458 1.0
static_object.bicycle_rack 0 0 0 0 0 0 0 2.38 1.38 8.288 0.2094162586023961 29.79501137912378 -14.320648809910924 2.2344218130809352 1.0
human.pedestrian.adult 0 0 0 0 0 0 0 0.65 2.0 0.684 0.14172491216639815 28.23518819608004 -36.31232956694398 2.4109688149479256 1.0
vehicle.car 0 0 0 0 0 0 0 4.35 1.537 1.728 0.9440951699002839 1.45899015245905 6.710811337670124 -1.7192795119893232 1.0
human.pedestrian.adult 0 0 0 0 0 0 0 1.054 1.56 0.614 1.5276369344114054 -26.58965456315907 -11.223339844532246 2.136741934677519 1.0
vehicle.bicycle 0 0 0 0 0 0 0 1.715 1.158 0.328 2.3767329395087806 -35.274067292359064 21.535610451883365 -1.2927907159786471 1.0
vehicle.car 0 0 0 0 0 0 0 4.26 1.443 1.743 -0.35198065609650353 50.29890733022019 8.571181333849383 1.2668289304658336 1.0
human.pedestrian.adult 0 0 0 0 0 0 0 0.745 1.656 0.744 1.9570401620002178 -36.41563326863558 -5.942141841459456 2.150651306459375 1.0
