human.pedestrian.adult 0 0 0 0 0 0 0 0.724 1.757 0.684 0.1187841560977212 22.01613437184921 -7.9713725230170045 -0.38707302488698403 1.0
vehicle.truck 0 0 0 0 0 0 0 9.628 3.509 2.602 -0.9016295030902988 47.851088641739985 3.7892790676388355 1.364005385099425 1.0
vehicle.bicycle 0 0 0 0 0 0 0 1.593 1.135 0.401 -0.9809770589044571 60.27618739719892 -16.5507158409761 -0.17660352002521051 1.0
human.pedestrian.adult 0 0 0 0 0 0 0 0.616 1.64 0.767 -0.0916009096531546 39.06350793291839 2.2703567642405114 -0.12153248058190869 1.0
vehicle.car 0 0 0 0 0 0 0 4.277 1.466 1.698 -0.4721779184193503 53.164423555282866 -9.998999158193186 -1.8627202220023626 1.0
vehicle.car 0 0 0 0 0 0 0 4.526 2.051 1.882 1.2604544771004356 3.921363690001893 13.27194934173626 1.5932751378135208 1.0
human.pedestrian.adult 0 0 0 0 0 0 0 0.868 1.572 0.653 0.4701952784931337 22.416644306966038 -5.888514386962312 -0.06254963214129639 1.0
vehicle.car 0 0 0 0 0 0 0 4.502 1.638 1.764 0.9384351095397284 3.088702851536346 -3.867119928647182 -1.5826136983376573 1.0
vehicle.car 0 0 0 0 0 0 0 4.497 1.995 1.935 0.6412391732322708 26.742017712436173 12.098269063374964 1.472688513072189 1.0
vehicle.bus.rigid 0 0 0 0 0 0 0 11.961 3.417 2.821 -0.32980831964032786 36.57743865303382 8.794559226261505 1.43406982490073 1.0
vehicle.motorcycle 0 0 0 0 0 0 0 2.086 1.332 0.662 1.2231809906072049 16.402370609334753 14.898358259189582 -1.692382081695924 1.0
human.pedestrian.adult 0 0 0 0 0 0 0 1.054 1.658 0.752 0.14055887890810193 30.56758207510988 4.807338563780566 -1.6307091895938273 1.0
