vehicle.truck 0 0 0 0 0 0 0 6.56 3.221 2.395 1.1209673406142435 -86.39263837905166 0.8916167225897675 2.7251840835035432 1.0
vehicle.car 0 0 0 0 0 0 0 4.669 1.761 2.154 0.7062875388311876 29.23417071723129 39.75582548687302 -1.6117139986025064 1.0
vehicle.motorcycle 0 0 0 0 0 0 0 2.178 1.554 0.657 0.9855743745400143 17.86811539368519 50.26228869984281 -1.3911535730017235 1.0
vehicle.car 0 0 0 0 0 0 0 4.247 1.918 1.952 0.8929444930383087 18.27796083391971 18.161055305778874 3.0363320156114106 1.0
vehicle.car 0 0 0 0 0 0 0 4.251 1.476 1.785 0.4800147417297398 30.05341894990188 19.47948777626648 1.6889805449610504 1.0
movable_object.pushable_pullable 0 0 0 0 0 0 0 1.942 1.271 0.886 1.2072424757838132 15.930895865383949 15.74644564549955 2.4842125850278567 1.0
human.pedestrian.construction_worker 0 0 0 0 0 0 0 0.59 2.0 0.802 0.24989844262796634 -34.3007275277052 -31.16996141745714 -2.888492087828709 1.0
vehicle.car 0 0 0 0 0 0 0 4.864 1.785 2.058 -0.5223976385664435 50.88353960024572 3.4772733010149426 -1.5940810168674435 1.0
vehicle.car 0 0 0 0 0 0 0 4.074 1.74 1.808 0.22079427297733834 30.96584602798114 10.191657751133224 -3.0641656261149244 1.0
movable_object.barrier 0 0 0 0 0 0 0 1.858 1.023 0.563 0.42500665898126944 -37.329259580801335 -31.60950631383835 -0.7382657193099007 1.0
movable_object.trafficcone 0 0 0 0 0 0 0 0.454 0.803 0.422 2.435595052458783 -21.75774952014245 12.369607930798622 1.6440503836057445 1.0
vehicle.truck 0 0 0 0 0 0 0 7.481 3.189 2.576 -1.5333477008264853 -25.91642468739314 -40.60294080224279 -2.392713059292797 1.0
vehicle.car 0 0 0 0 0 0 0 4.113 1.762 1.942 0.3132889129505698 29.872423153765713 17.081890850217647 1.6540967737390329 1.0
vehicle.car 0 0 0 0 0 0 0 4.525 1.581 2.019 0.5109373568268641 30.066198872132453 24.84877864801708 -1.4848753729594808 1.0
vehicle.car 0 0 0 0 0 0 0 4.078 1.759 1.949 0.8706336992372974 18.96195675734591 23.927059277787283 3.106120049667182 1.0
human.pedestrian.construction_worker 0 0 0 0 0 0 0 0.458 2.0 0.515 -0.11297921165486091 -35.84008538661154 -31.742308506421193 -0.817205932562679 1.0
