vehicle.car 0 0 0 0 0 0 0 4.152 1.569 1.699 -0.10738678471122909 27.1748444235976 0.09355566441364958 -1.522595618251576 1.0
human.pedestrian.adult 0 0 0 0 0 0 0 0.667 1.852 0.672 -0.23680756211890674 37.00217543164979 5.081455174282538 -2.411807008837653 1.0
human.pedestrian.adult 0 0 0 0 0 0 0 0.61 1.579 0.621 -0.26940845833793103 41.30721485801686 3.6297176914740983 -2.0898873084738687 1.0
vehicle.car 0 0 0 0 0 0 0 4.921 1.754 1.941 1.5307985898265697 -31.37275191786613 -8.451217083627517 -0.30408857564542835 1.0
vehicle.bus.rigid 0 0 0 0 0 0 0 14.095 4.307 5.157 -1.8106814853527322 59.636440457031206 3.759592233369993 -2.141181337071612 1.0
vehicle.motorcycle 0 0 0 0 0 0 0 1.947 1.184 0.66 0.8449828883058668 -12.381196607536017 -7.248510253921966 -1.7619907401842143 1.0
vehicle.bicycle 0 0 0 0 0 0 0 1.794 1.704 0.655 0.8515054005224247 0.85717241491341 5.425918257150524 -1.5610956919976795 1.0
human.pedestrian.adult 0 0 0 0 0 0 0 0.585 1.617 0.539 -0.10194653044502477 40.59286180112459 3.148945174773186 -2.020084030647598 1.0
vehicle.car 0 0 0 0 0 0 0 4.105 1.544 1.754 0.8189952958064602 9.459219170033995 0.17514681708454646 -1.5476182510197525 1.0
human.pedestrian.adult 0 0 0 0 0 0 0 0.621 1.637 0.72 -0.3533772196151145 40.72557418418849 2.530320868812723 -2.0660145407145887 1.0
vehicle.truck 0 0 0 0 0 0 0 5.061 2.086 1.79 -0.23462842550906404 37.21846488229149 13.167701282638578 -2.8167193582510492 1.0
human.pedestrian.adult 0 0 0 0 0 0 0 0.814 1.669 0.946 0.6573409476827989 2.0127637929329847 -2.459749611350001 -1.8095428235483162 1.0
