vehicle.truck 0 0 0 0 0 0 0 4.677 2.056 1.853 0.8211297572322159 -0.04283587553266377 -4.454658120625333 -1.5666271815567416 1.0
movable_object.barrier 0 0 0 0 0 0 0 0.453 1.099 2.103 0.9672528069315066 22.660958099632946 14.710105096998385 -0.03218291851279176 1.0
movable_object.barrier 0 0 0 0 0 0 0 0.451 1.137 2.144 0.481469718670706 37.52410485466486 13.987405761490102 -0.0531705529781803 1.0
movable_object.barrier 0 0 0 0 0 0 0 0.396 0.999 2.0 0.06946334375614938 53.79682269533143 13.283236161831944 -0.06458092511959457 1.0
movable_object.barrier 0 0 0 0 0 0 0 0.405 1.004 2.147 0.0631481365490425 57.401910320652625 13.797956796655793 -2.097921379711167 1.0
movable_object.trafficcone 0 0 0 0 0 0 0 0.369 0.795 0.413 1.595517486548537 -6.12199396546438 -4.6588873112466125 -1.6956281788715781 1.0
movable_object.barrier 0 0 0 0 0 0 0 0.396 0.998 2.15 -0.12911390135185163 53.99170720767596 22.019021936710814 -1.8710701082551475 1.0
movable_object.barrier 0 0 0 0 0 0 0 0.446 1.099 2.098 1.0919612069558025 18.168281933538758 14.827043891125811 -0.03524480237643601 1.0
movable_object.barrier 0 0 0 0 0 0 0 0.453 1.111 2.115 1.2558681700388878 11.182824007913585 14.818732647312068 -0.03207250565582065 1.0
vehicle.construction 0 0 0 0 0 0 0 4.358 2.685 2.527 1.1795843909175514 -40.91837591170647 21.699829123951623 -1.4416959313709992 1.0
movable_object.barrier 0 0 0 0 0 0 0 0.402 1.004 2.001 -0.23200328695579242 53.16597852670224 26.305705493931598 -1.6266028663593062 1.0
movable_object.barrier 0 0 0 0 0 0 0 0.402 1.001 2.153 -0.0634800514540721 55.56052824882184 17.79672602824999 -1.9408698263471553 1.0
movable_object.barrier 0 0 0 0 0 0 0 0.419 1.15 2.151 0.6795113033937925 30.843534008453496 15.64671938448926 -0.4682364372151131 1.0
vehicle.car 0 0 0 0 0 0 0 3.395 1.591 1.734 2.5814529025359683 -58.68641084878292 -7.428484406889144 -1.4570503546867526 1.0
movable_object.barrier 0 0 0 0 0 0 0 0.449 1.091 2.035 1.8626262133861085 -9.717731162390795 14.54051106314736 -0.03207250565582065 1.0
human.pedestrian.construction_worker 0 0 0 0 0 0 0 0.661 1.86 0.555 2.281799792286118 -41.40615184343175 14.922507466437159 -1.517373220471776 1.0
movable_object.barrier 0 0 0 0 0 0 0 0.462 1.112 1.843 2.5621490381398178 -34.11506534276795 13.564853998063382 -0.0926764486522984 1.0
movable_object.barrier 0 0 0 0 0 0 0 0.444 1.098 2.081 1.655948655411576 -1.2670807895990759 14.688682125988569 -0.03207250565582065 1.0
movable_object.barrier 0 0 0 0 0 0 0 0.459 1.108 1.989 2.360547341660848 -28.03986430502946 13.830739512970238 -0.06177376376286858 1.0
movable_object.barrier 0 0 0 0 0 0 0 0.451 1.097 2.115 1.1431932592694767 15.765160829340589 14.835424545847834 -0.03207250565582065 1.0
vehicle.construction 0 0 0 0 0 0 0 3.336 1.759 1.54 1.7132419661524367 -32.59166481073563 24.446726980327742 -1.171438994808181 1.0
movable_object.barrier 0 0 0 0 0 0 0 0.454 1.101 2.091 1.7757953538560887 -3.3564116482746433 14.637006872164696 -0.03207250565582065 1.0
movable_object.barrier 0 0 0 0 0 0 0 0.453 1.146 2.125 1.062245383850208 20.46182085960197 14.776594267841118 -0.03218291851279176 1.0
movable_object.barrier 0 0 0 0 0 0 0 0.458 1.108 1.94 2.6947528667774883 -37.97960106391838 13.286962140350285 -0.0926764486522984 1.0
movable_object.barrier 0 0 0 0 0 0 0 0.448 1.095 2.068 1.5583347759635933 0.844539299745932 14.640327924372354 -0.03207250565582065 1.0
movable_object.barrier 0 0 0 0 0 0 0 0.456 1.099 1.929 1.5650601301986713 2.9701814548047114 14.618368911475816 -0.03207250565582065 1.0
movable_object.barrier 0 0 0 0 0 0 0 0.447 1.154 2.147 0.5369614611599702 35.62872977329214 14.200895731809336 -0.12234963393192189 1.0
movable_object.barrier 0 0 0 0 0 0 0 0.449 1.088 2.086 1.754778528775703 -5.534885455248386 14.594331757721012 -0.03207250565582065 1.0
movable_object.trafficcone 0 0 0 0 0 0 0 0.411 0.727 0.499 1.539762837287906 -2.0531475725170085 -3.0896708030221336 -1.506080319363118 1.0
vehicle.truck 0 0 0 0 0 0 0 4.721 2.0 1.938 0.7294848864394864 5.384388914071263 -4.393614687181968 -1.5346607424620355 1.0
movable_object.trafficcone 0 0 0 0 0 0 0 0.349 0.725 0.336 1.3457675958365745 0.7008297802058167 -3.1333581808767894 -1.6043167805931162 1.0
movable_object.trafficcone 0 0 0 0 0 0 0 0.312 0.737 0.309 1.5335337501564335 -4.060353583042763 -3.192526185878282 -1.6956281788715781 1.0
movable_object.barrier 0 0 0 0 0 0 0 0.446 1.155 2.059 0.8050606696426593 27.044068292497613 14.77203851130738 -0.0643116081100672 1.0
movable_object.barrier 0 0 0 0 0 0 0 0.46 1.152 2.095 0.6904387877023093 29.29980673517649 14.646388591287616 -0.04443379776151346 1.0
vehicle.truck 0 0 0 0 0 0 0 6.225 2.776 2.277 -0.009034697488716326 20.50973075797181 -4.269272701896985 -1.5672902541154325 1.0
movable_object.barrier 0 0 0 0 0 0 0 0.456 1.1 1.962 2.1614384838774687 -20.05493170759436 14.20276246544876 -0.047705472196044596 1.0
movable_object.barrier 0 0 0 0 0 0 0 0.453 1.09 1.97 2.0760504759769205 -18.05166148111062 14.27669005022304 -0.06681277910093009 1.0
human.pedestrian.construction_worker 0 0 0 0 0 0 0 1.14 1.907 0.617 -0.7275709451930489 54.878635808189486 2.421510160358396 -0.14892131147721877 1.0
movable_object.barrier 0 0 0 0 0 0 0 0.456 1.102 1.961 1.3665144079788603 7.127202029491191 14.749835781148143 -0.03207250565582065 1.0
movable_object.barrier 0 0 0 0 0 0 0 0.441 1.095 1.987 1.2071110572484376 13.298788080495047 14.81119689938319 -0.03207250565582065 1.0
movable_object.barrier 0 0 0 0 0 0 0 0.456 1.112 2.029 1.9932907100002528 -13.953460748781486 14.382006614315355 -0.0687049058850242 1.0
movable_object.barrier 0 0 0 0 0 0 0 0.396 1.002 2.152 -0.09728101211934836 54.71313408659664 19.912300330628543 -1.923419834897964 1.0
movable_object.barrier 0 0 0 0 0 0 0 0.449 1.108 1.886 2.439557328658684 -30.27090857108368 13.822935356321418 -0.03668286381000385 1.0
vehicle.truck 0 0 0 0 0 0 0 5.078 2.051 1.832 0.6513044288755072 12.19741656312457 -4.218106655202951 -1.4870614911803992 1.0
movable_object.barrier 0 0 0 0 0 0 0 0.46 1.148 1.995 0.8444169718663723 24.944289253742244 14.82207919354681 -0.03218291851279176 1.0
movable_object.barrier 0 0 0 0 0 0 0 0.462 1.091 2.016 1.9083352611278652 -11.789121390894845 14.502167821074123 -0.0412733846545521 1.0
movable_object.barrier 0 0 0 0 0 0 0 0.458 1.093 1.951 2.2159976190934185 -22.018717078716584 14.088183597716814 -0.05216622899433432 1.0
movable_object.barrier 0 0 0 0 0 0 0 0.402 1.0 2.147 -0.05583710131152264 56.37050700290649 15.72570333324024 -1.9583198570061944 1.0
human.pedestrian.construction_worker 0 0 0 0 0 0 0 0.598 1.972 0.591 1.541714145191116 -7.382363981817456 15.275912026151696 -2.75882862088525 1.0
movable_object.barrier 0 0 0 0 0 0 0 0.456 1.103 2.06 2.0246469187664213 -16.022222653802253 14.28716480651683 -0.047705472196044596 1.0
movable_object.trafficcone 0 0 0 0 0 0 0 0.317 0.747 0.358 1.367659156835606 2.602752376153489 -3.1496123674392065 -1.3600397085667844 1.0
movable_object.barrier 0 0 0 0 0 0 0 0.448 1.095 1.935 1.2998213826911909 9.133100363236844 14.76862181464474 -0.03207250565582065 1.0
movable_object.barrier 0 0 0 0 0 0 0 0.449 1.103 2.093 1.8447049603647012 -7.646961314667299 14.568297146878187 -0.03207250565582065 1.0
movable_object.barrier 0 0 0 0 0 0 0 0.462 1.105 1.926 1.477923016228251 5.031983161613248 14.717216497031565 -0.03207250565582065 1.0
movable_object.barrier 0 0 0 0 0 0 0 0.449 1.159 2.135 0.595190430054766 33.30547241618382 14.595259320168518 -0.12234963393192189 1.0
