vehicle.truck 0 0 0 0 0 0 0 10.107 3.608 2.853 0.40205046436822833 -6.88342242285 14.976984641244114 -1.5285469115765116 1.0
human.pedestrian.adult 0 0 0 0 0 0 0 0.761 1.73 0.69 0.8745959184526606 -15.979347782559286 -7.828740509349622 -2.9935951489704955 1.0
movable_object.debris 0 0 0 0 0 0 0 1.428 0.459 0.426 1.8094106051126944 -8.831585556183056 6.824072655936868 -1.5364471964537154 1.0
movable_object.barrier 0 0 0 0 0 0 0 1.974 1.054 0.626 1.5740642582070348 -13.54933858057108 2.2078431883003886 1.5792721891788295 1.0
vehicle.truck 0 0 0 0 0 0 0 6.452 3.236 2.508 0.18875117921590234 4.486666130406272 14.700010443775978 -1.5459868997001829 1.0
human.pedestrian.adult 0 0 0 0 0 0 0 0.909 1.78 0.791 -0.6608863458726594 6.808462098524441 -12.20060784946007 2.5348576406871697 1.0
movable_object.trafficcone 0 0 0 0 0 0 0 0.513 0.798 0.488 1.2802496332611235 7.26828822876236 1.7391343303818902 -1.5336219233124817 1.0
vehicle.car 0 0 0 0 0 0 0 4.272 1.65 1.706 1.4714909869147252 -15.858874858591832 14.986014728255673 -1.5459868997001829 1.0
human.pedestrian.adult 0 0 0 0 0 0 0 1.002 1.914 0.685 1.8961828389598867 -25.866979819839717 19.097411682510142 -0.0734525638828174 1.0
movable_object.trafficcone 0 0 0 0 0 0 0 0.451 0.69 0.392 1.5532399254058578 -3.1696753629189556 9.821490135413594 -0.831056198422079 1.0
movable_object.barrier 0 0 0 0 0 0 0 1.964 1.104 0.72 -0.24965161612412623 -38.71143331294316 -46.79830656954977 -0.05488121115311273 1.0
movable_object.barrier 0 0 0 0 0 0 0 2.086 1.091 0.677 1.7386660570045331 -17.627059359340215 2.342091086710011 1.6243392665558272 1.0
movable_object.trafficcone 0 0 0 0 0 0 0 0.456 0.754 0.471 1.0965245454855803 17.819791275113975 9.050777275366913 -1.5243613504441083 1.0
movable_object.trafficcone 0 0 0 0 0 0 0 0.466 0.838 0.468 0.8538071308783786 26.6857471188983 8.642011776928218 -1.5270296440285565 1.0
movable_object.trafficcone 0 0 0 0 0 0 0 0.451 0.706 0.435 1.3796339301613028 6.369551047081028 9.468692095208537 -1.5282853135765313 1.0
human.pedestrian.adult 0 0 0 0 0 0 0 0.995 1.89 0.979 -0.7089025811425239 8.006720258059563 -12.412829017720878 -1.1304816781184321 1.0
movable_object.trafficcone 0 0 0 0 0 0 0 0.437 0.742 0.437 1.721082496812861 -12.467278984217737 10.01753291756994 -1.5282853135765313 1.0
vehicle.car 0 0 0 0 0 0 0 4.727 1.957 1.907 0.4812705681953226 9.393049016695594 -1.1334871287818766 1.8374302518703836 1.0
movable_object.barrier 0 0 0 0 0 0 0 1.981 1.078 0.675 1.6029161576760835 -15.605031170116836 2.264935614976372 1.5792721891788295 1.0
movable_object.trafficcone 0 0 0 0 0 0 0 0.421 0.808 0.424 0.9202173125255108 23.952320294684963 8.721613814869556 -1.5270296440285565 1.0
movable_object.trafficcone 0 0 0 0 0 0 0 0.499 0.789 0.492 1.3730515351076638 2.829918226737561 1.9506539090044426 -1.5108630131804084 1.0
movable_object.barrier 0 0 0 0 0 0 0 2.168 1.098 0.647 1.20133719138451 -37.67703216958269 -13.994078568344042 -0.07875543028051268 1.0
movable_object.trafficcone 0 0 0 0 0 0 0 0.497 0.72 0.524 0.9936549449753546 18.262429430297832 1.329437216227909 -1.5601483439554569 1.0
movable_object.barrier 0 0 0 0 0 0 0 2.068 1.169 0.616 1.8303931441194532 -19.167677161637222 10.25846329427672 -1.5574799813041436 1.0
movable_object.barrier 0 0 0 0 0 0 0 1.967 0.962 0.704 0.816908701266217 -38.99507370701342 -21.941590269599384 -0.08933457152982882 1.0
human.pedestrian.adult 0 0 0 0 0 0 0 0.902 1.807 0.694 1.9373245016986882 -25.262085340746996 20.921542991585927 -0.16860641467380866 1.0
movable_object.barrier 0 0 0 0 0 0 0 2.025 1.046 0.693 1.7086788108677098 -19.61356413923269 2.388647767576595 1.577824624887386 1.0
vehicle.car 0 0 0 0 0 0 0 4.698 1.581 1.972 2.9465284978587887 -64.68427826095049 8.90171230823644 1.6245311184965159 1.0
movable_object.barrier 0 0 0 0 0 0 0 1.908 1.106 0.721 0.18698411207762933 -38.56007724397804 -34.760741883067446 -0.06269540561964959 1.0
human.pedestrian.adult 0 0 0 0 0 0 0 0.709 1.609 0.648 1.3706101202700172 -28.127430247651013 -4.555908046034849 -1.0779305232248113 1.0
movable_object.barrier 0 0 0 0 0 0 0 1.923 0.919 0.696 1.0331489781694974 -38.600699967153595 -16.15552982263253 -0.09865779842557387 1.0
vehicle.bicycle 0 0 0 0 0 0 0 1.791 1.167 0.458 0.15507193630481098 22.10274361891606 -4.96053658898513 -0.06481053648194468 1.0
vehicle.bicycle 0 0 0 0 0 0 0 1.843 1.067 0.567 0.22840365962788173 21.382449320424936 -5.280813940535027 -0.054594656438336386 1.0
movable_object.trafficcone 0 0 0 0 0 0 0 0.427 0.723 0.407 1.4808553763390124 1.8176988228514064 9.55502023436075 -1.5282853135765313 1.0
human.pedestrian.construction_worker 0 0 0 0 0 0 0 0.837 1.746 0.775 1.1223189311652626 -22.69744911195706 -1.718164690581296 -0.16370003925310073 1.0
movable_object.barrier 0 0 0 0 0 0 0 2.326 1.221 0.638 1.6442856513571187 -14.776874978468094 9.492916307204677 -0.9540315464232769 1.0
human.pedestrian.adult 0 0 0 0 0 0 0 0.914 1.905 0.695 1.310297534997692 -23.782517358284192 -2.333592952293315 2.6948817718689018 1.0
movable_object.trafficcone 0 0 0 0 0 0 0 0.536 0.798 0.499 1.5925732564646382 -7.797091764966287 2.1792077321566246 -1.5657990118994354 1.0
human.pedestrian.adult 0 0 0 0 0 0 0 0.775 1.821 0.734 1.5738079656545088 -51.962469724616895 -9.728409642661505 -0.09740807870040413 1.0
vehicle.construction 0 0 0 0 0 0 0 3.992 2.916 3.016 0.7050734331135777 -14.92357045807582 3.877832617235051 -1.5459868997001829 1.0
human.pedestrian.construction_worker 0 0 0 0 0 0 0 0.687 1.766 0.626 1.2837008215278098 -21.276499819774607 3.096567700165849 0.6214848211409705 1.0
movable_object.trafficcone 0 0 0 0 0 0 0 0.533 0.734 0.555 0.6131104611029792 35.1769099787138 0.8980271177718764 -1.5406851179790806 1.0
human.pedestrian.adult 0 0 0 0 0 0 0 0.917 1.849 0.822 -0.989648208275704 11.949298756244504 -16.68692572679233 -1.222524647654751 1.0
vehicle.motorcycle 0 0 0 0 0 0 0 2.229 1.336 0.844 0.6516200478869635 -8.1039885714937 -6.9831844450759535 -2.0877768208640655 1.0
human.pedestrian.adult 0 0 0 0 0 0 0 0.994 1.757 0.674 1.142998260687075 -22.73637920866671 -6.282079108370034 -0.9560525957273089 1.0
movable_object.barrier 0 0 0 0 0 0 0 1.994 0.927 0.639 1.2496585677667351 -38.39490172368375 -12.165732499384523 -0.07351248357341689 1.0
movable_object.trafficcone 0 0 0 0 0 0 0 0.509 0.767 0.489 0.9031765749499767 25.425656435440505 8.674494502413639 -1.5322616088492618 1.0
vehicle.bicycle 0 0 0 0 0 0 0 1.77 1.709 0.689 1.8388849140389458 -46.47489090754806 -3.1226449679330175 1.8020384529789482 1.0
movable_object.trafficcone 0 0 0 0 0 0 0 0.476 0.739 0.51 1.4997807510372256 -2.166171448695061 2.0532436787919415 -1.5657990118994354 1.0
movable_object.barrier 0 0 0 0 0 0 0 1.842 0.885 0.677 0.9960980503055721 -38.74146499212617 -17.944219409030598 -0.08463189326707088 1.0
human.pedestrian.adult 0 0 0 0 0 0 0 0.837 1.752 0.85 -1.8453827864527526 28.020793383069645 -21.236181027568776 -2.9241917381970612 1.0
movable_object.trafficcone 0 0 0 0 0 0 0 0.525 0.736 0.514 1.1724656999231629 13.70358954922923 9.236118293183953 -1.5243613504441083 1.0
movable_object.trafficcone 0 0 0 0 0 0 0 0.484 0.73 0.473 1.1374134301782255 12.26289319392235 1.4701583814800658 -1.5336219233124817 1.0
human.pedestrian.construction_worker 0 0 0 0 0 0 0 0.851 1.76 0.703 1.2969919846777667 -15.633677410193584 7.666959105605161 1.9114251207794322 1.0
movable_object.barrier 0 0 0 0 0 0 0 2.037 1.1 0.731 0.20583688056054317 -38.68356543581651 -44.79810992651383 -0.0542840212225002 1.0
human.pedestrian.adult 0 0 0 0 0 0 0 0.936 1.856 0.749 1.2285259979004277 -22.767665531307326 -3.427702263560903 2.5456510519320767 1.0
movable_object.barrier 0 0 0 0 0 0 0 1.977 1.149 0.703 0.01908298053115498 -38.70912713079921 -38.74064770372008 -0.05596936291684251 1.0
movable_object.trafficcone 0 0 0 0 0 0 0 0.463 0.785 0.466 1.2517950948277128 10.415446178494838 9.44292743369647 -1.5243613504441083 1.0
vehicle.car 0 0 0 0 0 0 0 4.663 1.482 1.745 1.3393176441680286 -8.400149126662484 11.418337800152266 -1.5459868997001829 1.0
movable_object.barrier 0 0 0 0 0 0 0 1.945 1.11 0.649 0.061293131942544044 -38.73762255720401 -40.74213348028504 -0.05441463412464387 1.0
movable_object.barrier 0 0 0 0 0 0 0 2.175 1.245 0.644 1.756280423294155 -16.94739981213972 10.231209011674675 -1.5574799813041436 1.0
movable_object.barrier 0 0 0 0 0 0 0 1.99 0.921 0.726 0.8452027664294395 -38.86917402708778 -20.088477559462522 -0.07211684064244395 1.0
human.pedestrian.construction_worker 0 0 0 0 0 0 0 0.829 1.78 0.759 1.3203713964934543 -15.065100551148726 7.182984149164406 -1.194195429307225 1.0
movable_object.barrier 0 0 0 0 0 0 0 2.034 1.127 0.683 -0.07060713754451431 -38.69957557646256 -42.75857483727159 -0.05581742051309391 1.0
movable_object.barrier 0 0 0 0 0 0 0 1.827 1.066 0.619 1.8170503196435315 -22.45078126128978 8.217250311788234 -2.578278102668632 1.0
movable_object.trafficcone 0 0 0 0 0 0 0 0.519 0.736 0.523 0.8807573722750972 22.975156472297627 1.2825547495486178 -1.5406851179790806 1.0
human.pedestrian.adult 0 0 0 0 0 0 0 0.716 1.73 0.687 1.8761098212189253 -48.40272135824628 -0.9284621907592142 -0.1723537592847233 1.0
movable_object.trafficcone 0 0 0 0 0 0 0 0.482 0.825 0.496 0.8192386942927946 27.91762514709037 8.582492478800175 -1.5270296440285565 1.0
human.pedestrian.adult 0 0 0 0 0 0 0 0.78 1.812 0.72 1.1994509351982132 -23.53159579815077 -3.787801122388919 2.632074435839149 1.0
movable_object.barrier 0 0 0 0 0 0 0 2.056 1.181 0.613 1.7862519438312916 -21.60499025143974 2.6273828690215737 1.9549648454126025 1.0
vehicle.car 0 0 0 0 0 0 0 4.819 1.736 1.939 2.3335138145446455 -56.85289300784046 1.8643037642188949 1.6006370172149333 1.0
movable_object.trafficcone 0 0 0 0 0 0 0 0.481 0.706 0.477 1.1415167616407536 16.230179131596024 9.122240088532513 -1.5243613504441083 1.0
movable_object.barrier 0 0 0 0 0 0 0 2.03 1.15 0.666 1.3445608620871934 -37.59189777600397 -11.898251257905365 -0.058629860677422485 1.0
vehicle.truck 0 0 0 0 0 0 0 6.013 2.598 2.287 2.7685036769307625 -40.203677757698145 31.957123910793033 -3.1333444360072775 1.0
movable_object.trafficcone 0 0 0 0 0 0 0 0.406 0.729 0.428 0.673690799813832 33.27305996117735 7.4105506020511225 -1.5527711192460663 1.0
movable_object.barrier 0 0 0 0 0 0 0 1.991 1.079 0.59 1.5564389178152531 -11.582263379209946 2.203542076086522 1.5792721891788295 1.0
movable_object.barrier 0 0 0 0 0 0 0 1.964 1.131 0.694 0.23861747848856274 -38.6405540494228 -36.72302129213712 -0.0730085398671676 1.0
human.pedestrian.adult 0 0 0 0 0 0 0 0.741 1.725 0.79 1.8164661467098826 -47.22074041969201 -2.497211594897924 1.7056691437210167 1.0
vehicle.car 0 0 0 0 0 0 0 4.956 2.17 2.135 1.2821082499512295 -18.340367411345117 11.915523417476393 -1.5459868997001829 1.0
