movable_object.barrier 0 0 0 0 0 0 0 1.994 0.927 0.639 1.193371966097234 -42.8428307023967 -21.69070142433329 -0.18176364131406686 1.0
movable_object.trafficcone 0 0 0 0 0 0 0 0.533 0.734 0.555 0.8761114280000245 25.935348066317673 7.538800538747633 -1.7660798632707966 1.0
human.pedestrian.adult 0 0 0 0 0 0 0 0.917 1.849 0.822 -0.47199212897784376 2.8682102474569606 -13.734350582921076 -1.447782845900691 1.0
movable_object.barrier 0 0 0 0 0 0 0 2.03 1.15 0.666 1.3323961645167766 -42.11960804507501 -21.248643441495698 -0.2084428351996479 1.0
movable_object.trafficcone 0 0 0 0 0 0 0 0.424 0.734 0.393 1.790005359678675 -17.916438659886342 6.692224611168208 -1.7536758234537828 1.0
human.pedestrian.adult 0 0 0 0 0 0 0 0.995 1.89 0.979 -0.46306444381068296 2.3545705399664283 -11.442036567057125 -1.6304236690513232 1.0
movable_object.trafficcone 0 0 0 0 0 0 0 0.437 0.742 0.437 1.820517724809723 -22.516378437763947 5.663250347411553 -1.7536758234537828 1.0
human.pedestrian.adult 0 0 0 0 0 0 0 1.038 1.541 0.861 -2.801643449779654 56.86683177667859 -6.230583018065955 -2.2248076115837243 1.0
movable_object.trafficcone 0 0 0 0 0 0 0 0.466 0.838 0.468 1.0942830340862715 15.914177599199556 13.218949975096672 -1.7524197211813721 1.0
human.pedestrian.construction_worker 0 0 0 0 0 0 0 0.837 1.746 0.775 1.2022275510950937 -29.77213459568993 -8.099890894245664 -0.08420932969921502 1.0
human.pedestrian.adult 0 0 0 0 0 0 0 0.909 1.78 0.791 -0.33463844958936584 1.2039132595879807 -11.569612376363866 2.820930386239998 1.0
movable_object.trafficcone 0 0 0 0 0 0 0 0.509 0.767 0.489 1.136437176305737 14.624935387056883 12.996161854400627 -1.7698656357144218 1.0
human.pedestrian.adult 0 0 0 0 0 0 0 1.034 1.798 0.874 -1.428202072151259 20.427850063667673 -16.970932896029417 -1.372168140221362 1.0
human.pedestrian.construction_worker 0 0 0 0 0 0 0 0.829 1.78 0.759 1.3098480102089516 -24.11392268100228 2.636929341059715 -1.4194377642139067 1.0
vehicle.car 0 0 0 0 0 0 0 4.956 2.17 2.135 1.3308084151500172 -28.6887964550379 6.292016291197235 -1.7713834352843847 1.0
human.pedestrian.adult 0 0 0 0 0 0 0 0.922 1.812 0.838 -0.15840960105037 6.997996489305774 -10.410079746359452 -0.7577519009830098 1.0
movable_object.barrier 0 0 0 0 0 0 0 2.025 1.046 0.693 1.8069226562393332 -27.79179169327479 -3.3340140789399335 1.351978652181005 1.0
vehicle.car 0 0 0 0 0 0 0 4.272 1.65 1.706 1.6279528137886863 -26.956786637813035 9.83678203795614 -1.7713834352843847 1.0
movable_object.trafficcone 0 0 0 0 0 0 0 0.476 0.739 0.51 1.694464283554174 -10.725553101897741 0.2994391623451006 -1.7912021310834492 1.0
movable_object.barrier 0 0 0 0 0 0 0 1.842 0.885 0.677 0.9373507190024611 -41.849315321349735 -27.62629762932049 -0.16692370383488608 1.0
movable_object.trafficcone 0 0 0 0 0 0 0 0.406 0.729 0.428 0.9623818892925843 22.62176622328836 13.433393296271634 -1.7781699279922876 1.0
human.pedestrian.adult 0 0 0 0 0 0 0 0.889 1.721 0.8 -1.1670665055065927 16.414134420498847 -15.395087741321849 -1.406093961702716 1.0
movable_object.trafficcone 0 0 0 0 0 0 0 0.463 0.785 0.466 1.427553024790532 -0.20298912993089402 10.24254530860598 -1.7497505056958405 1.0
vehicle.construction 0 0 0 0 0 0 0 3.992 2.916 3.016 0.7090436339771564 -23.557482686320576 -0.7744119836713821 -1.7713834352843847 1.0
vehicle.truck 0 0 0 0 0 0 0 10.107 3.608 2.853 0.4699534386306672 -18.19949307196434 11.841520885955713 -1.7539375115154412 1.0
human.pedestrian.adult 0 0 0 0 0 0 0 0.669 1.642 0.621 1.6806711450353182 -52.43566658334859 -15.822917151600738 1.410062089803029 1.0
movable_object.trafficcone 0 0 0 0 0 0 0 0.536 0.798 0.499 1.7381081379758947 -16.24216828891971 -0.8376774070045013 -1.7912021310834492 1.0
movable_object.trafficcone 0 0 0 0 0 0 0 0.497 0.808 0.493 1.1656821225745153 11.668808834423677 12.343258693177887 -1.7524197211813721 1.0
movable_object.trafficcone 0 0 0 0 0 0 0 0.606 0.858 0.586 3.325153842179029 -79.89196694157427 -11.370793916818133 1.3546647361541222 1.0
movable_object.trafficcone 0 0 0 0 0 0 0 0.451 0.706 0.435 1.546308659150698 -4.066449861219444 9.439583742216115 -1.7536758234537828 1.0
movable_object.trafficcone 0 0 0 0 0 0 0 0.513 0.798 0.488 1.5657933000969746 -1.4585060756409411 2.103897028620144 -1.759014264387079 1.0
movable_object.barrier 0 0 0 0 0 0 0 1.99 0.921 0.726 0.8720811872810043 -41.50569088388798 -29.631860177387267 -0.18379385913802793 1.0
vehicle.car 0 0 0 0 0 0 0 4.663 1.482 1.745 1.424766137490511 -18.89322376344709 8.03330707397094 -1.7713834352843847 1.0
movable_object.barrier 0 0 0 0 0 0 0 2.056 1.181 0.613 1.8219646961070837 -29.801635848866155 -3.590562723979762 1.7291556489629274 1.0
movable_object.trafficcone 0 0 0 0 0 0 0 0.525 0.736 0.514 1.4327036394448553 3.135991538171212 10.852826038441965 -1.7497505056958405 1.0
movable_object.trafficcone 0 0 0 0 0 0 0 0.484 0.73 0.473 1.3787773340030314 3.4680620110430294 2.962232578211688 -1.759014264387079 1.0
human.pedestrian.construction_worker 0 0 0 0 0 0 0 0.851 1.76 0.703 1.2507059878868025 -25.351071310049086 3.1594085184852916 2.860088264062811 1.0
human.pedestrian.adult 0 0 0 0 0 0 0 0.994 1.757 0.674 1.3611605964799782 -32.28042388061133 -11.82328909350305 -1.756746298038009 1.0
human.pedestrian.adult 0 0 0 0 0 0 0 0.914 1.905 0.695 1.2093922441927698 -27.128005757736883 -11.235257755631842 2.109720597973631 1.0
movable_object.trafficcone 0 0 0 0 0 0 0 0.734 1.37 0.789 -0.4634066637715659 66.91025762404992 15.644797023910726 -1.7436270209793996 1.0
movable_object.barrier 0 0 0 0 0 0 0 1.974 1.054 0.626 1.671354799048952 -21.84321286126469 -2.144101798367056 1.3534263460742864 1.0
human.pedestrian.adult 0 0 0 0 0 0 0 0.78 1.812 0.72 1.1796140485635567 -26.976508839538106 -13.539772442684415 2.406335036531484 1.0
movable_object.barrier 0 0 0 0 0 0 0 1.827 1.066 0.619 1.9056109044467968 -31.87238346097292 1.7657204685692123 -2.8038917616141372 1.0
movable_object.trafficcone 0 0 0 0 0 0 0 0.519 0.736 0.523 1.1426084045672926 13.94482410819013 5.177716768304532 -1.7660798632707966 1.0
human.pedestrian.adult 0 0 0 0 0 0 0 0.716 1.73 0.687 1.890747822407209 -55.05670830253496 -13.108381814584595 -0.07662377685194599 1.0
movable_object.barrier 0 0 0 0 0 0 0 1.981 1.078 0.675 1.7002267029292937 -23.851506749107507 -2.581278047973178 1.3534263460742864 1.0
movable_object.trafficcone 0 0 0 0 0 0 0 0.422 0.768 0.469 1.0289765134682376 19.035309610056142 13.748201360707421 -1.7524197211813721 1.0
human.pedestrian.adult 0 0 0 0 0 0 0 0.936 1.856 0.749 1.2356090762099252 -26.36627123795807 -13.19328921582252 2.4449481064047482 1.0
movable_object.barrier 0 0 0 0 0 0 0 1.991 1.079 0.59 1.6490500824462653 -19.890201272025354 -1.679127356151132 1.3534263460742864 1.0
movable_object.trafficcone 0 0 0 0 0 0 0 0.429 0.844 0.439 1.1714782228194083 9.939457492275915 11.997316009148053 -1.7497505056958405 1.0
vehicle.truck 0 0 0 0 0 0 0 6.452 3.236 2.508 0.47625371571587777 -7.051302455827426 14.11146081749236 -1.7713834352843847 1.0
human.pedestrian.construction_worker 0 0 0 0 0 0 0 0.687 1.766 0.626 1.3150073668379503 -29.6623708685073 -2.9249017505511885 0.3959593211969423 1.0
movable_object.barrier 0 0 0 0 0 0 0 2.168 1.098 0.647 1.2561744676989695 -41.72752285163812 -23.328493304832328 -0.174517982365753 1.0
movable_object.trafficcone 0 0 0 0 0 0 0 0.497 0.72 0.524 1.236835093256803 9.34636050638109 4.169146079668399 -1.7855496023020123 1.0
movable_object.barrier 0 0 0 0 0 0 0 2.068 1.169 0.616 1.9771966848006266 -29.048769428632294 4.503515616570851 -1.7828803562782491 1.0
movable_object.trafficcone 0 0 0 0 0 0 0 0.578 0.844 0.582 0.6435073873924178 34.583639852001404 9.257509516430806 -1.7983026991571496 1.0
human.pedestrian.adult 0 0 0 0 0 0 0 0.709 1.609 0.648 1.4510765576855889 -34.511384267307726 -12.040537506413598 -1.3030983171948503 1.0
human.pedestrian.adult 0 0 0 0 0 0 0 0.989 1.95 0.886 -0.6245530968679197 9.236317990619757 -13.477588197539646 -0.6732895947201456 1.0
vehicle.car 0 0 0 0 0 0 0 4.727 1.957 1.907 0.2032291211408446 6.761805333934028 -4.278894773392422 2.6584478947207373 1.0
human.pedestrian.adult 0 0 0 0 0 0 0 0.884 1.693 0.784 -1.1878237376526617 17.42512932040259 -15.665377307680405 -1.0747321518563133 1.0
movable_object.barrier 0 0 0 0 0 0 0 1.967 0.962 0.704 0.817529072984844 -41.23946397685602 -31.330104064700805 -0.16113224889761568 1.0
movable_object.trafficcone 0 0 0 0 0 0 0 0.673 1.152 0.708 -0.41091674527693955 63.30141303449098 14.790139468589613 -1.7436270209793996 1.0
vehicle.car 0 0 0 0 0 0 0 4.819 1.736 1.939 2.3065361566476508 -63.879806543192714 -12.123271416298708 1.374793104305705 1.0
movable_object.trafficcone 0 0 0 0 0 0 0 0.481 0.706 0.477 1.3608181851233887 5.602252955621632 11.302232427195497 -1.7497505056958405 1.0
movable_object.trafficcone 0 0 0 0 0 0 0 0.549 0.803 0.587 0.5944242329074376 38.96545364106506 10.112064232009036 -1.763410634958686 1.0
movable_object.barrier 0 0 0 0 0 0 0 1.923 0.919 0.696 1.0545442044519728 -42.138107735635415 -25.695047612253934 -0.15018653613390853 1.0
movable_object.barrier 0 0 0 0 0 0 0 2.326 1.221 0.638 1.7617109237330877 -24.71916216078015 4.629487013876131 -1.1790978729107646 1.0
human.pedestrian.adult 0 0 0 0 0 0 0 0.761 1.73 0.69 0.9028048825077015 -21.970483528909657 -12.427813686734291 3.0639231634923103 1.0
movable_object.trafficcone 0 0 0 0 0 0 0 0.465 0.766 0.478 1.2735320641591568 8.507225053593517 11.823372756753555 -1.7497505056958405 1.0
movable_object.trafficcone 0 0 0 0 0 0 0 0.482 0.825 0.496 1.078860065151597 17.11766801927984 13.418135669372772 -1.7524197211813721 1.0
movable_object.trafficcone 0 0 0 0 0 0 0 0.421 0.808 0.424 1.1478767335229718 13.143467653653898 12.617357826680976 -1.7524197211813721 1.0
movable_object.trafficcone 0 0 0 0 0 0 0 0.499 0.789 0.492 1.5879728198024479 -5.8330482646307065 1.318075989416624 -1.7362474548388507 1.0
vehicle.bicycle 0 0 0 0 0 0 0 1.791 1.167 0.458 0.5599675855258106 14.509035048191995 -1.106246128719074 -0.2649568256848607 1.0
vehicle.bicycle 0 0 0 0 0 0 0 1.843 1.067 0.567 0.4845455000599409 13.873594169562782 -1.5746694402558512 -0.2931372411088269 1.0
movable_object.trafficcone 0 0 0 0 0 0 0 0.427 0.723 0.407 1.6173681643295057 -8.501269282119148 8.50867168904779 -1.7536758234537828 1.0
human.pedestrian.adult 0 0 0 0 0 0 0 0.858 2.0 0.728 1.8236812012427532 -37.73283711558667 12.118864748731609 -0.18076598633088992 1.0
