vehicle.bicycle 0 0 0 0 0 0 0 1.966 1.119 0.513 0.9452151662538661 16.862609072921558 -5.981123121093227 0.06625561518139333 1.0
vehicle.bicycle 0 0 0 0 0 0 0 1.555 1.009 0.589 0.9208795356180517 17.62296460304372 -4.205315630148907 0.11234673838058784 1.0
vehicle.car 0 0 0 0 0 0 0 6.044 2.598 2.603 1.6226702193003537 43.604014093311626 -13.143361122343924 1.5564976700323188 1.0
vehicle.bicycle 0 0 0 0 0 0 0 1.44 1.084 0.552 0.9830048814516044 17.94567399378329 -3.3072058982487977 0.09860580762935456 1.0
vehicle.bicycle 0 0 0 0 0 0 0 1.472 0.969 0.572 0.5154122810064489 15.289442071133923 -31.148845705076063 0.8212361587008385 1.0
vehicle.bus.rigid 0 0 0 0 0 0 0 9.075 3.695 2.933 -0.7376052602355654 2.3880437569354758 -56.207398867214735 3.0550378702254797 1.0
vehicle.car 0 0 0 0 0 0 0 4.599 1.538 1.973 1.3568666578006494 -61.21240412200227 15.767781556199939 1.3194339876445467 1.0
vehicle.car 0 0 0 0 0 0 0 4.801 1.774 2.159 -0.5681859978200307 9.70430194172572 -64.44591938287846 0.0509221025583404 1.0
vehicle.car 0 0 0 0 0 0 0 3.643 1.612 1.911 0.36857700415081346 11.553141235926121 -31.970596561659864 0.03106569741869869 1.0
vehicle.car 0 0 0 0 0 0 0 4.425 1.919 2.002 1.4795829561442735 30.80414188063954 87.8744155329279 1.5701602827559986 1.0
