movable_object.trafficcone 0 0 0 0 0 0 0 0.392 0.959 0.432 -0.04691142976009233 44.35242100007968 19.84192019273585 -2.9738633033900825 1.0
human.pedestrian.adult 0 0 0 0 0 0 0 0.505 1.601 0.598 1.086375303503559 -7.4784713977664365 21.792686817197225 -1.2422499441752812 1.0
human.pedestrian.adult 0 0 0 0 0 0 0 0.639 1.735 0.587 1.4488292439490031 -19.205138661802657 22.086383973527205 -1.6446402232587607 1.0
human.pedestrian.adult 0 0 0 0 0 0 0 0.547 1.865 0.607 0.991159295509663 -8.325216689810224 22.62526253280717 3.094461474632925 1.0
human.pedestrian.adult 0 0 0 0 0 0 0 0.685 1.766 0.689 1.2560410704393736 -27.00021420332874 -6.593166232535342 1.6259138060787688 1.0
human.pedestrian.adult 0 0 0 0 0 0 0 0.707 2.0 0.624 -0.6658691554441408 51.55816361254248 21.722032619362235 -1.5925478521198047 1.0
vehicle.motorcycle 0 0 0 0 0 0 0 2.632 1.835 0.962 3.0974791483860957 -68.36318704952525 25.732124255407793 -1.1830775381435128 1.0
human.pedestrian.adult 0 0 0 0 0 0 0 0.696 1.835 0.693 0.6147767215328753 9.137474137570447 19.34472077490746 -1.5039757587914728 1.0
human.pedestrian.adult 0 0 0 0 0 0 0 0.647 1.87 0.641 -0.679239967716851 50.97522914483872 20.519875130618654 -0.02216800958076348 1.0
vehicle.car 0 0 0 0 0 0 0 4.633 1.606 1.701 0.4048671529367115 24.125482894895935 -3.5784831343053924 1.5736270259838498 1.0
