human.pedestrian.adult 0 0 0 0 0 0 0 0.505 1.601 0.598 -0.47520697656269595 23.50675590229838 25.61918896579448 -1.4505518915776054 1.0
human.pedestrian.adult 0 0 0 0 0 0 0 0.685 1.766 0.689 0.6226335481462468 6.244041498619358 -6.536372413216109 1.5223438872399253 1.0
human.pedestrian.adult 0 0 0 0 0 0 0 0.616 1.773 0.609 -0.48681986253692533 21.708613248306722 26.10327897475511 2.397489661722277 1.0
human.pedestrian.adult 0 0 0 0 0 0 0 0.848 1.706 0.763 0.9178328698061817 -36.48417299907248 24.129350539287707 -2.3078526404114825 1.0
human.pedestrian.adult 0 0 0 0 0 0 0 0.861 2.015 0.785 0.12459992182972707 -22.318392243393173 44.12512136894746 -2.5892982666575524 1.0
human.pedestrian.adult 0 0 0 0 0 0 0 0.639 1.735 0.587 -0.16668846044730373 14.622908574014518 24.075234312005 -1.6784222149942476 1.0
human.pedestrian.adult 0 0 0 0 0 0 0 0.868 2.0 0.845 0.36016165439856895 -31.692865499907505 27.010085907895988 -2.313041853000719 1.0
human.pedestrian.adult 0 0 0 0 0 0 0 0.696 1.835 0.693 -0.8900711604813019 43.15176325416942 27.32138250761977 -1.8449160855699143 1.0
human.pedestrian.adult 0 0 0 0 0 0 0 0.543 1.78 0.64 -0.5236027438155854 22.30565697767328 25.07451913646974 -0.19860032645115666 1.0
human.pedestrian.adult 0 0 0 0 0 0 0 0.547 1.865 0.607 -0.5642714456994453 22.511642914358983 26.25632997183 2.8861621689853143 1.0
vehicle.motorcycle 0 0 0 0 0 0 0 2.632 1.835 0.962 1.0689079011642466 -36.95827402718756 17.27955648763624 -1.0976146483083618 1.0
vehicle.car 0 0 0 0 0 0 0 4.633 1.606 1.701 -0.0012301661155496024 59.68473447407259 7.336891887926965 1.3653476165798688 1.0
