human.pedestrian.construction_worker 0 0 0 0 0 0 0 0.8 1.846 0.787 -0.706354818344537 7.669248737556112 28.50034436375932 2.5177779236231927 1.0
human.pedestrian.construction_worker 0 0 0 0 0 0 0 0.708 1.835 0.77 -0.229778481778613 9.77216354287402 11.940753447405145 1.949749992180955 1.0
movable_object.trafficcone 0 0 0 0 0 0 0 0.48 0.886 0.476 0.6762007210731411 -14.128011567457905 16.6828168568786 3.0780427866470284 1.0
vehicle.bus.rigid 0 0 0 0 0 0 0 10.695 3.309 2.574 -1.4899855092642875 62.78177646157232 -2.87027928018167 1.560798079327971 1.0
human.pedestrian.adult 0 0 0 0 0 0 0 0.735 1.926 0.785 1.325145449339424 2.26234304554841 -8.159902205244135 2.6339064364127047 1.0
human.pedestrian.construction_worker 0 0 0 0 0 0 0 1.027 1.351 1.041 2.262599596421596 -9.211483959010742 -8.176290968698575 3.1188477149401255 1.0
vehicle.truck 0 0 0 0 0 0 0 4.536 2.083 1.884 -1.2231384282613018 7.661364780265094 34.50190903838694 0.08414430813121054 1.0
human.pedestrian.construction_worker 0 0 0 0 0 0 0 0.745 1.725 0.757 0.0016044798343392563 8.741505144968398 10.581900183839982 0.2983800172743254 1.0
human.pedestrian.construction_worker 0 0 0 0 0 0 0 0.831 1.461 0.772 2.3441575904672494 -7.338275040795122 -12.102102176885328 0.08432018011153675 1.0
human.pedestrian.adult 0 0 0 0 0 0 0 0.637 1.759 0.801 0.5223816198553941 17.621150538363285 -4.5148712543845795 0.4149722667973208 1.0
movable_object.trafficcone 0 0 0 0 0 0 0 0.416 0.859 0.39 0.6245004861940192 -10.913848885086303 16.679449816149052 -2.666839132167323 1.0
movable_object.trafficcone 0 0 0 0 0 0 0 0.592 0.759 0.553 0.6589186907132121 -9.188469491934407 16.71379129084747 2.5177779236231927 1.0
vehicle.car 0 0 0 0 0 0 0 4.415 1.588 1.821 -0.11500520975243189 52.61002796825834 -3.1248726122188493 1.6144615845830455 1.0
human.pedestrian.adult 0 0 0 0 0 0 0 0.78 1.76 0.899 1.0691619749808787 3.9538170655768696 -15.19454264384689 2.8661724699802686 1.0
human.pedestrian.construction_worker 0 0 0 0 0 0 0 0.994 1.396 0.799 2.74109234523588 -8.817653233641394 -10.492914815827683 3.1188477149401255 1.0
human.pedestrian.adult 0 0 0 0 0 0 0 0.75 1.725 0.889 0.3088038004455549 -9.315580798095745 13.646292101041855 1.9513421021304378 1.0
human.pedestrian.construction_worker 0 0 0 0 0 0 0 0.895 1.429 0.773 2.4114847706242615 -7.2860534035829465 -9.161238876522809 1.5748870962108565 1.0
human.pedestrian.adult 0 0 0 0 0 0 0 0.824 1.931 0.836 0.965249330173999 3.5795079231196016 -9.339005876980595 1.4416426365494601 1.0
human.pedestrian.adult 0 0 0 0 0 0 0 0.845 1.917 0.877 0.26940135208932986 7.2169377956833065 7.527692392496267 0.9154000822984232 1.0
vehicle.bus.rigid 0 0 0 0 0 0 0 12.088 3.624 2.726 -2.460037010098623 64.94327557952828 6.817959138065816 1.560798079327971 1.0
human.pedestrian.adult 0 0 0 0 0 0 0 0.95 2.0 0.917 -1.8815770887847822 55.233931600287555 11.938894463982031 1.7350464901135174 1.0
human.pedestrian.adult 0 0 0 0 0 0 0 0.891 1.849 0.882 1.2523702044418539 3.9393191180528446 -8.529838707873719 -2.62760579886325 1.0
human.pedestrian.adult 0 0 0 0 0 0 0 0.706 1.812 0.772 0.3434022178097052 6.14645818390205 7.438747057411706 0.40167462111216823 1.0
human.pedestrian.adult 0 0 0 0 0 0 0 0.851 1.063 0.879 0.3851767025407517 11.16880530054231 8.679578364399562 3.089028725545324 1.0
human.pedestrian.construction_worker 0 0 0 0 0 0 0 0.687 1.917 0.687 1.7612988955873323 -6.721901710164246 -10.221195571258662 1.8076970639586705 1.0
human.pedestrian.adult 0 0 0 0 0 0 0 0.797 1.821 0.89 0.12589425248440828 7.030202265975921 8.59628050505787 -3.034773259110425 1.0
human.pedestrian.adult 0 0 0 0 0 0 0 0.834 1.967 0.85 0.1679409696268271 6.209654239530939 8.371551757731776 2.654307755240768 1.0
human.pedestrian.construction_worker 0 0 0 0 0 0 0 0.877 1.897 0.86 2.7497750808463493 -27.639698201867688 -13.56547707299456 3.1266948193660493 1.0
human.pedestrian.adult 0 0 0 0 0 0 0 0.91 2.0 0.836 1.2190537208409546 2.5097141002355685 -9.446260283870448 1.1755929435415489 1.0
human.pedestrian.construction_worker 0 0 0 0 0 0 0 0.782 1.876 0.842 -0.19495273426210133 8.714017455087253 12.14563151897772 -2.7610004812424016 1.0
vehicle.motorcycle 0 0 0 0 0 0 0 1.985 1.533 0.821 -2.474381297958331 47.19251472686721 28.380361425219274 0.848181663588008 1.0
vehicle.car 0 0 0 0 0 0 0 4.145 1.737 2.09 -0.8832036367572416 16.480191400099987 23.63441804980937 1.5687891343199016 1.0
movable_object.trafficcone 0 0 0 0 0 0 0 0.442 0.89 0.429 0.7722911055754829 -15.931571199985843 16.693223101258557 3.0954807862446954 1.0
movable_object.trafficcone 0 0 0 0 0 0 0 0.456 0.949 0.441 0.5948574335667627 -12.356718408516784 16.67177988873175 -3.083425235555543 1.0
vehicle.car 0 0 0 0 0 0 0 4.657 2.0 2.112 -0.8803765019973372 16.660371216336976 18.440265833987212 1.573493270611432 1.0
human.pedestrian.construction_worker 0 0 0 0 0 0 0 0.745 1.87 0.786 -0.10913850428527541 7.9513791597654935 10.988483408992531 1.5560940492230637 1.0
