vehicle.car 0 0 0 0 0 0 0 4.145 1.737 2.09 2.383242951403843 -32.28411372616127 23.72584285855431 1.5570511555037685 1.0
human.pedestrian.construction_worker 0 0 0 0 0 0 0 0.745 1.87 0.786 2.4740298913872234 -41.09675113268759 11.16721312945484 1.5665781041247575 1.0
vehicle.car 0 0 0 0 0 0 0 4.676 2.0 2.032 -1.946592752196127 38.199137765123346 34.90291622308669 1.5697161362632306 1.0
vehicle.bus.rigid 0 0 0 0 0 0 0 12.088 3.624 2.726 -0.8495081753482693 15.84455565223607 6.326132429429643 1.5712851564856907 1.0
vehicle.car 0 0 0 0 0 0 0 5.013 2.0 2.053 3.1384761944846207 -41.48772671680844 45.63292917022376 0.06727521996127095 1.0
human.pedestrian.adult 0 0 0 0 0 0 0 1.11 1.821 0.76 0.5680949304014934 -2.6649735243825217 33.04546760256728 -2.743131222984723 1.0
vehicle.bus.rigid 0 0 0 0 0 0 0 10.695 3.309 2.574 -0.6441090011737114 13.551439900177924 -3.1541609904446677 1.5712851564856907 1.0
human.pedestrian.adult 0 0 0 0 0 0 0 0.824 1.931 0.836 2.072829219513265 -45.8038434684744 -9.198311876379574 1.4520482445209844 1.0
human.pedestrian.adult 0 0 0 0 0 0 0 0.75 1.725 0.889 3.4305777805061823 -58.50159894666814 14.005160399577811 1.962039781396225 1.0
human.pedestrian.adult 0 0 0 0 0 0 0 0.797 1.821 0.89 2.440427081967922 -41.80203680034944 8.935911272199734 1.7281156446056087 1.0
movable_object.trafficcone 0 0 0 0 0 0 0 0.451 0.859 0.47 1.3243195867383337 -1.994990839597039 -8.848812704787738 0.07268995430057812 1.0
vehicle.truck 0 0 0 0 0 0 0 4.536 2.083 1.884 2.8880131307511316 -41.39814705932212 33.94582556245725 0.07008281468069688 1.0
vehicle.car 0 0 0 0 0 0 0 4.657 2.0 2.112 1.9827825887166965 -32.268774801524835 18.630540000498897 1.561758156424223 1.0
human.pedestrian.adult 0 0 0 0 0 0 0 0.743 1.746 0.715 -3.3236640409669214 36.76485162960327 -24.796848131114015 0.06958137736476466 1.0
vehicle.bicycle 0 0 0 0 0 0 0 1.927 1.269 0.764 1.2826348438670148 -15.558584444293528 -8.768352100468787 -2.6798132800949483 1.0
human.pedestrian.adult 0 0 0 0 0 0 0 0.637 1.759 0.801 1.8608482088106075 -31.964155979513347 -4.360138640643271 1.5600617876553287 1.0
movable_object.trafficcone 0 0 0 0 0 0 0 0.443 0.794 0.431 1.3959348290191231 -12.22410365512944 -5.2744535644405754 0.08803553407865516 1.0
vehicle.car 0 0 0 0 0 0 0 4.29 1.563 1.935 -0.39399077603760607 8.776185355814162 -16.181429349927654 3.1329274309018764 1.0
human.pedestrian.adult 0 0 0 0 0 0 0 0.851 1.063 0.879 2.6300547129419574 -37.87741389408399 8.87584126980413 3.100133783679844 1.0
human.pedestrian.adult 0 0 0 0 0 0 0 0.972 1.823 0.998 0.6901755167704562 -3.0259067585999317 11.72089734826047 1.642242520448157 1.0
vehicle.car 0 0 0 0 0 0 0 4.662 1.423 1.774 -1.740841043955661 44.5985976038261 11.373516124329667 -3.0124548719537962 1.0
movable_object.trafficcone 0 0 0 0 0 0 0 0.455 0.841 0.446 1.3558740204758526 -12.318158601693098 -5.7696896683806855 1.5728541795297186 1.0
human.pedestrian.adult 0 0 0 0 0 0 0 0.91 2.0 0.836 2.5331004712013865 -46.977130395522224 -8.77528213547691 1.1857671348358236 1.0
human.pedestrian.adult 0 0 0 0 0 0 0 0.764 1.835 0.8 1.2075544292285323 -10.475023851015434 -16.673012537565914 0.16137179691907555 1.0
vehicle.car 0 0 0 0 0 0 0 4.414 1.653 1.984 -1.1025063111748765 18.096328538697087 -15.536726482685838 -3.1328144452006796 1.0
human.pedestrian.adult 0 0 0 0 0 0 0 0.95 2.0 0.917 -0.13852255930633434 12.500204963519291 9.938504492861197 1.90257375204422 1.0
human.pedestrian.adult 0 0 0 0 0 0 0 0.834 1.967 0.85 2.5058959092806776 -43.026097081218055 8.552753000136931 2.6652742530274898 1.0
vehicle.bus.rigid 0 0 0 0 0 0 0 12.731 3.83 2.787 -4.745833223773979 70.12928145144868 6.938175745962592 1.5673368572321236 1.0
human.pedestrian.construction_worker 0 0 0 0 0 0 0 0.708 1.835 0.77 2.2987446282884125 -39.266158500914024 12.004017582739152 1.6940868097894057 1.0
human.pedestrian.adult 0 0 0 0 0 0 0 0.845 1.917 0.877 2.440066984405549 -41.84993278019267 7.786819524146233 0.9030423142762913 1.0
vehicle.car 0 0 0 0 0 0 0 4.415 1.588 1.821 0.9004918004846933 3.4003162873524024 -3.398330523045519 1.6249821380864784 1.0
