human.pedestrian.adult 0 0 0 0 0 0 0 0.706 1.812 0.772 1.4782107380312066 -19.173033880673753 7.260523520942397 0.39727466125475797 1.0
human.pedestrian.adult 0 0 0 0 0 0 0 0.891 1.849 0.882 1.4188331996208894 -21.47725512321319 -8.699886491753517 -2.6275995287060265 1.0
human.pedestrian.construction_worker 0 0 0 0 0 0 0 0.8 1.846 0.787 1.7504733757667799 -17.789034413802685 28.316591471340832 2.517288034805663 1.0
vehicle.motorcycle 0 0 0 0 0 0 0 1.985 1.533 0.821 -0.012766198204252621 21.58860013717928 28.298581082662203 0.8465180143819526 1.0
vehicle.car 0 0 0 0 0 0 0 4.145 1.737 2.09 1.2294443921991178 -8.960287116027706 23.512617288404925 1.5681559105478424 1.0
vehicle.bicycle 0 0 0 0 0 0 0 1.927 1.269 0.764 0.41194540437239224 8.39939480518126 -8.79344943286816 -2.69109905566469 1.0
human.pedestrian.adult 0 0 0 0 0 0 0 0.845 1.917 0.877 1.3342891165948039 -18.08476908702055 7.463886019398222 0.913893632318425 1.0
human.pedestrian.adult 0 0 0 0 0 0 0 0.91 2.0 0.836 1.1962544569173978 -22.97527045062451 -9.309505046373664 1.1741037747486853 1.0
vehicle.bus.rigid 0 0 0 0 0 0 0 10.695 3.309 2.574 -1.35072139768494 37.751223649116206 -2.925198478684544 1.5597251521316862 1.0
human.pedestrian.adult 0 0 0 0 0 0 0 0.834 1.967 0.85 1.4235371574480091 -19.26789388551557 8.216639297962933 2.653880475210812 1.0
human.pedestrian.construction_worker 0 0 0 0 0 0 0 0.895 1.429 0.773 2.3454123097784008 -32.612705667642956 -9.307871956366332 1.5742590412923647 1.0
human.pedestrian.adult 0 0 0 0 0 0 0 0.95 2.0 0.917 -0.8677396210415405 33.208306633772935 11.222991037827375 1.8154985099979282 1.0
human.pedestrian.construction_worker 0 0 0 0 0 0 0 0.745 1.87 0.786 1.2859998756056203 -17.37524286204613 10.891124220235511 1.555017082473353 1.0
human.pedestrian.adult 0 0 0 0 0 0 0 0.637 1.759 0.801 0.8422011317758867 -7.6954629566373125 -4.584712967387718 0.4111399263990818 1.0
vehicle.car 0 0 0 0 0 0 0 4.415 1.588 1.821 0.03461177095763179 27.292136602342772 -3.2070763952986705 1.613433427048351 1.0
human.pedestrian.adult 0 0 0 0 0 0 0 0.797 1.821 0.89 1.3818525808736375 -18.100573562107186 8.568213840035355 -2.6110269313322743 1.0
human.pedestrian.adult 0 0 0 0 0 0 0 1.11 1.821 0.76 -0.48691542873114907 21.905560475213818 35.98525836555264 2.527641177382214 1.0
human.pedestrian.adult 0 0 0 0 0 0 0 0.972 1.823 0.998 -0.034934753545942776 17.711402858563662 11.868116943817824 1.560945766133301 1.0
human.pedestrian.construction_worker 0 0 0 0 0 0 0 0.708 1.835 0.77 1.196607249037452 -15.626869451868373 11.77393811732762 1.8273026964423558 1.0
vehicle.car 0 0 0 0 0 0 0 4.657 2.0 2.112 0.9172820982128085 -8.554305798109995 18.41455306051269 1.5728640370129154 1.0
human.pedestrian.adult 0 0 0 0 0 0 0 0.824 1.931 0.836 1.099134238756419 -21.819041980921824 -9.706645310100624 1.4404609481498225 1.0
human.pedestrian.construction_worker 0 0 0 0 0 0 0 1.027 1.351 1.041 2.427323677220918 -34.52551808756914 -8.429090314512253 3.118621532125939 1.0
vehicle.bus.rigid 0 0 0 0 0 0 0 12.088 3.624 2.726 -1.7921175007257562 39.489957700747865 6.919072310861911 1.5597251521316862 1.0
human.pedestrian.construction_worker 0 0 0 0 0 0 0 0.782 1.876 0.842 1.233615732937714 -17.031875264675342 12.134548763451864 1.4093134145706667 1.0
vehicle.truck 0 0 0 0 0 0 0 4.536 2.083 1.884 1.8033578506383774 -18.27032701088476 33.66544888842645 0.06072624222715861 1.0
vehicle.bicycle 0 0 0 0 0 0 0 1.803 1.236 0.713 0.5611037893700601 6.209251029990406 -9.010999473497671 0.1299799464717295 1.0
human.pedestrian.adult 0 0 0 0 0 0 0 0.735 1.926 0.785 1.4608706353008847 -23.19748400025054 -8.398623376506286 2.6334699505706105 1.0
movable_object.trafficcone 0 0 0 0 0 0 0 0.443 0.794 0.431 0.4977921878725037 11.686651416883622 -5.2020175041549095 0.09090888165838606 1.0
human.pedestrian.construction_worker 0 0 0 0 0 0 0 0.745 1.725 0.757 1.3331070102908031 -16.66551748979828 10.390700585852146 0.2928977235241277 1.0
human.pedestrian.adult 0 0 0 0 0 0 0 0.851 1.063 0.879 1.5602803731476766 -14.12545620889753 8.600222450694526 3.088789898065391 1.0
