human.pedestrian.adult 0 0 0 0 0 0 0 0.794 1.725 0.655 -0.36589194376996315 26.497702826301612 -6.395091757046497 1.6857718545665197 1.0
vehicle.truck 0 0 0 0 0 0 0 9.895 3.703 3.25 1.3166615081182975 -55.47701924688195 7.983765635175195 1.6756063323657582 1.0
vehicle.car 0 0 0 0 0 0 0 4.701 1.754 1.759 -1.612123814229649 12.990034072941844 -28.298976160835682 -2.8405229798402125 1.0
vehicle.truck 0 0 0 0 0 0 0 6.877 3.22 2.665 0.9437802627429062 -24.58216032453301 9.079315152541248 1.5548655694077906 1.0
human.pedestrian.adult 0 0 0 0 0 0 0 0.738 1.599 0.602 -0.7429689516644715 47.03992647114802 2.368417737170396 -3.1106386786490887 1.0
human.pedestrian.adult 0 0 0 0 0 0 0 0.59 1.716 0.63 -0.7917865518774789 42.82841139519656 -5.762181478566611 1.2732615402611493 1.0
human.pedestrian.adult 0 0 0 0 0 0 0 0.59 1.852 0.568 -0.8088374839100364 42.53357777830102 -4.414818348573365 1.2801821359527352 1.0
vehicle.car 0 0 0 0 0 0 0 4.977 1.707 1.933 2.088346990250562 -43.77679098697608 9.038883250783702 1.6681281225349043 1.0
human.pedestrian.adult 0 0 0 0 0 0 0 0.693 1.797 0.597 -0.8968588121786079 43.47380289147476 -6.329298430038699 1.2718616901392155 1.0
human.pedestrian.adult 0 0 0 0 0 0 0 0.583 1.825 0.663 -0.8113070063243473 42.50451004635021 -4.947767659876277 1.3116449670749422 1.0
human.pedestrian.adult 0 0 0 0 0 0 0 0.935 1.925 0.769 -1.0250896461987749 46.507423855809506 -4.209529881834581 1.1491313519714446 1.0
vehicle.car 0 0 0 0 0 0 0 4.965 2.203 2.107 0.8414166446179712 6.997230492917651 9.232306290847838 1.54904935226085 1.0
vehicle.bicycle 0 0 0 0 0 0 0 1.215 0.962 1.205 1.2008191161240123 0.868578578485627 -4.258895196610785 -2.9772688890373455 1.0
human.pedestrian.adult 0 0 0 0 0 0 0 0.708 1.732 0.658 -0.7386549136005782 45.9606648199398 1.230071270883861 1.6310588180027077 1.0
vehicle.car 0 0 0 0 0 0 0 4.5 1.616 2.042 -1.7409777183130615 18.51988559344395 -29.97476786406229 -2.8754772715341197 1.0
human.pedestrian.adult 0 0 0 0 0 0 0 0.764 1.635 0.743 0.8984020569990381 -4.779738546796992 -2.9736086236671317 1.5864520627001504 1.0
