vehicle.car 0 0 0 0 0 0 0 5.156 2.0 1.843 1.0927686289832144 -22.88965298661219 4.329694512633693 1.8748331553450095 1.0
vehicle.car 0 0 0 0 0 0 0 4.157 1.661 1.742 0.8474504839788345 6.1321600232265085 11.680561103022201 2.883130165476727 1.0
human.pedestrian.adult 0 0 0 0 0 0 0 0.678 1.766 0.655 0.5367517903919928 20.146892300849434 9.396687308707632 0.29565059700362095 1.0
human.pedestrian.adult 0 0 0 0 0 0 0 0.766 2.0 0.8 0.6975301065246191 20.011724634029584 12.651964260813028 0.25430860544451495 1.0
human.pedestrian.adult 0 0 0 0 0 0 0 0.797 1.794 0.692 0.6486680707042576 20.4412698514245 8.868820276285225 0.32678441856149076 1.0
vehicle.truck 0 0 0 0 0 0 0 5.067 2.993 2.802 0.5525055068053207 -49.22622474005184 -2.759465242565882 1.8310953544847672 1.0
human.pedestrian.adult 0 0 0 0 0 0 0 1.07 1.713 0.728 0.7030419410734698 4.239495461423843 -4.676129302717932 1.319669308855545 1.0
vehicle.car 0 0 0 0 0 0 0 4.326 1.732 1.673 0.22440711113965223 26.198795976297962 -36.641734077178675 0.2955284363405193 1.0
human.pedestrian.adult 0 0 0 0 0 0 0 0.362 1.748 0.672 0.7250371152944164 20.109163503420756 7.748042357764368 1.8931590509840275 1.0
human.pedestrian.adult 0 0 0 0 0 0 0 0.69 1.849 0.65 0.6872157155864171 21.162574980522248 8.807992734732567 0.3035154388352921 1.0
human.pedestrian.adult 0 0 0 0 0 0 0 0.546 1.571 0.488 0.6427640426465819 22.353207790698278 4.016150963544177 2.97436995837276 1.0
vehicle.car 0 0 0 0 0 0 0 4.114 1.506 1.821 0.30648544221222596 19.16895557181214 -33.95088086025533 2.885172196128339 1.0
human.pedestrian.adult 0 0 0 0 0 0 0 0.724 1.642 0.79 1.010118268926191 -15.440650843694515 -6.155646635502093 1.272912219832877 1.0
vehicle.car 0 0 0 0 0 0 0 5.198 2.073 1.849 1.037426178875939 -44.1475485650642 -4.940028071610604 1.8290358731698415 1.0
