vehicle.car 0 0 0 0 0 0 0 4.532 1.617 1.889 0.32916858643385827 -5.581833526813574 -16.40989173186811 -2.9972030638804714 1.0
movable_object.trafficcone 0 0 0 0 0 0 0 0.526 0.826 0.396 1.389546099709368 14.41961880413173 24.623372166855205 1.9518425921035067 1.0
vehicle.car 0 0 0 0 0 0 0 4.537 1.723 1.893 0.25352066679563506 -3.3878026551812406 -15.879492894596693 -2.99929720801123 1.0
movable_object.trafficcone 0 0 0 0 0 0 0 0.526 0.827 0.396 1.2668932838114264 12.177429236285809 17.285518037166067 1.9518425921035067 1.0
movable_object.trafficcone 0 0 0 0 0 0 0 0.522 0.822 0.401 1.415615768118027 13.694578890439525 22.23947378480484 1.9518425921035067 1.0
vehicle.car 0 0 0 0 0 0 0 4.525 1.648 1.915 0.6531807135154915 -18.746839253202992 -16.15103778533269 2.8434840354867106 1.0
vehicle.car 0 0 0 0 0 0 0 4.157 1.661 1.742 0.5420205411502037 22.39481059639514 26.076779303277906 0.3320918418834804 1.0
vehicle.truck 0 0 0 0 0 0 0 8.795 4.065 3.067 -2.64064937604905 70.38825896641437 -0.5367061083036206 1.3289411115689695 1.0
movable_object.trafficcone 0 0 0 0 0 0 0 0.521 0.841 0.396 1.339688326098065 12.909521613636915 19.886095979247973 1.9518425921035067 1.0
vehicle.bicycle 0 0 0 0 0 0 0 1.606 1.031 0.458 1.2263088447693093 -6.039345870488493 -7.395677023294815 1.8309830211873388 1.0
vehicle.car 0 0 0 0 0 0 0 4.55 1.509 1.907 0.2591159441532055 -1.0631520195566782 -15.236906623998234 -2.9623006677287265 1.0
human.pedestrian.adult 0 0 0 0 0 0 0 0.546 1.571 0.488 2.5583189160446302 -52.96261986265197 13.195775597304417 1.6576024379329413 1.0
vehicle.car 0 0 0 0 0 0 0 4.522 2.117 1.959 2.358519736710152 -41.6393839035012 35.186901005098676 -2.259111436485341 1.0
