vehicle.car 0 0 0 0 0 0 0 4.274 1.523 2.085 -0.660438319223652 -25.933800574080255 48.76002094193576 -1.867021794551305 1.0
human.pedestrian.adult 0 0 0 0 0 0 0 0.643 1.758 0.638 -0.4763811752247148 -31.41531044421241 18.405872930314892 1.2572090281456365 1.0
vehicle.car 0 0 0 0 0 0 0 4.345 1.442 1.818 0.9529567049741415 -42.65781289884982 8.3902403101705 3.0599464507913776 1.0
vehicle.car 0 0 0 0 0 0 0 4.509 1.732 1.717 0.4489564892983612 -15.456366794883456 18.46669894580319 1.2274479367878275 1.0
vehicle.car 0 0 0 0 0 0 0 4.533 1.501 1.717 0.9230773004473936 -37.98527322456504 9.31772465689587 0.03874715369061077 1.0
human.pedestrian.adult 0 0 0 0 0 0 0 0.717 1.013 0.723 -0.1517161307524481 0.5468668262015496 24.326780862678813 -1.8607401850127578 1.0
vehicle.car 0 0 0 0 0 0 0 4.519 1.542 2.057 0.3958509021865795 -17.13749517072416 23.31050820924045 1.2320882592691014 1.0
human.pedestrian.adult 0 0 0 0 0 0 0 0.898 1.842 0.9 0.6447255575052335 -4.618310247851867 13.637742251518413 2.7186305728128266 1.0
vehicle.car 0 0 0 0 0 0 0 3.514 1.437 1.701 1.0070055060148277 -28.71130341113126 8.881306330255393 0.03641210540884776 1.0
movable_object.trafficcone 0 0 0 0 0 0 0 0.415 1.011 0.41 0.16163639449973283 15.627599769236744 17.959108753047772 2.8548688587578495 1.0
