vehicle.car 0 0 0 0 0 0 0 4.173 1.485 2.053 1.6848898678526525 0.429915806030937 27.208675056841813 2.3670755490250617 1.0
vehicle.car 0 0 0 0 0 0 0 4.206 1.488 1.938 -2.3308265162415407 14.952327898937604 -22.944566263399068 1.4693289921385198 1.0
vehicle.car 0 0 0 0 0 0 0 4.193 1.554 1.884 2.018111751670958 3.765472423518737 30.674099017582883 2.3670755490250617 1.0
vehicle.car 0 0 0 0 0 0 0 4.162 1.514 1.913 1.8071660591371481 -4.657713225825161 22.178293026890042 2.4382566773769963 1.0
vehicle.car 0 0 0 0 0 0 0 3.829 1.495 1.828 1.5250014647085197 11.57172411321796 24.671868532008542 0.7803899224590598 1.0
vehicle.car 0 0 0 0 0 0 0 4.168 1.5 1.929 1.812955194929155 -8.162562208529591 18.637465991529133 2.2548998263757944 1.0
vehicle.car 0 0 0 0 0 0 0 3.966 1.699 1.932 1.7193737566654042 -15.82145707631736 15.1671603971201 0.051560357847379557 1.0
vehicle.car 0 0 0 0 0 0 0 4.097 1.491 1.904 1.8367264778883883 -6.5269703732674484 20.59804276241343 2.3645106183283673 1.0
human.pedestrian.adult 0 0 0 0 0 0 0 0.66 1.745 0.65 1.3562919391621366 -9.939093445712205 14.730467471674542 2.363148048381076 1.0
vehicle.car 0 0 0 0 0 0 0 4.217 1.48 1.926 -3.04927778192646 23.92990916848428 -26.979174463400575 1.4867732469390473 1.0
vehicle.car 0 0 0 0 0 0 0 4.549 1.534 2.123 1.7342900452686776 45.49816723346434 58.65737043353613 0.7614148970719254 1.0
vehicle.bus.rigid 0 0 0 0 0 0 0 12.727 2.909 2.827 -2.2894610018633235 -3.594102365726888 -14.828180902158653 1.6029560413590112 1.0
human.pedestrian.adult 0 0 0 0 0 0 0 0.676 0.973 0.739 1.5798753975642177 0.6630672414207733 16.004386307920456 -2.9221961706052983 1.0
vehicle.car 0 0 0 0 0 0 0 3.816 1.528 1.862 1.5225222776880094 22.05373508399643 34.66666121930884 0.8918090373835454 1.0
vehicle.truck 0 0 0 0 0 0 0 4.813 2.506 2.062 -2.383041065942494 -16.346758438569715 -19.164388214937365 1.4721200612337437 1.0
vehicle.car 0 0 0 0 0 0 0 4.331 1.499 1.848 1.5257277762055703 9.779346451108546 23.03900516085882 0.8152420977923636 1.0
human.pedestrian.adult 0 0 0 0 0 0 0 0.868 1.89 0.892 2.193712747135626 -60.015564894660145 4.317631805388445 2.099437570011771 1.0
vehicle.car 0 0 0 0 0 0 0 3.832 1.549 2.011 1.4989576474763582 25.216090776739232 38.24981292985365 0.7349674512028725 1.0
vehicle.car 0 0 0 0 0 0 0 4.346 1.5 1.986 1.9047781719666768 5.411498157682777 32.50006007471978 2.3147301747388944 1.0
human.pedestrian.adult 0 0 0 0 0 0 0 0.816 1.851 0.804 1.979765919769985 15.635368229479209 47.034036736071144 0.0950433966044626 1.0
vehicle.car 0 0 0 0 0 0 0 3.818 1.47 1.917 1.4886186864253728 27.047027452037003 39.80785785761866 0.7872380149335716 1.0
vehicle.car 0 0 0 0 0 0 0 4.756 1.499 2.069 1.025691287063921 12.41481461854367 10.6854967098979 2.3052997206882573 1.0
vehicle.car 0 0 0 0 0 0 0 4.844 1.729 2.086 0.9027497593741942 17.409446192849682 15.771807535802461 2.357461424630615 1.0
vehicle.car 0 0 0 0 0 0 0 3.965 1.513 1.913 1.6705911977946852 -1.3792183296660223 25.6490064295074 2.3670755490250617 1.0
human.pedestrian.adult 0 0 0 0 0 0 0 0.506 1.587 0.544 1.1054217394220092 2.5982834710157623 13.274227728096353 1.2996067084780165 1.0
