vehicle.car 0 0 0 0 0 0 0 4.499 1.877 2.033 -2.8454956933419977 61.74119152864806 27.908230065604172 2.2226238244231205 1.0
human.pedestrian.adult 0 0 0 0 0 0 0 0.753 1.104 0.764 -1.672780940588974 42.42353482817468 21.329646957416468 -2.519169887316833 1.0
human.pedestrian.adult 0 0 0 0 0 0 0 0.643 1.758 0.638 3.454284570121486 -53.78362646922052 18.766294592660746 1.26797402452695 1.0
human.pedestrian.adult 0 0 0 0 0 0 0 0.695 2.0 0.704 0.9853083980152558 -10.279441629583197 33.885966384741764 2.849495173014308 1.0
vehicle.bus.rigid 0 0 0 0 0 0 0 12.303 2.831 3.187 -4.118264561474882 42.855133064488534 -9.81242541778671 1.6912964375409079 1.0
vehicle.car 0 0 0 0 0 0 0 4.509 1.732 1.717 3.430775292112279 -37.97184091179144 18.584199014119676 1.2382419971559928 1.0
vehicle.truck 0 0 0 0 0 0 0 6.967 2.527 2.558 -2.9190701446688747 15.092903711596373 -16.07696148266169 1.5692387700447732 1.0
movable_object.pushable_pullable 0 0 0 0 0 0 0 0.937 0.928 0.562 -1.5352784494982061 41.75207297441207 21.195006533005667 -2.4345687569391696 1.0
vehicle.car 0 0 0 0 0 0 0 4.526 1.618 2.038 -2.5863814640871152 28.693585608526533 -14.984775060692941 1.6074762431060226 1.0
vehicle.car 0 0 0 0 0 0 0 4.505 1.521 2.042 -2.1146359175990375 43.80974472557056 36.53357090157157 2.3254485288358344 1.0
movable_object.trafficcone 0 0 0 0 0 0 0 0.413 0.888 0.405 -1.307127875766656 40.103981125891636 19.23113928327956 0.7372776599046849 1.0
human.pedestrian.adult 0 0 0 0 0 0 0 0.712 1.721 0.719 -1.4557897813381726 31.29673297226024 19.481775669683113 2.3007319583502497 1.0
human.pedestrian.adult 0 0 0 0 0 0 0 0.898 1.842 0.9 2.853371774685576 -24.620701890723968 8.092261060710223 2.3148292042180127 1.0
movable_object.trafficcone 0 0 0 0 0 0 0 0.396 0.817 0.401 -1.3186336936387248 41.27549755220992 20.40002545353801 0.7546651710303629 1.0
human.pedestrian.adult 0 0 0 0 0 0 0 0.7 0.792 0.701 -1.3629228801212023 40.633904661090035 18.84377128727053 0.7432760172399298 1.0
vehicle.car 0 0 0 0 0 0 0 4.274 1.518 1.831 3.5108591156110354 -39.16163671430884 21.113470753084428 1.2428777091601093 1.0
vehicle.car 0 0 0 0 0 0 0 4.28 1.644 1.788 -0.8511753029080691 25.989043596673177 19.034844103611807 0.12128585548898352 1.0
vehicle.car 0 0 0 0 0 0 0 4.519 1.549 2.022 -1.9181709636273763 39.24269438092614 31.097956063179925 2.2436594716442375 1.0
vehicle.car 0 0 0 0 0 0 0 3.514 1.437 1.701 4.481492694013714 -51.274302172672954 9.060934009716576 0.06508339875869051 1.0
movable_object.trafficcone 0 0 0 0 0 0 0 0.415 1.011 0.41 1.5472358155642505 -6.805334811517684 17.814672834001083 2.864811351189772 1.0
vehicle.bicycle 0 0 0 0 0 0 0 1.925 1.9 0.63 -1.2956501629284014 1.0164275982911277 -7.804713070383762 1.556284037168557 1.0
