vehicle.car 0 0 0 0 0 0 0 5.079 1.712 1.76 -1.1387967086138895 31.025556606945116 -37.3539001927273 1.868278387307706 1.0
vehicle.car 0 0 0 0 0 0 0 4.503 1.897 2.251 2.3977123483564764 -65.65032206333822 2.4694224714931337 1.5663324784680075 1.0
vehicle.car 0 0 0 0 0 0 0 4.843 1.689 2.164 1.1334758970888406 -2.142638262612928 -4.364838970855654 0.04236247706513474 1.0
vehicle.car 0 0 0 0 0 0 0 4.851 1.51 2.078 1.3187064628840282 -7.057273984387804 -5.008011855661716 0.053522694419941175 1.0
vehicle.car 0 0 0 0 0 0 0 4.313 1.612 1.945 -1.2395257007513254 36.97426962338951 -34.7466472095805 1.2795837786045032 1.0
vehicle.car 0 0 0 0 0 0 0 4.275 1.531 1.952 1.2394218510979804 -4.6727473888738995 -4.408545538325217 0.07868657401455925 1.0
vehicle.car 0 0 0 0 0 0 0 3.839 2.0 1.898 0.11842607272927563 14.72331943002331 -21.67882510820344 1.8808404473910496 1.0
vehicle.motorcycle 0 0 0 0 0 0 0 2.083 1.367 0.64 0.7681256459467947 9.861450450561561 -9.816440419992219 1.9920162884618193 1.0
vehicle.car 0 0 0 0 0 0 0 5.173 1.874 2.034 1.7627046349911053 -31.35583156172168 -15.022614557923855 1.9461986642345295 1.0
vehicle.car 0 0 0 0 0 0 0 4.244 1.603 1.819 1.3786124132140158 -9.264517506007648 -5.2512757316943075 -3.1232083193594757 1.0
vehicle.car 0 0 0 0 0 0 0 3.607 1.514 2.045 1.6159570476176266 -18.540991051246912 -5.32753246251617 -3.136295371403093 1.0
vehicle.motorcycle 0 0 0 0 0 0 0 2.022 1.385 0.654 0.8671130896323334 10.373676060979195 -10.662820600540476 1.1648364661712787 1.0
vehicle.car 0 0 0 0 0 0 0 4.679 1.586 1.791 1.8699019417525102 -30.129421734765327 -17.319101804517683 1.9113036023334224 1.0
vehicle.car 0 0 0 0 0 0 0 4.257 1.617 1.971 0.49301453921913546 11.094789997660078 -12.691764652234191 1.1646271810447688 1.0
vehicle.bus.rigid 0 0 0 0 0 0 0 11.571 3.86 2.996 -2.632921824065308 42.379561502821886 -37.26240175676429 -2.84729884001335 1.0
vehicle.truck 0 0 0 0 0 0 0 5.383 2.019 1.751 -1.112342287927471 39.84691411944395 -15.050121907416369 -2.5550305624538954 1.0
vehicle.car 0 0 0 0 0 0 0 4.219 1.577 1.855 -0.06218865256112016 23.323573056103744 -11.933300859190531 1.8274868743552801 1.0
vehicle.car 0 0 0 0 0 0 0 4.303 1.627 1.804 -0.22751510178042278 24.868299148093413 -16.77468428398914 1.8684877561733844 1.0
vehicle.car 0 0 0 0 0 0 0 3.996 1.945 1.809 -0.2548213987483622 23.746995021570235 -14.393490377145774 1.8573962885129243 1.0
vehicle.car 0 0 0 0 0 0 0 4.343 1.569 1.589 1.5617116181576207 -29.153118816171244 -19.580167998946113 1.9113036023334224 1.0
vehicle.car 0 0 0 0 0 0 0 4.776 1.628 2.067 0.37541878218666397 13.704692802848815 -18.464803244292636 1.1808469254357963 1.0
vehicle.car 0 0 0 0 0 0 0 4.262 1.628 2.073 -0.45327674949199426 19.20576811705346 -35.22813740260447 1.191921860067814 1.0
