vehicle.car 0 0 0 0 0 0 0 4.55 1.883 2.14 1.827340111664327 37.913068001147316 -15.252434927232143 1.908835581104447 1.0
human.pedestrian.adult 0 0 0 0 0 0 0 0.738 2.0 0.711 -2.2268028540345766 -48.80833634628957 9.18611404405531 -1.6019973787064927 1.0
vehicle.bus.rigid 0 0 0 0 0 0 0 12.581 2.76 3.393 -2.160660879484422 -27.682791355112762 18.212672638833475 -1.5798330333877724 1.0
vehicle.car 0 0 0 0 0 0 0 4.309 1.689 1.857 0.3055823854135705 -41.12739766833133 -28.677698059646975 0.8627752641683184 1.0
vehicle.car 0 0 0 0 0 0 0 4.011 1.615 1.945 0.34240094050020375 -39.33010203720409 -26.69964376101583 0.8646947894067054 1.0
vehicle.car 0 0 0 0 0 0 0 4.506 1.68 2.059 0.4206170279911229 -37.73399118596498 -4.5708962502728365 0.628277237835293 1.0
vehicle.car 0 0 0 0 0 0 0 3.713 1.518 1.641 2.2816540931163436 51.302693895162015 -5.791931387536815 3.0884616913000347 1.0
vehicle.car 0 0 0 0 0 0 0 4.072 1.448 1.839 0.0215326212391862 -54.34519802839786 -13.137812140731878 0.9132068678499659 1.0
human.pedestrian.adult 0 0 0 0 0 0 0 1.123 1.766 0.903 -1.4924707747149486 -22.637986362893223 10.655501039990126 1.5664201800675794 1.0
vehicle.car 0 0 0 0 0 0 0 4.554 1.629 1.863 -0.26258495425915807 -58.690500234586125 -18.93280954713235 0.900468006040966 1.0
vehicle.car 0 0 0 0 0 0 0 4.218 1.812 1.963 0.46689419226884066 -25.881885468875833 -14.884083657423412 -3.026653580727479 1.0
vehicle.car 0 0 0 0 0 0 0 4.31 1.485 2.003 2.4615575152409965 62.84958401358073 -5.7781708689185 0.04041665510935921 1.0
vehicle.car 0 0 0 0 0 0 0 4.021 1.438 2.087 2.22787731237783 60.641954291296805 -6.115171717698225 3.1025984233528874 1.0
vehicle.car 0 0 0 0 0 0 0 4.501 1.483 1.738 0.47638002109994965 -34.616670088789775 -21.207633029632724 0.8407880779485328 1.0
vehicle.car 0 0 0 0 0 0 0 4.279 1.666 1.907 0.20189434174772636 -45.36498006191063 -34.086789226120914 0.900468006040966 1.0
human.pedestrian.adult 0 0 0 0 0 0 0 0.878 0.927 0.875 0.707033427445465 -41.935292995099935 -15.541699764814647 2.4900074309845532 1.0
vehicle.car 0 0 0 0 0 0 0 4.256 1.638 2.023 2.0408263727564444 39.39800359145864 -20.07674460934749 1.8711382338768594 1.0
vehicle.car 0 0 0 0 0 0 0 4.576 1.882 2.12 -1.4424392556819676 -0.725007100917585 22.35225882628843 -1.6033935589299269 1.0
