vehicle.car 0 0 0 0 0 0 0 4.309 1.689 1.857 1.5759800678051534 -19.95042790682258 -4.974629287888335 0.03769836893922074 1.0
human.pedestrian.adult 0 0 0 0 0 0 0 1.079 0.897 0.858 0.49112451400083534 6.898525448344691 -24.04360569354349 2.5572623319030194 1.0
movable_object.trafficcone 0 0 0 0 0 0 0 0.29 0.646 0.322 1.8508791090803731 -10.94322556803874 3.196233184660891 1.6291496945191408 1.0
vehicle.car 0 0 0 0 0 0 0 4.554 1.629 1.863 1.828609246243491 -24.213030652330232 14.946611394664314 0.03791006882528869 1.0
vehicle.car 0 0 0 0 0 0 0 4.011 1.615 1.945 1.5617698174991408 -17.51296280419738 -4.999265486277437 0.03782190043652811 1.0
vehicle.car 0 0 0 0 0 0 0 4.071 1.383 1.998 2.3119640657884792 -38.98486936709105 15.078410876892685 0.08170277934396353 1.0
human.pedestrian.adult 0 0 0 0 0 0 0 0.855 0.898 0.717 1.8153709845469084 -12.552850893125523 3.467420363434652 0.06543516610347089 1.0
vehicle.car 0 0 0 0 0 0 0 4.463 1.535 1.99 2.0868860442476445 -33.29769278982856 4.570006075817622 -3.089691855472383 1.0
vehicle.car 0 0 0 0 0 0 0 4.318 1.556 1.751 1.8732831001310641 -23.743682444415974 4.446332707576726 -3.093181894446155 1.0
vehicle.car 0 0 0 0 0 0 0 4.279 1.666 1.907 1.8967911119623566 -27.202016552163332 -5.416948621300227 0.054341914511649936 1.0
movable_object.trafficcone 0 0 0 0 0 0 0 0.317 0.679 0.371 1.7498747071440586 -9.294039188622914 3.0517119172335168 1.6291496945191408 1.0
vehicle.car 0 0 0 0 0 0 0 4.218 1.812 1.963 0.8121600441910859 0.04042364749158711 -7.567719742327044 2.3955024558638414 1.0
vehicle.car 0 0 0 0 0 0 0 4.524 1.54 1.967 1.0358598088047772 5.142375704753561 7.281659996258401 0.7815630162612948 1.0
vehicle.car 0 0 0 0 0 0 0 4.561 1.545 2.055 -1.9283127151279968 24.302553851497347 15.346793388422714 -2.458697675395147 1.0
movable_object.pushable_pullable 0 0 0 0 0 0 0 1.05 0.926 0.559 1.7228370389591325 -12.072708933954342 2.884059267750936 1.6006407055273826 1.0
human.pedestrian.adult 0 0 0 0 0 0 0 0.878 0.927 0.875 1.7504253702862775 -11.009116018703995 4.065839701928035 1.6291496945191408 1.0
movable_object.trafficcone 0 0 0 0 0 0 0 0.294 0.772 0.364 1.9605832938866081 -16.470813663559124 3.035899663221285 1.599314712555234 1.0
human.pedestrian.adult 0 0 0 0 0 0 0 0.709 1.877 0.763 1.9113895100538831 -30.55853183459168 -3.126875905075163 1.5586899187003125 1.0
human.pedestrian.adult 0 0 0 0 0 0 0 1.123 1.766 0.903 -2.8662265584632576 29.020046835512556 -3.5424638645306166 0.7061501644235255 1.0
human.pedestrian.adult 0 0 0 0 0 0 0 0.757 1.725 0.695 -1.2254533157552665 4.888412564639347 23.47050244024292 2.2007652668082898 1.0
vehicle.car 0 0 0 0 0 0 0 4.501 1.483 1.738 1.334516072326178 -10.282421722644305 -4.962900623053362 0.042896089123543035 1.0
vehicle.car 0 0 0 0 0 0 0 4.367 1.509 1.79 1.440533345740557 -12.754429626300093 -4.837050466116436 0.061780142347511724 1.0
vehicle.car 0 0 0 0 0 0 0 4.853 1.594 2.023 -2.133089655909977 26.232160141915443 18.715735502574102 -2.4412478804899873 1.0
vehicle.car 0 0 0 0 0 0 0 4.49 1.698 2.189 3.2712038251376088 -74.13927435184566 3.0705358670525684 -3.1291292982429635 1.0
human.pedestrian.adult 0 0 0 0 0 0 0 0.868 0.768 0.566 1.8013824211175655 -11.312080743895686 6.4432739816211 0.5793454358046413 1.0
vehicle.car 0 0 0 0 0 0 0 4.072 1.448 1.839 1.7079041144982698 -17.032529057396886 14.966838018968053 0.060658274368809995 1.0
vehicle.car 0 0 0 0 0 0 0 4.506 1.68 2.059 2.3092332292939335 -42.69223429122666 -1.2839277047961095 1.513153573194213 1.0
vehicle.car 0 0 0 0 0 0 0 4.428 1.635 2.094 1.8297100118680345 -24.922029928096105 -5.197269036257668 0.04348019203825926 1.0
human.pedestrian.adult 0 0 0 0 0 0 0 0.738 2.0 0.711 -1.0287176786157504 2.868218401005763 26.27919726707966 -2.4632346256439215 1.0
