vehicle.car 0 0 0 0 0 0 0 4.428 1.635 2.094 2.226386607197429 -45.84489819967732 -32.41649474570038 0.888739207622141 1.0
vehicle.car 0 0 0 0 0 0 0 4.218 1.812 1.963 1.5914929848651822 -27.896156639692855 -15.04975240577928 -3.0211207832398888 1.0
vehicle.car 0 0 0 0 0 0 0 4.011 1.615 1.945 2.091492214873105 -41.29569958003336 -26.91790397879045 0.8704207954653693 1.0
vehicle.car 0 0 0 0 0 0 0 4.506 1.68 2.059 2.071947020597609 -41.49863035946902 -3.660953188023859 0.9457541487449701 1.0
human.pedestrian.adult 0 0 0 0 0 0 0 1.123 1.766 0.903 -0.5755604754965252 -25.58018810135483 10.597338229015175 1.5720457214664947 1.0
vehicle.car 0 0 0 0 0 0 0 4.55 1.883 2.14 0.7777071881128071 35.88904686668538 -14.995105110269199 1.914435371063946 1.0
vehicle.car 0 0 0 0 0 0 0 4.501 1.483 1.738 1.9872025702179497 -36.47806292222341 -21.517747804813233 0.8465200882260304 1.0
human.pedestrian.adult 0 0 0 0 0 0 0 0.738 2.0 0.711 -0.5730144901973393 -51.0885521947135 8.861857950067934 -1.596544952796033 1.0
vehicle.car 0 0 0 0 0 0 0 3.713 1.518 1.641 0.6301570463057204 49.251511767981086 -5.515794021519654 3.0940018682038453 1.0
vehicle.car 0 0 0 0 0 0 0 4.361 1.734 1.929 1.0645375540724802 37.326490808394944 -17.63292774562699 1.8699345225236614 1.0
