vehicle.car 0 0 0 0 0 0 0 4.174 1.545 2.029 1.4680350379587142 -15.953840456686372 5.563223008742068 -3.0754610690149136 1.0
vehicle.car 0 0 0 0 0 0 0 4.334 1.662 2.024 1.3720456902230518 -11.401017406131613 15.494799384900073 0.031223821202861934 1.0
vehicle.car 0 0 0 0 0 0 0 4.63 1.511 1.934 0.7180052624224875 11.511624904946327 -4.805632222418167 0.07552978991818593 1.0
vehicle.car 0 0 0 0 0 0 0 4.516 1.527 1.892 1.0753295977566422 0.7887507092800642 4.813884309263253 -3.137204334715978 1.0
human.pedestrian.adult 0 0 0 0 0 0 0 0.825 0.981 0.722 1.044561248433965 12.028696856300947 3.536276419201164 1.0590690338135458 1.0
vehicle.car 0 0 0 0 0 0 0 4.471 1.497 1.968 1.3864655270686028 -10.967371591574395 5.644344350952443 -3.1197528740548357 1.0
vehicle.car 0 0 0 0 0 0 0 4.472 1.63 2.185 1.7115801386359055 -25.87813744510656 5.538972862935608 -3.1359669166261828 1.0
movable_object.trafficcone 0 0 0 0 0 0 0 0.283 0.695 0.326 1.0418513794552902 13.517047761597288 3.3314783740100253 0.05508890419324519 1.0
vehicle.car 0 0 0 0 0 0 0 4.27 1.588 2.095 2.800631834736297 -61.73980522033217 5.523455692869394 -3.1294907886268666 1.0
vehicle.car 0 0 0 0 0 0 0 4.561 1.516 2.003 1.202856237114591 -5.207602131705043 -4.913111658797183 0.05231230283711419 1.0
vehicle.car 0 0 0 0 0 0 0 4.25 1.696 1.926 0.8010644171187488 6.722829503006642 -4.744831110736249 0.03901051144936574 1.0
vehicle.car 0 0 0 0 0 0 0 4.584 1.664 1.823 1.1181339795195568 -2.8830797923055953 -4.778215281156295 0.036822394958708315 1.0
vehicle.car 0 0 0 0 0 0 0 4.264 1.646 2.331 1.658421422662968 -20.892231329662128 15.323343274918674 0.04998287627734088 1.0
human.pedestrian.adult 0 0 0 0 0 0 0 1.001 1.719 0.781 1.1533997023382363 -14.236326114780244 -6.793210137231831 0.5919866962161979 1.0
movable_object.trafficcone 0 0 0 0 0 0 0 0.304 0.744 0.35 1.075037910221322 15.25234036430317 3.0761506685611675 0.03682868165990705 1.0
human.pedestrian.adult 0 0 0 0 0 0 0 0.717 1.931 0.652 1.3442166432608085 -21.033316059651312 -8.253928311411334 1.9984228531261525 1.0
vehicle.car 0 0 0 0 0 0 0 4.82 1.517 1.892 1.2630272282545874 -8.57305614802841 5.54086709169974 -3.137204334715978 1.0
vehicle.car 0 0 0 0 0 0 0 4.211 1.548 1.945 1.578220663037201 -20.660278060713313 5.731333708660884 3.1138054656095644 1.0
vehicle.car 0 0 0 0 0 0 0 4.222 1.624 2.078 1.5047644846875254 -13.723307803948412 15.946450832151044 0.05241861905902212 1.0
human.pedestrian.adult 0 0 0 0 0 0 0 0.698 0.921 0.801 1.027843515491723 13.486730612266397 4.348496884266263 1.5989162605026221 1.0
vehicle.car 0 0 0 0 0 0 0 4.329 1.464 2.058 0.6643864842414446 13.989498564062007 -4.909618548859505 0.03737451056649599 1.0
vehicle.car 0 0 0 0 0 0 0 4.078 1.747 1.895 0.1514125172830747 24.20690257786256 -7.768866514321166 2.3478779837496333 1.0
human.pedestrian.adult 0 0 0 0 0 0 0 1.063 1.748 0.826 1.6203287028694964 -25.27976981198206 -2.083989117233179 0.912737543580576 1.0
movable_object.debris 0 0 0 0 0 0 0 1.159 0.94 0.664 1.0169652198653671 13.28265089513869 3.1599418238078134 1.562517707135207 1.0
vehicle.car 0 0 0 0 0 0 0 4.337 1.666 2.107 2.498621129510342 -56.76626489798064 5.713826898337778 -3.1400489213011777 1.0
human.pedestrian.adult 0 0 0 0 0 0 0 0.927 0.912 1.211 -0.10617478154812032 30.569728756814232 -24.16595597556171 2.2448816558756253 1.0
vehicle.car 0 0 0 0 0 0 0 4.647 1.827 2.139 -2.5384506692844635 41.53097309648767 29.928437722232054 -2.4730568291574535 1.0
vehicle.car 0 0 0 0 0 0 0 4.492 1.726 2.155 1.4301080700226865 -8.779936598179061 15.841949436369077 0.029555401717712204 1.0
vehicle.car 0 0 0 0 0 0 0 4.438 1.616 2.02 1.6702453181199364 -24.64913743828149 -0.28919661090756427 1.605794842328626 1.0
vehicle.car 0 0 0 0 0 0 0 4.114 1.52 1.838 1.4493753354907297 -13.263116262550374 5.422378674123213 3.120676353898828 1.0
vehicle.car 0 0 0 0 0 0 0 4.644 1.532 2.052 1.4320193658713067 -6.2899693407645065 15.723431910443612 0.04127931359192205 1.0
vehicle.car 0 0 0 0 0 0 0 4.31 1.5 1.795 1.7769357985702312 -28.972269639269722 -6.822978908639879 0.06706454104615744 1.0
vehicle.car 0 0 0 0 0 0 0 4.706 1.487 1.9 1.1290884809986166 -1.4981053559745738 5.182808853419842 -3.1197528740548357 1.0
vehicle.car 0 0 0 0 0 0 0 4.393 1.488 2.108 1.4832136080586302 -17.870230859031544 -8.557510025941609 0.7694677782687727 1.0
vehicle.car 0 0 0 0 0 0 0 4.546 1.539 1.871 1.0879144211574765 -0.5056682395052904 -4.653768156223885 0.06073880720393543 1.0
vehicle.car 0 0 0 0 0 0 0 4.365 1.682 2.09 0.8957877343222052 4.3561887997194235 -4.555735170211611 0.03911585118227601 1.0
vehicle.car 0 0 0 0 0 0 0 4.831 1.51 1.94 2.274985119910328 -49.38146884246423 5.731941909821605 3.125684925162126 1.0
vehicle.car 0 0 0 0 0 0 0 4.469 1.623 2.152 0.9202755857719802 7.8767793748422426 15.480905350281997 0.041055139271139574 1.0
movable_object.trafficcone 0 0 0 0 0 0 0 0.427 0.876 0.429 1.4572151837560583 -6.257917024081293 3.3034491882432735 1.6468159874111423 1.0
vehicle.car 0 0 0 0 0 0 0 4.717 1.592 2.099 1.684103233472487 -24.927624664637605 -4.749006116137399 0.034986856804294586 1.0
vehicle.car 0 0 0 0 0 0 0 4.175 1.605 1.953 1.6505243287586002 -23.07818197882673 5.773509800175526 3.1265478018734125 1.0
vehicle.car 0 0 0 0 0 0 0 4.308 1.619 2.121 1.5603013859379615 -16.241860419354122 15.370490437650993 0.046263779124466886 1.0
vehicle.car 0 0 0 0 0 0 0 4.463 1.772 2.395 1.014671408615788 0.7359761954661121 15.400168852708198 0.029555401717712204 1.0
