vehicle.car 0 0 0 0 0 0 0 4.501 1.483 1.738 0.9733812159189572 -23.75925468688157 -19.481094225958344 0.783185098051244 1.0
vehicle.bus.rigid 0 0 0 0 0 0 0 12.581 2.76 3.393 -1.3081385456937513 -34.54269853529906 20.71471879412369 -1.6376708739960746 1.0
human.pedestrian.adult 0 0 0 0 0 0 0 1.079 0.897 0.858 0.649676962068501 1.7513743961110428 -20.31238499699278 -2.9226502683441247 1.0
vehicle.car 0 0 0 0 0 0 0 4.072 1.448 1.839 1.055930808953583 -42.953625270161695 -10.337380402986817 0.8555867432875224 1.0
human.pedestrian.adult 0 0 0 0 0 0 0 0.738 2.0 0.711 -1.1515996776306354 -35.91135787432646 11.577097758182328 -1.6598339012273016 1.0
vehicle.car 0 0 0 0 0 0 0 4.55 1.883 2.14 0.23343992370648992 49.1396566354982 -17.933649591763274 1.8511111124434816 1.0
vehicle.car 0 0 0 0 0 0 0 4.506 1.68 2.059 0.960592479881192 -24.1569165252114 -10.282453537760606 0.4312979273983961 1.0
vehicle.car 0 0 0 0 0 0 0 4.218 1.812 1.963 0.8010049482059283 -14.572593077500539 -13.775210166756287 -3.084431793561772 1.0
vehicle.car 0 0 0 0 0 0 0 4.576 1.882 2.12 -0.7573147605777335 -37.0728924163751 26.107308902959694 -1.6786812420068937 1.0
human.pedestrian.adult 0 0 0 0 0 0 0 1.123 1.766 0.903 -1.0106759772031382 -6.138445783430185 11.464336335636181 1.5087177053047283 1.0
