vehicle.car 0 0 0 0 0 0 0 4.462 1.544 1.781 -0.8428080105840718 34.97231592634573 -7.121052050191651 0.9972722180500195 1.0
vehicle.car 0 0 0 0 0 0 0 4.153 1.548 1.877 1.7579515303443158 -19.7612884875074 -0.17939060079024535 1.4979939212811715 1.0
vehicle.car 0 0 0 0 0 0 0 4.621 1.521 2.052 2.8048975625594412 -54.551495589217744 -12.137459208459784 3.1198159829756875 1.0
human.pedestrian.adult 0 0 0 0 0 0 0 0.536 1.72 0.536 2.9099037919681985 -57.477254344125775 -16.51373792443122 -1.40549523335185 1.0
movable_object.trafficcone 0 0 0 0 0 0 0 0.361 0.728 0.353 1.7799173749041126 -7.688844859283974 -2.657618061101233 1.5206739138554655 1.0
vehicle.bicycle 0 0 0 0 0 0 0 1.564 1.064 0.668 0.2082424369659973 26.894815850151137 -10.444495215913182 0.06225255554357201 1.0
movable_object.trafficcone 0 0 0 0 0 0 0 0.381 0.748 0.347 1.8665357168278205 -9.920879906019884 -2.7558413423788437 1.5206739138554655 1.0
movable_object.trafficcone 0 0 0 0 0 0 0 0.426 0.775 0.379 1.5652473139140766 -2.2748584549997273 -2.354011442036538 1.5329212015105673 1.0
vehicle.car 0 0 0 0 0 0 0 4.325 1.494 1.841 0.8743927441194963 7.812732612534203 4.411823644455276 -1.3470022260302983 1.0
vehicle.car 0 0 0 0 0 0 0 4.768 1.844 2.004 1.4974362683428155 -27.271907025389595 61.109565753325356 1.4765528160273522 1.0
human.pedestrian.adult 0 0 0 0 0 0 0 0.858 1.691 0.798 -0.05023361500149964 16.895021994157464 -40.31263220113864 2.5907191043804474 1.0
vehicle.car 0 0 0 0 0 0 0 4.525 1.745 1.996 1.4406550074212898 -28.68935515352028 89.94567836741517 0.23595221235619146 1.0
human.pedestrian.adult 0 0 0 0 0 0 0 0.63 1.663 0.609 -0.4469847958540583 23.626730588012727 -58.37687738071662 2.703618829004868 1.0
vehicle.car 0 0 0 0 0 0 0 4.873 1.566 2.232 -0.3918146428313939 29.7774122303013 -54.57782123616836 2.775512007611372 1.0
vehicle.truck 0 0 0 0 0 0 0 5.043 2.238 2.694 2.044269807378554 -37.345082580449166 5.364428312311388 -1.6125632071485274 1.0
movable_object.trafficcone 0 0 0 0 0 0 0 0.36 0.75 0.379 1.6318590326891556 -4.911823587689201 -2.5281515232983556 1.5329212015105673 1.0
vehicle.car 0 0 0 0 0 0 0 4.556 2.0 2.074 1.2740182351573786 -25.723272260878915 53.9926566104041 1.4591069971922295 1.0
movable_object.trafficcone 0 0 0 0 0 0 0 0.372 0.735 0.395 1.4234545672021832 0.725667771535754 -2.227590791616444 1.5511352311552606 1.0
human.pedestrian.adult 0 0 0 0 0 0 0 0.514 1.586 0.574 2.9543505268907087 -56.936593129993554 -15.850238158577584 -1.469084278955199 1.0
vehicle.car 0 0 0 0 0 0 0 4.589 1.656 2.057 1.513365768184253 -24.61028758768457 49.02538302465622 1.5057399857995968 1.0
human.pedestrian.adult 0 0 0 0 0 0 0 0.577 1.78 0.738 1.4892909432926267 -16.280671686970777 -3.7688921228385577 0.09391414094871875 1.0
