vehicle.bus.rigid 0 0 0 0 0 0 0 12.532 3.539 3.244 1.4733517676176366 -8.276756274554678 22.99516938494385 0.237592211346076 1.0
human.pedestrian.adult 0 0 0 0 0 0 0 0.632 1.865 0.807 0.5209837742581562 -7.130902339255848 -8.01818838173762 1.6483933076815553 1.0
human.pedestrian.adult 0 0 0 0 0 0 0 0.591 2.0 0.682 0.018135447166002183 17.127225067940657 -7.939854122576449 -1.5560068561095433 1.0
human.pedestrian.adult 0 0 0 0 0 0 0 0.665 1.67 0.685 0.0640720306555071 4.408551490192021 -10.732281964611822 0.6622626824565478 1.0
vehicle.truck 0 0 0 0 0 0 0 5.043 2.505 1.864 -0.21722253930140123 32.47120455485794 6.290756023276985 -1.5473723563727626 1.0
human.pedestrian.adult 0 0 0 0 0 0 0 0.607 1.6 0.51 0.246387240352464 3.4101852141921443 -9.484804532647882 0.7375696263287748 1.0
vehicle.car 0 0 0 0 0 0 0 4.691 1.757 1.82 -0.2988616798338105 49.83252418467114 5.219786013333925 -1.5822594834666557 1.0
vehicle.car 0 0 0 0 0 0 0 4.355 2.0 2.061 2.685361506932259 -4.817165220693038 34.77634301628662 0.07444103158914084 1.0
vehicle.truck 0 0 0 0 0 0 0 10.12 3.74 3.068 -0.17036892199302323 11.080236619372432 6.135751115056787 -1.5361388496728372 1.0
vehicle.car 0 0 0 0 0 0 0 4.277 1.523 1.881 1.4976115428324037 -22.517474356046897 -0.9523657280227134 1.5451431033420935 1.0
human.pedestrian.adult 0 0 0 0 0 0 0 0.711 1.557 0.671 0.838299182945049 -20.179985989630183 -7.2077861254833335 0.6392453118815036 1.0
human.pedestrian.adult 0 0 0 0 0 0 0 0.607 1.63 0.683 0.73360982379404 -13.208533254561278 -7.052139407625627 0.05601439207557091 1.0
human.pedestrian.adult 0 0 0 0 0 0 0 0.603 1.685 0.748 0.12175001622526203 4.300299340574389 -9.532031689842514 0.5330045800679613 1.0
vehicle.car 0 0 0 0 0 0 0 4.505 1.935 1.778 -0.49192256907139287 40.67047772143219 -3.17844148409062 1.6498062979372383 1.0
human.pedestrian.adult 0 0 0 0 0 0 0 0.827 2.005 0.799 0.9561563036350732 -24.81716312503724 -8.338708719634012 1.6271985692010489 1.0
