movable_object.trafficcone 0 0 0 0 0 0 0 0.419 0.735 0.378 1.179999302523703 8.776110751517566 -4.626383945043548 -2.746452861944457 1.0
human.pedestrian.adult 0 0 0 0 0 0 0 0.984 1.862 0.634 0.23392583042115084 16.20849578299236 -10.601899548679171 0.5179151773894839 1.0
human.pedestrian.adult 0 0 0 0 0 0 0 0.459 1.711 0.592 0.4901446145582521 37.538953136545246 13.769130302825147 -1.6195690204521727 1.0
movable_object.barrier 0 0 0 0 0 0 0 0.269 1.028 2.116 0.5467498980552054 34.5578982124237 8.205868994810718 1.5572795341041044 1.0
movable_object.trafficcone 0 0 0 0 0 0 0 0.448 0.817 0.344 0.8357583556006478 14.35582102152655 -9.202804541231702 2.7140713542814456 1.0
movable_object.trafficcone 0 0 0 0 0 0 0 0.309 0.74 0.312 1.1480067529227793 10.979958913849561 -4.083202802002406 1.4650860676147346 1.0
vehicle.motorcycle 0 0 0 0 0 0 0 2.431 1.862 0.891 -0.15505708430645126 28.98890748301102 -14.411684591181388 0.038202227565446556 1.0
movable_object.barrier 0 0 0 0 0 0 0 0.419 1.045 2.166 0.7450539724617329 18.65670063550374 -3.995159655013456 0.16755227352132884 1.0
movable_object.barrier 0 0 0 0 0 0 0 2.174 1.128 0.5 1.6126687419200363 -42.21021947800902 -7.23207385021152 2.502185193768952 1.0
movable_object.debris 0 0 0 0 0 0 0 1.05 1.193 1.223 0.018376134316927972 37.37731041119146 -14.7889580108276 2.9435499658604876 1.0
movable_object.barrier 0 0 0 0 0 0 0 1.999 0.984 0.449 0.48732983559320914 19.906626770734505 -7.561646992120151 2.991613303344103 1.0
vehicle.car 0 0 0 0 0 0 0 4.277 1.523 1.881 1.073647464108525 -5.278055569055397 -4.451274493147116 1.6380086224602266 1.0
movable_object.barrier 0 0 0 0 0 0 0 2.252 1.034 0.424 0.28335383573829726 15.739192434132024 -18.530446782506974 2.484959992255023 1.0
movable_object.barrier 0 0 0 0 0 0 0 2.725 1.337 0.512 0.706022941408657 19.835306238367195 -5.48780811044887 -3.118481095825725 1.0
human.pedestrian.adult 0 0 0 0 0 0 0 0.615 1.759 0.638 0.7822106612831491 14.958408039378696 14.811863029449883 1.0744999811553262 1.0
movable_object.trafficcone 0 0 0 0 0 0 0 0.51 0.803 0.478 0.8747118609033626 7.01144912947373 -10.176957062990404 1.968470336176261 1.0
movable_object.barrier 0 0 0 0 0 0 0 2.22 1.108 0.509 0.7267888114126559 16.574738995431865 -3.961099221059672 1.5651325233330606 1.0
movable_object.barrier 0 0 0 0 0 0 0 0.579 1.419 2.338 0.45909568496528946 6.871285707487185 -11.351168887762991 -2.3816175414298026 1.0
movable_object.barrier 0 0 0 0 0 0 0 0.245 0.912 2.039 0.4807214765349451 34.62760945324245 6.171576343677321 1.5469766032508918 1.0
movable_object.trafficcone 0 0 0 0 0 0 0 0.332 0.734 0.358 1.1962677251149048 9.372155544129859 -4.424579724012006 2.9782623750028367 1.0
human.pedestrian.adult 0 0 0 0 0 0 0 1.253 1.673 0.363 0.4950943442956868 37.33579965535172 14.468347839257545 -2.208932548891738 1.0
movable_object.barrier 0 0 0 0 0 0 0 2.232 1.114 0.584 0.7934728991868778 12.641545552137098 -3.894214468978457 -1.8137170494661934 1.0
human.pedestrian.adult 0 0 0 0 0 0 0 0.485 1.534 0.358 0.20010884919237149 35.998035330237194 6.895515200929251 -2.8060694516374802 1.0
movable_object.trafficcone 0 0 0 0 0 0 0 0.318 0.679 0.325 0.5628521467667993 20.203107459904846 -14.391159242747106 2.8738110323847668 1.0
vehicle.car 0 0 0 0 0 0 0 4.814 1.66 2.128 -0.33396823890814464 32.9867107089252 -18.969285952163833 0.04682214649322303 1.0
movable_object.barrier 0 0 0 0 0 0 0 2.219 1.007 0.579 0.9475773727069599 17.21032128432503 27.620374011917303 -1.526393808710548 1.0
human.pedestrian.adult 0 0 0 0 0 0 0 0.805 1.675 0.548 0.27241357570374025 15.674866213696236 -16.223357827118672 -2.4091560186986687 1.0
movable_object.barrier 0 0 0 0 0 0 0 2.005 1.065 0.402 0.6208615874665985 34.348393923700556 10.159977080485417 2.9916293755594516 1.0
movable_object.barrier 0 0 0 0 0 0 0 0.633 1.14 1.65 0.3955012630379866 37.11747861923268 5.626443285183513 1.2726937632618158 1.0
human.pedestrian.adult 0 0 0 0 0 0 0 0.909 1.831 0.816 1.609747207474472 -53.706540406142715 -5.181939566319742 -2.223815885421648 1.0
movable_object.barrier 0 0 0 0 0 0 0 1.935 1.037 0.502 0.45067398461880603 20.03684907917347 -9.70403526201296 3.127419903274209 1.0
human.pedestrian.adult 0 0 0 0 0 0 0 0.949 1.788 0.803 1.7774130742488246 -55.86698828943456 -4.515540961354753 -2.326799940470286 1.0
human.pedestrian.construction_worker 0 0 0 0 0 0 0 0.983 0.884 0.993 0.7294735878775999 17.029750507798333 -6.125265646173399 0.8078875876404408 1.0
human.pedestrian.adult 0 0 0 0 0 0 0 0.499 1.357 0.415 0.22006648096002557 35.007575319560424 10.103336371160587 -3.067887168222196 1.0
human.pedestrian.adult 0 0 0 0 0 0 0 0.752 2.0 0.721 0.5606439820833929 15.00756899902048 14.106448678365798 1.0744999811553262 1.0
vehicle.truck 0 0 0 0 0 0 0 7.796 3.097 3.028 -1.3431338006132045 33.201352741674725 -31.187482982284347 0.02527363555773121 1.0
human.pedestrian.adult 0 0 0 0 0 0 0 0.618 1.683 0.572 -0.12021287396184022 41.417660901813775 -7.284785171685839 0.7317718551530001 1.0
movable_object.trafficcone 0 0 0 0 0 0 0 0.348 0.788 0.341 1.0999725291047833 10.215813801092375 -4.319346741140423 2.6292190601081273 1.0
