human.pedestrian.adult 0 0 0 0 0 0 0 0.725 1.52 0.661 1.3626104587532042 -27.35158672315444 -10.122989961758174 0.6351963231063857 1.0
human.pedestrian.adult 0 0 0 0 0 0 0 0.786 1.76 0.749 0.5424438314424641 6.775560099689244 -9.137748146006041 0.04690261290003939 1.0
human.pedestrian.adult 0 0 0 0 0 0 0 0.679 1.693 0.68 -0.08523764290046865 39.40309002607453 44.77861582514478 1.1514936014423087 1.0
vehicle.car 0 0 0 0 0 0 0 4.578 1.821 1.846 1.501984366338149 -25.124098713605143 -3.5615698348955296 -2.1056125187121557 1.0
human.pedestrian.adult 0 0 0 0 0 0 0 0.726 1.794 0.787 0.2860585234986185 25.703167446073426 34.053155580530884 2.6102100337643694 1.0
human.pedestrian.adult 0 0 0 0 0 0 0 0.674 1.608 0.682 0.7764174340347567 3.4820870866099884 -5.319559195023126 1.3420987362386478 1.0
movable_object.barrier 0 0 0 0 0 0 0 0.44 1.021 1.93 1.5051031175575844 -60.308595998040026 -37.31348825614952 1.3483806949590065 1.0
human.pedestrian.adult 0 0 0 0 0 0 0 0.606 1.642 0.646 0.07887421514341741 38.32184056317298 45.033764599440424 2.3028406424900183 1.0
vehicle.motorcycle 0 0 0 0 0 0 0 2.073 1.36 0.661 1.3144838835030734 -12.953288222498136 8.214753086903816 -2.062255664428985 1.0
human.pedestrian.adult 0 0 0 0 0 0 0 0.723 1.784 0.531 0.054564406162842305 33.19292952840389 33.7113948108048 0.0653968752687506 1.0
vehicle.motorcycle 0 0 0 0 0 0 0 2.021 1.249 0.859 1.3015300349295549 -16.205613475416385 8.817318972959137 0.9612804294912154 1.0
human.pedestrian.adult 0 0 0 0 0 0 0 0.618 1.843 0.548 1.468200269157323 -29.80954034146864 -9.994643547100347 2.25058060096738 1.0
human.pedestrian.adult 0 0 0 0 0 0 0 0.651 1.868 0.707 0.6545877779903844 2.8351323680775584 -8.918971942552533 0.13883298139405253 1.0
human.pedestrian.adult 0 0 0 0 0 0 0 0.781 1.619 0.786 1.105107681768723 -10.307162690197439 4.731530114791007 -2.3703817377006224 1.0
human.pedestrian.adult 0 0 0 0 0 0 0 0.631 1.664 0.609 1.5135855699413616 -29.593313403934204 -9.20767525932938 2.4628372857663727 1.0
human.pedestrian.adult 0 0 0 0 0 0 0 0.691 1.766 0.691 0.24918516651434597 26.476304648256637 34.57006004186289 2.565603071490715 1.0
vehicle.motorcycle 0 0 0 0 0 0 0 1.949 1.525 0.73 1.3230018635896321 -16.848524452441264 10.08462692140524 0.9507598632586252 1.0
human.pedestrian.adult 0 0 0 0 0 0 0 0.676 1.746 0.777 0.4948589628469664 5.597794214511425 -9.352373866719539 0.223286035485871 1.0
