vehicle.truck 0 0 0 0 0 0 0 12.004 4.174 2.936 -3.1988134195221107 65.44300760821359 -7.106827178923712 1.575195193852295 1.0
vehicle.car 0 0 0 0 0 0 0 4.523 1.902 1.85 -0.28606700682305164 28.2502268781369 -9.807821051513542 3.0777808366477775 1.0
vehicle.car 0 0 0 0 0 0 0 5.009 1.878 1.9 2.593826524080277 -44.06953049822233 -11.141997679685128 0.05111872736763967 1.0
human.pedestrian.adult 0 0 0 0 0 0 0 0.728 1.67 0.669 -3.038264639413158 86.75079119502739 4.875169679142157 1.513480797016193 1.0
human.pedestrian.adult 0 0 0 0 0 0 0 0.583 1.621 0.621 2.5289285054206103 -35.09875247353542 -3.723152090311578 0.8424084099436424 1.0
vehicle.car 0 0 0 0 0 0 0 4.34 1.677 1.816 2.96258009840015 -49.50545328013056 -10.279046168556102 3.113428254891108 1.0
vehicle.car 0 0 0 0 0 0 0 4.622 1.881 1.884 -0.10083890571272347 25.44923961782672 -10.196235672939926 0.04890344776028188 1.0
human.pedestrian.adult 0 0 0 0 0 0 0 0.723 1.697 0.697 1.4280833982883 -13.04664620514931 10.123113044298135 2.355753329301658 1.0
vehicle.car 0 0 0 0 0 0 0 4.697 1.703 1.783 0.22269933889139482 17.5171045522015 -10.077554145472467 3.080764540927232 1.0
vehicle.car 0 0 0 0 0 0 0 4.737 1.498 1.771 0.3812575201505899 14.636522529443479 -9.696587594029296 3.1156616714409067 1.0
human.pedestrian.adult 0 0 0 0 0 0 0 0.702 1.766 0.666 -2.897349418353575 81.76871277367403 5.565341037543887 1.6948008205672362 1.0
vehicle.car 0 0 0 0 0 0 0 4.414 1.722 1.839 0.04259466019084601 19.918226940842512 -9.762670707549997 3.098317796658735 1.0
vehicle.car 0 0 0 0 0 0 0 5.975 2.9 2.495 -1.0941230589590867 34.009447867251865 -9.227892594592015 -3.1188421327187026 1.0
vehicle.car 0 0 0 0 0 0 0 5.054 1.931 2.107 3.0746050600123707 -55.09591205680853 -9.961982966275823 3.113428254891108 1.0
vehicle.truck 0 0 0 0 0 0 0 6.067 2.143 2.201 -1.5304540996321079 51.15955794800125 -10.22160806751246 1.6023904023515083 1.0
movable_object.debris 0 0 0 0 0 0 0 7.583 2.086 2.983 -0.2978828751972753 24.624934467685527 4.2552675254661825 1.5564780032524155 1.0
vehicle.truck 0 0 0 0 0 0 0 5.109 1.994 2.029 -2.305249641450345 66.69827542049426 -10.441526639740108 1.5660546219211335 1.0
vehicle.car 0 0 0 0 0 0 0 4.393 1.827 1.859 -0.38500473535996105 31.027638668459005 -9.58789135171507 -3.11852805854493 1.0
vehicle.car 0 0 0 0 0 0 0 4.912 1.613 1.712 2.7364462672805376 -41.544870477395364 -10.842874982308807 3.1237752549126734 1.0
human.pedestrian.adult 0 0 0 0 0 0 0 1.088 1.752 0.789 -2.517476467774653 74.39045051178098 3.8542050008293507 1.6187578219437215 1.0
vehicle.car 0 0 0 0 0 0 0 4.514 1.803 1.901 -0.1051540196495293 22.72108451878972 -9.820200920036115 -3.132521809564725 1.0
human.pedestrian.adult 0 0 0 0 0 0 0 0.865 1.77 0.808 -3.230244461198883 86.95033473724676 6.00116751341438 1.509410706454183 1.0
vehicle.car 0 0 0 0 0 0 0 4.411 1.996 1.969 2.4059684588147685 -38.82405458417637 -10.488520226000478 3.0757393546257052 1.0
movable_object.debris 0 0 0 0 0 0 0 7.597 2.613 2.959 0.43846551566043473 0.9221861873883935 8.072233468219924 1.528882280286699 1.0
