vehicle.car 0 0 0 0 0 0 0 4.514 1.803 1.901 0.034263697667482385 19.002275998441196 -9.88540386950835 -3.133625355472037 1.0
human.pedestrian.adult 0 0 0 0 0 0 0 0.865 1.77 0.808 -3.109658412942983 82.62326975126498 5.924415030958505 1.5112539639943803 1.0
human.pedestrian.adult 0 0 0 0 0 0 0 0.728 1.67 0.669 -2.9082066659531014 82.49876071751102 4.782515869846451 1.5077654561097136 1.0
vehicle.car 0 0 0 0 0 0 0 4.523 1.902 1.85 -0.1393497638586415 24.570494961293246 -9.867941117316596 3.0766786343461767 1.0
vehicle.car 0 0 0 0 0 0 0 4.912 1.613 1.712 2.927656590039431 -45.26381229733454 -10.888311507275638 3.122672204458633 1.0
vehicle.car 0 0 0 0 0 0 0 5.975 2.9 2.495 -0.9495839936052037 30.31826584659762 -9.310492157324926 -3.1199459306607356 1.0
human.pedestrian.adult 0 0 0 0 0 0 0 0.626 1.805 0.643 -2.9218950130954418 56.320891854848725 -7.852415370108748 1.6295202084453209 1.0
vehicle.car 0 0 0 0 0 0 0 4.411 1.996 1.969 2.5634231750689835 -42.544311553486395 -10.475801236339612 3.0746371899997857 1.0
vehicle.truck 0 0 0 0 0 0 0 5.109 1.994 2.029 -2.20506266489184 62.96515306396353 -10.564044837720411 1.5671947041080916 1.0
vehicle.car 0 0 0 0 0 0 0 4.393 1.827 1.859 -0.2464946025461141 27.369870694377795 -9.652157687556981 -3.1196318622734944 1.0
movable_object.debris 0 0 0 0 0 0 0 7.597 2.613 2.959 0.61532689621941 -2.776722851819191 8.039020630029423 1.5300237402811883 1.0
human.pedestrian.adult 0 0 0 0 0 0 0 1.088 1.752 0.789 -2.4256833072090362 71.61368569959438 3.6902297065209724 1.6189445622057477 1.0
vehicle.car 0 0 0 0 0 0 0 4.414 1.722 1.839 0.17037583554013502 16.235638359378026 -9.812502154555345 3.1001232561366727 1.0
vehicle.car 0 0 0 0 0 0 0 4.737 1.498 1.771 0.5386766252220627 10.91940624072306 -9.742669576932656 3.1145587705287134 1.0
human.pedestrian.adult 0 0 0 0 0 0 0 0.583 1.621 0.621 2.6194954355099855 -38.16338565832629 -3.1770516720152275 0.8435924486721982 1.0
movable_object.debris 0 0 0 0 0 0 0 7.583 2.086 2.983 -0.12534690464037535 20.92207828464136 4.196050943028993 1.5576184355051934 1.0
human.pedestrian.adult 0 0 0 0 0 0 0 0.702 1.766 0.666 -2.7692276148746466 77.52224423557516 5.388324031215453 1.6879154738810795 1.0
vehicle.truck 0 0 0 0 0 0 0 6.067 2.143 2.201 -1.4339622700237145 47.39575215419886 -10.333566005596682 1.6035291857466358 1.0
vehicle.car 0 0 0 0 0 0 0 4.622 1.881 1.884 0.06211849377673195 21.788413430798965 -10.299217013753628 0.050069737949275606 1.0
human.pedestrian.adult 0 0 0 0 0 0 0 0.723 1.697 0.697 1.627497818079568 -16.82738128701623 9.98998668877245 2.345941596098111 1.0
vehicle.car 0 0 0 0 0 0 0 4.697 1.703 1.783 0.3597129868090405 13.797748439258271 -10.129327312217672 3.07966228356677 1.0
vehicle.truck 0 0 0 0 0 0 0 12.004 4.174 2.936 -3.1064449341932683 61.72350769717855 -7.205629171408422 1.5763349449854775 1.0
vehicle.car 0 0 0 0 0 0 0 4.34 1.677 1.816 3.1373397854923395 -53.223499832114065 -10.259321597799573 3.1123253951475185 1.0
