vehicle.car 0 0 0 0 0 0 0 5.975 2.9 2.495 -0.4937582533768198 22.80289145486527 -9.418772345840184 -3.1207035633485116 1.0
human.pedestrian.adult 0 0 0 0 0 0 0 0.626 1.805 0.643 -2.502466982566185 48.78515554544817 -8.167567339259735 2.2096977070384938 1.0
vehicle.car 0 0 0 0 0 0 0 4.622 1.881 1.884 0.4109319702049039 14.326904199390404 -10.318023503407405 0.047837576947793004 1.0
vehicle.car 0 0 0 0 0 0 0 4.411 1.996 1.969 2.9006421669342224 -50.124208600563804 -10.481510456583214 3.0738773634068313 1.0
vehicle.truck 0 0 0 0 0 0 0 5.109 1.994 2.029 -1.757056659438447 55.36745931010389 -10.709352656702809 1.5679029788292516 1.0
vehicle.car 0 0 0 0 0 0 0 4.393 1.827 1.859 0.19298669225118492 19.920467238396224 -9.724257232484236 -3.1203894871844735 1.0
movable_object.debris 0 0 0 0 0 0 0 7.597 2.613 2.959 0.9033948432977652 -10.340171106119717 7.9893260368975945 1.5307301169234648 1.0
vehicle.car 0 0 0 0 0 0 0 4.737 1.498 1.771 0.9811329421160199 3.3497021298060226 -9.794813626641604 3.1137999326386074 1.0
movable_object.debris 0 0 0 0 0 0 0 7.583 2.086 2.983 0.23972039191914396 13.358550249106507 4.126550952852364 1.5583262281409462 1.0
human.pedestrian.adult 0 0 0 0 0 0 0 0.702 1.766 0.666 -2.3851037588810513 68.87478169031624 5.151401548501234 1.6754834486050694 1.0
human.pedestrian.adult 0 0 0 0 0 0 0 0.728 1.67 0.669 -2.5189217980953007 73.8248832458957 4.72894051854679 1.506788650287099 1.0
human.pedestrian.adult 0 0 0 0 0 0 0 0.723 1.697 0.697 1.890156620292116 -24.492285979727587 9.825686241126794 2.3364387303908547 1.0
vehicle.car 0 0 0 0 0 0 0 4.697 1.703 1.783 0.7720735509681206 6.223610766443846 -10.190955418467869 3.0789025814735576 1.0
human.pedestrian.adult 0 0 0 0 0 0 0 1.088 1.752 0.789 -2.2111720454924395 65.90907278735563 3.476886256849346 1.6037967955670398 1.0
movable_object.trafficcone 0 0 0 0 0 0 0 0.236 0.454 0.223 1.5088190224809068 -4.527819828876556 -15.06128428459258 0.050618104995352464 1.0
vehicle.truck 0 0 0 0 0 0 0 12.004 4.174 2.936 -2.711009160018138 54.15146807690789 -7.315981774021718 1.5770436755047479 1.0
vehicle.car 0 0 0 0 0 0 0 4.514 1.803 1.901 0.43626982134699555 11.455962082966355 -9.952140520145152 -3.134383326852544 1.0
human.pedestrian.adult 0 0 0 0 0 0 0 0.865 1.77 0.808 -2.733448071241873 73.81490445133252 5.893444233349395 1.5162579685075919 1.0
vehicle.truck 0 0 0 0 0 0 0 6.067 2.143 2.201 -1.0303686405720853 39.735585609996946 -10.476082111765898 1.6042392480708543 1.0
vehicle.car 0 0 0 0 0 0 0 4.523 1.902 1.85 0.3117722875964062 17.075172291486997 -9.93226600016403 3.0759188583333765 1.0
vehicle.car 0 0 0 0 0 0 0 4.912 1.613 1.712 3.1672982717657776 -52.82058633092026 -10.821025783180826 3.121913567435575 1.0
human.pedestrian.adult 0 0 0 0 0 0 0 0.583 1.621 0.621 2.759793828599605 -44.441371125621174 -2.10830814331172 0.8442392746000746 1.0
vehicle.car 0 0 0 0 0 0 0 4.414 1.722 1.839 0.5655062731916422 8.732876974199474 -9.86825112911278 3.1051802862440976 1.0
