movable_object.barrier 0 0 0 0 0 0 0 2.139 1.427 0.773 1.607589583820591 -44.9268550387865 30.347821870148856 2.970275702075722 1.0
vehicle.car 0 0 0 0 0 0 0 18.946 4.619 3.882 3.550540949682241 -108.36387072151335 -12.94965879858482 1.558748285225187 1.0
vehicle.car 0 0 0 0 0 0 0 4.756 1.79 1.684 2.852709724833769 -36.33209726773992 -16.425178714499275 1.6110786519460802 1.0
vehicle.truck 0 0 0 0 0 0 0 17.933 4.655 3.067 2.1778494076397923 -70.14645883897633 -3.350784805718189 1.6032446948925942 1.0
movable_object.barrier 0 0 0 0 0 0 0 2.22 1.301 0.718 1.8362260919413176 -44.51770615931238 28.126836381321933 2.970275702075722 1.0
human.pedestrian.adult 0 0 0 0 0 0 0 1.041 1.282 0.672 0.9279682625924695 -0.3627760433051727 7.121609218400468 -3.0993424564375758 1.0
vehicle.truck 0 0 0 0 0 0 0 5.429 2.214 2.173 -0.8594723089518317 9.621063011404555 24.82005731231111 -3.132162719042995 1.0
vehicle.car 0 0 0 0 0 0 0 5.497 2.16 2.199 -0.9904923318242551 12.800506998594248 24.940563270378792 3.071405974177212 1.0
human.pedestrian.adult 0 0 0 0 0 0 0 0.761 1.917 0.735 2.9258250231754244 -60.61388967519132 6.9953100428814725 3.0586687157331296 1.0
vehicle.car 0 0 0 0 0 0 0 4.962 1.831 2.113 -0.0713722709493414 9.129683910378759 12.76489580741306 3.0510438100237973 1.0
vehicle.car 0 0 0 0 0 0 0 4.612 1.862 1.963 0.2871802011920862 -10.499501611689816 24.639374527126815 0.15027304186958412 1.0
vehicle.truck 0 0 0 0 0 0 0 5.689 1.977 2.151 1.7456454021362715 -15.082224896898738 -13.200595670388267 1.6750399406596879 1.0
vehicle.car 0 0 0 0 0 0 0 4.397 1.762 1.875 -0.819037420479159 33.45746323418452 11.64798175683193 0.08190009789152874 1.0
vehicle.car 0 0 0 0 0 0 0 4.575 1.766 1.805 -1.1863655491152327 25.82728120831173 25.340591234136312 3.1140321790167187 1.0
vehicle.car 0 0 0 0 0 0 0 5.109 1.77 2.23 2.9874520428395748 -32.79567183823238 -35.32381794300644 0.047994632719900565 1.0
vehicle.car 0 0 0 0 0 0 0 4.691 2.06 1.826 -0.5291901694072754 3.107939764201912 25.242128722199723 0.08493300552425387 1.0
vehicle.car 0 0 0 0 0 0 0 4.497 1.696 1.844 -0.2362554624504435 22.934254927057083 11.031377252956469 3.138285324442384 1.0
vehicle.car 0 0 0 0 0 0 0 3.981 1.727 1.667 0.4671754319958814 1.162526628392955 10.77205531812321 3.138285324442384 1.0
vehicle.truck 0 0 0 0 0 0 0 19.766 5.002 3.61 1.8106615146489569 -52.16575047854074 -12.94499962029248 1.599810052199902 1.0
movable_object.barrier 0 0 0 0 0 0 0 2.434 1.352 0.746 2.307653764891234 -43.91185109416897 12.967620946834021 -3.117558486891193 1.0
movable_object.barrier 0 0 0 0 0 0 0 2.226 1.457 0.732 1.9069172828983225 -43.93892619591874 18.6543876213922 3.130730207803806 1.0
vehicle.car 0 0 0 0 0 0 0 5.091 1.958 1.867 2.2410680165387156 -23.558773871103874 -15.558711850952625 1.5761915705740268 1.0
vehicle.car 0 0 0 0 0 0 0 4.44 1.555 1.711 0.6351851101998203 -1.7422701693732265 10.845739181468097 3.1208370182315974 1.0
vehicle.car 0 0 0 0 0 0 0 4.329 1.882 1.9 -1.0804031560672198 22.502938638910358 25.33720707617689 0.10566475093283234 1.0
vehicle.car 0 0 0 0 0 0 0 4.58 1.759 1.898 -1.2196813482973319 31.50094618645224 24.407350764938748 0.05132787424122487 1.0
vehicle.car 0 0 0 0 0 0 0 6.919 2.855 2.258 0.9737176152121708 -41.19269148473793 21.46187302497598 3.0826252318507787 1.0
movable_object.barrier 0 0 0 0 0 0 0 0.79 1.722 1.545 1.5250320598658114 -32.578390307522156 15.21319567602147 2.782864436478304 1.0
vehicle.car 0 0 0 0 0 0 0 4.89 1.854 1.981 -0.548355797124755 47.8929391811048 -15.690023284587319 1.5591669220155495 1.0
movable_object.trafficcone 0 0 0 0 0 0 0 0.382 0.781 0.302 1.9217287247705723 -31.704296587353024 14.907643840134002 2.719806962781508 1.0
vehicle.car 0 0 0 0 0 0 0 4.232 1.586 1.517 2.542724160726217 -32.39883274508236 -12.132383105010247 1.6110786519460802 1.0
vehicle.car 0 0 0 0 0 0 0 4.746 1.498 1.867 1.8646648534853756 -41.395942303418 13.578449712523513 3.126717097365093 1.0
vehicle.bus.rigid 0 0 0 0 0 0 0 12.725 3.607 3.275 -0.08403801468103245 20.546627094042815 -16.320428102076466 1.5800988903130495 1.0
vehicle.car 0 0 0 0 0 0 0 4.503 1.86 2.051 0.11081843792085944 6.57610318197779 11.238809633849797 3.0684921080585026 1.0
human.pedestrian.adult 0 0 0 0 0 0 0 0.573 1.967 0.592 2.8328225345566422 -59.6229573078004 7.12077151253527 3.0063238419320024 1.0
movable_object.barrier 0 0 0 0 0 0 0 0.922 1.734 1.331 1.631052836680714 -33.776066496553454 14.77531859154339 2.7764958655463996 1.0
vehicle.car 0 0 0 0 0 0 0 4.794 1.858 1.914 -0.34782994724425925 0.4728699899886948 25.57071471527524 0.08493300552425387 1.0
vehicle.car 0 0 0 0 0 0 0 5.447 2.021 2.141 4.102746539552441 -87.76193163481275 -16.012190897093053 1.558748285225187 1.0
vehicle.car 0 0 0 0 0 0 0 5.892 2.236 2.123 1.2978161859257806 -0.23790546130309365 -15.01495216432924 1.558748285225187 1.0
movable_object.barrier 0 0 0 0 0 0 0 2.54 1.317 0.731 2.4278669902418932 -43.94844642370661 16.187769943744954 -3.117558486891193 1.0
vehicle.car 0 0 0 0 0 0 0 4.856 1.637 1.857 0.6819201259275314 -4.729990764265113 11.333279421000968 -3.031067263834152 1.0
