human.pedestrian.adult 0 0 0 0 0 0 0 1.041 1.282 0.672 0.7133678934916396 3.784043048112045 7.165191473347369 -3.1060389152161747 1.0
movable_object.barrier 0 0 0 0 0 0 0 2.226 1.457 0.732 1.6058615960446898 -39.86963666286898 18.407464761342762 3.1240372073298 1.0
vehicle.car 0 0 0 0 0 0 0 4.89 1.854 1.981 -0.7486465399769837 55.20063491947027 -15.43063442725925 1.5485491219160012 1.0
vehicle.car 0 0 0 0 0 0 0 18.946 4.619 3.882 3.2939336945149704 -98.97409136378386 -13.628131020503837 1.5655714157214256 1.0
vehicle.car 0 0 0 0 0 0 0 4.58 1.759 1.898 -1.564025265205776 35.52969299782285 24.682115509009343 0.054314624849379545 1.0
movable_object.trafficcone 0 0 0 0 0 0 0 0.428 0.932 0.371 1.6332744422053502 -27.734693944250072 15.15032111211511 3.0567085953047775 1.0
vehicle.car 0 0 0 0 0 0 0 4.503 1.86 2.051 -0.151995267859103 10.679380342913294 11.372972740226599 3.061803165917227 1.0
vehicle.car 0 0 0 0 0 0 0 4.962 1.831 2.113 -0.3464452617616537 13.234547917299084 12.898237591548853 3.0443560077643834 1.0
vehicle.car 0 0 0 0 0 0 0 4.184 1.719 1.884 -1.7717826232143865 38.521577880416594 25.633434451057823 0.055709831137396026 1.0
movable_object.barrier 0 0 0 0 0 0 0 0.922 1.734 1.331 1.3401112497198373 -29.675792592478853 14.606191182395909 2.76982628163348 1.0
vehicle.car 0 0 0 0 0 0 0 6.919 2.855 2.258 0.626473690814237 -37.142533302517116 21.20879722876701 3.0759353672089116 1.0
vehicle.car 0 0 0 0 0 0 0 4.232 1.586 1.517 2.365891850410348 -25.342816963732524 -12.182052682402974 1.6178952986146298 1.0
vehicle.truck 0 0 0 0 0 0 0 19.766 5.002 3.61 1.633386977946603 -45.05066248788907 -13.205474104789678 1.6066280681171294 1.0
vehicle.car 0 0 0 0 0 0 0 4.746 1.498 1.867 1.6307399346379743 -37.290940523862595 13.357661667068347 3.120024358309423 1.0
movable_object.barrier 0 0 0 0 0 0 0 2.54 1.317 0.731 2.1219724209802053 -39.86340847475173 15.944225466012822 -3.1242537597581137 1.0
vehicle.car 0 0 0 0 0 0 0 4.856 1.637 1.857 0.44358724138720934 -0.6428700397624174 11.365178724775001 -3.0377681697023 1.0
vehicle.car 0 0 0 0 0 0 0 5.497 2.16 2.199 -1.3447416060077448 16.827319780548628 25.039418907537286 3.0647168417861543 1.0
movable_object.barrier 0 0 0 0 0 0 0 0.79 1.722 1.545 1.2316127958310203 -28.486534773984864 15.040297075761467 2.776194421110289 1.0
vehicle.car 0 0 0 0 0 0 0 5.091 1.958 1.867 2.0147203702137193 -14.989089923275477 -15.525327717934513 1.5917331265311097 1.0
vehicle.truck 0 0 0 0 0 0 0 17.933 4.655 3.067 2.0540464194671033 -66.84074452614715 -3.7507710211258587 1.5966792790361213 1.0
vehicle.car 0 0 0 0 0 0 0 5.892 2.236 2.123 1.1146930280795138 8.050204465099155 -14.912068499316014 1.548130543567095 1.0
vehicle.car 0 0 0 0 0 0 0 3.981 1.727 1.667 0.22441892599737245 5.284726585114472 10.79448835138815 3.1315918318850553 1.0
vehicle.truck 0 0 0 0 0 0 0 5.689 1.977 2.151 1.522722185843656 -6.731670280554418 -12.76631636772569 1.6876631744050528 1.0
vehicle.car 0 0 0 0 0 0 0 4.44 1.555 1.711 0.41467662440828 2.298613146238918 10.876241261802567 3.114144662259463 1.0
vehicle.car 0 0 0 0 0 0 0 4.612 1.862 1.963 -0.07448140124124597 -6.472210152607119 24.607223458512347 0.14573655600311008 1.0
vehicle.car 0 0 0 0 0 0 0 5.041 1.706 1.871 3.3069098112315554 -35.59104285542872 -34.937927204604485 3.0259841558415435 1.0
human.pedestrian.adult 0 0 0 0 0 0 0 0.573 1.967 0.592 2.594544709438806 -55.47619258575862 6.780613256012113 2.999638967363852 1.0
vehicle.car 0 0 0 0 0 0 0 4.397 1.762 1.875 -1.0572104174958645 37.5732507356613 11.908940865160549 0.07989173201124444 1.0
vehicle.car 0 0 0 0 0 0 0 5.447 2.021 2.141 3.976831050838489 -77.13966273834528 -16.574383691501307 1.5655714157214256 1.0
vehicle.car 0 0 0 0 0 0 0 4.756 1.79 1.684 2.6538822527762425 -27.826105092083278 -16.41902041885519 1.6178952986146298 1.0
vehicle.bus.rigid 0 0 0 0 0 0 0 12.725 3.607 3.275 -0.2519778876412264 28.296029136251295 -15.98320107425142 1.5764546298449993 1.0
vehicle.car 0 0 0 0 0 0 0 4.497 1.696 1.844 -0.47043189799064355 27.05493512939663 11.142060316406493 3.1315918318850553 1.0
vehicle.truck 0 0 0 0 0 0 0 5.429 2.214 2.173 -1.2104537045809112 13.646538256765123 24.807234374272564 -3.1388570410511907 1.0
