human.pedestrian.adult 0 0 0 0 0 0 0 0.583 1.621 0.621 3.6284599592528313 -63.00315807824464 0.9835802746823659 0.8516629842370151 1.0
vehicle.car 0 0 0 0 0 0 0 4.411 1.996 1.969 3.797743253555519 -72.49184562550742 -10.213507105377087 3.066616718012132 1.0
movable_object.debris 0 0 0 0 0 0 0 7.597 2.613 2.959 1.9803544663524568 -32.56554143867639 7.965385957095234 1.5380710724459812 1.0
vehicle.truck 0 0 0 0 0 0 0 6.067 2.143 2.201 -0.12128581006101735 17.384607536702923 -10.898929733805383 1.611574851592235 1.0
vehicle.car 0 0 0 0 0 0 0 4.622 1.881 1.884 1.2430159828291465 -7.559554463254418 -10.47947325477561 0.04957443192668887 1.0
human.pedestrian.adult 0 0 0 0 0 0 0 0.865 1.77 0.808 -1.5452383765030255 48.24438085045018 5.377342539434928 1.5788481188128856 1.0
vehicle.car 0 0 0 0 0 0 0 4.414 1.722 1.839 1.4230841701430075 -13.438883920148687 -10.01955849613866 3.099164720134768 1.0
movable_object.barrier 0 0 0 0 0 0 0 2.22 1.097 0.51 -1.1711299454964985 39.80828735041016 -16.07567860772371 1.5779236502961966 1.0
movable_object.barrier 0 0 0 0 0 0 0 2.453 1.198 0.528 -0.9770079064521401 37.46790462107359 -16.073165804438695 1.5779236502961966 1.0
human.pedestrian.adult 0 0 0 0 0 0 0 1.088 1.752 0.789 -1.5570969873726268 48.97374948382076 2.755080201299508 1.5382891010881652 1.0
vehicle.car 0 0 0 0 0 0 0 5.975 2.9 2.495 0.36289903571053655 0.46936074252098525 -9.73067636785673 -3.1279676203526634 1.0
human.pedestrian.adult 0 0 0 0 0 0 0 0.626 1.805 0.643 -1.057405246562573 26.21714555794471 -9.159097987941218 2.538940273218719 1.0
vehicle.car 0 0 0 0 0 0 0 4.393 1.827 1.859 0.9806313422427089 -2.2643544728920375 -9.961626402461492 -3.1276535562641 1.0
vehicle.car 0 0 0 0 0 0 0 4.912 1.613 1.712 4.010021343183889 -74.91248588967728 -10.649483852628599 3.1146510709735775 1.0
vehicle.car 0 0 0 0 0 0 0 4.514 1.803 1.901 1.2994177918407455 -10.431611434547053 -10.13219873859274 3.1415384493519793 1.0
vehicle.car 0 0 0 0 0 0 0 4.697 1.703 1.783 1.543150822778895 -15.967672759513139 -10.344418473408332 3.0716417422095734 1.0
vehicle.truck 0 0 0 0 0 0 0 12.004 4.174 2.936 -1.734397001795261 31.765546383834938 -7.797078003282396 1.5843812160876025 1.0
human.pedestrian.adult 0 0 0 0 0 0 0 0.702 1.766 0.666 -1.2663205537565707 43.32994007786704 4.2831840769965455 1.6643872040172365 1.0
movable_object.debris 0 0 0 0 0 0 0 7.583 2.086 2.983 1.120422704540678 -8.903299354463181 3.9338002996765247 1.5656651307085454 1.0
vehicle.truck 0 0 0 0 0 0 0 5.109 1.994 2.029 -0.9006440798407 33.04945763453959 -11.222773985917982 1.5752411815374403 1.0
human.pedestrian.adult 0 0 0 0 0 0 0 0.728 1.67 0.669 -1.484286046694871 48.19072825125505 4.357442930605387 1.5265205523355911 1.0
vehicle.car 0 0 0 0 0 0 0 4.523 1.902 1.85 1.0707782212879238 -4.949506486272829 -10.175687620894188 3.068658134172077 1.0
movable_object.barrier 0 0 0 0 0 0 0 1.949 1.284 0.548 -0.8991544472856947 35.20512514853246 -16.102642872487788 1.577766665190329 1.0
vehicle.car 0 0 0 0 0 0 0 4.737 1.498 1.771 1.7873973689238314 -18.6536411721154 -9.92803966607163 3.1065377485360237 1.0
movable_object.barrier 0 0 0 0 0 0 0 2.243 1.219 0.536 -0.6959989964849222 33.07299340999764 -16.12224165670957 1.577766665190329 1.0
