movable_object.barrier 0 0 0 0 0 0 0 2.22 1.097 0.51 1.4852104819627379 -23.227852595850663 -16.105091392519444 1.574378243498277 1.0
movable_object.barrier 0 0 0 0 0 0 0 2.148 1.057 0.515 1.3599201365215583 -20.960607377930494 -16.102756621157507 1.574378243498277 1.0
movable_object.barrier 0 0 0 0 0 0 0 1.86 1.027 0.522 1.0299358160509855 -16.855903244127767 -16.14244694981294 1.574378243498277 1.0
movable_object.trafficcone 0 0 0 0 0 0 0 0.297 1.332 0.301 1.780600850652803 -27.471328576125508 -13.896658886211995 3.0146441989319044 1.0
movable_object.trafficcone 0 0 0 0 0 0 0 0.377 1.357 0.402 -0.49058487841511256 27.84118051901078 -15.045971282644143 3.118910067549437 1.0
movable_object.barrier 0 0 0 0 0 0 0 2.136 1.153 0.552 1.879440093177978 -32.192563756825784 -16.094951672138233 1.5688318137710136 1.0
movable_object.barrier 0 0 0 0 0 0 0 2.428 1.028 0.438 0.04046707470502797 7.151264218728477 -24.178568465834555 1.5801863189893153 1.0
movable_object.debris 0 0 0 0 0 0 0 7.583 2.086 2.983 3.4215972968512633 -71.887124247411 4.079125868567841 1.5693394371519798 1.0
vehicle.car 0 0 0 0 0 0 0 4.708 2.388 2.149 -3.093774767072577 92.48846462746077 7.412627467164779 1.5748335444055748 1.0
movable_object.trafficcone 0 0 0 0 0 0 0 0.424 1.324 0.383 0.20256096084041075 7.491287944786518 -14.755105225719769 3.089807734274946 1.0
movable_object.trafficcone 0 0 0 0 0 0 0 0.355 1.304 0.334 -0.09306575661330929 15.534813217677831 -14.937300253885642 -3.1235878008256117 1.0
human.pedestrian.adult 0 0 0 0 0 0 0 1.088 1.752 0.789 0.9929065862868653 0.6991828476690414 3.9201613089791496 1.5386949094026843 1.0
movable_object.barrier 0 0 0 0 0 0 0 2.59 1.184 0.47 -0.16244496850744833 12.081012728228009 -24.167284148998025 1.5801863189893153 1.0
movable_object.trafficcone 0 0 0 0 0 0 0 0.548 1.236 0.493 0.1839374898848567 26.024761035387527 7.0741940384870405 1.3207869643967607 1.0
movable_object.debris 0 0 0 0 0 0 0 6.973 2.0 2.311 -0.4131167540832674 32.02562334675036 7.6260633616282645 1.6282058797434829 1.0
human.pedestrian.adult 0 0 0 0 0 0 0 0.728 1.67 0.669 1.9524295731908323 -24.636477884818294 4.1345741955300275 1.592744396666765 1.0
movable_object.barrier 0 0 0 0 0 0 0 1.649 1.142 0.375 0.9956141607113085 -22.72365446963037 -24.326231623152488 1.6149131367000216 1.0
movable_object.barrier 0 0 0 0 0 0 0 1.721 1.185 0.37 0.7226730070374794 -12.431536076266205 -24.241898334329314 1.5976281204524128 1.0
movable_object.barrier 0 0 0 0 0 0 0 1.863 1.121 0.356 0.8054410486523704 -16.052790688380934 -24.25464531537404 1.588540917335811 1.0
movable_object.barrier 0 0 0 0 0 0 0 2.039 1.082 0.448 1.0928611112555648 -26.458918731778805 -24.31674887420754 1.5858723247593343 1.0
movable_object.trafficcone 0 0 0 0 0 0 0 0.342 1.334 0.312 1.7242148389049967 -28.85138805003243 -14.070286263540519 3.0146441989319044 1.0
movable_object.barrier 0 0 0 0 0 0 0 1.741 1.261 0.352 0.5897290498296878 -6.934067483590279 -24.24017299753124 1.5976281204524128 1.0
movable_object.trafficcone 0 0 0 0 0 0 0 0.426 1.317 0.411 1.3479766411211966 -21.91256106261645 -12.728535594738199 2.8167231232295684 1.0
movable_object.trafficcone 0 0 0 0 0 0 0 0.416 1.316 0.443 0.7754121776981451 -7.7860183849144375 -14.832866345903591 3.101377206151005 1.0
movable_object.trafficcone 0 0 0 0 0 0 0 0.392 1.332 0.406 -0.5923367414072175 31.02147527537781 -14.817513800823003 3.118910067549437 1.0
movable_object.barrier 0 0 0 0 0 0 0 2.295 1.038 0.477 0.19915970070613426 4.741263273835039 -24.13583562055512 1.5914885841088608 1.0
vehicle.truck 0 0 0 0 0 0 0 12.004 4.174 2.936 1.0762902558871041 -31.209875799660434 -7.8600948599220954 1.5880543647709926 1.0
human.pedestrian.adult 0 0 0 0 0 0 0 0.865 1.77 0.808 1.8405662782277832 -24.75350854274385 5.204404288743655 1.592744396666765 1.0
movable_object.trafficcone 0 0 0 0 0 0 0 0.378 1.35 0.415 1.6749110262011095 -26.175889043793322 -13.868818644146165 3.100066829454664 1.0
vehicle.car 0 0 0 0 0 0 0 4.737 1.498 1.771 3.7651975612089372 -81.8750926870697 -9.741723211959531 3.10292821026953 1.0
movable_object.debris 0 0 0 0 0 0 0 4.553 1.606 2.542 0.19140848310647218 23.39988843952744 8.007854597663902 1.1667748123103348 1.0
movable_object.barrier 0 0 0 0 0 0 0 2.453 1.198 0.528 1.5451954474109506 -25.60919677517101 -16.14075234505009 1.574378243498277 1.0
movable_object.barrier 0 0 0 0 0 0 0 2.094 1.119 0.422 0.4627164403277664 -3.138819131038931 -24.256505158517797 1.5801863189893153 1.0
vehicle.car 0 0 0 0 0 0 0 4.66 2.238 2.184 -3.3544219126074557 98.1465534026768 -11.415464137596922 3.1101165561517137 1.0
human.pedestrian.adult 0 0 0 0 0 0 0 0.675 1.752 0.692 -1.1083548856198728 40.60912797725466 -10.613175334067654 1.5843741512696958 1.0
movable_object.barrier 0 0 0 0 0 0 0 1.871 1.087 0.489 0.9124124932040444 -10.621245351535183 -16.12909663458709 1.58756417730822 1.0
movable_object.barrier 0 0 0 0 0 0 0 2.031 1.08 0.527 0.9156826575600003 -12.587334092725746 -16.171492009188555 1.574378243498277 1.0
movable_object.barrier 0 0 0 0 0 0 0 1.636 1.083 0.386 0.9523168594236846 -21.01369596055822 -24.274828890226942 1.5800293437147417 1.0
movable_object.barrier 0 0 0 0 0 0 0 1.796 1.156 0.384 0.6992347452229278 -10.57584341292671 -24.225153570635392 1.5976281204524128 1.0
movable_object.barrier 0 0 0 0 0 0 0 1.949 1.284 0.548 1.7391180058106732 -27.847127359949358 -16.117606307395285 1.5742212688265695 1.0
movable_object.barrier 0 0 0 0 0 0 0 3.17 1.163 0.475 -0.22187993938021056 15.018377044611116 -24.33339362216735 1.5801863189893153 1.0
movable_object.barrier 0 0 0 0 0 0 0 2.322 1.022 0.431 -0.07619748048611813 9.580737099697707 -24.162170228175697 1.5801863189893153 1.0
movable_object.barrier 0 0 0 0 0 0 0 2.598 1.224 0.432 0.40506733701717584 -0.7011008846846796 -24.230769341461613 1.5801863189893153 1.0
human.pedestrian.adult 0 0 0 0 0 0 0 0.702 1.766 0.666 2.0669113258841203 -29.331325412493488 3.282269895306128 1.5833432708746988 1.0
vehicle.car 0 0 0 0 0 0 0 5.975 2.9 2.495 2.4487750292224435 -62.64613951457887 -9.851010024637464 -3.1315787296343274 1.0
movable_object.trafficcone 0 0 0 0 0 0 0 0.327 1.39 0.327 -0.11819485352216519 16.962411552541887 -14.71112438695323 -3.1405641633962036 1.0
movable_object.barrier 0 0 0 0 0 0 0 1.727 1.192 0.363 0.7816558775506971 -14.209229307059816 -24.233134877485394 1.5976281204524128 1.0
movable_object.barrier 0 0 0 0 0 0 0 1.786 1.257 0.347 0.6411079587154976 -8.749974229505936 -24.23795988645081 1.5976281204524128 1.0
movable_object.barrier 0 0 0 0 0 0 0 1.789 1.218 0.395 0.5315951504195148 -5.135128892885177 -24.257533775487428 1.5801863189893153 1.0
movable_object.barrier 0 0 0 0 0 0 0 2.22 1.087 0.546 1.1808777302829796 -14.743237310132024 -16.193917231162075 1.574378243498277 1.0
movable_object.trafficcone 0 0 0 0 0 0 0 0.326 1.35 0.321 0.06420945408092271 11.19511784344681 -15.008120921615328 -3.1410352446932865 1.0
movable_object.trafficcone 0 0 0 0 0 0 0 0.458 1.276 0.399 0.8852448702019542 -15.843362707675489 -15.150515907739067 3.100937262975471 1.0
movable_object.trafficcone 0 0 0 0 0 0 0 0.395 1.262 0.379 0.7798840618627676 -9.832458540712144 -14.814902744037429 3.0832493155600487 1.0
movable_object.barrier 0 0 0 0 0 0 0 2.035 1.091 0.559 1.3913455696016728 -18.84833339834003 -16.133498730739227 1.539495387739601 1.0
movable_object.barrier 0 0 0 0 0 0 0 2.871 1.232 0.474 0.2868153145371468 2.08832000592202 -24.19693808038751 1.5976281204524128 1.0
movable_object.trafficcone 0 0 0 0 0 0 0 0.372 1.33 0.403 0.5114693704787032 -1.5272354963787518 -14.826467229628078 3.120323310289641 1.0
movable_object.barrier 0 0 0 0 0 0 0 1.546 1.102 0.401 0.8855420920603384 -19.380316058069557 -24.245278516449265 1.5800293437147417 1.0
movable_object.barrier 0 0 0 0 0 0 0 1.532 1.083 0.361 0.7894102465159811 -17.800093438192665 -24.26693815405654 1.5800293437147417 1.0
vehicle.truck 0 0 0 0 0 0 0 5.109 1.994 2.029 1.7050065030530939 -29.82309750340436 -11.227612912966766 1.5789148930245407 1.0
