vehicle.car 0 0 0 0 0 0 0 4.737 1.498 1.771 2.686299671010357 -40.88354635733246 -10.280715657567812 3.115046897450709 1.0
vehicle.car 0 0 0 0 0 0 0 4.697 1.703 1.783 2.3645664178069374 -38.11320294388213 -10.668439896345394 3.0801535090207945 1.0
movable_object.barrier 0 0 0 0 0 0 0 2.22 1.097 0.51 -0.24650413097595025 17.84204947563416 -15.927955773063415 1.5865760420741557 1.0
movable_object.barrier 0 0 0 0 0 0 0 2.136 1.153 0.552 0.1458704552889314 8.877653122197847 -16.024486610370737 1.5810300363866778 1.0
movable_object.trafficcone 0 0 0 0 0 0 0 0.327 1.39 0.327 -2.4330386271217446 58.01333482716194 -14.038015535037788 -3.1284471734474604 1.0
movable_object.barrier 0 0 0 0 0 0 0 2.752 1.21 0.638 0.16438144126096066 3.014147416907245 -28.404868154871654 1.563188796465103 1.0
movable_object.barrier 0 0 0 0 0 0 0 1.754 1.032 0.434 -0.41149742966254804 16.69200294282876 -24.321462500514816 1.708157422965523 1.0
movable_object.barrier 0 0 0 0 0 0 0 1.649 1.142 0.375 -0.43269722774298536 18.457309831457337 -24.15119460124229 1.6271078975552058 1.0
movable_object.barrier 0 0 0 0 0 0 0 1.721 1.185 0.37 -0.8877205328765019 28.764075807737267 -23.93817370560308 1.6098241637106456 1.0
vehicle.truck 0 0 0 0 0 0 0 12.004 4.174 2.936 -0.5618073073527886 9.60847165494411 -7.717345979777323 1.5760259109509178 1.0
movable_object.barrier 0 0 0 0 0 0 0 2.453 1.198 0.528 -0.09892697596093458 15.466552001887115 -15.972258544279399 1.5865760420741557 1.0
movable_object.barrier 0 0 0 0 0 0 0 1.546 1.102 0.401 -0.619590263186478 21.806938275596092 -24.02804315172113 1.59222671236956 1.0
vehicle.car 0 0 0 0 0 0 0 5.975 2.9 2.495 1.235358687297852 -21.5605311905539 -9.973995710018107 -3.1194621243521583 1.0
movable_object.barrier 0 0 0 0 0 0 0 1.949 1.284 0.548 0.09331948109129928 13.227947074584405 -16.00122886026767 1.5864190793751343 1.0
vehicle.car 0 0 0 0 0 0 0 4.622 1.881 1.884 2.1923672949253072 -29.915895454536763 -10.82479330115708 0.056838387412976754 1.0
human.pedestrian.adult 0 0 0 0 0 0 0 0.702 1.766 0.666 0.004507953675677356 17.695810009290746 4.116098082178617 1.7847803890224618 1.0
movable_object.barrier 0 0 0 0 0 0 0 1.636 1.083 0.386 -0.5384860223004395 20.164679071788942 -24.07773026897467 1.59222671236956 1.0
human.pedestrian.adult 0 0 0 0 0 0 0 0.865 1.77 0.808 -0.2432643901589372 22.45503190694912 5.566929841716293 1.606394184434313 1.0
vehicle.car 0 0 0 0 0 0 0 4.514 1.803 1.901 2.156349381719556 -32.53100568057083 -10.417813921311685 -3.1331403350244837 1.0
human.pedestrian.adult 0 0 0 0 0 0 0 0.728 1.67 0.669 -0.17386452525152718 22.37743191664314 4.586774802829385 1.5875003787069808 1.0
vehicle.truck 0 0 0 0 0 0 0 5.109 1.994 2.029 -0.004464298155689828 11.095672430485193 -11.131073506005649 1.5668872940440117 1.0
movable_object.trafficcone 0 0 0 0 0 0 0 0.372 1.33 0.403 -1.467548029010321 39.41618024530638 -14.379640129481158 3.1324412540355713 1.0
vehicle.truck 0 0 0 0 0 0 0 6.067 2.143 2.201 0.8489725098486944 -4.425093659265816 -10.924011674727765 1.596239217623027 1.0
movable_object.barrier 0 0 0 0 0 0 0 2.039 1.082 0.448 -0.34274049494454734 14.721315805802595 -24.186385885635033 1.5980692511227614 1.0
human.pedestrian.adult 0 0 0 0 0 0 0 1.088 1.752 0.789 -0.7551271312400578 31.93251837456379 3.417325973448033 1.4494417486620428 1.0
vehicle.car 0 0 0 0 0 0 0 4.912 1.613 1.712 4.908153111195825 -97.01913628771969 -11.37256887928418 3.123159611234369 1.0
movable_object.debris 0 0 0 0 0 0 0 6.973 2.0 2.311 -2.9024898179842142 72.7716406455888 8.476773336927767 1.6161737678097028 1.0
vehicle.car 0 0 0 0 0 0 0 4.414 1.722 1.839 2.2650481613242945 -35.41366670629839 -10.332549708043056 3.0977048821127173 1.0
movable_object.debris 0 0 0 0 0 0 0 7.583 2.086 2.983 2.1326359343428836 -31.03787596470419 3.6606184603141387 1.5573127429692297 1.0
movable_object.barrier 0 0 0 0 0 0 0 1.727 1.192 0.363 -0.8738192287307117 26.95999828984671 -23.95038284905083 1.6098241637106456 1.0
movable_object.barrier 0 0 0 0 0 0 0 2.581 1.242 0.581 0.20291958825921447 6.0616868910368975 -19.28160075964288 3.1377799433576703 1.0
human.pedestrian.adult 0 0 0 0 0 0 0 0.626 1.805 0.643 0.6031359954878233 4.8203130682634185 -10.277600156604375 1.7164085748897495 1.0
movable_object.barrier 0 0 0 0 0 0 0 2.564 1.231 0.648 0.24186792197312854 5.168044203822639 -19.4599004368404 3.1377799433576703 1.0
movable_object.barrier 0 0 0 0 0 0 0 1.796 1.156 0.384 -0.9253553768366709 30.595150160667746 -23.899452489702853 1.6098241637106456 1.0
movable_object.barrier 0 0 0 0 0 0 0 2.243 1.219 0.536 0.09104165649699725 11.10950805570359 -16.042301172088905 1.5864190793751343 1.0
movable_object.barrier 0 0 0 0 0 0 0 1.863 1.121 0.356 -0.8407218312864475 25.116860934014557 -23.994385687818497 1.6007376424437076 1.0
movable_object.barrier 0 0 0 0 0 0 0 1.532 1.083 0.361 -0.7383454645327021 23.37501362283956 -24.03085518304908 1.59222671236956 1.0
