vehicle.car 0 0 0 0 0 0 0 4.756 1.496 1.871 0.13872690011215538 31.993845286180385 -11.617465473666064 1.3739827973739622 1.0
human.pedestrian.adult 0 0 0 0 0 0 0 0.807 1.788 0.961 -0.8347324569384061 22.881923381974786 18.672445537953543 0.24350265631148194 1.0
vehicle.truck 0 0 0 0 0 0 0 8.131 3.239 3.046 -2.447147382013595 46.20921336513176 15.605193811880723 3.1282529682728706 1.0
vehicle.car 0 0 0 0 0 0 0 4.866 1.814 2.189 -1.9652935752970364 45.429090245842445 24.34336494935005 -3.1200307498491267 1.0
vehicle.car 0 0 0 0 0 0 0 4.622 1.957 2.169 1.8839628879692918 -28.823006830421036 26.718780377670324 0.05198926555112182 1.0
vehicle.car 0 0 0 0 0 0 0 4.533 1.867 1.98 -2.810377866098324 59.22638540468424 28.706660130889638 3.0655871700721598 1.0
vehicle.car 0 0 0 0 0 0 0 5.483 1.781 2.079 0.8295567449153862 8.646836702456138 -9.999617113331077 1.548459455954874 1.0
vehicle.car 0 0 0 0 0 0 0 4.884 2.074 2.247 -2.060053839966057 49.39610783820757 23.811258837651923 3.1199463901311324 1.0
human.pedestrian.adult 0 0 0 0 0 0 0 0.869 1.851 0.905 -0.806877527489297 22.28062819496395 19.317380574203632 0.3810019924656669 1.0
vehicle.construction 0 0 0 0 0 0 0 8.133 4.552 3.481 -0.25595983469912453 -40.80956606040065 47.20288696222028 -3.0649385965741986 1.0
vehicle.car 0 0 0 0 0 0 0 4.799 1.876 2.148 0.030849594349792397 23.770954144048606 -3.0435878939737266 1.6192154440804396 1.0
vehicle.truck 0 0 0 0 0 0 0 8.539 3.357 2.484 -2.629994259644452 52.50160761050092 15.755015973741669 3.1032285294526236 1.0
vehicle.car 0 0 0 0 0 0 0 4.924 1.759 2.281 3.0558140038975674 -62.42989073520318 -13.868070857336555 1.587107397462466 1.0
human.pedestrian.adult 0 0 0 0 0 0 0 0.788 1.472 0.669 1.4564453884651751 -14.140322862365593 7.544471908215034 1.6102130377814339 1.0
vehicle.car 0 0 0 0 0 0 0 4.49 1.735 1.877 3.453278110883986 -77.72327702423222 -13.867757497632295 1.6045558157019295 1.0
vehicle.car 0 0 0 0 0 0 0 4.813 1.469 2.06 0.5569516512328024 11.264361315484452 0.21474088720377355 1.5729771342914276 1.0
vehicle.car 0 0 0 0 0 0 0 5.902 1.885 2.067 0.7519398635227297 2.857819297563331 3.705136408916846 1.4959088538105583 1.0
human.pedestrian.adult 0 0 0 0 0 0 0 0.808 1.624 0.77 1.3765507227061753 -13.354656182305554 6.805048680133455 1.4994204660545565 1.0
vehicle.car 0 0 0 0 0 0 0 4.887 1.56 1.761 1.7860856457887706 -17.712967155806478 -9.64160312517446 1.5774099906673378 1.0
vehicle.car 0 0 0 0 0 0 0 4.671 1.753 2.145 0.5930237047100436 10.179808338524225 5.327159262799159 1.2500801874054819 1.0
vehicle.car 0 0 0 0 0 0 0 4.131 1.657 1.816 0.28477735502542245 17.59458492190638 -3.6165668849780674 1.5671361151508103 1.0
vehicle.car 0 0 0 0 0 0 0 4.595 1.858 1.963 0.10341016497622968 20.385254324027756 0.3919888687114038 1.5614961671108887 1.0
human.pedestrian.adult 0 0 0 0 0 0 0 0.87 1.811 0.726 1.323977758387087 -12.812354336886365 7.352258687239926 1.656866651444921 1.0
vehicle.car 0 0 0 0 0 0 0 5.131 1.864 2.344 -3.081044938117971 57.129322713296695 39.89710459947599 3.0655871700721598 1.0
