movable_object.trafficcone 0 0 0 0 0 0 0 0.361 1.298 0.351 0.02192693701845405 21.437965789308368 2.14225286058367 0.038169073434091594 1.0
movable_object.barrier 0 0 0 0 0 0 0 0.642 0.88 3.183 1.709637802829726 -8.044446442937193 1.8795610233334392 0.038169073434091594 1.0
movable_object.barrier 0 0 0 0 0 0 0 0.611 0.907 2.944 1.65257585110473 -8.054382874330022 3.370292119472619 0.03769569202776779 1.0
movable_object.trafficcone 0 0 0 0 0 0 0 0.403 1.257 0.37 1.7341710517438158 -12.914516442297906 1.9144511512530138 0.038169073434091594 1.0
movable_object.barrier 0 0 0 0 0 0 0 0.626 0.981 3.054 1.141483606092041 4.178349988470216 3.471669752378969 0.03769569202776779 1.0
human.pedestrian.adult 0 0 0 0 0 0 0 0.972 1.862 0.947 1.1340142014759211 1.2816697878259675 -31.92846110928871 0.3031408004134728 1.0
vehicle.car 0 0 0 0 0 0 0 4.86 1.736 1.856 2.3024873261572236 -26.225804097627194 -11.986968437023256 1.5922501010792853 1.0
vehicle.car 0 0 0 0 0 0 0 4.859 2.0 1.928 0.23591195242917662 23.04716705349346 -14.992277267334035 1.566340981897259 1.0
movable_object.trafficcone 0 0 0 0 0 0 0 0.392 1.271 0.37 1.1542029379184084 0.02582706315296679 2.0152873941663594 0.038169073434091594 1.0
movable_object.barrier 0 0 0 0 0 0 0 0.655 0.832 3.174 1.9684154817299186 -14.785406347866756 1.9303416597605143 0.03769569202776779 1.0
movable_object.barrier 0 0 0 0 0 0 0 0.543 0.827 3.114 2.764004081795621 -38.80842833692627 2.9981779265219304 0.03765357608328701 1.0
movable_object.trafficcone 0 0 0 0 0 0 0 0.359 1.144 0.359 1.069473916473349 2.733045632873327 1.9256235291715136 0.038169073434091594 1.0
movable_object.barrier 0 0 0 0 0 0 0 0.545 0.871 2.629 2.553436411004904 -32.569792757726304 3.1070878248748848 0.03769569202776779 1.0
movable_object.barrier 0 0 0 0 0 0 0 0.621 0.83 3.203 2.1880376700481294 -21.405416093757623 1.782537536989171 0.04324625714009356 1.0
movable_object.barrier 0 0 0 0 0 0 0 0.647 0.824 3.049 -0.21453161446205526 29.633925344140142 2.1302391602721027 0.038169073434091594 1.0
movable_object.barrier 0 0 0 0 0 0 0 0.56 0.857 3.016 0.5017397362619036 16.3723011883642 3.5632116314222646 0.038169073434091594 1.0
movable_object.barrier 0 0 0 0 0 0 0 0.565 0.993 2.835 1.9541889216485107 -14.289699809587686 3.2567215574125083 0.03769569202776779 1.0
vehicle.construction 0 0 0 0 0 0 0 6.498 2.662 3.001 4.86377607444763 -41.44834525276726 44.01865230525527 3.0128182703913744 1.0
movable_object.barrier 0 0 0 0 0 0 0 0.576 0.912 3.197 2.0666477848768174 -17.370958453357716 3.260210722641942 0.03769569202776779 1.0
vehicle.car 0 0 0 0 0 0 0 3.873 1.745 2.104 -1.8845173521601386 51.30772953736526 -3.534378958332554 1.5951192988250398 1.0
movable_object.barrier 0 0 0 0 0 0 0 0.679 0.924 3.169 1.4293806165772374 -1.8908295679278944 3.428811572842361 0.03769569202776779 1.0
movable_object.barrier 0 0 0 0 0 0 0 0.635 0.879 2.906 0.206196892841225 22.45725231310004 3.6129834837088963 0.038169073434091594 1.0
movable_object.trafficcone 0 0 0 0 0 0 0 0.392 1.271 0.348 1.425625647967154 -6.262201913438409 1.9474987371737336 0.038169073434091594 1.0
vehicle.truck 0 0 0 0 0 0 0 11.229 3.884 2.789 2.0626132569489433 -47.11844015976451 -12.460002057393021 1.5573557193928096 1.0
movable_object.barrier 0 0 0 0 0 0 0 0.604 0.893 3.03 0.29263791676991036 19.422727720666234 3.589714463576364 0.038169073434091594 1.0
vehicle.truck 0 0 0 0 0 0 0 12.678 3.32 2.898 1.3657481290229825 -15.348786590698001 -15.614530404861968 1.5837881747924403 1.0
movable_object.barrier 0 0 0 0 0 0 0 0.545 0.897 2.672 2.516625010283585 -29.719249882325652 3.09580791886051 0.03769569202776779 1.0
movable_object.barrier 0 0 0 0 0 0 0 0.655 0.854 3.138 1.4674435013731864 -1.9498251961292916 1.8965545015081409 0.038169073434091594 1.0
movable_object.trafficcone 0 0 0 0 0 0 0 0.359 1.339 0.348 0.8200104458835575 6.363934275391669 1.8784468137956876 0.038169073434091594 1.0
movable_object.barrier 0 0 0 0 0 0 0 0.626 0.902 2.882 1.0075237190848145 7.235704848742949 3.4817199782353634 0.03769569202776779 1.0
movable_object.trafficcone 0 0 0 0 0 0 0 0.392 1.268 0.359 0.4443451434267024 14.827773011420394 1.9959986365362887 0.038169073434091594 1.0
movable_object.trafficcone 0 0 0 0 0 0 0 0.329 1.345 0.298 -0.23253039750406557 25.204035250230135 2.180675255359558 0.038169073434091594 1.0
movable_object.barrier 0 0 0 0 0 0 0 0.514 0.944 3.125 2.371814925364598 -26.55639329777106 3.128872474574643 0.04324625714009356 1.0
movable_object.barrier 0 0 0 0 0 0 0 0.682 0.846 3.089 0.5470182819816055 16.617463240595285 2.0295263894501354 0.038169073434091594 1.0
movable_object.barrier 0 0 0 0 0 0 0 0.513 1.043 3.193 -0.5639671451149768 37.670004593841504 3.7517653248577667 0.038169073434091594 1.0
vehicle.truck 0 0 0 0 0 0 0 7.84 3.519 2.888 1.5074157905560284 -75.46157383723707 15.498903377445213 3.044298467548183 1.0
movable_object.trafficcone 0 0 0 0 0 0 0 0.359 1.284 0.337 1.6611842216761734 -9.92023715820237 1.9826456633060774 0.038169073434091594 1.0
vehicle.construction 0 0 0 0 0 0 0 13.933 9.31 4.494 3.2314686716338223 -31.05784046750752 42.53609645463442 -3.0911532075063066 1.0
movable_object.barrier 0 0 0 0 0 0 0 0.656 0.946 2.822 1.2692971698975755 1.1719770237609508 3.435141818240732 0.04324625714009356 1.0
movable_object.barrier 0 0 0 0 0 0 0 0.63 0.904 3.187 1.8253535930473486 -11.20074148907592 3.259358268443967 0.03769569202776779 1.0
movable_object.trafficcone 0 0 0 0 0 0 0 0.435 1.257 0.348 1.9332002818638072 -19.393432637124757 1.8731436947248394 0.038169073434091594 1.0
movable_object.barrier 0 0 0 0 0 0 0 0.645 0.832 3.167 1.1969449394691831 4.5025175857977935 1.9524217774442614 0.038169073434091594 1.0
vehicle.car 0 0 0 0 0 0 0 4.353 1.75 1.708 2.0245138559128177 -10.56480229640204 -19.280761574469835 1.5755705337563803 1.0
vehicle.car 0 0 0 0 0 0 0 4.219 1.512 1.804 -1.3527127409128974 42.81467408334949 0.2356712947108899 1.5656771069001962 1.0
vehicle.car 0 0 0 0 0 0 0 5.164 1.522 1.92 0.9345621914880504 9.984480446232046 -11.708520814133417 1.5459104563739592 1.0
movable_object.trafficcone 0 0 0 0 0 0 0 0.392 1.271 0.381 1.3460218605563465 -3.7948043666218463 1.9429618887447866 0.038169073434091594 1.0
human.pedestrian.adult 0 0 0 0 0 0 0 0.968 1.849 0.903 0.9628491387438307 0.22644453600869177 -32.18608717401612 0.4318823833161938 1.0
movable_object.barrier 0 0 0 0 0 0 0 0.581 0.955 2.906 0.06824486649576134 25.35638988645479 3.6280688802546326 0.038169073434091594 1.0
movable_object.barrier 0 0 0 0 0 0 0 0.608 0.823 3.128 0.8870853208173324 10.521776652646027 1.9720509112487807 0.038169073434091594 1.0
movable_object.barrier 0 0 0 0 0 0 0 0.547 0.958 2.991 2.293291788517817 -23.4781587525547 3.187746930975894 0.03769569202776779 1.0
human.pedestrian.adult 0 0 0 0 0 0 0 0.922 1.825 0.741 -2.2880550774440893 63.01493048247171 -9.561465180975196 -3.1282523947077125 1.0
movable_object.barrier 0 0 0 0 0 0 0 0.584 0.877 2.992 0.6960350657678945 13.367140699186546 3.5543369924302692 0.038169073434091594 1.0
human.pedestrian.adult 0 0 0 0 0 0 0 0.847 1.539 0.829 2.903628180205752 -53.672638600476574 2.115065616502234 1.5593795818127507 1.0
vehicle.car 0 0 0 0 0 0 0 4.857 1.682 2.0 1.2276343049385967 1.9683050269596207 -15.082496122841334 1.5671261032763564 1.0
vehicle.construction 0 0 0 0 0 0 0 15.891 9.002 4.789 0.4988020343456385 6.313881351575041 36.15046341424062 0.06622924818379339 1.0
movable_object.barrier 0 0 0 0 0 0 0 0.527 0.889 2.94 -0.10488572051452372 28.283639060180704 3.656123733000969 0.038169073434091594 1.0
movable_object.barrier 0 0 0 0 0 0 0 0.746 0.815 3.177 0.19131800661426435 23.35560831344489 2.23885935707795 0.038169073434091594 1.0
movable_object.barrier 0 0 0 0 0 0 0 0.641 0.84 3.025 1.565524665229679 -5.010875084985552 3.357785031996063 0.04324625714009356 1.0
movable_object.barrier 0 0 0 0 0 0 0 0.547 0.889 2.92 -0.5376907585790198 34.61122289272145 3.7235154327558435 0.038169073434091594 1.0
vehicle.car 0 0 0 0 0 0 0 5.01 2.0 2.023 2.075202795799015 17.327013631644725 74.24433016495239 1.6028746392512172 1.0
human.pedestrian.adult 0 0 0 0 0 0 0 0.759 1.739 0.674 3.31668196188285 -41.212425043204505 -24.126119926087473 1.5612280908637661 1.0
movable_object.barrier 0 0 0 0 0 0 0 0.611 0.858 3.032 0.8663488001425472 10.305659763850901 3.534021617468307 0.03769569202776779 1.0
human.pedestrian.adult 0 0 0 0 0 0 0 0.793 1.689 0.733 3.381254562770471 -41.07917587819353 -23.328112382740585 1.5961225194514261 1.0
vehicle.car 0 0 0 0 0 0 0 4.522 1.472 2.012 -0.08420981115652859 28.410711855918976 -11.794861090347904 1.5671261032763564 1.0
movable_object.barrier 0 0 0 0 0 0 0 0.535 0.804 3.073 2.1809718221151724 -20.468474896693397 3.2458615841630394 0.04324625714009356 1.0
movable_object.trafficcone 0 0 0 0 0 0 0 0.392 1.243 0.37 0.7858898334828472 8.712908966589145 1.9460092584149808 0.038169073434091594 1.0
