vehicle.car 0 0 0 842.2536856906687 436.72470658385686 1531.6933153904702 733.8837286213417 4.431 1.537 2.046 -9.0562095407831 0.9090914015212936 2.7108205497104487 1.8262774159290416 1.0
vehicle.car 0 0 0 315.2586884972819 448.9721290569858 495.4786078278955 602.9506183414094 4.718 1.972 2.038 -19.00929510980167 1.3574176665340927 -5.37683159512699 -2.3024720518068396 1.0
human.pedestrian.adult 0 0 0 -68.31514915984707 512.3054985865402 109.53182061014165 697.3602671813478 0.909 1.259 0.654 -9.214021823352548 1.2586222799231785 -5.337313050604368 -3.0992286846751718 1.0
vehicle.car 0 0 0 -919.9831389520068 383.99112020020937 43.92593155665589 967.1530571425376 4.134 1.742 1.935 -6.058610245499454 0.8025701042749023 -4.853909298615226 -2.289367255545246 1.0
vehicle.car 0 0 0 972.068480378287 447.16876934948147 1201.9993593305687 559.3296290295996 4.531 1.893 1.942 -24.120950298312312 1.3613372228605383 6.23257247531738 1.8931026290629536 1.0
vehicle.truck 0 0 0 1281.4465216805668 350.2925852829919 2055.9213601034453 663.6396265050737 5.131 2.141 2.374 -11.436695161715813 0.6136594611685194 7.709256122682369 -2.296787840849529 1.0
vehicle.truck 0 0 0 474.7767666102345 442.50164629426314 670.1011446661046 584.9418855472601 5.469 2.0 2.14 -20.9549954195495 1.3144471650935527 -3.1779150799647367 1.9000018220109745 1.0
vehicle.truck 0 0 0 533.1078955608366 326.2369409095944 1165.2499779318164 802.2871455884025 5.065 2.012 2.029 -8.063034390632334 0.6521080489328356 0.10356899345130532 -2.2834815774860573 1.0
vehicle.car 0 0 0 1312.6243580530706 441.8980900700044 1528.943136989301 523.7016889610803 3.673 1.579 1.868 -26.81174358714863 1.1239294713812484 14.098849805560194 -2.2975895766061765 1.0
vehicle.car 0 0 0 1536.143703562038 444.5711979483589 1773.698456083918 521.4472653464389 4.235 1.66 1.826 -30.006357381502625 1.2643345164593227 21.331442364818574 -2.2860235493907552 1.0
vehicle.car 0 0 0 -63.04525482247321 474.1716017442755 147.682028753122 621.2377026761618 4.26 1.651 1.945 -16.920413720240497 1.4651190213219436 -9.35396887695697 -2.3024720518068396 1.0
vehicle.car 0 0 0 1523.5360148763732 394.5072021262454 2203.9643284203785 633.7506175771654 4.336 1.828 2.074 -12.035648240389284 0.7202290798237625 10.179151692524655 1.8681085752629345 1.0
