vehicle.car 0 0 0 1568.6412286802242 443.9076040935479 1836.5593403194553 527.0048418758881 4.504 1.77 2.143 -29.43478688061966 1.24378945419184 22.017569796328704 -2.3300199810287356 1.0
vehicle.car 0 0 0 1122.3817652923894 436.5157195760688 1367.599429111071 543.1252763051102 4.16 1.826 1.942 -23.8961133095759 1.0751465333583017 9.18645668644337 -2.3349440399048884 1.0
vehicle.car 0 0 0 969.0299192981707 434.5823995956525 1219.5596217116254 543.1458780648138 4.873 1.844 2.104 -24.07245336789826 1.0562485848617207 6.3360088178840455 -2.3129891487193976 1.0
vehicle.car 0 0 0 1180.029030457365 427.32269638800153 1872.8093557883267 670.6232514985646 4.575 1.496 1.892 -10.229244599030624 0.7776009980460135 5.781471619936284 -2.3017707954304267 1.0
vehicle.car 0 0 0 -219.2334611314493 459.2304069291639 50.01150361486763 541.0228868620886 4.687 1.668 2.003 -28.16032245043016 1.5214855041365034 -18.535028373455983 1.5871981169500948 1.0
vehicle.motorcycle 0 0 0 249.11986989380472 461.71794180436615 399.5212958966267 560.4122093141608 2.197 1.472 0.523 -19.689995830557613 1.2510814128515633 -6.683613876439289 1.5820886632707554 1.0
vehicle.car 0 0 0 547.8334909295505 457.597080624434 735.3095810743306 568.07326686504 4.778 1.579 1.924 -20.88484089776207 1.2690438860536746 -1.9906697456261215 1.8967181265828055 1.0
movable_object.pushable_pullable 0 0 0 416.784697686515 502.35532668073705 674.2521740343225 621.2418310389414 2.112 0.901 0.843 -11.064962027345759 1.126733989682463 -1.8273973849922625 1.5820886632707554 1.0
vehicle.bicycle 0 0 0 199.80485452926575 474.9625916755185 340.933019081974 565.674333202042 1.732 1.143 0.436 -16.763546372683614 1.1910368611283668 -6.401546114514938 1.5820886632707554 1.0
human.pedestrian.adult 0 0 0 247.69622907456952 421.6090785633593 288.13002382835145 491.7006128536174 0.89 1.786 0.697 -32.54482421945871 0.6984220229995797 -12.526545391587543 2.977589767356622 1.0
vehicle.car 0 0 0 1302.4245800027809 449.8068660349493 1541.414522279362 533.9233289633414 4.413 1.622 1.722 -26.80059789500128 1.2560044449389318 14.06906313268122 -2.3102509483905616 1.0
vehicle.car 0 0 0 1380.5782932835102 399.476280982919 2042.8236977621889 631.7534854388108 4.349 1.638 1.884 -11.257113605281395 0.6476708584244927 8.117995633253386 1.891102698112662 1.0
vehicle.truck 0 0 0 711.1400003074551 401.49982914191827 1008.0836854088639 574.0916551255416 6.459 2.305 2.521 -20.287469186835164 0.8372796273862134 1.3954626593339656 1.9227366972379132 1.0
vehicle.truck 0 0 0 1438.4474154161658 355.44787598647815 2257.6014147235255 609.6045253258635 5.989 1.972 2.225 -12.971096495349732 0.46652387583428145 10.4959753268697 -2.308445470750822 1.0
vehicle.car 0 0 0 431.16601599050244 460.0370170682407 669.753946619907 614.0576204683213 4.373 1.479 1.917 -14.767855787294383 1.1149428774706118 -2.537136613305248 1.8900502308245386 1.0
vehicle.bicycle 0 0 0 196.01661417432263 473.7310441707574 350.50964847283456 581.9787902742763 1.758 1.293 0.33 -15.613780368560775 1.2060355973170598 -5.927555425074608 1.5598518244610355 1.0
vehicle.bicycle 0 0 0 207.73803736689803 474.86265457710357 376.69338344531394 584.4488920824268 1.705 1.175 0.538 -14.159768233417122 1.1098946431933265 -5.154974278660042 3.0591412046820867 1.0
vehicle.bicycle 0 0 0 201.88621258912875 482.29104550113766 350.7479562862044 574.5749579917134 1.755 1.11 0.309 -16.028453660432604 1.2430207804054743 -6.045267604733427 1.5820886632707554 1.0
vehicle.car 0 0 0 -39.05219413012297 427.10163376599627 129.94936308752418 480.6427668104214 4.53 1.685 1.997 -41.30419860561387 0.7861852940658016 -23.090825583414105 1.5782846644348316 1.0
