vehicle.truck 0 0 0 753.5524335993359 434.06107207834 927.5912655892097 527.937935383356 5.215 2.0 2.273 -29.729481956773316 1.1559062685890744 1.9205889823930742 1.91051827815087 1.0
vehicle.car 0 0 0 404.6564109399954 441.6022951452767 489.97607484166224 520.2751549591951 3.949 1.85 1.972 -31.926763588085574 1.2597819274077513 -7.764447583371813 1.947060783322498 1.0
vehicle.car 0 0 0 166.1796551075691 458.4837902696581 268.9156609194312 532.6952725624017 4.415 1.613 1.978 -30.123096536016263 1.5101216034592793 -12.70693210149361 1.9015775244705972 1.0
vehicle.car 0 0 0 543.7462874331553 448.9296887084988 670.431469204705 535.2654416635653 4.44 1.758 2.024 -28.246037684702056 1.334972919344232 -3.363698881287786 1.9195382267002437 1.0
vehicle.car 0 0 0 1167.714556020698 441.5587149455206 1325.6000706333323 495.27765689052137 4.687 1.668 2.003 -41.227240762582674 1.2485249827278502 16.156409479197205 1.5860326810829477 1.0
vehicle.car 0 0 0 -21.609576677293656 466.1337312798508 142.78670028467704 576.1123342043041 4.723 1.859 2.042 -24.45935272242648 1.6672768296206504 -13.277753657598755 1.9015775244705972 1.0
vehicle.car 0 0 0 1229.582036639397 445.7199272716193 1387.3565448122101 497.41426795742893 4.334 1.51 1.972 -38.94783350014865 1.275319490220861 17.171309270473028 1.5860326810829477 1.0
vehicle.car 0 0 0 521.5029985243991 425.14192727466263 603.4656510800997 482.58951668773636 4.562 2.0 2.02 -46.344963643931266 0.8976693389161553 -7.066809695304068 -2.3078366858855173 1.0
vehicle.car 0 0 0 1394.3568118889266 448.9152622946117 1578.0428130778846 510.29854237523074 4.75 1.521 1.901 -33.56014580140422 1.2960407014322781 19.552423482812205 1.60230329928787 1.0
vehicle.car 0 0 0 843.960384580338 433.91948142072994 1044.6311691533867 524.5974524631235 5.788 2.0 2.429 -30.969782570928324 1.1620612775374477 4.518070359110147 1.9015775244705972 1.0
vehicle.car 0 0 0 432.1594071055188 453.29506493937646 554.2096691633946 541.4177642739387 4.539 1.732 2.011 -27.431849188583467 1.3987364326860754 -5.7465436742096 2.285585889797675 1.0
vehicle.car 0 0 0 863.270040849551 428.79124144097995 971.3938292523042 470.9421639741976 4.728 2.0 2.317 -61.78838514834297 0.9959593326902338 8.059794560582189 1.5942532603765533 1.0
vehicle.truck 0 0 0 635.359725800914 434.6565780098339 787.9649002770246 530.3431842459395 5.232 2.0 2.048 -29.18737017971211 1.1664496733137628 -1.0871405030807682 1.9015775244705972 1.0
vehicle.car 0 0 0 1598.9574399049818 420.77908343300203 1979.3761643084672 548.5221705448504 4.434 1.849 1.808 -20.63212781652985 0.8464565627481533 16.726779293426763 -2.3491964550234252 1.0
vehicle.car 0 0 0 1069.5588390225998 439.57001421330983 1204.8608475636672 487.9737461345897 4.485 1.692 1.933 -46.025481471073114 1.2333011912520209 14.038042339261864 1.5860326810829477 1.0
vehicle.car 0 0 0 294.0965084827813 448.47971215077825 380.95321210171255 526.8356878675928 4.465 1.78 1.893 -31.204640690508963 1.3808235751395468 -10.210459938269079 1.9286361185323315 1.0
vehicle.car 0 0 0 512.562069968357 446.00693489620636 619.3379179476867 516.512418227132 4.326 1.714 1.994 -33.165127924948614 1.315713615408508 -4.997704477215603 1.9015775244705972 1.0
vehicle.car 0 0 0 961.7869061639076 433.3536907996357 1078.6693399316193 473.8028514088318 4.53 1.685 1.997 -54.33392294389668 1.031221689602453 11.519802047375675 1.5769673110035933 1.0
vehicle.car 0 0 0 -400.6369288126675 469.28040118789886 7.1966911711908645 697.4572499396141 4.639 1.697 1.982 -12.243554421406692 1.266321195633745 -8.821412170641398 1.882951882795128 1.0
