movable_object.trafficcone 0 0 0 385.94635657501306 547.903545960049 423.5529155345473 618.2370461237731 0.261 0.552 0.28 -10.560005462081925 1.2831558082062016 -2.920717315773697 1.9004493857349445 1.0
vehicle.car 0 0 0 1048.325594773779 442.8992806025477 1288.2826730072006 538.0772407900854 4.612 1.677 1.96 -25.13635466997193 1.1303231321212128 8.126370080584039 -2.3495096704823837 1.0
vehicle.truck 0 0 0 -1051.5840033242675 226.74436230334658 64.91400939963171 879.3011154649646 5.989 1.972 2.225 -7.001894441427162 0.3938201829677083 -5.510163996123739 -2.3281920858737575 1.0
vehicle.car 0 0 0 -50.56937409643935 414.70457200813587 163.72984378228284 565.3408392973946 4.873 1.844 2.104 -18.07456045427127 0.760567441534193 -9.767642805976044 -2.3327293929306023 1.0
vehicle.car 0 0 0 191.3674545269669 416.8749486629346 355.95522443843385 563.7852319217194 4.16 1.826 1.942 -17.953243884058168 0.7730581676098026 -6.930192846672103 -2.354651415633799 1.0
vehicle.car 0 0 0 1446.0851887618728 384.9494288757846 1778.7888293576373 538.6757879854263 5.606 2.988 2.449 -27.537190466419283 0.6514119435120577 18.50461446737323 -2.317016090783186 1.0
vehicle.car 0 0 0 951.593670231265 438.1022990543017 1198.3172801310216 544.8822694562888 4.504 1.77 2.143 -23.56756576970626 1.0643703422655835 5.866095403489841 -2.349735024194535 1.0
vehicle.car 0 0 0 505.27767272754846 388.35835179684807 1096.8043942018262 775.6640417029238 4.526 1.632 1.944 -7.773437861930985 0.6604000278505762 -0.10840345565379965 1.878187936869363 1.0
vehicle.car 0 0 0 1475.8282707842252 381.47470991578234 2165.991829751939 635.8642603524077 4.664 1.96 2.136 -12.269587629012987 0.629092908211091 9.924137355936798 -2.3327181819438643 1.0
vehicle.car 0 0 0 547.3251252821821 438.68510851217485 724.5377399473583 550.2742114965133 4.413 1.622 1.722 -20.86851313646336 0.9797565938165286 -2.0601782731225717 -2.3299950500092255 1.0
vehicle.car 0 0 0 1290.9170747764697 387.89944150939107 2005.6405222706885 660.2645362279428 4.675 1.819 2.097 -10.975191184302462 0.6506040861406336 7.301397736160397 1.878187936869363 1.0
vehicle.car 0 0 0 686.8554729837642 419.9677458655061 928.2333880473423 552.3375299682742 4.902 2.0 2.057 -21.687939192711045 0.8738815495004263 0.77218688930502 -2.3745451702214186 1.0
vehicle.car 0 0 0 1100.553821529326 437.3001721145059 1760.5948360081304 695.5789140113746 4.275 1.528 1.963 -9.864137982939823 0.8404345703071362 4.886446148442157 1.878187936869363 1.0
