vehicle.truck 0 0 0 455.53270689260256 399.7557654265612 697.4924526695845 590.3568735011416 6.459 2.305 2.521 -18.699063393474596 0.8490943559413718 -2.88155228040446 1.923204974749332 1.0
vehicle.car 0 0 0 1132.411824582106 447.8275075417459 1362.533831089308 537.9625290168784 4.413 1.622 1.722 -25.271577219867154 1.2019670852396191 9.763362422304942 -2.3101145080690078 1.0
vehicle.car 0 0 0 997.8387382182244 396.52007984357573 1627.2525224619378 678.2205263995996 4.349 1.638 1.884 -9.699560871929219 0.6662207665886287 3.8825709159171624 1.8915718186773507 1.0
human.pedestrian.adult 0 0 0 46.003496593467 423.9477613243291 95.46059386800438 498.0176917790202 0.89 1.786 0.697 -30.90359994912941 0.7686501293487542 -16.732245843836324 3.0240543676086 1.0
vehicle.motorcycle 0 0 0 -106.19842036389007 467.4669874540696 78.1697178592607 576.5371395549598 2.197 1.472 0.523 -18.063979397526925 1.2998228884756808 -10.95559736995211 1.5823492101634011 1.0
vehicle.car 0 0 0 919.3466368210034 428.95991103925996 1154.0731476814851 544.0873119558621 4.16 1.826 1.942 -22.3458807503511 0.9496159159827037 4.89248364577658 -2.3348004558591144 1.0
vehicle.car 0 0 0 1425.7498966069509 439.7532239246074 1691.3657275952864 528.0868051755468 4.504 1.77 2.143 -27.942939522386933 1.1488813334005832 17.69928482311183 -2.3298778083436513 1.0
vehicle.truck 0 0 0 1127.4034925115175 341.08186212534383 1923.752590969033 643.0000122501942 5.989 1.972 2.225 -11.424770506825885 0.4625786759950345 6.251444195474024 -2.3083095593239165 1.0
vehicle.car 0 0 0 760.597738207455 434.6571551563469 993.3785494110041 552.429958461523 4.873 1.844 2.104 -22.50689200768913 1.060021656934588 2.042457865651744 -2.312851908006218 1.0
vehicle.car 0 0 0 -53.18891407765846 468.53567075640245 212.35943125878748 649.6486480262276 4.373 1.479 1.917 -13.1606059063398 1.1822069891020437 -6.786435714878451 1.8905193714083914 1.0
vehicle.car 0 0 0 274.45796323475236 465.3947832802729 424.3058669969661 589.0913700216192 4.778 1.579 1.924 -19.279476903172316 1.3697441676716586 -6.267425569720642 1.897187131187433 1.0
movable_object.pushable_pullable 0 0 0 -246.72673972298082 525.2524282091194 110.8150527957919 671.5228218051994 2.112 0.901 0.843 -9.460511207558897 1.2244986199040808 -6.058949194029061 1.5823492101634011 1.0
vehicle.car 0 0 0 734.2278393654925 433.6012081465637 1352.3230533181982 740.8250218604353 4.575 1.496 1.892 -8.660600959037039 0.8202355386001008 1.5517035345747978 -2.301636847224197 1.0
