vehicle.truck 0 0 0 -104.23747015889937 378.5559905235345 490.27537757770114 584.8228056342409 5.621 1.95 1.941 -14.150958024585474 0.6452855270783189 -6.020276419987814 2.8018165258545977 1.0
vehicle.car 0 0 0 -659.7618167897889 396.66137022514374 611.9715072906972 855.0595983190912 4.512 1.588 1.965 -6.1991403359069155 0.8089772166712959 -3.197934577336894 2.8018165258545977 1.0
movable_object.barrier 0 0 0 1299.4459684666595 463.1080243354541 1439.4345831547196 543.3139120413084 0.669 1.095 1.931 -19.051608550991727 1.0901207761464713 9.28280630929331 2.8484340793758474 1.0
vehicle.car 0 0 0 847.7269396832487 405.3919223290657 1007.8805933686972 498.87398750427946 4.623 2.079 1.754 -31.2955989879893 0.5460334767125732 4.231837472594336 -2.3547591268303467 1.0
movable_object.barrier 0 0 0 1392.3554357735063 473.03771403254706 1549.1590372023252 560.9913889926845 0.499 1.088 1.935 -17.474062305178276 1.1869612136382268 9.911449110879712 2.805680182889539 1.0
movable_object.barrier 0 0 0 1130.9395667798394 460.6860730254424 1239.7955239262906 532.0506419006858 0.658 1.171 1.965 -22.65176859630054 1.1809650424115996 7.744461430064759 2.8175501684580526 1.0
movable_object.barrier 0 0 0 1212.2996130847787 462.813869492944 1328.222630115984 537.2360600839751 0.619 1.126 1.875 -20.91883942565059 1.1490383477092159 8.557907295304874 2.842251449134781 1.0
movable_object.barrier 0 0 0 1522.7508058550336 460.37690513518265 1714.151207069349 558.6275463683479 0.551 1.102 1.92 -15.719633618821229 0.9693111347742568 10.74704436437145 2.7875710829799063 1.0
vehicle.truck 0 0 0 1431.1225846267978 221.68596292270266 2282.1629097287832 598.9591778932341 7.52 3.493 2.828 -15.766190826055121 -0.09510310498609638 12.790547423495715 1.868646969893673 1.0
vehicle.car 0 0 0 -150.9210163996345 396.533821486328 457.86219750823636 597.518780505091 4.569 1.541 1.869 -11.50174780122852 0.6471218885599658 -5.223626044830841 2.8018165258545977 1.0
vehicle.car 0 0 0 49.99051558778218 390.2817502848396 361.5631715188801 530.9413141463808 4.368 2.0 1.821 -20.547466268442378 0.5386049977970939 -8.828897532018024 2.8018165258545977 1.0
vehicle.car 0 0 0 -288.7601422971498 433.1954388284043 502.7051348393954 692.8686673546947 4.361 1.446 1.725 -8.710289111197941 0.8696604856365886 -4.132958838638085 2.8018165258545977 1.0
