movable_object.barrier 0 0 0 1071.5754896664118 551.0545386797207 1274.260089271694 702.5685141130783 0.345 0.998 2.112 -10.121041705227743 0.9466677663386801 2.8644706419892128 1.6102213759402053 1.0
human.pedestrian.construction_worker 0 0 0 1001.1482250221051 471.49740787481596 1051.5321802008648 596.8625189649978 0.568 1.875 0.674 -19.249165929755968 0.49176969715691476 3.342501904809278 -3.0582184583164302 1.0
movable_object.debris 0 0 0 967.0511777939325 526.3701006819613 1090.9565819617028 656.3656559594217 1.132 1.248 0.455 -12.704369295953391 0.8923231552338928 2.2317161696705075 -3.003830502213228 1.0
vehicle.car 0 0 0 -1614.9540585912805 490.8716714381099 0.8224003544770901 950.5130321906132 4.22 1.477 1.902 -5.085598411540135 0.7184556013674643 -5.965511183802768 3.1030010210584447 1.0
human.pedestrian.adult 0 0 0 850.630440160692 495.1780060787858 882.4771616265855 593.4327140376203 0.505 1.651 0.608 -21.547621881685597 0.7259891340275547 1.0107224357275495 3.128287333423846 1.0
human.pedestrian.adult 0 0 0 43.49074841629798 476.79818965212894 105.05399110334697 574.4161826066482 0.82 1.726 0.45 -22.620236203599813 0.43147976581917713 -13.157490074976225 1.5797809752846703 1.0
human.pedestrian.construction_worker 0 0 0 1116.6815110545265 486.62062575825104 1205.0109123998034 651.4834320440515 0.736 1.697 0.511 -13.331213141886504 0.6991299905914053 3.7364594015712895 1.5865500254250877 1.0
vehicle.car 0 0 0 1452.081485574683 325.5856675400734 3299.7445150601866 911.4229241973131 5.057 1.934 1.954 -5.276514312529853 0.40529081764247166 5.749423213665481 3.093561529194292 1.0
movable_object.trafficcone 0 0 0 931.1859283681893 584.0208138765523 986.8766485303728 672.757452652796 0.405 0.702 0.397 -10.644957281194936 1.067861948797869 1.2785985035754521 -3.125405078366679 1.0
movable_object.barrier 0 0 0 1263.5678780732376 562.6029889369138 1629.6740773727047 747.6229708260964 0.364 0.998 2.106 -8.211237248652639 0.9408613779230703 4.082872145394483 1.730647306709801 1.0
movable_object.trafficcone 0 0 0 1031.8442824513922 598.3261526511322 1111.910475743635 702.5794769698267 0.401 0.696 0.406 -9.266181757402478 1.0866260768189813 1.9449587383513347 -2.746982799667922 1.0
human.pedestrian.construction_worker 0 0 0 1397.2404048547696 489.74071705171804 1511.2406929564445 639.6348623859017 0.293 1.623 1.17 -14.233411675176518 0.686892029979742 7.291845462022294 -2.7911818638972763 1.0
vehicle.construction 0 0 0 1539.9608707496084 354.37918997882656 2113.2933097295568 665.548650613596 2.612 2.901 3.869 -13.218372314735829 0.09023698901799287 10.364368669233448 -2.1583430624668347 1.0
