movable_object.barrier 0 0 0 895.3477382669724 573.8253994304551 979.8813446794553 649.8320230933919 0.552 0.598 0.546 -11.329243692129886 0.984495802851734 1.167808292501132 2.3303740955601695 1.0
vehicle.motorcycle 0 0 0 522.6646616658967 514.8665871499323 676.8209388897066 598.2317776490892 1.903 0.995 0.659 -16.149718862518515 0.6918582905885842 -2.6685002740877537 2.7969492162520524 1.0
movable_object.barrier 0 0 0 808.5607093189827 575.2451688290722 886.7070257683463 652.0190437610273 0.554 0.602 0.554 -10.969576974433854 0.969668211857993 0.35796510105781126 1.9530328049187862 1.0
movable_object.barrier 0 0 0 651.7496507610141 591.7659522008389 723.404141877238 668.9097703120066 0.601 0.552 0.547 -10.560926109119908 1.072648701491593 -1.0105119681811507 2.18516608481358 1.0
movable_object.barrier 0 0 0 1265.9869652011237 546.8974554754371 1345.9039523788224 610.3364985457141 0.547 0.603 0.552 -13.308160839886629 0.809055939649773 5.2652579598812945 2.3539579395012016 1.0
movable_object.barrier 0 0 0 495.310759291486 601.3138229171743 571.2926793878016 686.9789220756254 0.553 0.601 0.548 -10.325370484688207 1.1604275569451539 -2.2511768787568265 2.268911420949121 1.0
vehicle.motorcycle 0 0 0 515.8214023324211 487.7574428837674 663.4254289885088 574.7448913825447 2.001 1.204 0.672 -18.4982726297669 0.4327211613533064 -3.1798662395127133 3.0763387237469306 1.0
vehicle.motorcycle 0 0 0 702.6239433116223 475.40274756836976 809.5739136554909 536.2445549234592 2.236 1.21 0.597 -26.900118198773793 0.08215152670607295 -1.0787336959010423 1.6562274974342817 1.0
movable_object.barrier 0 0 0 953.3610856032591 568.517988994692 1039.25947192324 642.3406561924822 0.551 0.601 0.548 -11.674031473513365 0.9551933640693951 1.7496577170863474 2.4405931484709438 1.0
movable_object.barrier 0 0 0 1079.3423683426006 559.5749317345617 1158.7479219538948 628.6885132005631 0.552 0.601 0.551 -12.28395669279787 0.897520777328789 3.0345834346355667 2.22641421008791 1.0
vehicle.motorcycle 0 0 0 807.8777298454706 482.49085832719675 897.2757750673733 551.0158302210909 1.874 1.135 0.544 -22.50476404344685 0.25756666052876565 0.8298365490928274 1.7643180734138326 1.0
movable_object.barrier 0 0 0 1163.1826410610652 544.8880650218164 1243.804136424671 610.1558423972702 0.545 0.597 0.555 -12.79427757769131 0.766437931792592 4.020078174371638 2.2992682860673437 1.0
vehicle.motorcycle 0 0 0 763.6667409815176 477.0510238999022 870.4503060635461 549.0744584792167 1.964 1.272 0.665 -23.831162190407795 0.2045958019927281 0.1981403848774849 1.6739204014412579 1.0
vehicle.motorcycle 0 0 0 494.8808666893945 481.54690420331946 619.1739048074053 567.506546145035 2.02 1.422 0.704 -22.276441266205712 0.3897447947396505 -4.422152754992735 -2.889961756103949 1.0
movable_object.debris 0 0 0 443.56672484247173 505.50952965554484 629.614513154925 725.4446005349092 0.878 1.418 1.134 -9.042037775267591 0.7593144658440685 -1.9564067224000523 1.6824063287276125 1.0
