movable_object.barrier 0 0 0 656.7361333280412 706.5518814870866 1778.5500632121152 1727.9645934343066 1.787 1.086 0.741 -2.266167110861025 1.0273830929502241 0.701162033675367 -2.937643208172382 1.0
movable_object.barrier 0 0 0 978.1916739453342 552.6409716263184 1266.7537732536514 714.5936816308285 2.071 1.059 0.591 -9.484974239943949 0.9579037640187753 2.376823173629831 -2.9417026474968138 1.0
movable_object.barrier 0 0 0 682.2612983341617 566.8490029588048 1008.0687588487588 751.7442359013559 2.141 1.092 0.645 -8.77191718856869 1.0531037339633715 0.26632830104497507 -2.9374446025588723 1.0
movable_object.barrier 0 0 0 1574.9678882387639 658.9241802769948 2356.6680280356013 1292.0376001271902 1.577 1.052 0.623 -2.9601381325865903 0.9753485695428393 2.7042303373981644 -2.937643208172382 1.0
human.pedestrian.construction_worker 0 0 0 1412.2276916231651 440.95408443198187 1544.5397912026144 661.3221205589495 0.614 1.663 0.601 -9.929417554433634 0.3833428341213564 5.277559610819566 -1.9781253036389845 1.0
human.pedestrian.construction_worker 0 0 0 1344.7947256885395 442.52455246030536 1462.1647573132138 665.4429784255128 0.667 1.685 0.436 -9.932920870259718 0.40587296998786615 4.689266214837654 -1.9354071958206296 1.0
human.pedestrian.construction_worker 0 0 0 1488.8619103273934 420.79815071589496 1620.538242657543 666.8366020495022 0.597 1.838 0.544 -9.779508250594828 0.32100418413497767 5.792425703449982 -2.9932486110603964 1.0
vehicle.construction 0 0 0 -2075.1372278217686 -73.50797063770987 778.079766651151 1147.4470908177675 7.258 2.934 2.797 -5.690693529542974 0.03507557404437189 -4.06762110205975 -1.5806197923494434 1.0
movable_object.barrier 0 0 0 1219.9836382911524 530.9830740702457 1486.0154106720588 692.4630072536288 2.049 1.164 0.573 -10.178630772144233 0.8577594776146491 4.412130456876381 -2.9509790444162043 1.0
movable_object.barrier 0 0 0 272.11543146779735 567.1279804137198 725.5336111041947 803.7409683238319 2.703 1.248 0.636 -8.076409610075013 1.1085718945366425 -1.9324128140979464 -2.9156848235012323 1.0
movable_object.barrier 0 0 0 1454.9908524043708 526.228468501764 1730.496423996159 692.356904121017 2.29 1.296 0.641 -11.012165636925712 0.9058777203417939 6.868600742450764 -2.956867364167822 1.0
