movable_object.barrier 0 0 0 463.8802954611376 563.4827269277035 705.252858659983 681.0172908732351 0.39 0.937 2.008 -10.868914394778955 1.0254801523666142 -1.9093898251579162 2.186855362466428 1.0
vehicle.car 0 0 0 254.7154203909121 513.3112207802137 699.5492948445458 686.2241640940742 4.268 1.614 1.816 -13.398132371968506 0.9824090567352448 -3.395763366560657 1.5432859039487221 1.0
movable_object.barrier 0 0 0 1514.1451422422024 542.7441536616351 1721.7255134178242 652.2934868430319 0.415 1.075 2.082 -13.127996069275566 0.9869483255707479 8.448225647829872 2.183874633642022 1.0
movable_object.barrier 0 0 0 -84.37556420216573 576.4145197664803 219.05932301816568 723.9685633773666 0.438 1.077 2.051 -10.029258323802292 1.1617876670330507 -5.841102803481384 2.1737194979962116 1.0
movable_object.barrier 0 0 0 208.32764523204182 564.9889312937503 469.35772068407005 713.0563579093315 0.405 1.136 1.986 -10.436260771892668 1.1166229058868442 -3.839340042413347 2.195501263213064 1.0
movable_object.barrier 0 0 0 103.40291426706634 566.0483464952163 424.9763824954055 725.1467893832278 0.387 1.092 2.17 -9.418538978565218 1.052779755843405 -4.008382651180075 2.186855362466428 1.0
movable_object.barrier 0 0 0 911.0887756934062 555.184462815763 1134.7351123022822 665.9496386087337 0.458 0.952 2.011 -11.689298916844178 0.9938468530386987 2.0016854196218348 2.21249346436956 1.0
vehicle.car 0 0 0 372.70404644295604 475.4708168759348 1106.8631498526886 770.6519819387952 4.297 1.607 1.627 -8.151090107569276 0.6933478768898931 -0.43723212455658217 -3.0174792967379336 1.0
movable_object.barrier 0 0 0 -249.33159429919485 582.8903414131729 127.65423654015798 738.9086974712127 0.456 1.003 2.213 -9.025408973382023 1.1156264854144395 -6.151027999250356 2.186855362466428 1.0
movable_object.trafficcone 0 0 0 1494.1323364053958 569.0761110423884 1543.2974251510786 640.43981593534 0.295 0.709 0.294 -12.8760473167807 1.0534282995654234 7.270779581475391 2.183874633642022 1.0
