movable_object.barrier 0 0 0 658.9611335295172 519.1180710046174 710.0663642226788 568.5396772400277 0.46 1.28 1.246 -33.56923032234321 1.1357914840575511 -3.271397872194321 1.8810843294175514 1.0
movable_object.trafficcone 0 0 0 1305.5705925721236 532.3813684212624 1349.793285144171 602.3655026298662 0.381 0.767 0.395 -14.192634066125642 0.7414246222304581 5.8600350548892655 2.9460014726717834 1.0
movable_object.barrier 0 0 0 78.81200875332387 548.0280971919364 157.33924444812874 591.7029366180697 0.357 1.035 2.126 -32.318998160728746 1.7450165860299027 -17.654356897276426 2.9195023939785756 1.0
movable_object.trafficcone 0 0 0 823.1526169174083 539.9446836798381 836.8164838714556 559.4721560351287 0.408 0.731 0.388 -48.29411171424537 1.859131034232728 0.8722215468118705 2.8979509629239004 1.0
human.pedestrian.adult 0 0 0 189.4688550668522 463.94202114963025 402.79477745486344 861.066594652979 0.63 1.697 0.622 -5.813985046443595 0.7017846409394862 -2.348542122482072 1.8259997739831109 1.0
movable_object.barrier 0 0 0 2.83136717243088 550.8369798467527 56.829331982210505 589.9053036044826 0.26 0.947 1.594 -31.58314275921782 1.737318693646467 -19.49860839057128 1.8531035808113874 1.0
human.pedestrian.adult 0 0 0 105.2949971775689 519.2940537980679 142.53788496337174 585.5573163693265 0.593 1.587 0.519 -30.732478439368453 1.245262757661313 -16.670335919468545 3.075237132955613 1.0
vehicle.car 0 0 0 1475.1576436546654 394.8671579807683 2531.6621166566533 701.6687730781733 4.744 1.677 1.875 -8.43435280243096 0.3482503686024041 7.35228868429237 2.9246179993374755 1.0
human.pedestrian.adult 0 0 0 414.62051247912393 455.77579148558806 577.5345136590718 818.0371287840971 0.692 1.628 0.676 -6.105601247411042 0.6198636428240446 -1.4851494300176726 1.5529652428635066 1.0
human.pedestrian.adult 0 0 0 1255.6495292207783 484.7481991746597 1286.6890340852108 523.7586995304795 1.051 2.0 1.138 -66.19726810578939 0.1645825867139099 24.381957759260604 2.590699115746748 1.0
human.pedestrian.adult 0 0 0 -222.908052769929 467.58089455047445 15.926092358594738 893.8031746755008 0.512 1.645 0.606 -5.24072401212366 0.7043495200111968 -3.7713879356065414 2.901968881571169 1.0
movable_object.trafficcone 0 0 0 673.9462052095561 538.1408947749674 689.4946582316835 563.1834123694365 0.348 0.757 0.348 -38.86484047636751 1.5251822596159426 -3.872924197889864 2.8979509629239004 1.0
human.pedestrian.adult 0 0 0 60.93430428492322 409.11212688257615 361.3449649649614 969.9504211697074 0.678 1.862 0.709 -4.6604326922892065 0.6375274876387609 -2.1879401783016 2.8011855413707396 1.0
human.pedestrian.adult 0 0 0 1279.8669707004674 487.8115294715364 1306.0744688635511 524.6301556721921 1.218 1.697 1.059 -59.7860629009827 0.24588541513955264 23.05929277070525 2.34933992757966 1.0
human.pedestrian.adult 0 0 0 448.18272814141784 474.1085556910197 578.3796940601562 798.8922443193886 0.599 1.628 0.646 -6.752836236607409 0.6883486294240397 -1.5884290280530684 1.5661043769104115 1.0
movable_object.trafficcone 0 0 0 822.0160411162204 674.6555120896797 948.2317901998125 890.6781570218737 0.303 0.678 0.302 -4.470551503997737 0.9800293997082564 0.27566826756839835 2.5485182680028853 1.0
movable_object.barrier 0 0 0 148.56737832523254 551.2665014641016 211.29622843605964 592.008799081997 0.327 1.029 1.977 -34.31258317063246 1.9038737635174627 -17.06721960034534 2.9567823851829385 1.0
vehicle.car 0 0 0 1308.2399028803334 449.4466978609458 1943.9117112345482 637.3888761464488 4.515 1.489 1.811 -11.578665676243315 0.4176497306073412 7.147844853054618 2.9246179993374755 1.0
movable_object.trafficcone 0 0 0 601.3241069988458 535.8181153905498 620.9532283869082 564.7763918617153 0.388 0.761 0.347 -33.81729166350457 1.317034471047838 -5.264817685150993 2.8979509629239004 1.0
human.pedestrian.adult 0 0 0 750.1545592262408 496.7550011559696 797.8525221759827 581.2530086090696 0.776 1.644 0.473 -24.992671840485844 0.7507820343531211 -0.6588693401167575 1.5925201137863985 1.0
movable_object.trafficcone 0 0 0 641.394091451858 537.2733338713387 659.9114181662537 564.0479760425126 0.347 0.706 0.388 -33.99304115797573 1.333525540036097 -4.225584236961171 2.8979509629239004 1.0
human.pedestrian.adult 0 0 0 1232.1626893768769 486.8997240635135 1262.1935716992768 526.4022409106552 0.963 2.0 1.138 -65.3326184384003 0.28708160552011397 22.81928538698435 2.5428700485933504 1.0
human.pedestrian.adult 0 0 0 -230.91632561456754 518.6545214282041 203.51499721241257 1164.9102685216137 0.597 1.535 0.794 -3.489352776478405 0.8247070478020448 -2.2329917381143685 2.851707526967312 1.0
human.pedestrian.adult 0 0 0 951.513282896045 503.7258908492479 1001.8358017626315 576.1011945281715 0.818 1.532 0.635 -27.32453016738198 0.8361109859370687 3.6737971267724294 1.6097019339268188 1.0
human.pedestrian.adult 0 0 0 1200.844453870012 489.1115165704698 1235.1054254311437 551.9154978662176 0.807 1.835 0.792 -37.60208983223925 0.5787080554028825 12.263993053912387 2.396253977822541 1.0
human.pedestrian.adult 0 0 0 891.0447883765914 490.4882542383904 947.3623725150838 575.41977933203 1.007 1.683 0.414 -25.555772754203662 0.6402389604443646 2.2698511296073387 1.5644479358798566 1.0
human.pedestrian.adult 0 0 0 284.59412756236554 374.0476088260512 517.6747976913265 962.81681325684 0.548 1.835 0.661 -4.324658569620901 0.5217402060213885 -1.406250953633584 2.3391614722472003 1.0
movable_object.barrier 0 0 0 607.1964825328286 517.7233382093171 656.1960058655234 567.2516808497813 1.169 1.303 0.537 -34.139826478460535 1.117600593369041 -4.756444375883668 2.953387125469404 1.0
movable_object.trafficcone 0 0 0 831.6936368905262 539.3467030309822 844.2798302468942 558.3311908638781 0.388 0.734 0.368 -49.80455037214002 1.8830034786329157 1.2158291240503623 2.8979509629239004 1.0
human.pedestrian.adult 0 0 0 774.34474977425 500.4446168527032 814.4186519148154 583.9257033883054 0.618 1.647 0.475 -25.27303412927853 0.8214642962152701 -0.2571156781783379 1.5962862129738804 1.0
movable_object.trafficcone 0 0 0 719.6074463976141 540.2134803471951 733.1963870337053 563.5387716726112 0.348 0.777 0.317 -42.77893674429449 1.720353959019183 -2.7456019666036426 2.8979509629239004 1.0
movable_object.barrier 0 0 0 -44.60635429352864 550.4296066004041 7.065209237826725 591.9633616597627 0.287 1.036 1.611 -32.37742842738544 1.8026179925373216 -21.238443807760966 1.8362970883659893 1.0
human.pedestrian.adult 0 0 0 397.25949254362075 470.9557904197427 523.2098655237368 788.0677511654712 0.619 1.67 0.69 -7.095985600214069 0.6859897535510187 -1.963684874057985 1.5661043769104115 1.0
human.pedestrian.adult 0 0 0 45.34672159852308 521.6782207797645 79.79830546679261 590.7929499192054 0.519 1.626 0.494 -30.158307919528305 1.3125040323772104 -17.827681945996975 -3.1330257415705116 1.0
movable_object.trafficcone 0 0 0 752.019833348676 540.6182328081361 766.2536010384969 562.3067314166342 0.332 0.651 0.312 -38.65726410024895 1.541891833103383 -1.4762876300659278 2.8979509629239004 1.0
human.pedestrian.adult 0 0 0 879.8045366555097 492.6290892200584 930.2773277206572 580.3827790802522 0.845 1.696 0.432 -24.88362478844772 0.6934981559320256 1.9299076486783273 1.5655433647862678 1.0
human.pedestrian.adult 0 0 0 76.85166571027365 519.1794278805633 114.51952768427273 589.8355616578493 0.595 1.656 0.476 -30.030612718796267 1.266484841676538 -16.963284948201856 3.025332048298612 1.0
