vehicle.car 0 0 0 1369.9501184001592 299.4351450792085 1504.2302284940301 372.73842927807453 3.85 1.532 1.706 -29.598272359073704 -3.8440884291933086 14.838481234066593 -1.7798679253871539 1.0
movable_object.trafficcone 0 0 0 674.5462287992702 449.72536866750863 705.4895180223031 497.43098628170605 0.344 0.743 0.32 -20.31907673384014 -0.44938928107948795 -1.8910554971892821 2.5854367593885677 1.0
movable_object.trafficcone 0 0 0 585.5125649491681 460.7081839506141 615.01237578304 507.31681124959925 0.322 0.734 0.313 -20.61716601002051 -0.28485267604550796 -3.3879728259119193 2.5854367593885677 1.0
movable_object.trafficcone 0 0 0 1055.4731169612924 428.8984885710471 1096.1501369048585 491.115005555823 0.376 0.755 0.34 -15.846392078919951 -0.522320567848658 3.379613531032024 -1.783626079282027 1.0
movable_object.barrier 0 0 0 704.8940673245897 416.9846966877755 789.2708426933441 499.9575956480071 0.664 1.188 1.064 -19.217699965189375 -0.6659410477074408 -0.9123443314990648 2.5742143726172344 1.0
movable_object.trafficcone 0 0 0 1403.5408380685762 411.40040970862634 1453.2457720662212 487.0664561022576 0.391 0.75 0.353 -12.956263420731233 -0.5383623500337709 6.389235434251843 -1.783626079282027 1.0
movable_object.trafficcone 0 0 0 959.1981043081702 433.4039434385149 997.6261002508471 491.7158872176797 0.358 0.756 0.349 -16.908982907522404 -0.5227689617211521 2.2984056278456606 -1.783626079282027 1.0
vehicle.car 0 0 0 1262.3184201522263 305.9702526508093 1401.9985633367185 373.2698936264786 4.145 1.496 1.807 -31.581912949918983 -4.01903796314614 13.209080219300379 -1.7798679253871539 1.0
movable_object.trafficcone 0 0 0 1172.713822669575 422.8652052979303 1217.8164570513727 490.2932577935146 0.376 0.761 0.367 -14.741500736050316 -0.5262888393595495 4.54204433468143 -1.783626079282027 1.0
movable_object.trafficcone 0 0 0 802.1361952098865 443.3338006003766 836.3767190959483 492.8417328365963 0.376 0.72 0.322 -19.022713839665712 -0.5042842752306688 0.18201415581926664 -1.783626079282027 1.0
vehicle.car 0 0 0 1484.4183143795449 291.67248450907607 1622.3568599259183 371.4397726231044 3.901 1.564 1.722 -27.927896344327355 -3.7184715452729526 16.583543802524915 -1.7798679253871539 1.0
movable_object.trafficcone 0 0 0 884.7246126378236 438.2398469508258 922.3925902689717 492.85800690693645 0.367 0.745 0.358 -17.818200644550334 -0.5086534870517005 1.3630009774142757 -1.783626079282027 1.0
movable_object.trafficcone 0 0 0 1513.4023289109282 409.3570952662468 1561.9547112834032 484.22262150309064 0.324 0.704 0.333 -12.245505010370806 -0.531849598171009 7.100947501147768 -1.783626079282027 1.0
