human.pedestrian.adult 0 0 0 378.3331067714146 442.0585716823865 618.6728235730169 929.7812436951253 0.849 1.697 0.67 -4.861682988851436 0.6576628609488535 -1.1537032908698315 2.0547586766510655 1.0
vehicle.car 0 0 0 -749.8585860016867 485.93409379652184 31.83418961688069 755.9703277162207 4.607 1.596 1.826 -9.971022619340951 0.7803455865334843 -8.531983950288435 2.0482618290739776 1.0
human.pedestrian.adult 0 0 0 717.8713940927505 454.833653010242 763.9916445817449 577.7745181358773 0.535 1.849 0.56 -19.329540685906835 0.23193227368957708 -1.0216043702636184 -1.9492984685810617 1.0
human.pedestrian.adult 0 0 0 391.4953276734667 481.9773011481579 418.83008436400115 547.1386528395693 0.623 1.876 0.626 -36.86414341498305 0.39429967355382767 -11.765032731868459 -2.0213929778144566 1.0
human.pedestrian.adult 0 0 0 748.592902500563 452.0132778389238 814.2677877805053 614.3127221591471 0.618 2.0 0.572 -15.92241489013517 0.39817785299712705 -0.3310537065554881 -1.8540893960096607 1.0
human.pedestrian.adult 0 0 0 759.481003384438 462.84325557638795 789.1741334827358 528.7834881764421 0.67 1.786 0.646 -34.75469605454677 -0.14251521013069335 -0.9117138102571302 -1.9628753382487973 1.0
vehicle.car 0 0 0 414.79364249710113 470.67745752872236 533.9248389568146 543.059474773875 4.886 1.77 1.796 -34.089509182931245 0.19625940994999375 -8.89638375851554 2.0526137855552697 1.0
human.pedestrian.adult 0 0 0 271.31637242160326 480.6550343904142 310.989846744134 557.4979812197653 0.741 1.772 0.701 -29.689365674588437 0.42382701812466295 -12.159108247297524 -1.9906442268688105 1.0
human.pedestrian.adult 0 0 0 800.2114679979758 464.363627553497 871.0489923788288 620.2764824097301 0.609 1.824 0.605 -15.158425516761667 0.48676891311289405 0.336396562333451 -1.8770118464728265 1.0
human.pedestrian.adult 0 0 0 724.7685192185027 455.25169977020846 781.5135524909651 588.1462920348988 0.607 1.748 0.534 -16.953693487882624 0.2743634732955922 -0.7326585536466497 -1.8712243983303258 1.0
human.pedestrian.adult 0 0 0 212.61805433153222 480.21962459814904 252.96562014481444 563.2179835759102 0.565 1.805 0.669 -27.922189622599955 0.4554509501870125 -12.730143034503559 -1.9923531887267982 1.0
human.pedestrian.adult 0 0 0 225.5462841183392 492.33769852713743 266.651397855996 570.6172497402856 0.678 1.632 0.628 -26.864419041183428 0.6447440096238399 -11.962944536891182 -1.9989924980764915 1.0
human.pedestrian.adult 0 0 0 719.7404548043992 462.12471718739465 754.0398446929994 532.6896264864971 0.684 1.876 0.679 -34.05788626792567 -0.09816527498028138 -1.9053028623914998 -1.868431013480551 1.0
