human.pedestrian.adult 0 0 0 983.9634020694266 495.73668991429315 1023.4736945077015 612.6832473348256 0.437 1.607 0.479 -17.630072213269703 0.7329433610545482 2.7466174220336717 2.0682392180572586 1.0
human.pedestrian.adult 0 0 0 1042.8678603778021 474.6299669253824 1123.973148584861 682.4725899748352 0.547 1.626 0.562 -10.145163888555361 0.6052782258972298 2.2151110872753903 2.032632004688722 1.0
human.pedestrian.adult 0 0 0 1114.6474005856332 471.8366139077933 1230.9156820921278 718.0521121611084 0.601 1.522 0.633 -8.122676591642813 0.5792791868968775 2.3418004072598655 2.0055738340336715 1.0
human.pedestrian.adult 0 0 0 1044.4587930426178 490.69599199364274 1101.033339294005 628.4695674920642 0.55 1.618 0.513 -15.171046655986693 0.6878526437543411 3.1924303153443274 2.1361431530502726 1.0
human.pedestrian.adult 0 0 0 946.4957291209661 482.6977242577154 988.2305962100411 605.8698788929281 0.517 1.682 0.471 -17.533663657997053 0.5876513888253979 2.2249828437358996 2.119123997952782 1.0
human.pedestrian.adult 0 0 0 988.4543018057542 493.7582498073094 1044.683178227331 640.3883236930287 0.53 1.543 0.56 -13.586314522522754 0.6979920435024465 2.251435491905068 2.0201660380868702 1.0
human.pedestrian.adult 0 0 0 930.1159932108528 489.4527805805225 983.7786836304886 674.1142084670012 0.518 1.584 0.436 -11.09880897136543 0.693490937410233 1.320177808443884 2.02428449283736 1.0
human.pedestrian.adult 0 0 0 1095.6680533559097 487.37687895806073 1154.7161897594328 617.1839109177312 0.568 1.701 0.521 -16.952039025014606 0.6706388642131417 4.279356194720709 2.6469451470211887 1.0
human.pedestrian.adult 0 0 0 1067.2981277660124 490.06482946623686 1114.1800170171832 641.540968133987 0.368 1.574 0.432 -13.307878212871017 0.6739240276039675 2.9915638267755655 2.0201660380868702 1.0
human.pedestrian.adult 0 0 0 911.5191680240839 497.5345981176918 958.8246617233905 621.454227714751 0.462 1.595 0.504 -16.589523080922877 0.755540299999359 1.6813902718339124 2.16892366102773 1.0
human.pedestrian.adult 0 0 0 1092.5955247122345 475.38101733796077 1153.142804907609 661.1984761772507 0.435 1.624 0.484 -11.25764565152147 0.5861811277027975 2.815017436557113 1.985792002023901 1.0
human.pedestrian.adult 0 0 0 913.6315052790134 500.7492221125263 956.7851526175792 608.9671537032756 0.428 1.575 0.451 -18.740840397923616 0.786145235447062 1.9028268078871238 2.4111405061802653 1.0
human.pedestrian.adult 0 0 0 1014.297350542278 472.52985646367404 1120.492182096086 723.2267288100163 0.608 1.581 0.641 -8.302820647976526 0.608779204096821 1.7216142513737354 1.965774232388866 1.0
human.pedestrian.adult 0 0 0 986.1638191267152 493.62796132395624 1037.9038077254122 628.762015330108 0.469 1.594 0.486 -15.206737757087046 0.7110270927494741 2.4684254188029287 2.1586042101052927 1.0
human.pedestrian.adult 0 0 0 1161.679056737574 469.41664940348414 1219.813731264907 655.969295432937 0.467 1.603 0.45 -11.094509510750736 0.5274603502961207 3.371785314469615 1.9585402577145787 1.0
human.pedestrian.adult 0 0 0 1116.1718174171401 453.0661785974657 1231.658847610404 676.522951592055 0.781 1.707 0.73 -10.04264810807777 0.485562883792522 2.9047165916166304 2.040949181763003 1.0
human.pedestrian.adult 0 0 0 949.0504849611663 478.5161468685976 1015.7513446226291 702.1150226735189 0.444 1.59 0.432 -9.190837337948741 0.6337119785187536 1.2720870385262049 2.0518388736421462 1.0
