human.pedestrian.adult 0 0 0 78.59508127457275 516.2657334930124 106.88366711542565 580.2377513091043 0.54 1.702 0.622 -33.92004389059802 1.2639941897829434 -19.243212987087293 1.7973211635247646 1.0
human.pedestrian.adult 0 0 0 949.9061053622439 498.37784220053067 980.0203240889495 565.4265157413847 0.668 1.67 0.589 -31.80084210249664 0.7749188183311192 3.9845485723559295 1.866617957686846 1.0
human.pedestrian.adult 0 0 0 71.96652602716762 513.4090826404853 91.52799538970575 548.8102055332665 0.611 1.703 0.611 -61.09429041129033 1.4521632418548112 -35.18865143952512 1.9808600841122033 1.0
human.pedestrian.adult 0 0 0 1055.2452972951914 499.562624948543 1076.907912288089 552.6513115429494 0.477 1.587 0.538 -37.986775976425804 0.7523336906354807 7.807138926995278 1.8436190694477483 1.0
human.pedestrian.adult 0 0 0 1525.2355831714915 492.8178106793084 1547.7460421644985 536.9511671927937 0.74 2.0 0.849 -57.663245568968414 0.6322196557946114 33.381140158566076 2.3771128343464305 1.0
human.pedestrian.adult 0 0 0 81.34554788203533 511.85604613267714 97.36903271253254 552.4190431511374 0.575 1.821 0.575 -56.9668479099677 1.4009365911738185 -32.46724018274384 2.390126323315986 1.0
human.pedestrian.adult 0 0 0 1303.834840502176 493.0712627642342 1326.546002149518 529.5579494700298 0.718 1.725 0.743 -60.28661636971515 0.49109636562433545 24.311550594602195 -2.666827741559695 1.0
human.pedestrian.adult 0 0 0 1023.6898734054264 497.02487053298904 1043.6572810287637 549.1920890821427 0.484 1.573 0.461 -38.30403024077013 0.668604865141925 6.886812237424259 1.8132630555628921 1.0
human.pedestrian.adult 0 0 0 142.44315794112737 513.4225620818884 160.37955183884915 547.9445754208576 0.741 1.799 0.667 -66.22559681461547 1.5520936877973501 -34.48097036646411 1.9177590047418658 1.0
human.pedestrian.adult 0 0 0 847.4450751007221 497.57554509280465 871.0561634983832 551.1767136820781 0.484 1.587 0.507 -37.6416964495216 0.6959135902231675 1.553608492722066 -2.690688395068122 1.0
human.pedestrian.adult 0 0 0 918.4738083283735 501.18008697609463 951.6647361794459 563.1225084505052 0.641 1.546 0.655 -31.872006919917936 0.7828137856195033 3.236706852302089 1.8494353656004678 1.0
human.pedestrian.adult 0 0 0 33.38418552569158 515.5310484835517 50.65585857677342 548.7930631393907 0.535 1.573 0.52 -59.95001786220543 1.474441977504163 -36.4229889101338 1.6560126906517034 1.0
human.pedestrian.adult 0 0 0 1032.3959249601212 498.7466482219016 1057.1742437266316 548.371268458875 0.582 1.546 0.603 -39.64445959187955 0.7065543302434918 7.477764852092067 1.8051994294595195 1.0
human.pedestrian.adult 0 0 0 -28.674875618806478 509.26325227144963 11.067733613987631 572.2438492944905 0.652 1.835 0.697 -37.160072205734544 1.1634364033401035 -24.073006217516465 2.8678242416001325 1.0
human.pedestrian.adult 0 0 0 1015.8566116674247 501.0688369403389 1040.8269074144487 551.4756153056339 0.579 1.587 0.599 -40.0652826932257 0.7996412316333422 7.033877764914486 1.7829895453787463 1.0
vehicle.car 0 0 0 401.1961260541859 478.0444283328887 2131.5724039388942 1484.597103750753 4.441 1.444 1.885 -3.543632159221444 0.7491602483920746 1.2745091413235305 -2.8558081204305994 1.0
