vehicle.car 0 0 0 -243.92080447698802 404.1468510932664 58.46439847464926 568.407051983452 4.307 1.603 1.679 -14.601223635848982 -0.18378138198236849 -10.15443471574604 2.2995468046722234 1.0
vehicle.car 0 0 0 343.66529573621915 416.32788728625957 505.05277410937236 551.9097818426385 4.046 1.594 1.838 -17.024032343155596 -0.23816221253589093 -5.273444273933289 2.310463703499911 1.0
vehicle.car 0 0 0 425.30615968349105 432.5828146630874 698.1380163404008 532.0945883398659 4.291 1.563 1.651 -21.34152163165485 -0.3344333479691761 -4.156518084708348 -2.8833312083721356 1.0
vehicle.car 0 0 0 937.972971843175 419.64017319922635 1176.6716271995347 531.6364285858172 4.226 1.614 1.85 -20.456985485468532 -0.4070251217373962 3.9060449842215266 2.314392868428797 1.0
vehicle.car 0 0 0 517.3749613800885 387.65543503140395 702.1242292448694 543.2993101374843 4.008 1.871 1.745 -17.326825874447845 -0.46579175276925405 -2.8318173839641423 2.310463703499911 1.0
vehicle.car 0 0 0 695.7304842915282 376.32972244641 905.7380879124615 532.8419413558428 4.111 2.0 1.812 -18.340577511709718 -0.6334414363776406 -0.23065683499083917 2.2995468046722234 1.0
vehicle.car 0 0 0 15.075401882852704 421.1151377600317 335.5086809919069 536.0880299190704 4.316 1.662 1.756 -19.84082265698286 -0.36578749592563253 -9.775146076026546 -2.8746479168403454 1.0
vehicle.car 0 0 0 819.5672179726529 422.8082597424911 1043.4966150298544 532.1772440635615 4.226 1.489 1.747 -19.434871729737495 -0.3607922949677542 1.7700381967616754 2.314392868428797 1.0
vehicle.car 0 0 0 88.73334954396996 404.61196992133995 294.8175863488142 562.8335327998593 4.161 1.682 1.79 -15.648926955279325 -0.2236744864001164 -7.461124615762304 2.2995468046722234 1.0
movable_object.trafficcone 0 0 0 1561.2004964100759 483.73069146307165 1582.0238204941022 520.0434748022426 0.395 0.889 0.29 -31.139651170764928 0.014530071062959338 18.897448256617754 -1.7107127331007979 1.0
