movable_object.barrier 0 0 0 993.9678178772224 766.1843477352447 2042.8015799603827 1770.2868336210986 1.856 1.103 0.429 -2.159637462011149 1.1089657827636208 1.256897454687826 1.578080804999292 1.0
movable_object.barrier 0 0 0 1360.1255525173935 556.6246695690307 1678.6097551546334 725.8519518287341 2.196 1.062 0.454 -9.381441732348666 0.9690838805855422 5.189039000255325 1.8522365988543514 1.0
movable_object.barrier 0 0 0 804.019925259317 549.7727425912351 1081.9227103171743 703.7699773016823 2.13 1.068 0.433 -9.589586169506719 0.9200221372084805 1.0514114386425861 2.8877228264713084 1.0
movable_object.barrier 0 0 0 178.0074610943687 567.355236279338 542.7159820349813 761.0084616860704 2.207 1.147 0.33 -8.251924882028238 1.0290340658626425 -2.8728306129379 2.924861291479404 1.0
human.pedestrian.construction_worker 0 0 0 832.1108171842016 420.35799654631165 1010.7137002432415 796.5142525309254 0.621 1.876 0.723 -6.7235359661985825 0.5403597996123624 0.598727507484911 1.855042998615537 1.0
movable_object.barrier 0 0 0 543.5451475696742 559.405267563458 823.6187323468245 739.2140382635573 1.902 1.143 0.43 -8.822070333092064 0.9982466312633718 -0.8524179574385821 2.8877228264713084 1.0
human.pedestrian.construction_worker 0 0 0 1086.7044155029967 409.94428122681256 1462.8651098114087 1183.603672372163 0.774 2.0 0.685 -3.758336140968974 0.7701734825735771 1.3580276244229406 2.3194737166703288 1.0
human.pedestrian.construction_worker 0 0 0 1115.6383441102075 417.7821052325058 1277.2430136348898 783.3359137263678 0.545 2.0 0.687 -7.237203932143329 0.54664211075922 2.2223982725505467 1.969927225202766 1.0
movable_object.barrier 0 0 0 1059.0235665475095 545.38908764915 1316.1064426491548 682.366725607594 2.042 1.032 0.469 -10.220329265567111 0.8873499524996005 3.088358093594141 2.962073716450652 1.0
movable_object.barrier 0 0 0 1490.234546503817 509.8912115998783 1618.143661758899 561.8445130870331 2.359 0.97 0.418 -24.69283126112312 0.6721172687791491 14.59209635037341 2.3245810847210127 1.0
vehicle.construction 0 0 0 -4195.936897212362 -2585.407461183462 260.4797969155432 2016.3268523654208 3.896 4.642 2.837 -3.3257230271793747 -0.832562132472351 -3.581274597757907 2.8570431007965276 1.0
human.pedestrian.construction_worker 0 0 0 987.1680236946322 419.66620689708793 1161.0091146081293 802.6079838861159 0.659 2.0 0.685 -7.012626242704542 0.5793195246775381 1.4707028235646957 1.8999540217874742 1.0
