vehicle.car 0 0 0 -192.89403470638834 475.6487222383178 83.95538854657588 588.0248360855959 4.803 2.295 2.05 -28.25007981753841 0.5987777148795805 -19.222512610051986 2.6127197846056776 1.0
movable_object.trafficcone 0 0 0 555.0562299007066 569.4754925250675 605.8078371151612 652.9298704096163 0.418 0.74 0.327 -11.861974535352228 1.0288460106027586 -2.137936129465944 1.6019284555101514 1.0
movable_object.trafficcone 0 0 0 1462.20140125907 461.9768328656063 1505.5084297199178 520.732718524276 0.523 0.992 0.496 -21.623647458520168 -0.16913753567797324 11.615929914811595 -2.5804129259649944 1.0
vehicle.car 0 0 0 -95.45554086465043 478.2566407864861 201.06779406927458 591.3987449312195 4.427 1.923 2.051 -23.865739640047845 0.5521960644546996 -14.197052893977663 1.7185505970176944 1.0
vehicle.car 0 0 0 -135.67981211746044 494.33830143365157 148.4599153758966 587.3946912844659 4.572 1.681 2.06 -25.861708018104896 0.7365186572596165 -16.346928568424396 1.7154445082913696 1.0
vehicle.car 0 0 0 28.82197422664502 481.58899964828726 525.5021457544518 641.2600991064362 4.775 1.523 2.063 -14.048012542025175 0.5826612573116206 -5.624428062528698 1.5925027778786962 1.0
vehicle.car 0 0 0 817.2298244490368 480.16143612385457 1106.3689128805431 575.4174692367443 4.92 1.557 2.144 -23.14181330030012 0.4354273161975091 2.7409380941545884 -2.6172398083168726 1.0
vehicle.car 0 0 0 -246.48152004247495 468.53399265781024 514.7997190172464 732.1252928424844 4.55 1.585 2.037 -9.356146872385011 0.5919275526213453 -4.560916109693464 1.595550586701238 1.0
vehicle.car 0 0 0 -208.57527540785307 495.32316717881287 34.27894798649515 580.8038282122075 4.364 1.814 2.039 -29.832295645323583 0.8038664323166292 -21.101499755374167 1.7249966336713376 1.0
movable_object.trafficcone 0 0 0 552.0759050415066 564.0135018397899 590.3917020195919 648.4442551212085 0.34 0.802 0.337 -12.573224411282261 1.0417124248820329 -2.3578521802060615 2.971038473449127 1.0
