vehicle.car 0 0 0 1202.7593950620276 443.6749062870433 1391.137859239454 518.531522138986 4.234 1.611 1.865 -29.464168394435777 -0.4284805800724609 11.325486288103345 2.2800538095590515 1.0
vehicle.car 0 0 0 464.1691887969959 459.1071089468621 609.2519167849991 558.9145962438569 4.462 1.565 1.918 -22.172951470230085 0.12889706645888283 -4.865020804737316 -2.3053079662254383 1.0
movable_object.trafficcone 0 0 0 1218.2418936565537 517.0078688504901 1270.3958145001975 589.6449299490055 0.543 1.147 0.577 -20.356079139249683 0.8326571214305705 7.060710817177699 -2.3195118121151035 1.0
vehicle.car 0 0 0 917.625876941407 451.2845381277343 1113.5471269577647 525.7142544726568 4.473 1.378 1.869 -25.741650503674126 -0.2294499299430779 4.124790741611474 -2.335243431648979 1.0
movable_object.trafficcone 0 0 0 1345.2782543939138 530.197426624896 1384.5323807574784 581.5658177879963 0.455 0.855 0.407 -21.510873200229064 0.9281269428199924 9.521824018542267 -2.3195118121151035 1.0
vehicle.car 0 0 0 706.9386100641699 435.6705023298875 897.9648523466465 543.6956228093155 5.337 1.805 2.029 -23.89732050765736 -0.18528776400503688 -0.2580100260361658 -2.2942533027807395 1.0
human.pedestrian.adult 0 0 0 686.351780193477 466.69133762647476 748.7763606880113 590.6960195922496 0.755 1.747 0.598 -18.15302717555519 0.3896812077620846 -1.2964573267076012 2.896343126365162 1.0
vehicle.car 0 0 0 -91.82817693931368 448.8101755549818 153.26931138940523 595.4581792280655 5.039 2.035 2.165 -20.206501898127733 0.2982563149222318 -12.19230887914368 2.2808175923445972 1.0
human.pedestrian.adult 0 0 0 1187.0323856022442 461.5976923174142 1239.646218219506 578.9618140901171 0.608 2.0 0.614 -21.857856788012423 0.32700719255318617 7.043738984559809 -2.3211861772639537 1.0
movable_object.trafficcone 0 0 0 1347.4928720322566 527.4259628702466 1389.1634881368734 579.7165899317254 0.423 0.907 0.527 -22.35444602107965 0.9235069650180936 9.956538352015547 -2.3195118121151035 1.0
movable_object.trafficcone 0 0 0 1324.8362302993935 527.4695034951211 1364.2020816915137 586.9032136141025 0.455 0.961 0.388 -20.846925431288973 0.9200558487168902 8.89037947025678 -2.3195118121151035 1.0
vehicle.car 0 0 0 162.26386556868775 449.52659323368744 299.62022469188986 572.0407716397988 4.439 1.822 1.785 -21.122820354847793 0.14827654267159177 -9.534561796784354 -2.316403057465089 1.0
vehicle.car 0 0 0 316.8320085020596 464.23975770839013 451.58893175045773 564.8094053957344 4.697 1.505 1.934 -21.382902982114597 0.2061450583214487 -7.170110853776577 -2.2942533027807395 1.0
vehicle.car 0 0 0 831.9762958396605 429.4596689078331 1006.5727201957407 532.3465903299939 4.441 1.806 1.921 -24.505092503571994 -0.348942776526339 2.049551292295044 2.2619895780669053 1.0
movable_object.trafficcone 0 0 0 861.513385037919 534.6666133467393 897.2475261608771 590.4061441354465 0.438 0.822 0.392 -19.125298653658096 0.9253390357844028 1.0933394981597224 -2.3195118121151035 1.0
human.pedestrian.adult 0 0 0 803.4318182237826 488.24595938673576 861.8701726217092 596.1983327470948 0.931 1.618 0.678 -19.434755243753596 0.6161552188318861 0.4001771894750299 1.9436818373508613 1.0
