vehicle.motorcycle 0 0 0 965.9939604152178 482.01485380634546 1060.123693945686 566.6648446360214 2.313 1.618 0.95 -25.321669435038032 0.4603592261893017 4.100708364073998 1.9286834180480783 1.0
vehicle.car 0 0 0 807.1679076953267 458.6553400594816 961.5583189271744 547.8079244470872 4.234 1.611 1.865 -25.03756024097493 0.06952293073034066 1.420193682897871 2.2327680893091966 1.0
movable_object.trafficcone 0 0 0 735.4471777825079 567.371497863132 773.426967753313 632.3420329690794 0.455 0.855 0.407 -17.295255521838303 1.3473679538714414 -0.7276014034332807 -2.2852537703595592 1.0
vehicle.car 0 0 0 23.877474589113483 471.47642182347823 244.19428992785978 605.1214819887515 5.337 1.805 2.029 -19.863161014781603 0.5427327836844656 -10.36680581158918 -2.2600459092520024 1.0
movable_object.trafficcone 0 0 0 531.3915983006019 552.3378196286815 582.3555821742216 644.8953594106198 0.543 1.147 0.577 -16.23256708062658 1.2423735855660465 -3.230077469160878 -2.2852537703595592 1.0
movable_object.trafficcone 0 0 0 620.3164795436829 548.9576907435211 673.6861286574784 644.7731152372772 0.594 1.188 0.574 -16.244192629889195 1.2193123930244123 -2.070973492805467 -2.2852537703595592 1.0
vehicle.car 0 0 0 538.4324480911207 464.124005561029 680.0877938254206 565.1962946841433 4.219 1.566 1.853 -21.803157908412935 0.2417567078258916 -3.5260600587884117 -2.2637840112262255 1.0
human.pedestrian.adult 0 0 0 548.6875351555707 487.6737381235854 599.3413901750214 633.701823945657 0.608 2.0 0.614 -17.647899258646966 0.8197000534624379 -3.2718376310205706 -2.286925154395359 1.0
vehicle.car 0 0 0 656.7680852276121 460.06084339527814 843.1158804748553 555.5848347815213 4.638 1.556 2.138 -23.058797194655103 0.1450760434427783 -1.1850000783564292 -2.2942682418363134 1.0
movable_object.trafficcone 0 0 0 767.1153362223253 561.5787327935059 811.2102542840742 627.0841328306824 0.423 0.907 0.527 -18.122658677952202 1.3324968763930403 -0.2624230846057409 -2.2852537703595592 1.0
movable_object.trafficcone 0 0 0 684.2970158087148 561.4179244282329 721.383470516083 636.8496171673218 0.455 0.961 0.388 -16.655687685410683 1.2865824771076324 -1.383095193199354 -2.2852537703595592 1.0
vehicle.car 0 0 0 218.09433068147595 449.6885748409797 385.7352552491828 574.7288750575984 4.441 1.806 1.921 -20.57596860230606 0.19306443968148046 -8.095859887008444 2.2278631037721626 1.0
movable_object.trafficcone 0 0 0 304.866291947764 574.3223039372416 339.25918740734693 640.9217917409527 0.396 0.821 0.396 -16.21795991387239 1.3635750668009285 -6.243970272766469 -2.2852537703595592 1.0
vehicle.construction 0 0 0 1568.7261339626002 454.5704415764418 1743.6948533179261 554.53887798219 6.987 4.31 3.026 -57.86786607430816 0.1935025737234266 38.76598635005015 2.0570516409576936 1.0
human.pedestrian.adult 0 0 0 -56.06907206901953 527.8012377304027 55.67728367185858 664.5801570161638 0.931 1.618 0.678 -15.518824303244447 1.1403381732378306 -9.933271112668852 1.9117697211021136 1.0
vehicle.car 0 0 0 398.5411914746014 467.862244329883 534.3999984790177 557.7253783485324 4.473 1.378 1.869 -21.735818530772132 0.2135759231842183 -5.976106028070554 -2.3009591694616764 1.0
movable_object.trafficcone 0 0 0 15.181029415378683 590.6579467285011 61.975401915116386 662.6908828302278 0.438 0.822 0.392 -15.204397820698592 1.5068191724635038 -9.274024069231826 -2.2852537703595592 1.0
movable_object.trafficcone 0 0 0 199.06888382019525 575.7444633028755 239.86080666511552 661.0870898826893 0.464 1.023 0.412 -15.78605840014027 1.4592180296314032 -7.362257582046523 -2.2852537703595592 1.0
