human.pedestrian.construction_worker 0 0 0 1089.072513604185 436.8514070558202 1146.2928181990258 532.4904128127746 0.661 1.78 0.702 -24.18474069510528 -0.31378216252948954 5.958452070657552 1.6406625003049928 1.0
human.pedestrian.construction_worker 0 0 0 1213.027397010394 421.5728186051757 1268.793894482677 520.7371798019875 0.449 1.683 0.706 -22.067648878569162 -0.5200956523726223 7.5936652018011195 2.1084790085973735 1.0
movable_object.barrier 0 0 0 967.8658740387738 470.5578854033816 1011.8463856239463 519.2735110635053 2.016 1.008 0.445 -27.68968595888677 -0.12311435218115196 3.9971990314010313 2.108662744954417 1.0
movable_object.barrier 0 0 0 1245.0568225409786 480.7802539396585 1440.7865425487578 583.3429686982113 1.986 1.027 0.449 -14.283757068272896 0.344518984562225 6.060200883598615 3.1267551010371353 1.0
movable_object.barrier 0 0 0 1145.0554689206847 486.1095006460727 1248.405880948896 581.3998902631813 1.997 1.053 0.437 -15.242515163829227 0.37693052475333616 4.673114943122045 2.0994918659772406 1.0
vehicle.construction 0 0 0 1029.457967444914 382.34885675798955 1116.8493522869574 458.1011235462769 4.397 2.578 3.142 -50.59276908513557 -3.1778434334027525 10.695220123669724 1.9378457596142153 1.0
movable_object.barrier 0 0 0 1037.8684581447906 475.9317363790186 1098.1117965216515 540.1282047525906 2.013 1.014 0.445 -21.383369585937803 0.11844921719870438 4.402847704791991 2.087927820920342 1.0
movable_object.barrier 0 0 0 1010.1141414245639 476.1013601450822 1063.8798802680838 532.6781648952621 2.024 0.987 0.44 -23.52265786835671 0.06605797547616699 4.269435552063235 2.0984832799639603 1.0
movable_object.barrier 0 0 0 1099.6168897107407 483.32360557157364 1184.0312998257027 563.3280665927683 1.973 1.006 0.475 -17.24503016438083 0.2932887844023141 4.548216056671232 2.087927820920342 1.0
movable_object.barrier 0 0 0 1066.411651581266 485.7903073913773 1138.2237705093132 555.232662418034 2.079 0.981 0.451 -19.291074850313652 0.2880396936480092 4.489978695704068 2.087927820920342 1.0
movable_object.barrier 0 0 0 986.2691802933651 469.3870220234966 1035.069657687963 522.4023422076693 2.013 1.014 0.44 -25.66007574958614 -0.09388544956843581 4.12511333691265 2.108662744954417 1.0
movable_object.barrier 0 0 0 1422.2838066980398 473.85098840608043 1624.051922583361 574.8384312962061 1.992 1.015 0.444 -14.340933477837897 0.26025399322208914 8.134244101427852 3.1061362188109154 1.0
