movable_object.barrier 0 0 0 815.6956380591179 527.9719832148892 887.4247080466522 606.6985972770245 0.405 1.004 2.147 -18.23285177571785 0.9248604209337663 0.6684582270703691 1.6083359019528771 1.0
movable_object.barrier 0 0 0 870.3737405137484 527.6125238338855 1012.9166378635571 602.2136583438839 0.399 1.001 2.001 -18.15243744475276 0.9067609955918204 1.937240693129001 2.2071888086498976 1.0
human.pedestrian.construction_worker 0 0 0 1354.8012899132466 476.4379709019376 1457.3834613737156 623.8749135466168 1.14 1.907 0.617 -16.880767887337456 0.6324926435569398 8.023619288633576 1.6132773374644618 1.0
movable_object.barrier 0 0 0 887.545009769864 508.7688833519923 922.7253193628686 569.1870162606555 0.402 1.001 2.153 -22.699022789860702 0.6564483439286651 1.7783845441514474 1.587338267439815 1.0
movable_object.barrier 0 0 0 1016.1225806530362 526.0704298055964 1152.8451897131215 598.2157115374716 0.396 0.999 2.0 -18.752016805192167 0.8954430919688328 4.129625124653863 2.2261687091826152 1.0
vehicle.car 0 0 0 1530.3793270381327 472.6993003696217 1979.8386786373778 649.6942846693556 4.373 1.767 1.829 -14.384600860738502 0.5987459173642442 10.778160508835255 1.5955070363628643 1.0
movable_object.barrier 0 0 0 1419.7718453772206 517.8188074464247 1557.876259303307 596.0206670460811 0.422 1.176 2.153 -20.12610475717968 0.8776886392001585 10.891266499321008 2.2040136192675712 1.0
vehicle.truck 0 0 0 694.0059582566241 393.8365223277975 796.8951680171195 511.7171244387891 6.568 3.458 2.877 -40.72379002276976 -1.4621666321072069 -1.8642967187038402 -2.114143951113898 1.0
movable_object.barrier 0 0 0 869.6671379521732 520.848668443832 912.2100847820722 589.2083002315061 0.402 1.0 2.147 -20.514211880994505 0.8493840237258281 1.3802035351099335 1.5890853957518436 1.0
movable_object.barrier 0 0 0 903.7294247736098 505.9814215733157 932.5093155162399 560.5539987117152 0.396 1.002 2.152 -24.935038955037612 0.6126988396657871 2.206673803816045 1.5857395689982337 1.0
movable_object.barrier 0 0 0 909.2446833516195 502.19124502609975 935.5661450308831 547.6313354399707 0.402 1.001 2.003 -29.352026602592474 0.5346474528615842 2.6731307711395926 1.5780163745206686 1.0
