human.pedestrian.adult 0 0 0 1422.4091362875345 381.40102321723003 1575.3795130473065 655.3512534555272 0.845 1.917 0.877 -9.389352262207195 0.09820041124912474 5.161761236664748 -1.8512937980023363 1.0
human.pedestrian.construction_worker 0 0 0 1061.528673032864 410.6426517192996 1173.334514110795 603.709201704413 0.745 1.725 0.757 -11.736517915339617 0.04427537823243613 2.873694041941244 -2.1733231875626187 1.0
vehicle.car 0 0 0 496.91079051945286 432.8432620393243 559.5996101564889 478.0071735597317 4.806 2.0 2.17 -59.643492584665346 -2.1839017224104325 -13.258724215739573 -2.351935308486002 1.0
vehicle.car 0 0 0 545.9309688184393 434.65952900184715 629.843100066567 495.3472868622286 5.013 2.0 2.053 -44.891855843143844 -1.3224856908343976 -7.886529704486552 -2.341027391755243 1.0
human.pedestrian.construction_worker 0 0 0 678.435879696557 438.92845890650943 724.9325307701436 521.8149251477453 0.8 1.846 0.787 -28.814054287281245 -0.48325771027240627 -2.41050564254668 2.2537415122045577 1.0
human.pedestrian.adult 0 0 0 1323.9276720005744 400.0539989235485 1489.3926577666762 631.1230559465256 0.797 1.821 0.89 -10.473528698672961 0.10169331325863606 4.9731843180133035 1.8505146189366624 1.0
human.pedestrian.adult 0 0 0 1414.5069804846075 391.7032049237197 1574.5157119427756 639.4298828445704 0.834 1.967 0.85 -10.547773518938975 0.10036672003410502 5.7234662295732335 2.1726845943297093 1.0
human.pedestrian.construction_worker 0 0 0 967.9542271991039 394.7138794531693 1078.696328842393 578.5106493199622 0.782 1.876 0.842 -13.376165844330119 -0.15898828517804978 2.2816792177231986 -1.6406047349293207 1.0
human.pedestrian.construction_worker 0 0 0 901.834580897864 393.0018451431055 985.2559346921075 583.717127974505 0.708 1.835 0.77 -12.630358903757733 -0.13647992518843974 1.3526806272374068 -1.6069319264512236 1.0
vehicle.car 0 0 0 -25.76114954732193 383.73625345164 402.347363802089 558.1813543461778 4.657 2.0 2.112 -16.24165363816851 -0.357688080045395 -7.732460939818174 -1.642550270925402 1.0
human.pedestrian.construction_worker 0 0 0 1083.1105238233035 397.184941713043 1201.7504743875102 595.1317430838494 0.745 1.87 0.786 -12.38273373704799 -0.056536919045138634 3.2821312984339284 2.88468836736023 1.0
human.pedestrian.adult 0 0 0 1555.486387819965 394.9155002064641 1704.2808475298993 646.3349190783107 0.706 1.812 0.772 -9.583909903570797 0.12540697653917154 6.2579921096984625 -2.6006230086116577 1.0
human.pedestrian.adult 0 0 0 874.5564383707986 489.53493872824237 1040.043479702874 649.9953860090835 0.851 1.063 0.879 -9.084926349827448 0.46992414978679947 1.063110077310042 1.9386181198802621 1.0
vehicle.truck 0 0 0 607.1628149991235 432.06468851270466 714.1757915490607 514.0965328436318 4.536 2.083 1.884 -34.74007978835206 -0.8152603461146515 -4.121396057053855 -2.341027391755243 1.0
vehicle.car 0 0 0 98.25185978042849 427.08461263437357 440.5758857138932 544.4751906292577 4.492 1.6 2.084 -19.00480252282711 -0.2279070654767215 -7.964163614528371 -1.6434139983722407 1.0
vehicle.car 0 0 0 540.4555581627518 434.0421984463736 606.0388856889551 491.2854258451228 4.284 2.118 2.033 -49.795900475156586 -1.5449554204170437 -9.298109835632477 -2.308542969325984 1.0
