vehicle.truck 0 0 0 1077.1118762851659 423.7658234101185 1468.288313200077 580.5103982949321 5.123 2.013 2.085 -18.03442606101538 -0.06510392057320286 6.651675908916903 -1.628951951175086 1.0
vehicle.car 0 0 0 -0.23691927394219578 468.617149294126 283.4428830481549 554.4079625082147 4.501 1.566 2.036 -24.99027218880049 0.16647401577161047 -13.07566378263737 3.1094279702784755 1.0
vehicle.car 0 0 0 1537.6429576390103 436.2864478739669 1763.4152417127302 513.5894247839224 4.57 1.668 2.005 -29.154908739065455 -0.6351489711035619 19.502051959739504 2.9110706077211796 1.0
vehicle.car 0 0 0 517.2503887730577 445.0927045978234 845.4217961065119 576.3580207129193 4.545 1.773 2.054 -18.645636601747462 0.09633490694720026 -1.812933484307682 3.0978329423724063 1.0
vehicle.car 0 0 0 149.22021275527058 472.01063883781063 367.551210678701 536.8923922579805 4.514 1.489 2.029 -31.28665349578834 0.052469131919392675 -13.53458787600321 1.6008914536461072 1.0
vehicle.car 0 0 0 878.8076825818259 449.9976311166128 1106.068884655976 530.7017585837029 4.524 1.645 2.019 -27.814377624495297 -0.27513772839092776 4.056863542760219 -1.6158086974433807 1.0
vehicle.car 0 0 0 306.110890846006 460.5546897785048 463.71248607603 516.8393249718767 4.536 1.757 2.036 -41.62671454021927 -0.43523835694454455 -13.883632289720614 3.102840270813477 1.0
vehicle.bus.rigid 0 0 0 923.0540331399252 399.0898885673772 1070.984307786313 507.7930030171084 11.043 3.539 2.783 -46.86657451521324 -1.7294603376518838 6.749875868300087 -2.161970276955075 1.0
vehicle.car 0 0 0 227.14294276526712 462.088332243052 418.6501861626406 527.0042560891588 4.702 1.75 2.01 -36.12442467086373 -0.21743179879704372 -13.803335983360224 1.6010656825675005 1.0
vehicle.car 0 0 0 891.582866602158 450.08570620121947 1153.3643640951602 545.8156659908038 4.69 1.739 2.037 -24.99335455517315 -0.11126068841901732 4.238663317573792 2.9560171374586144 1.0
human.pedestrian.adult 0 0 0 773.8404837263298 450.3433035151331 805.4948156758251 506.2210474366976 0.754 1.876 0.741 -42.83957719079509 -0.7845624916944416 -0.5981773167165089 -2.5595784929306955 1.0
vehicle.car 0 0 0 520.5525086151198 455.92623154882574 896.816214277353 598.8676114204611 4.502 1.638 2.011 -16.15194999079878 0.2704265954156717 -1.2790719194976052 3.049238293640255 1.0
vehicle.car 0 0 0 637.1451315269757 455.04566489849094 744.0948919411896 494.3874771835126 4.525 1.624 2.042 -54.799558555029854 -1.1628723662089093 -5.070803100973589 3.08099023138203 1.0
vehicle.car 0 0 0 -159.78951908199616 468.00840312283424 189.6579227245726 585.7049128119894 4.728 1.904 2.127 -22.204496849448176 0.3977556979775963 -13.798064323980213 3.1094279702784755 1.0
vehicle.car 0 0 0 820.7892357042391 457.1368290168206 964.124279215085 507.41473398606524 4.509 1.599 2.059 -42.573000535983596 -0.658176508020667 2.8390950714191905 1.6036041610920444 1.0
vehicle.car 0 0 0 1398.5683003151933 438.18637501396023 1587.5291283559504 509.1095501099235 4.89 1.81 2.019 -34.25689140637295 -0.780249501646501 18.66104678821548 2.841417641561039 1.0
vehicle.car 0 0 0 827.0730104985375 453.8717322703827 1016.3320791859371 527.3295193584339 4.515 1.782 2.039 -32.6916465123604 -0.30412698397779014 2.923389758977049 3.0407636162594756 1.0
