vehicle.car 0 0 0 796.8439672194801 453.09071580806835 1193.7579807438146 633.132803961898 4.835 2.0 1.793 -16.24365630345035 0.469824394588115 2.2849623989976946 1.696127764048251 1.0
human.pedestrian.adult 0 0 0 507.83639946477075 453.31615247620556 588.560711882357 667.7872308980244 0.798 1.8 0.648 -11.034116583303081 0.4954606361887143 -2.27933773216428 2.2354509755315615 1.0
vehicle.car 0 0 0 13.469567711873095 497.0227986951885 518.0073440516784 685.2742775077838 3.927 1.477 1.547 -11.377681986143546 0.7170270166057031 -4.684038161124168 1.5937888992942817 1.0
vehicle.car 0 0 0 -364.806044668477 512.0442803773361 421.0950209219446 760.0691054379575 4.435 1.458 1.687 -8.962735993431226 0.8354865160357462 -5.149542403078221 1.582239256076761 1.0
vehicle.car 0 0 0 1480.068825811229 477.2949383923024 2265.526598004853 732.4520114752427 4.455 1.551 1.707 -9.960584473516633 0.6292937135434924 8.019173932958175 1.7852482097557871 1.0
vehicle.car 0 0 0 1219.5312525501236 469.6793914186997 1624.680171960659 630.5089360181087 4.319 1.793 1.823 -16.249150680117825 0.5458103161956299 7.77502113743964 -2.5584264683639795 1.0
vehicle.car 0 0 0 1270.1128775661407 464.36235300002824 3058.3569199522885 1192.950804570839 4.477 1.576 1.808 -4.050597400863288 0.7002105101664845 4.03396721196771 1.5814330734573812 1.0
vehicle.car 0 0 0 590.5528939559829 467.98147563925335 771.4452943349892 568.2165254084304 4.382 2.054 1.698 -27.99657462950823 0.3476578479408288 -2.880934246880253 -2.559943088074313 1.0
vehicle.car 0 0 0 171.84631749177373 488.39678617759756 278.35944631846905 541.950224867595 5.702 2.0 2.451 -50.06826262594677 0.5232593379721344 -23.20136736491609 -2.5258693259405787 1.0
vehicle.car 0 0 0 -137.03221183149816 461.1535435819895 445.21364733801107 668.1918243591336 5.295 2.0 2.097 -13.808329377840263 0.5951794153047023 -6.786949576114262 1.5850681835219236 1.0
