vehicle.car 0 0 0 -0.16257537599808802 391.9810540668479 547.9486049039392 865.5102521089223 4.281 1.771 2.067 -7.102109664964236 0.8151271179099373 -2.687624085393363 1.8733176328720882 1.0
vehicle.car 0 0 0 7.168746036805516 466.6254189963861 204.27975670642263 621.8854388386386 4.531 1.893 1.942 -18.184242882870503 1.526558520844146 -9.154931307065933 1.8984199572133003 1.0
vehicle.car 0 0 0 513.5908881987506 432.5691172641487 1129.3537368954233 843.1269721469802 4.42 1.693 2.079 -7.723926176521599 0.9556387890796372 0.004431392530585013 1.8821542247188123 1.0
vehicle.car 0 0 0 822.0636714740792 389.5678974418131 1478.705031628691 746.372258953904 4.888 1.937 2.075 -9.507845033990485 0.8314680616180624 2.4951628393966425 -2.2891066064398373 1.0
vehicle.car 0 0 0 422.54592891683416 474.4638333380356 598.6229961153798 591.7607595597392 4.081 1.58 1.916 -19.72528681590935 1.5279180955742222 -3.904311653348875 -2.302903891631132 1.0
vehicle.car 0 0 0 1091.8631568019907 439.9727562472174 1301.325789309318 548.627350355889 3.791 1.935 1.791 -24.81651864368054 1.2434716292531371 8.619659828720643 -2.292958861070278 1.0
vehicle.car 0 0 0 1289.2576422524976 417.25616452937226 1928.2122023434376 648.646758977296 4.543 1.695 1.96 -11.773277642398781 0.8451259987487872 7.560502172305536 -2.3117003357946837 1.0
vehicle.car 0 0 0 593.2317385298131 457.36528340509295 772.1778847779386 565.953218624621 3.673 1.579 1.868 -20.78643722123377 1.2991409859329608 -1.2586083722939534 -2.2919446536462296 1.0
vehicle.car 0 0 0 969.4963242998559 459.0225222874739 1184.9882986154976 557.9820851053688 4.235 1.66 1.826 -23.900113867897357 1.4419846528159048 6.008967800464961 -2.280405840619145 1.0
vehicle.truck 0 0 0 1123.5915626947353 374.76032583972227 1914.937452188568 692.3329171976046 4.921 1.814 2.259 -9.904471597122342 0.6723031700712617 5.413283451488934 -2.2778699253690418 1.0
