vehicle.car 0 0 0 79.53984785446768 408.61066203853943 232.90732571334934 459.16577470408777 4.975 1.853 1.996 -48.549788031760784 0.1623131503722343 -22.9495825594209 2.6437758552711994 1.0
vehicle.car 0 0 0 580.0447707977869 409.32937898164374 735.1696020074163 464.64564841873994 4.269 1.536 1.993 -37.17426590128211 0.21174769512026445 -2.766686174492061 2.6069637505721976 1.0
vehicle.car 0 0 0 176.8487932496591 394.530711058328 267.49318744410544 432.42029988731446 4.765 2.338 2.469 -80.98383442004601 -1.000399365903228 -34.098941307217174 2.5803106959264284 1.0
vehicle.car 0 0 0 376.60700749158997 400.5855749659629 564.0701247335822 470.8769851615783 4.407 1.713 1.99 -32.96838271361459 0.15607509840895123 -7.331702184723762 -1.7168662505527372 1.0
vehicle.car 0 0 0 716.96977178323 404.1538437996424 818.6771730487947 445.5871151039667 3.917 1.626 1.89 -51.47795456297908 -0.1785465312962749 0.633415160183437 -1.6971551601431702 1.0
vehicle.car 0 0 0 331.54743472742047 405.60662947933093 508.1804587963011 470.3024061110939 4.36 1.664 1.936 -34.677094089650076 0.22296897437749463 -9.099750442765622 -1.7384445324608775 1.0
vehicle.car 0 0 0 1268.1759898635232 389.6443307351857 1390.972861508601 459.75087320363815 4.384 1.818 1.899 -34.93069343732138 -0.11952155463637387 16.042297218640126 -1.7340692664311357 1.0
vehicle.car 0 0 0 294.7185269394074 413.40237282200366 461.53497378860305 468.70001325361744 4.243 1.52 2.041 -36.892942506022514 0.32379914770137147 -10.917571685849436 -1.7384445324608775 1.0
vehicle.car 0 0 0 878.8864057372228 398.0274943805736 995.6823107135425 447.305968388681 4.338 1.705 1.874 -45.73380128890384 -0.23365603587879602 6.729953202911889 2.624198530777509 1.0
vehicle.car 0 0 0 214.91078577648662 408.18382833337864 369.81820991773856 464.60803834292057 4.218 1.721 2.062 -40.68482715384037 0.21684935140677755 -14.82206570668187 2.5468092771461768 1.0
vehicle.car 0 0 0 137.96302147609495 423.5830963558 278.5846632559618 468.4598495871495 4.093 1.508 1.994 -44.523531567519484 0.56164116565673 -19.20534404934125 2.5468092771461768 1.0
vehicle.car 0 0 0 941.0038049573172 404.1169291375466 1042.1346532183718 450.0316631039819 3.395 1.534 1.812 -43.902443461230824 -0.07663929081925491 8.338540237794147 -1.7023647432249565 1.0
