vehicle.trailer 0 0 0 1213.9989027141492 251.54005986831788 1926.6713990656756 514.031778392786 18.731 4.234 3.099 -25.844835037386748 -0.8532733541804638 17.549944657807803 1.6299699231492104 1.0
vehicle.trailer 0 0 0 -422.18288423253597 347.53006535719396 142.21660455227584 567.1782370937992 14.243 4.053 2.751 -27.228784688315596 0.5159399750739063 -19.62677800870321 1.6193812423259928 1.0
vehicle.trailer 0 0 0 684.227902918197 348.0925831977672 1143.5391719807096 481.5928101845317 18.574 4.102 2.728 -44.73379153207664 -0.5520677997601675 6.396553614914243 1.6525605684074254 1.0
vehicle.trailer 0 0 0 -39.51415323857922 308.5717560151622 479.8408430963772 520.6020948435914 13.702 4.737 3.137 -32.00465997703446 -0.33062929548943654 -13.725842684812447 2.886322979361383 1.0
vehicle.trailer 0 0 0 760.908187710379 338.52303715052733 1232.6436369222215 488.1063532987631 18.981 4.37 2.453 -42.766845911052066 -0.5756173250275095 9.009022627896552 1.6507474669870712 1.0
vehicle.trailer 0 0 0 961.6275205209631 319.5603411264771 1513.202539701055 496.3363667896015 18.264 4.13 2.788 -34.846620364493646 -0.6010599289393723 14.052776187057505 1.63401005134976 1.0
vehicle.trailer 0 0 0 1029.4332932577015 292.7706704816444 1627.125331431678 516.9640141081339 18.353 4.744 2.835 -31.982748948102838 -0.618145233754023 15.276053589259968 1.6301738297414081 1.0
vehicle.truck 0 0 0 1213.7638908271035 251.54743390631216 1791.8839984953695 570.8324432366273 6.187 3.331 2.716 -16.510897038911946 -0.22261728189492863 9.269748140869499 1.9172582623011776 1.0
vehicle.trailer 0 0 0 803.310772436769 332.3102580430381 1307.742090842105 496.9644494737968 19.018 4.508 2.47 -40.206043320307536 -0.5085488265616857 10.378205562259076 1.6421114503560954 1.0
vehicle.trailer 0 0 0 1122.7213804653743 277.2563809204456 1766.484130875919 511.66775648711933 18.371 4.373 2.899 -28.85479761039838 -0.7510238361678814 16.552460149088486 1.6299699231492104 1.0
vehicle.trailer 0 0 0 888.7741635818211 323.5452531724732 1405.908975267879 500.89428928355755 18.38 4.506 2.541 -37.46927227792164 -0.5369270032201849 12.400987789946274 1.63799338593617 1.0
