vehicle.trailer 0 0 0 1275.5963318083127 292.7036451023844 1911.6992109828125 516.6153243015551 18.353 4.744 2.835 -31.18810961241494 -0.6172262331530929 21.28700423406007 1.6084879576159334 1.0
vehicle.trailer 0 0 0 1112.9109873333605 324.3089009694147 1648.6509919167813 500.3029593001068 18.38 4.506 2.541 -36.898251237818364 -0.5319977502370392 18.886738473038147 1.614636892203002 1.0
vehicle.trailer 0 0 0 -60.139409766513175 341.77998012560516 437.6514323379316 541.8253116061413 14.243 4.053 2.751 -30.12251194565588 0.2517231206117794 -13.924249757145384 1.6409966891019394 1.0
vehicle.trailer 0 0 0 897.4407986569927 349.8609144942932 1355.435802542855 480.472894984062 18.574 4.102 2.728 -44.800990234038956 -0.5453787861086363 13.795456188043925 1.6264121620726364 1.0
vehicle.truck 0 0 0 1516.7209429769548 249.60740652736416 2192.457776519506 570.0414726541186 6.187 3.331 2.716 -16.42138717290957 -0.23401077409650872 13.644651500343379 1.9702642913710076 1.0
vehicle.trailer 0 0 0 1024.7623320685216 333.68529347280355 1538.6217059836918 495.9222324465608 19.018 4.508 2.47 -39.880159810749234 -0.5036268225790135 17.279654046772524 1.6179274135797348 1.0
vehicle.trailer 0 0 0 246.58779052777987 314.78395529194813 725.0644600765925 515.2624760448623 13.702 4.737 3.137 -34.22063745501829 -0.3391628996379967 -7.568739469168027 2.8125006406861903 1.0
vehicle.trailer 0 0 0 -269.1870338413925 331.84608092552816 238.08999201986617 538.3025265003415 14.705 3.94 2.836 -28.774897450122783 0.10907663557979187 -18.007704318143606 1.6403813297497063 1.0
vehicle.trailer 0 0 0 1201.2403873680692 317.89263655821355 1779.0427205592325 493.6025159735177 18.264 4.13 2.788 -34.2098282064093 -0.6497682943135792 20.488170864098173 1.6114871792039045 1.0
vehicle.trailer 0 0 0 1493.970101119397 249.6052649774322 2278.0788953128135 514.1484689610483 18.731 4.234 3.099 -24.845515712316768 -0.8558122430321029 22.90392486734 1.6083295491637761 1.0
vehicle.trailer 0 0 0 1384.0833176104102 273.65059935742266 2080.230603903459 508.9112804873802 18.371 4.373 2.899 -27.942011286168906 -0.8017970702608003 22.2250091713775 1.6083295491637761 1.0
vehicle.trailer 0 0 0 977.5025354602927 340.02699122504436 1453.1850183041995 487.12281735511556 18.981 4.37 2.453 -42.57061718402574 -0.5693956404878737 16.186958487537137 1.624927236475063 1.0
