vehicle.truck 0 0 0 84.40688324812247 398.31443910317546 337.11127487820204 610.7350504921202 6.459 2.305 2.521 -17.137832069091026 0.8797821106308129 -7.030106238481439 1.9178188522657438 1.0
vehicle.car 0 0 0 531.3611041010478 440.41630450621494 738.2799571611276 567.808858274688 4.873 1.844 2.104 -20.96264876646421 1.1393537467208532 -2.1206654559449394 -2.3163172572254664 1.0
vehicle.car 0 0 0 1059.406327957972 432.2910632832203 1328.1216700100258 547.2244055046093 4.902 2.0 2.057 -24.58537142822274 1.1024607723091229 8.415385294901977 -2.3583041973393346 1.0
vehicle.car 0 0 0 510.47171573636666 402.0789861888865 1032.9512468515406 758.8011840890242 4.349 1.638 1.884 -8.162800910075381 0.7383830366225033 -0.23215007529764595 1.8862420177741805 1.0
vehicle.car 0 0 0 948.6841401474752 454.57760529699397 1165.811202449686 550.913824294565 4.413 1.622 1.722 -23.755519834008545 1.296951626448992 5.589385004874346 -2.3135719555230976 1.0
vehicle.car 0 0 0 695.7182462130517 436.223367107605 913.9395685524722 560.6142466928127 4.16 1.826 1.942 -20.8219555875781 1.059599115727459 0.7258395288126728 -2.338328191964628 1.0
vehicle.car 0 0 0 -120.32526505507137 474.5915266431331 110.03987706976238 613.2350886559282 4.778 1.579 1.924 -17.70303758464775 1.4662053134676176 -10.419267868200224 1.8918466816931643 1.0
vehicle.car 0 0 0 1273.8522266343905 447.0308125135824 1535.1786269467632 540.6630441132176 4.504 1.77 2.143 -26.45599763169429 1.2780207770040648 13.51560227966226 -2.33339170019779 1.0
vehicle.truck 0 0 0 751.2074187817683 333.9352635474542 1470.8020641951234 704.8206755358815 5.989 1.972 2.225 -9.897329154032619 0.5392952742015443 2.131011119747869 -2.311761781676637 1.0
vehicle.car 0 0 0 1339.2692306381964 414.88159815574477 2065.36579877429 665.7823471552362 4.526 1.632 1.944 -10.666370485367953 0.7687948672644087 7.5368525313581385 1.8775251208490005 1.0
vehicle.car 0 0 0 41.489370256907996 452.6792092237709 551.7121163443304 863.517508904108 4.575 1.496 1.892 -7.114682548497216 0.8947161944452007 -2.5596108899814016 -2.305069648973447 1.0
