vehicle.trailer 0 0 0 1436.436932891058 317.85650801928466 1719.4554416022459 461.66533572754184 6.814 4.085 2.826 -39.342008606532595 -1.1281230403461204 25.563702306126835 1.7755889651646335 1.0
vehicle.car 0 0 0 869.8901605920634 412.8827367520086 949.390829506082 479.92803965401 4.74 1.92 1.936 -38.8069577741729 0.48313537652697813 4.752654016315704 2.1145551541099366 1.0
vehicle.truck 0 0 0 196.30922527266495 338.40659270730464 464.41854841461026 498.70115567553995 5.835 3.799 2.86 -31.742390060075913 -0.2786205549926957 -10.47641020029756 1.5746991685519216 1.0
vehicle.car 0 0 0 678.4360351473808 415.3947645493977 756.1603132252429 482.9992657757902 4.689 1.922 2.113 -38.546526787810144 0.5603732754624747 -1.0196861510956436 2.075991253424503 1.0
vehicle.trailer 0 0 0 1568.386109741514 317.4575885793219 1858.2778901332883 458.1207274468555 6.722 4.014 2.672 -39.42325435288111 -1.1889879094794655 29.848617660763857 1.7755889651646335 1.0
vehicle.truck 0 0 0 143.36428181741292 347.17011966883103 440.3268695509381 521.7745015271214 5.754 3.68 2.566 -28.28574626744168 0.08754463906601154 -10.174834767771932 1.5752997141257765 1.0
human.pedestrian.adult 0 0 0 1142.7585407564275 414.9447055138823 1167.170997709807 451.8485267499329 0.846 1.876 0.821 -64.73344683347032 0.1990953045846282 20.661440151519848 -2.799215683406766 1.0
vehicle.trailer 0 0 0 -435.17634493961856 282.2967597323517 138.2922870252218 508.7556548483331 8.66 4.008 2.926 -24.1794714553407 -0.6425810394216287 -16.902135835891198 1.5746991685519216 1.0
human.pedestrian.adult 0 0 0 1125.474487012688 409.17313600617496 1151.7885249347778 448.3322932141372 0.871 2.0 0.943 -64.99147290096305 -0.03859656565833447 19.901022422035112 -2.724795577935817 1.0
vehicle.truck 0 0 0 112.62937356636444 317.8989215080904 446.26333659099424 525.3336217326782 5.658 3.839 2.819 -25.057864372184877 -0.17627109503587785 -9.191584174731865 1.5765333135115753 1.0
vehicle.car 0 0 0 595.7962123925165 415.2285839334429 679.5549424066016 483.5595053618699 4.397 1.945 1.978 -38.40482652615205 0.5666005644781096 -3.443333661918407 2.0691199732347823 1.0
vehicle.car 0 0 0 960.333331875573 425.05634022781044 1037.8775818047977 476.95681304758193 4.661 1.485 1.786 -38.783215093666485 0.6168963509011849 7.506546767832593 2.145291400252497 1.0
vehicle.truck 0 0 0 323.5293729054198 344.5298195879616 523.0822010942932 485.5326911179326 5.353 3.939 2.684 -36.95646826427408 -0.431245830236268 -9.537231832859959 1.5781476559881717 1.0
vehicle.truck 0 0 0 -796.1756873352919 131.5812055893946 67.6678046924673 614.4869894684712 5.336 3.732 2.328 -11.091873750376315 -0.4665404001938613 -9.371669382453174 1.5747911227695948 1.0
