movable_object.barrier 0 0 0 437.1407965327875 468.6286809334907 527.1988456033491 523.8281992185609 2.99 0.95 0.589 -24.948165227034043 1.289090490831645 -5.31361391043774 1.981337496151009 1.0
movable_object.barrier 0 0 0 499.53409802340036 465.4302405780027 593.2188985946464 514.207524155333 3.007 0.955 0.677 -27.930386860079917 1.3088065991712468 -4.532689198020216 1.908110586326682 1.0
movable_object.barrier 0 0 0 69.39114211985006 508.0652154111669 215.45806808349792 628.650198905015 2.951 0.907 0.668 -12.774096781907893 1.3362138338455565 -6.104572116622137 2.22584113926505 1.0
movable_object.barrier 0 0 0 -67.55093074001523 516.8392795798551 151.20621306580463 689.8252203981831 2.996 0.947 0.642 -9.84685938370671 1.2539886324014247 -5.426656759944477 2.22584113926505 1.0
movable_object.barrier 0 0 0 571.123983551158 461.6884476638371 667.6514249249475 504.5974505304041 2.985 0.946 0.677 -30.75964814647719 1.286216765975334 -3.219709657916701 1.8131514936091033 1.0
movable_object.barrier 0 0 0 647.7724352581756 460.05588006512835 736.2345573443928 499.3290587018014 2.999 0.95 0.629 -33.34293251822918 1.307773660010623 -1.5767491730053018 1.7828361424115595 1.0
movable_object.barrier 0 0 0 1114.8173139721089 450.01367302554434 1159.1478920290494 473.2652034147381 2.99 0.953 0.644 -54.06047748157551 1.368756609252049 16.50034796042929 1.738743697699265 1.0
movable_object.barrier 0 0 0 718.8199578947202 460.15614342190145 801.4786851055251 496.35025413241306 2.993 0.946 0.655 -35.8437863121455 1.3686758191192314 0.23694546184114798 1.7611555308583968 1.0
movable_object.trafficcone 0 0 0 670.9698051045068 483.39870782249454 770.6012424245633 789.7048719643398 0.387 1.316 0.265 -5.64366827685522 0.9057001262259831 -0.1470039649444545 1.5837074857766904 1.0
movable_object.barrier 0 0 0 1045.045819990726 450.6924004120119 1095.9839178789562 476.1802110521629 2.935 0.953 0.675 -49.498842472928246 1.3217561060926644 12.498823001043586 1.738743697699265 1.0
movable_object.barrier 0 0 0 847.4232030148912 458.9607222922064 919.4166508461734 490.34942598845976 2.992 0.936 0.677 -40.48952046363052 1.436090166690818 4.219933724372952 1.7358765289488192 1.0
movable_object.barrier 0 0 0 353.8796340402479 468.9428815804075 467.81723215383096 531.4026957918105 2.978 0.937 0.644 -21.983568043312903 1.1963923509091452 -5.908294154878342 1.981337496151009 1.0
movable_object.barrier 0 0 0 1145.2326106788262 448.0139358537223 1188.9008373137042 470.6726285703015 2.998 0.971 0.736 -56.28726266477706 1.3230391303068998 18.52317090374232 1.738743697699265 1.0
movable_object.barrier 0 0 0 754.2006302208354 621.8276131418586 2424.1971013320326 1189.7373034387372 3.284 0.869 0.526 -3.0683948886975525 1.009137568476317 1.660560327629114 -2.9644807677328453 1.0
movable_object.trafficcone 0 0 0 337.31083145076616 445.6790365782592 376.4792074391247 529.3129234613704 0.422 1.318 0.441 -20.180855405123783 0.9214369302296218 -6.34378084899501 1.981337496151009 1.0
vehicle.construction 0 0 0 1282.092740267129 320.47472755315437 1662.2454761067047 497.9435611048348 11.133 4.173 4.466 -34.52627588743027 -0.43074697821019325 19.89645483713375 1.6482932161325259 1.0
movable_object.barrier 0 0 0 1081.5914187106737 451.62327214625265 1128.4311137065783 475.90315361882915 2.985 0.949 0.621 -51.77312385448662 1.3971697410134976 14.489609021982195 1.738743697699265 1.0
movable_object.barrier 0 0 0 785.3453723443566 457.763971029443 863.0273043452765 491.59316827495314 2.977 0.954 0.634 -38.19230074990926 1.3533366855186928 2.1879899632803665 1.7358765289488192 1.0
