vehicle.motorcycle 0 0 0 1056.7374201325324 504.20107434796324 1196.2943055642534 574.9510259933127 1.903 0.995 0.659 -18.74068676313743 0.5548494298689121 4.743087446592543 2.799717712811031 1.0
vehicle.motorcycle 0 0 0 1023.5672117744105 473.981036586735 1113.955559547354 528.3418968435963 2.236 1.21 0.597 -29.51236647697633 -0.015374224183770435 6.138988276461336 1.653731182327653 1.0
movable_object.barrier 0 0 0 1543.5926428534274 549.4100559003416 1624.8899777679342 608.8078848577686 0.552 0.598 0.546 -14.002533214441154 0.8578606915954146 8.63342086729621 2.331811144147956 1.0
movable_object.debris 0 0 0 1317.202991109926 485.4204844148626 1485.6638345184579 648.5526540451343 0.878 1.418 1.134 -11.766061716738351 0.5712198187906399 5.5385486162977395 1.6818811907910423 1.0
vehicle.motorcycle 0 0 0 1001.0840588111279 484.9443284692933 1126.9233826719767 559.1664830062575 2.001 1.204 0.672 -21.29591632512777 0.34530287334364484 4.321394280678279 3.0797316519154014 1.0
movable_object.barrier 0 0 0 1492.5509820622954 549.7908706436165 1564.3581979737362 609.639810687005 0.554 0.602 0.554 -13.693692642774732 0.8457510556692278 7.831522583216156 1.9528562873982604 1.0
vehicle.motorcycle 0 0 0 1124.275120831723 480.864765731095 1215.379568779886 544.40085458091 1.964 1.272 0.665 -26.59234099698444 0.223721864639284 7.663105482094583 1.653731182327653 1.0
movable_object.barrier 0 0 0 1576.8688887298838 547.371310748783 1653.0169952343244 605.3802433078976 0.551 0.601 0.548 -14.39488695008716 0.8506285149162561 9.228600875146832 2.4423900331799206 1.0
movable_object.barrier 0 0 0 1380.3579507107352 560.1410687464016 1464.2950981983633 618.835581227511 0.601 0.552 0.547 -13.284141198672147 0.9234571001694696 6.4788898225299905 2.186066527405721 1.0
vehicle.motorcycle 0 0 0 1199.0404176029788 486.6854064829457 1254.3656338321675 546.7120204829478 1.874 1.135 0.544 -25.347836065352322 0.2925367808594793 8.455243716526565 1.7973102221475017 1.0
movable_object.barrier 0 0 0 1270.7254811932917 565.6939580771373 1351.1983490520722 630.2600178408929 0.553 0.601 0.548 -13.110437520307844 0.9987489315241596 5.237428114600992 2.2701311011516347 1.0
