movable_object.trafficcone 0 0 0 1392.9431363437163 598.9510122115859 1476.2836773705048 698.467834631565 0.401 0.696 0.406 -9.659148956250768 1.1206232743683795 4.8081615562691 -2.826945597742549 1.0
human.pedestrian.adult 0 0 0 1045.6755638199809 497.8786965179484 1078.7834085935 593.7762150537185 0.505 1.651 0.608 -22.047329721137853 0.7710717882274024 4.458937996045792 3.0461674900139517 1.0
human.pedestrian.adult 0 0 0 387.93938052498663 485.2692425074117 438.67244868786224 575.1009522196937 0.82 1.726 0.45 -24.548114557126404 0.559506229514962 -7.6737552836204594 1.5748732791884352 1.0
vehicle.car 0 0 0 -354.2103853124073 455.5539431782779 13.635871707679236 590.1922415314519 4.744 2.0 1.802 -19.98889465244483 0.34232664203258145 -15.432904972055209 1.5804571428323886 1.0
movable_object.barrier 0 0 0 1406.8055453283268 550.4025090153216 1649.0584256952257 697.2772968192514 0.345 0.998 2.112 -10.379309854501518 0.9486659955435226 5.845016886047434 1.5890787347446818 1.0
movable_object.debris 0 0 0 1274.0711016801695 526.8059360202509 1402.4089237116132 652.4800409082204 1.132 1.248 0.455 -13.04459365276594 0.9022697994581999 5.490554380697825 -3.085574203102616 1.0
movable_object.trafficcone 0 0 0 1265.4587697383581 581.4402181612832 1327.2787565905498 665.7434868093125 0.405 0.702 0.397 -11.107307513307278 1.073350179293383 4.308150508285075 3.075696406795103 1.0
human.pedestrian.construction_worker 0 0 0 1256.4005042951921 473.37904596322784 1311.473164853016 597.5706937239866 0.568 1.875 0.674 -19.420367072062245 0.5181881414769155 7.3427545820248215 -3.140152595243266 1.0
human.pedestrian.construction_worker 0 0 0 1418.6178959932545 476.5824358663638 1514.4790894254634 639.0632163466385 0.736 1.697 0.511 -13.495229236596547 0.5929845646436345 7.055601093774261 1.5754371255861868 1.0
vehicle.car 0 0 0 1388.1401545682472 334.8853189094655 3078.165878033301 889.4479925960376 5.057 1.934 1.954 -5.942336522804303 0.4084891730458506 5.688704205043814 2.96352382420776 1.0
movable_object.barrier 0 0 0 1279.5076113288064 543.3773357336464 1360.135533286799 644.8773125410452 0.364 0.998 2.112 -14.459310997201511 1.0248953305671824 5.850092715890418 3.02698887835286 1.0
