movable_object.barrier 0 0 0 11.786605542226074 630.1813280007156 115.772579765306 730.6899740016787 0.552 0.598 0.546 -8.964795487618307 1.2614669789756732 -5.276847986817842 2.314849602881198 1.0
vehicle.motorcycle 0 0 0 -53.60511961500482 535.1092629743529 135.30685967728468 638.4674291277856 2.001 1.204 0.672 -16.130370544450162 1.085264000271949 -9.7947024128928 3.067059676449028 1.0
vehicle.truck 0 0 0 827.8380441574549 400.9744161542902 1603.7256061105431 775.8183323141179 4.795 1.949 1.831 -8.431112645402074 0.4045617070445419 2.7405798412863653 1.6036453020633514 1.0
vehicle.motorcycle 0 0 0 -108.42162901279241 560.5991402660771 60.3168222658266 659.89939925288 1.903 0.995 0.659 -13.874074202845485 1.1838549006536523 -9.166055728957128 2.7852684728345203 1.0
movable_object.barrier 0 0 0 476.4435879080235 607.7057421497692 555.7969983329585 691.7995955321646 0.545 0.597 0.555 -10.430912615101962 1.2186507768159085 -2.416101171503417 2.283492918003013 1.0
movable_object.barrier 0 0 0 625.8989153078827 606.396970274112 709.4876406201192 687.1579365661487 0.547 0.603 0.552 -10.939539772368859 1.2528283677589145 -1.2164527616899574 2.3386242248607463 1.0
movable_object.barrier 0 0 0 128.9280789504014 641.0981434957191 223.71991886846118 739.2638365535714 0.551 0.601 0.548 -9.302554765185269 1.3810796658981466 -4.663017818493907 2.425963793464967 1.0
movable_object.barrier 0 0 0 327.17053727861554 630.1385012079697 411.9535909860807 720.7668567452342 0.552 0.601 0.551 -9.896013128737367 1.3572805073708336 -3.4277272572154773 2.2100553620813006 1.0
vehicle.motorcycle 0 0 0 382.6985455509636 513.7436336447596 509.377263891556 592.8724150231787 1.874 1.135 0.544 -20.078337599022323 0.8085363330896156 -5.733908779349015 1.7132851185675841 1.0
vehicle.motorcycle 0 0 0 364.99655452669003 513.7713046546453 495.4850904151683 596.7425740455263 1.964 1.272 0.665 -21.35096082415382 0.8926365228895381 -6.378435182944253 1.6423762790208984 1.0
vehicle.motorcycle 0 0 0 14.612112699679908 504.0023016146829 177.5454620058512 604.0102999113153 2.02 1.422 0.704 -19.42635957743887 0.7957676084456552 -10.937809202977727 -3.0802651393399323 1.0
