movable_object.barrier 0 0 0 -640.3593544812544 758.5780961014665 1075.2942072507994 2239.7927270232553 1.787 1.086 0.741 -1.8055617316544184 1.051727778862216 -0.6131653745206872 -2.933656712899573 1.0
movable_object.barrier 0 0 0 794.1928134156029 558.532344124752 1099.3913394249012 730.241549426256 2.071 1.059 0.591 -8.983992619341976 0.9798178521896443 0.9984006195172822 -2.940193667249222 1.0
movable_object.barrier 0 0 0 480.9650630353277 572.4442705862492 825.7387161938226 768.9842855309167 2.141 1.092 0.645 -8.297272798784777 1.065627340657592 -1.0110148725456498 -2.9334582816963533 1.0
human.pedestrian.construction_worker 0 0 0 1348.978126042727 421.36610780405636 1479.924179949652 680.2907088800409 0.597 1.838 0.544 -9.302007669183409 0.3541726403814093 4.473427309632915 -2.989214996328064 1.0
human.pedestrian.construction_worker 0 0 0 1199.0251914839396 443.6298926898764 1313.6858872137532 678.2884166399963 0.667 1.685 0.436 -9.448879914222797 0.43493453779918334 3.3570245778364005 -1.9241169971121561 1.0
human.pedestrian.construction_worker 0 0 0 1268.1171597976343 442.3241152110185 1398.5290695630183 674.2257613042486 0.614 1.663 0.601 -9.445305702228259 0.41500770620369437 3.9320542695839484 -1.9758296884854376 1.0
movable_object.barrier 0 0 0 1073.3313366928858 697.2956365409457 1983.0197230585395 1509.7889027702229 1.577 1.052 0.623 -2.4770476627222195 1.0056093941624096 1.3969882860163516 -2.933656712899573 1.0
vehicle.construction 0 0 0 -3054.5770486587253 -168.2618068501773 520.326929009361 1243.9891960527182 7.258 2.934 2.797 -5.2869692710920795 0.03128344579944286 -5.146087710879996 -1.5829660910907632 1.0
movable_object.barrier 0 0 0 1054.8949116861693 536.9641925724937 1334.8716922883746 707.1685465962997 2.049 1.164 0.573 -9.662909588914394 0.8877750936919476 2.976031494841295 -2.9469809386341748 1.0
movable_object.barrier 0 0 0 -2.888514862624951 572.215756647873 509.53760032016754 825.2563118013937 2.703 1.248 0.636 -7.6028631286651756 1.114383635367255 -3.2296836251472087 -2.9117178806459822 1.0
movable_object.barrier 0 0 0 1326.2724322956244 532.1167020613711 1613.4015307086831 705.7288398985468 2.29 1.296 0.641 -10.537661624845915 0.9415325088868987 5.5448010477487575 -2.952864194678913 1.0
