movable_object.barrier 0 0 0 -394.2656863781581 578.5293786501264 38.383675520102244 776.3539871665275 0.458 1.048 2.032 -7.651556298258399 1.0277222419063359 -5.891267212322382 2.273686819505624 1.0
movable_object.barrier 0 0 0 1311.8655996637428 532.5319280278769 1529.0917292739214 656.2533110019009 0.435 1.046 2.031 -11.464885210715694 0.8221305227792546 5.590763472641198 2.2718717531848878 1.0
movable_object.barrier 0 0 0 24.81828121244344 560.745301071382 375.5219630854986 736.39073212954 0.402 1.037 2.052 -8.328380176313736 0.9379646071719014 -3.943897959945761 2.273686819505624 1.0
movable_object.barrier 0 0 0 655.3853924468585 545.4936559495972 920.1985471063961 694.5744334456889 0.463 1.04 1.975 -9.664330070569894 0.8791652573903492 -0.13915085711460823 2.28243381253575 1.0
movable_object.barrier 0 0 0 1489.0023091239796 521.6672840042371 1690.956874168176 640.7894905503989 0.417 1.074 2.0 -12.077554473644268 0.7445271823227666 7.51264824957578 2.260815482531399 1.0
movable_object.barrier 0 0 0 375.998834634924 553.2776406543512 670.0855038583945 720.04127963183 0.446 1.069 1.998 -8.985459978184467 0.9290568822167906 -2.0127602677007883 2.294125844526632 1.0
human.pedestrian.adult 0 0 0 1523.9665608257294 477.5315447733076 1548.0655675035139 525.1146904651596 0.412 1.648 0.611 -44.057332646615784 0.008545452745824855 25.489094419529795 2.2440219373053534 1.0
human.pedestrian.adult 0 0 0 1548.9269253357277 472.45466560341686 1574.8411637187367 520.471338874978 0.548 1.65 0.612 -43.79253800985674 -0.15846167814326084 26.234408728110985 2.2440219373053534 1.0
movable_object.barrier 0 0 0 1109.2277769694037 537.8120970119766 1346.0156517600808 668.713980771305 0.438 1.047 2.025 -10.873010596361846 0.8554804149108785 3.63391850546103 2.243438562050576 1.0
human.pedestrian.adult 0 0 0 1449.9914868487856 473.16869758931637 1473.9447568802707 513.8844314231067 0.641 1.646 0.702 -51.66106365400645 -0.30850250910180266 26.850396501043676 2.224876859923258 1.0
human.pedestrian.adult 0 0 0 1582.3225893625931 477.46628403135986 1607.8552478955246 526.1659107452643 0.622 1.576 0.513 -41.251729776407885 0.02558523354556619 25.79945901247007 1.9409307452542448 1.0
movable_object.barrier 0 0 0 897.2644990970672 542.774992507502 1144.5082713149175 680.4250322414014 0.439 1.032 1.987 -10.274494372258777 0.8729033679621632 1.7494905365028808 2.2566622630211297 1.0
vehicle.motorcycle 0 0 0 1476.8097941129981 482.43713717059626 1619.0598761893762 614.3274882582878 1.823 1.772 0.639 -17.526721538799865 0.6355651087195123 10.305581038337229 1.578561026976634 1.0
