vehicle.motorcycle 0 0 0 51.788577226947524 503.7817421408417 278.8209115633147 703.8368946834654 1.823 1.772 0.639 -11.839033196496503 0.920868650977486 -5.981426177175374 1.582328722296121 1.0
movable_object.barrier 0 0 0 1429.4302291592235 525.3556987609137 1619.663182454859 643.0649387303838 0.337 1.028 2.033 -11.807362686252036 0.7530185188652293 6.740308661750084 1.8868699539643172 1.0
movable_object.barrier 0 0 0 527.9737107960462 546.2740800853152 820.8290474813919 707.7738954931011 0.435 1.046 2.031 -9.024850777917276 0.8674844437558691 -0.9397675769349183 2.274067350193687 1.0
human.pedestrian.adult 0 0 0 1454.1255623217673 469.51326694531383 1485.656992116244 527.8334220135654 0.679 1.72 0.626 -37.655762629755166 -0.06977897605625649 19.805950844324386 1.9859539402952509 1.0
movable_object.barrier 0 0 0 202.78686188638113 554.2605023861702 531.748975491607 727.9402751738877 0.438 1.047 2.025 -8.431865262025353 0.9026788780141553 -2.8962438813505074 2.2456931751837548 1.0
movable_object.barrier 0 0 0 -166.0852563183633 562.1138445626979 218.96931540607073 748.8730581961325 0.439 1.032 1.987 -7.832224610723778 0.9219847641524611 -4.780295996358582 2.258889359242728 1.0
human.pedestrian.adult 0 0 0 1359.4863637956796 473.1090171394177 1381.9889003595417 522.1329642682138 0.412 1.648 0.611 -42.76327515601441 -0.1173374410150867 19.128988521505896 2.2453096917168693 1.0
human.pedestrian.adult 0 0 0 1392.1385257427257 468.6805362851961 1416.1848027333829 518.310692058117 0.548 1.65 0.612 -42.37110141640637 -0.2532011216020491 20.07714347627811 2.2453096917168693 1.0
movable_object.barrier 0 0 0 801.9291464004083 538.2244030120481 1066.8356761360117 691.1710916250914 0.417 1.074 2.0 -9.6377481011569 0.8379449018984568 0.9822915497916495 2.2630339615574684 1.0
movable_object.barrier 0 0 0 1038.582466009947 533.9824302193331 1291.7644194752847 673.4702394220207 0.44 1.052 2.103 -10.350304767189991 0.8122605914667762 2.952849672225288 2.2750276057312355 1.0
vehicle.truck 0 0 0 1314.1978334977512 437.86246364615994 1745.084812169023 599.868804592098 5.323 2.008 1.886 -17.23312996900639 0.21534173790154493 9.84815583827034 1.5739610907543309 1.0
human.pedestrian.adult 0 0 0 1326.7109188362708 470.88937619867676 1343.4982185355766 510.12174106954467 0.562 1.642 0.625 -53.37291106192418 -0.4472979570433294 22.365544870759127 1.8721875302016375 1.0
human.pedestrian.adult 0 0 0 1300.3223027077042 472.546970629798 1322.2639374720186 513.9591031260978 0.641 1.646 0.702 -50.70988521694329 -0.3135713341344998 20.289911343546517 2.2262116463318815 1.0
movable_object.barrier 0 0 0 1252.8714869805342 528.1696802251543 1471.7895951611165 654.2570240784837 0.418 1.026 2.028 -11.080687880853771 0.7641170679111402 4.896355964578059 2.2972274866204785 1.0
