movable_object.barrier 0 0 0 845.6646120164603 618.279386698646 1342.460864413494 1083.432566326468 0.599 1.043 1.926 -4.106588744959679 0.9720075890754367 1.0236242136054117 2.5578798920919716 1.0
vehicle.truck 0 0 0 1188.1786251370827 447.1643983928623 1589.8961865625977 567.5134025640748 10.34 2.935 3.281 -35.104734914630335 0.16831722605869615 16.170176225338235 1.548534575678162 1.0
movable_object.barrier 0 0 0 1394.8280410923726 569.0330236523521 1647.3818563060747 792.2372594309992 0.588 0.998 2.026 -6.995868974024272 0.9181944430823454 4.0107634643358825 2.533886694245588 1.0
movable_object.barrier 0 0 0 107.94233422711962 666.7001225526204 1033.353598858331 1478.8993816048003 0.576 1.046 1.975 -2.816611154787788 0.9969121510848062 -0.384524421889245 2.4980881519817792 1.0
movable_object.barrier 0 0 0 1365.4834102230845 548.4587177453518 1681.2631726471318 684.85383783534 0.565 0.999 2.144 -10.367629202904952 0.9206926525259267 5.817263870615386 2.639197550214786 1.0
movable_object.barrier 0 0 0 1201.9247647855004 579.6220913718059 1520.6954626167424 896.5150876774034 0.611 1.072 2.001 -5.569581634955935 0.9293652327344758 2.5136146274221707 2.581969305235699 1.0
vehicle.construction 0 0 0 214.30327463166256 -303.18624682007277 1426.991695025796 1103.7174429884856 2.883 3.154 3.861 -5.119266078413996 -0.19874111980786033 0.025244486769961123 2.459514202601257 1.0
movable_object.barrier 0 0 0 82.09130498841677 567.9480644126969 389.7891352293254 728.3064024083253 0.576 1.05 2.084 -9.797161906554686 1.0872679644754741 -4.388852958484742 1.7261837980765353 1.0
movable_object.barrier 0 0 0 -47.28819557931332 594.6900503746176 135.93118142191784 780.8189056254442 0.594 1.001 2.088 -8.04152637652344 1.1181129513445214 -4.913732442249185 1.6588103622619972 1.0
movable_object.barrier 0 0 0 1530.1713958211035 559.8719337862937 1731.7241733015844 739.4367067529853 0.611 0.985 2.144 -8.390091491206055 0.9242059606829294 5.527370346240192 2.545870959666031 1.0
movable_object.barrier 0 0 0 356.042641007507 553.5290719358795 609.049700242701 685.201717567129 0.603 1.004 2.094 -11.150388466722774 1.0032137652809225 -2.8305148153164947 1.7287503889822027 1.0
movable_object.barrier 0 0 0 1246.067210212785 517.8922625072512 1393.8849706606463 664.8342253996136 0.457 1.326 1.189 -11.860013416655393 0.8453966914385127 4.822137809861154 2.404271514650948 1.0
vehicle.car 0 0 0 161.9910360858103 497.2530245192901 601.090992642033 683.9402380302921 3.898 1.644 1.785 -13.08383102440394 0.8280418280537198 -4.316874350743688 1.6550227046288342 1.0
human.pedestrian.construction_worker 0 0 0 1113.5101813559784 470.8706380610024 1330.481911464603 775.4311369480553 0.935 1.676 0.953 -7.538158200990316 0.7002713930059192 2.437009691167471 2.0181800973471447 1.0
human.pedestrian.construction_worker 0 0 0 1059.465811255991 465.0818529803859 1220.3463306749918 743.8206467218201 0.701 1.802 0.791 -8.683902095087332 0.6833366436867189 2.2943978283896733 1.6902028232347721 1.0
vehicle.car 0 0 0 12.885810715082023 515.6838024725184 465.79484776229856 673.9628609994089 4.42 1.533 2.04 -14.810996945661572 1.0016500459230848 -6.554957474118276 1.6550227046288342 1.0
human.pedestrian.construction_worker 0 0 0 1240.7255377132258 422.76095804177174 1491.4708628796748 799.0237434076641 0.63 1.848 1.035 -6.633752492996566 0.5653829278444646 2.896669801808458 1.9095197958280723 1.0
