movable_object.trafficcone 0 0 0 190.18408775784434 507.62195492413707 207.13105571376477 539.2446365204456 0.394 1.026 0.35 -41.38172055036087 0.7274273020299951 -19.99545210025766 2.6697183522580685 1.0
movable_object.barrier 0 0 0 1444.2387076774737 469.75187627918024 1568.8159031140174 523.3673131011815 1.985 0.978 0.449 -23.55303777836615 -0.08170230286856395 13.05008071278774 2.8984779670054373 1.0
movable_object.trafficcone 0 0 0 85.02538398431953 516.0178159666759 100.65534622857173 535.2323183713517 0.374 0.704 0.386 -47.1184573363709 0.9118872204526232 -26.725955765402972 2.6697183522580685 1.0
movable_object.barrier 0 0 0 1149.500926359402 495.15161522154744 1274.716780314944 591.6163950443719 1.984 1.003 0.458 -14.25226146112985 0.4386310543384111 4.535024806094349 2.2008555862407366 1.0
movable_object.barrier 0 0 0 1502.4015387642519 481.08928156660477 1707.798704267883 574.5731929989444 1.938 1.007 0.452 -14.2829584338286 0.287417716146769 9.00782820242421 2.732591696759177 1.0
movable_object.barrier 0 0 0 1469.2765357443316 510.3098068599777 1744.8137009135191 637.3340087351887 1.984 1.011 0.453 -10.915365417047433 0.5906366960485094 6.886794368758761 2.6883983485549887 1.0
movable_object.barrier 0 0 0 1245.7438413790428 507.5824723310843 1475.8324027699725 619.3519845092562 1.97 0.999 0.457 -12.125720696140474 0.5655075630838713 5.292555482942662 2.6883983485549887 1.0
movable_object.barrier 0 0 0 826.2728849975713 482.545322366192 901.2924928985339 523.1932084870674 1.934 0.991 0.453 -31.48471385638942 0.0408391164097337 1.4017747332096488 2.6959263296415417 1.0
movable_object.barrier 0 0 0 1227.904976015106 485.4685500743224 1411.9793866619048 568.1555267391653 2.08 0.98 0.408 -15.699896488517622 0.30531246786637284 6.360594301342752 2.716947020721543 1.0
movable_object.barrier 0 0 0 892.2194507124057 480.5670348715329 973.2805584181566 522.3846804956053 1.981 0.981 0.44 -30.315083557367007 0.006440958371701111 3.007717363048092 2.6959263296415417 1.0
movable_object.barrier 0 0 0 1084.5445819673344 492.08524689965236 1186.474805128548 573.8938340983576 2.084 0.985 0.46 -16.326678340882506 0.37768158916494865 4.215234606599582 2.1912754842036106 1.0
movable_object.barrier 0 0 0 967.1141232800259 478.6699173247767 1049.0725328592143 524.7283440737236 1.946 1.033 0.42 -29.0668479385618 0.009760710964296426 4.6189100328391905 2.6219552346222166 1.0
movable_object.barrier 0 0 0 1329.5371848047844 471.2186637191278 1443.2137812265396 524.9246733919672 1.967 1.011 0.46 -24.38095683961597 -0.05738540653072116 11.198411002344827 2.784833544221737 1.0
movable_object.barrier 0 0 0 1043.1209804787866 478.90592389276856 1131.4978258009387 525.5097974545532 1.932 0.995 0.427 -27.708829930189385 0.020057262770578066 6.144078571052965 2.6219552346222166 1.0
vehicle.car 0 0 0 1459.2073337619026 422.83292022338463 2433.0901721513133 727.3958473555958 4.483 1.563 1.762 -8.493219884988719 0.3736388202982691 7.046446939824873 2.6940854793261853 1.0
vehicle.construction 0 0 0 1071.3180234915708 289.3095817302901 1397.899852254181 498.9568160267941 6.806 4.342 2.587 -28.918114589030758 -2.2588738829133215 9.755427965271549 -1.6244947743871574 1.0
movable_object.barrier 0 0 0 340.63632444142786 497.52854330374157 409.57019406381136 533.2915412899894 1.958 0.992 0.41 -36.640168912426915 0.40176522330479525 -12.554344838882644 -2.5399520559980004 1.0
movable_object.barrier 0 0 0 763.883242096699 484.86613308221985 836.3516339003434 523.7110602780348 1.993 0.983 0.447 -32.68755939261208 0.07883433578874122 -0.19669734327263758 2.6959263296415417 1.0
human.pedestrian.adult 0 0 0 573.821103302431 459.7381006701801 601.2930282630979 519.6945289349803 0.587 1.745 0.507 -37.01817696375112 -0.3359503373162316 -6.456003944446619 2.794184270414431 1.0
