human.pedestrian.adult 0 0 0 403.33629728066467 496.6857209907737 445.83127012589637 602.8397141566469 0.616 1.717 0.637 -20.849593910762707 0.7942156852858547 -6.328356426628056 -1.944972188684396 1.0
movable_object.trafficcone 0 0 0 1147.0152605331243 525.1861169047005 1165.0440768136502 554.2870095857137 0.352 0.877 0.376 -38.47090672772176 1.1754868951020188 10.652760199537505 -2.698675527993805 1.0
movable_object.trafficcone 0 0 0 902.6583594275797 531.0755746554656 916.8218717425402 556.5352721466191 0.375 0.946 0.353 -47.40159630292948 1.6016460432864355 3.8568380331428505 2.4983075290901953 1.0
movable_object.barrier 0 0 0 1548.5146365221178 493.16613939433176 1635.5627321833986 531.0268216183317 1.934 0.991 0.453 -34.135784737022504 0.30428993034378937 21.24896155541741 2.5241613346648126 1.0
human.pedestrian.adult 0 0 0 1178.54378703558 486.17745323146164 1202.8435285162745 537.4953455212739 0.587 1.745 0.507 -43.23351845611446 0.36723524503612126 13.16130336136305 2.555789958646879 1.0
movable_object.barrier 0 0 0 1471.1591038660229 496.64363886456493 1553.8541116158065 532.4880681841047 1.993 0.983 0.447 -35.71372745047788 0.3877231607261221 19.9772411894875 2.5241613346648126 1.0
movable_object.trafficcone 0 0 0 1335.3380529018482 521.7465965085918 1356.8687382682199 548.8288279534172 0.379 0.716 0.376 -33.82672107580835 0.9144485985773623 14.47151387558272 2.481531828126382 1.0
movable_object.trafficcone 0 0 0 931.2456871214929 529.0585453033323 948.3634584055543 556.1088911479889 0.425 0.974 0.429 -46.02380404900642 1.5101213867666967 4.8432825284280625 2.4983075290901953 1.0
human.pedestrian.adult 0 0 0 1538.183623158415 462.3696324186398 1667.222148678515 684.5918714188131 0.708 1.759 0.609 -10.44228062051726 0.5780501999134531 6.589983078185103 -1.7507602666627609 1.0
vehicle.bus.rigid 0 0 0 216.75819140606987 494.29019270684 360.5756172929001 567.4750095209835 10.224 3.06 2.443 -57.201427591988974 1.353914384848978 -23.715436986002462 2.56342794640649 1.0
movable_object.trafficcone 0 0 0 872.3973086908412 531.4739728707475 886.3615572007122 558.1977163259585 0.394 1.026 0.35 -48.95062575687291 1.693876053231877 2.8028781780812904 2.4983075290901953 1.0
