vehicle.car 0 0 0 1134.7427516941962 450.8475792584124 1343.9838252155657 518.8583476412864 4.473 1.378 1.869 -27.942881485038786 -0.32916237046179164 9.44633947874064 -2.344042268561294 1.0
vehicle.car 0 0 0 633.8436652578356 458.5368644975973 801.8967809939513 549.2257503135571 4.697 1.505 1.934 -23.43821291421908 0.04728988999223316 -1.7894893630791895 -2.3029808453832894 1.0
vehicle.car 0 0 0 514.7602716847504 445.0309566213204 661.0464250361078 555.5862735352433 4.439 1.822 1.785 -23.14926008358711 -0.012531162599904555 -4.1324730811908506 -2.3251701973774637 1.0
vehicle.car 0 0 0 1064.6942765275817 428.6187219810054 1261.1303491160568 522.3187240437542 4.441 1.806 1.921 -26.677542344784165 -0.49253091382788783 7.38852885111271 2.270654676669432 1.0
human.pedestrian.adult 0 0 0 1125.2847759696167 480.6636027216176 1167.4973393155906 577.3911429451534 0.931 1.618 0.678 -21.606301938480577 0.46505633648333344 5.81652236273053 1.9512994805566706 1.0
human.pedestrian.adult 0 0 0 1432.7341205370592 456.0561443269712 1483.7586730639284 562.1638565218493 0.608 2.0 0.614 -24.13673130933469 0.1502485232735863 12.47195760318334 -2.32996153362963 1.0
movable_object.trafficcone 0 0 0 1267.591559577461 515.4036700195915 1305.741141541938 575.205725843545 0.464 1.023 0.412 -21.949009316246276 0.7617964407415239 8.352433040130311 -2.328284305512782 1.0
vehicle.car 0 0 0 1370.0673984246976 441.1503608266973 1564.7534167048655 510.0290895035428 4.234 1.611 1.865 -31.84044494113118 -0.5997479712465614 16.557098547812043 2.295362924826054 1.0
movable_object.trafficcone 0 0 0 1476.5630365559825 508.4411626178844 1526.8292405543607 573.5882152955145 0.543 1.147 0.577 -22.60016805253504 0.7058794376274908 12.457898980668228 -2.328284305512782 1.0
movable_object.trafficcone 0 0 0 1320.5766437890907 523.1402688832641 1354.8816745476754 570.1942744733911 0.396 0.821 0.396 -22.435265587739565 0.8051547477658728 9.44768227918293 -2.328284305512782 1.0
vehicle.car 0 0 0 951.3354393256458 438.2901305135899 1172.969529421747 536.3660647351829 5.337 1.805 2.029 -26.033813060415 -0.2525089165091092 5.07716495738055 -2.3029808453832894 1.0
vehicle.car 0 0 0 750.3529411876009 456.6599151340481 929.8399719167988 546.9745911969457 4.462 1.565 1.918 -24.25051483829485 0.013348544166361054 0.5073821111627888 -2.3140555934617453 1.0
human.pedestrian.adult 0 0 0 1003.0382477619045 464.36580134950987 1064.222155414967 576.0480492506266 0.755 1.747 0.598 -20.11382084860789 0.29882969772545215 3.611537124471741 2.8875597747561708 1.0
movable_object.trafficcone 0 0 0 1176.2835461086893 524.4144588089616 1212.3674145655036 574.1836593539647 0.438 0.822 0.392 -21.301510153329822 0.8080851024687624 6.544491615797579 -2.328284305512782 1.0
vehicle.car 0 0 0 378.2667715331278 436.8597266844952 521.0179575390941 567.7233396349417 5.039 2.035 2.165 -22.317690201907165 0.020404533954068937 -6.426949878148183 2.2895198366826115 1.0
