movable_object.barrier 0 0 0 1355.0185516937024 561.0545729405576 1520.0691465385232 667.3998911902133 0.407 1.074 2.041 -14.514694478683756 1.278502345780156 7.275393559208128 2.297814549817188 1.0
movable_object.barrier 0 0 0 833.1911813334748 581.9124300005052 1056.9490196842657 715.8325112281224 0.549 1.117 2.081 -12.263352873975508 1.4072019551213868 1.345574136201577 -1.9411534186308916 1.0
movable_object.trafficcone 0 0 0 1432.0160146158034 641.8908459559968 1523.0093479977727 781.6904386515396 0.322 0.714 0.321 -7.097576256855513 1.1740520805727717 3.7757342292846934 -1.7784948949462756 1.0
movable_object.barrier 0 0 0 1218.8138303414237 565.4282931798087 1376.009346870908 683.1459323074926 0.453 1.138 1.715 -13.713970119737487 1.3150042790062297 5.343870297670442 -1.896537485907622 1.0
movable_object.trafficcone 0 0 0 1269.1023495937277 663.6321719542642 1372.6989737812705 829.8108741341595 0.293 0.727 0.339 -6.146003168698726 1.184075979002282 2.5042204938668537 -1.8489018875485916 1.0
movable_object.trafficcone 0 0 0 1070.618044910983 673.9524453600687 1193.6129374537059 881.6507203291767 0.324 0.775 0.347 -5.304955711444945 1.1465532740261835 1.364552901426739 -1.8716905820867513 1.0
movable_object.barrier 0 0 0 657.9692144629298 570.587961359211 778.5795888433443 701.9748935528123 0.668 1.415 2.072 -15.459455422795877 1.601685808771165 -1.129251418881718 -2.8299044494643883 1.0
movable_object.barrier 0 0 0 1595.3455007661 545.0439196572239 1758.984922386935 641.2541372832088 0.594 1.073 2.062 -15.894220205458735 1.1357081565433895 10.98289427919265 2.286726083798868 1.0
movable_object.barrier 0 0 0 732.9685862413849 581.250567768316 846.9081537647832 728.5474643734503 0.661 1.31 2.095 -13.341239814906372 1.5635348290734037 -0.22547703263171426 -2.977638351811887 1.0
movable_object.barrier 0 0 0 1021.4372775622804 562.8061449227746 1242.6139491372664 706.4942680924623 0.52 1.273 2.291 -12.888548093477706 1.3267740626400761 3.339867066445987 -1.896537485907622 1.0
