vehicle.car 0 0 0 -916.6989936485802 485.60486950036994 19.69556367711009 743.7884711629486 4.867 1.617 1.846 -9.781765184873203 0.7379364456835641 -9.20343257399164 1.5926700540359144 1.0
vehicle.car 0 0 0 3.9307075130397564 493.40278818433427 81.49349092629112 549.2852529296638 4.622 1.984 1.92 -47.86878855004548 0.7330656850698023 -29.094097732716406 -2.5059543297476923 1.0
human.pedestrian.adult 0 0 0 1375.995263699065 404.61803914178995 1434.6139636886999 525.7793954722042 0.633 1.791 0.638 -19.066629461133907 -0.5354811101819097 9.054410099769958 2.552766107036115 1.0
vehicle.car 0 0 0 134.1400461070548 503.3392471722312 249.39808000459777 558.3228555093908 3.962 1.459 1.749 -36.30414519979628 0.8209739629399013 -17.775770943114697 -2.5859888914708478 1.0
vehicle.car 0 0 0 -717.4709648714837 465.5826274042372 10.595682871470087 689.1955217060757 4.72 1.803 1.972 -12.045933754370271 0.6170493756088624 -10.660848439553135 1.5926700540359144 1.0
vehicle.car 0 0 0 70.09501019261954 508.2699004152553 163.51651448545144 555.1185455191452 3.683 1.436 1.763 -41.700405702315386 0.9778763056787381 -22.88545941148484 -2.573961355213439 1.0
vehicle.car 0 0 0 507.9052422666327 487.88869535022155 752.8481704406848 586.0628164541929 4.129 1.483 1.917 -21.435704881298765 0.5570767643417005 -3.0772377250057814 1.7193688048593962 1.0
vehicle.car 0 0 0 333.99003568636954 466.1915447020301 542.6055098782267 570.7977448304989 4.848 1.999 2.015 -26.478100199925564 0.32766452588439926 -7.833942516722032 -2.598477247266036 1.0
vehicle.car 0 0 0 925.8532933628541 452.40349266044706 1336.8767027187585 637.6795499306737 4.391 1.886 1.914 -15.069837839152433 0.4393428390958187 3.724867061349759 -2.561549585559023 1.0
vehicle.car 0 0 0 221.5884703885316 487.11377770636415 363.3880863289895 559.5155561080015 4.142 1.645 1.748 -31.085016369433752 0.5158966626160979 -12.752050798350787 -2.5811114156719697 1.0
