human.pedestrian.adult 0 0 0 888.6606583499079 443.76091747228566 1040.6637898743932 739.0239511806218 0.958 1.757 0.777 -8.071009703559216 0.5499798656353541 1.0287917090491305 1.9130544750317444 1.0
human.pedestrian.adult 0 0 0 1464.9733071678145 485.2705321520489 1511.346310250468 565.1188825111687 0.746 1.695 0.733 -27.25069348348955 0.5193223401657282 14.733182874584562 2.6816892257430194 1.0
movable_object.barrier 0 0 0 6.610076026171476 535.4321951349558 88.21944155632502 590.2715004678801 2.404 1.341 0.721 -32.953317416964644 1.5865377627948964 -19.841169013991056 2.0875517260530483 1.0
movable_object.trafficcone 0 0 0 739.0546039882975 527.3863154334639 760.0361203133483 556.83456573109 0.392 0.777 0.437 -33.90423477751094 1.0999080156134808 -1.5524719947233852 2.2930474266677994 1.0
movable_object.barrier 0 0 0 262.0044803680759 526.3781669433297 339.9036615543872 571.9160518995953 2.16 1.162 0.685 -34.05774316435994 1.2800669042067647 -13.662787884493834 1.8897047606717639 1.0
human.pedestrian.adult 0 0 0 1216.5715000175514 493.61511557754375 1271.3185063055957 572.9940350529839 0.813 1.656 0.698 -26.91838757966877 0.6814702016976103 9.327515676422452 2.981255121420485 1.0
vehicle.car 0 0 0 817.9977838252281 492.05306242236196 895.5520053269419 545.2905531246098 5.582 2.132 2.018 -54.15547209980821 0.746898500686989 2.2028316146220432 2.2681389865335975 1.0
vehicle.truck 0 0 0 623.061780876589 494.6964014844236 711.0910191873301 550.4059489969321 4.535 2.059 1.787 -49.56553591351473 0.8303905239038201 -5.449746048349595 1.915288067655645 1.0
movable_object.barrier 0 0 0 -79.69189909848014 540.2628094852191 28.754353005083043 589.5384297167374 2.143 1.109 0.699 -30.714977718058847 1.5362241796366214 -20.272244338791722 1.8377641255350534 1.0
human.pedestrian.adult 0 0 0 786.9900336888519 464.6283537926925 908.2827848084225 752.9700178873061 0.709 1.609 0.648 -7.454171487804603 0.6105363358398296 0.22344673358769326 2.0784952429326857 1.0
movable_object.barrier 0 0 0 321.23058507286055 528.0653265532 385.1232383671858 567.8059014560005 2.001 1.077 0.626 -36.10142934694311 1.3259599011233014 -12.993528876371789 1.9073627943090568 1.0
movable_object.barrier 0 0 0 338.1570919606097 523.9517937430508 410.20366828747285 561.1846803149623 2.259 1.215 0.712 -43.48711794586749 1.41909923602597 -14.9475334782121 1.6036090532154672 1.0
movable_object.barrier 0 0 0 466.14131613757877 522.1862353967521 523.8401285928207 554.6431869357402 2.032 1.148 0.687 -46.69323938769768 1.372521469668678 -11.564086299384336 1.7222850604695399 1.0
vehicle.car 0 0 0 765.997118149569 502.5758800341105 855.2339697749301 549.2140421583263 4.698 1.581 1.972 -46.01489036264147 0.8853966591529687 0.19209934984682625 2.2757977671117064 1.0
movable_object.trafficcone 0 0 0 868.2764985757125 527.1318425472052 886.3072963653709 555.6955986930849 0.395 0.803 0.411 -36.079948143353775 1.1505859694890126 2.0071810915594015 2.2887034324846987 1.0
human.pedestrian.adult 0 0 0 1109.8787050586677 487.9873251135613 1146.090900998341 574.1901676863275 0.669 1.642 0.621 -24.486188283493988 0.5792403610634449 6.238542280070417 2.2685811379544027 1.0
vehicle.car 0 0 0 409.27321511355694 493.4203959252601 505.6946700102913 565.1884997328009 4.01 1.631 1.708 -31.28713117163914 0.6885285260296148 -8.608828393863252 2.144989616073868 1.0
movable_object.barrier 0 0 0 66.81918142669578 533.1031507145143 131.01554881310366 584.7099685473472 2.412 1.385 0.675 -35.810833279958764 1.6153222567964596 -20.108413369669762 2.13412981378801 1.0
movable_object.barrier 0 0 0 110.03167779854046 537.5652146697553 167.38404267935877 581.2969024536296 2.019 1.25 0.66 -38.16102048432554 1.7466861996010499 -20.232926898900054 2.075979971108689 1.0
movable_object.barrier 0 0 0 185.00770818368665 537.7609026875064 266.8860783018327 580.2349451022872 2.089 1.076 0.646 -33.270206951277274 1.527380317519663 -15.356864561825633 1.5867250467175875 1.0
human.pedestrian.adult 0 0 0 1261.4540411771166 495.76641960046516 1285.6876026381697 536.4901905362844 0.983 1.811 0.973 -57.12543955894723 0.6780780923009653 21.152523381061204 1.8754794279179503 1.0
human.pedestrian.adult 0 0 0 983.2679986316529 489.71241851107044 1019.4780208217333 571.1589179093959 0.716 1.73 0.687 -27.316757492173526 0.6321306261249938 4.2138740171845175 2.9977562796433332 1.0
human.pedestrian.adult 0 0 0 1471.9328804521128 479.2787613852121 1519.1043347122127 560.9323599928048 0.771 1.766 0.739 -27.763462209564022 0.41907054908393904 15.17243657342494 2.6759884930287026 1.0
vehicle.car 0 0 0 955.5396829536239 504.58381859597415 1034.6468605052667 553.5130536593908 4.633 1.573 2.011 -43.70502600351976 0.9444592404050594 6.577951857848809 2.279901050691774 1.0
human.pedestrian.adult 0 0 0 1305.9022946753014 486.8319974994696 1352.717149555913 559.3334486583425 0.908 1.835 0.8 -32.47998545407602 0.5630341822191984 13.46348339784857 2.5795708470892755 1.0
vehicle.bicycle 0 0 0 1051.8593423849054 484.0089869575207 1098.3785310180333 574.5224621573194 1.77 1.709 0.689 -24.862702771758748 0.5476397183873569 5.270441438469045 2.1653396157959808 1.0
human.pedestrian.adult 0 0 0 1023.1116360883085 487.4996842865915 1065.4295321635757 573.9394343979853 0.741 1.725 0.79 -25.727723506851746 0.6011698103008674 4.845962160860648 2.224711986156116 1.0
movable_object.barrier 0 0 0 182.09590532247736 529.6737806746113 257.083969117549 570.6483723843836 1.87 1.118 0.606 -36.23698675504953 1.3996879154842752 -16.891270064419896 1.5715878699967085 1.0
movable_object.barrier 0 0 0 143.5450382631591 543.1457853638941 183.85981934848388 585.6354630557182 2.055 1.093 0.626 -34.55906119342019 1.715699421193301 -17.64096102601047 1.931387453808652 1.0
