movable_object.barrier 0 0 0 414.86442890693485 562.9385103022348 721.2587571493625 755.640487998399 1.95 1.148 0.72 -8.524137262701643 1.0239875949487882 -1.6145485113522287 -2.966163429975312 1.0
movable_object.barrier 0 0 0 1295.7215047606287 538.444359566438 1603.5761351959402 709.582369503218 1.964 1.104 0.72 -9.021693604031949 0.8392489065167654 4.5877181956023385 -2.9716097665160763 1.0
human.pedestrian.adult 0 0 0 1497.3939187793758 468.8408618988591 1529.9797356964498 520.2893364591149 0.872 1.809 0.767 -44.93410541526816 -0.2299296779601634 25.195913096046148 1.967164621787978 1.0
movable_object.barrier 0 0 0 1522.8853991771925 530.9421445170655 1813.74807797505 689.6600154018446 1.969 1.092 0.716 -9.556995975520486 0.7888214218645653 6.524592337065914 -2.9506097774345257 1.0
human.pedestrian.adult 0 0 0 140.52138408656648 496.63642095319534 201.3814973670524 589.6957661090299 0.819 1.637 0.752 -22.690292879866934 0.7441914683068084 -11.452098976674993 1.5745438271179681 1.0
movable_object.barrier 0 0 0 11.843919580424947 565.2537295760166 419.1881903355419 800.5632392376766 1.977 1.149 0.703 -7.098637411407593 0.9686358804892636 -3.2406024347100546 -2.967682347150059 1.0
movable_object.barrier 0 0 0 -471.9665744683656 582.7116593870802 43.22848431135468 840.6906703873387 1.964 1.131 0.694 -6.554181714525662 1.032118711144791 -5.19189096395035 -2.9428002297490323 1.0
movable_object.barrier 0 0 0 1033.1743752808973 545.3545977161459 1363.334551537242 727.9346070822141 2.037 1.1 0.731 -8.526389137059978 0.8732075908078085 2.6316882130206185 -2.976946175128571 1.0
movable_object.barrier 0 0 0 -405.61607588969264 574.3122093316712 52.56172839196634 799.1153528255597 2.008 1.133 0.688 -7.405228564166857 1.035135275012806 -5.672558375013637 -2.941480430073441 1.0
movable_object.barrier 0 0 0 706.7095412533188 552.5662204517813 1015.5819300715868 729.452565240981 2.088 1.13 0.719 -9.04728710807364 0.9619657263806703 0.3742090221611021 -2.9775144734590695 1.0
movable_object.barrier 0 0 0 743.9640984191498 549.4945797474661 1082.6741022076624 747.7642786732217 2.034 1.127 0.683 -8.048211469621156 0.8974329061720867 0.6632512055301072 -2.9865472182595916 1.0
movable_object.barrier 0 0 0 418.34291944620065 566.6420917310197 760.1419612310698 776.1148986977432 1.945 1.11 0.649 -7.6054268165009145 0.9819991725794617 -1.307696611523188 -2.9800349115763396 1.0
movable_object.barrier 0 0 0 1420.442108120804 538.7540465679506 1653.436782561879 676.8890879429839 1.73 1.089 0.702 -10.838263668283949 0.886547434315319 6.267625946323266 -2.9651632226303732 1.0
movable_object.barrier 0 0 0 20.037389370862954 576.1274161285234 404.7644357011744 775.5373413803547 2.097 1.082 0.732 -7.968083846949439 1.055334211450188 -3.6692331558816433 -2.966163429975312 1.0
movable_object.barrier 0 0 0 973.0057780410999 549.9258386909344 1251.9668019065884 728.835507422045 1.993 1.245 0.744 -9.798879496200453 1.0289378900515282 2.366508349923709 -2.940481387603082 1.0
movable_object.barrier 0 0 0 1201.7793395419799 545.1280308609988 1476.7750568606916 691.9045610347463 2.069 1.088 0.712 -10.36965371682329 0.9301867444401437 4.370914496470073 -2.9651632226303732 1.0
