human.pedestrian.adult 0 0 0 1577.7480518933169 477.2621703666286 1610.6588585736208 526.4516850387303 0.872 1.809 0.767 -46.9257940962881 0.031235480678581284 29.312672195642516 1.962282903262941 1.0
movable_object.barrier 0 0 0 43.210145447696924 572.2613972407182 416.4834555321393 787.9156405544486 1.908 1.106 0.721 -7.430222753352371 1.0033334681432047 -3.317481876899522 -2.9562938407212993 1.0
movable_object.barrier 0 0 0 1478.1748545958262 539.7429369807812 1773.1850329166994 692.8981364383332 2.037 1.1 0.731 -9.90849996895937 0.8690963023061357 6.423901876239048 -2.978162475439494 1.0
movable_object.barrier 0 0 0 1008.4557295795777 554.9017875879923 1302.7814095037552 726.5123824391541 1.945 1.11 0.649 -9.007178732195296 0.9604025213838032 2.4795733906136688 -2.981259882248681 1.0
movable_object.barrier 0 0 0 733.5303775018698 553.2611029338091 1045.9064842027003 742.9969560986475 1.977 1.149 0.703 -8.510248868538895 0.9481410408139804 0.5442066639438377 -2.968872605652762 1.0
movable_object.barrier 0 0 0 675.6994072401442 562.781525214303 974.1705703946104 726.3564950737454 2.097 1.082 0.732 -9.381551593541447 1.0274540187819197 0.11971872191380076 -2.9673494131923404 1.0
movable_object.barrier 0 0 0 421.47207380508223 564.2485892197691 748.9103500567419 767.3118270082884 1.964 1.131 0.694 -7.975615511407357 0.9924721312705982 -1.410073747834671 -2.94392025518583 1.0
movable_object.barrier 0 0 0 -423.86070128113107 585.0541168497047 83.37962647105184 821.6391207152453 2.06 1.1 0.759 -6.901236526378759 1.0484619883941741 -5.229083558299719 -2.968674461170373 1.0
movable_object.barrier 0 0 0 950.2022120929508 554.0164446471457 1219.9106002767214 715.0496632416812 1.95 1.148 0.72 -9.927120469925448 1.0125965924273777 2.177346690717677 -2.9673494131923404 1.0
movable_object.barrier 0 0 0 1560.4901105323622 543.6511637431014 1809.2106510871708 670.8272657915264 2.069 1.088 0.712 -11.74224947508329 0.9577602577072487 8.17247485206905 -2.966346389729729 1.0
human.pedestrian.adult 0 0 0 435.88182941805627 488.9430374031891 481.65502591207905 575.1890399721448 0.819 1.637 0.752 -24.382903893326397 0.5908813954609848 -6.738180994639595 1.5688505616298016 1.0
movable_object.barrier 0 0 0 1253.0015767344805 544.1145094038615 1553.4967336062218 708.9820268873756 2.034 1.127 0.683 -9.440043516082472 0.9024838592653478 4.453103098383167 -2.987790449436572 1.0
movable_object.barrier 0 0 0 1377.502246712239 547.2088196081467 1627.7633881666106 700.8947328881254 1.993 1.245 0.744 -11.181177583460231 1.0510725170238426 6.164941750301667 -2.941594845926768 1.0
movable_object.barrier 0 0 0 43.93477691213171 582.136376915477 378.43094947424464 777.3601826044525 1.88 1.112 0.723 -8.241193018097748 1.1213097236846985 -3.820653649584742 -2.954969522525664 1.0
movable_object.barrier 0 0 0 -361.9421797247622 578.6209126491686 75.16922813743494 795.3249890112335 2.008 1.147 0.731 -7.727673932988967 1.0845758402961196 -5.721150629598137 -2.94281936325031 1.0
