vehicle.car 0 0 0 841.8100735162168 489.2454223349715 1331.1587321913973 661.4358992111778 4.663 1.482 1.745 -12.830903827860423 0.6796230790772477 2.8567459237920896 1.5733204151627334 1.0
vehicle.car 0 0 0 1222.712662610656 475.09134317707105 1532.8100763135062 596.9197787080726 4.272 1.65 1.706 -18.838949204712574 0.4916368323791573 8.533666737114851 1.5733204151627334 1.0
movable_object.trafficcone 0 0 0 1077.8785854207429 571.6379423353957 1147.0393235696374 658.3291993641783 0.424 0.734 0.393 -11.223790988636067 1.0044780723796507 2.716811813130823 1.5766723579078166 1.0
vehicle.truck 0 0 0 -1030.8074396673844 281.7734417994581 80.27740599655272 741.8883918222509 6.452 3.236 2.508 -11.245020677433365 0.07627676246893736 -10.385135432549525 1.5733204151627334 1.0
human.pedestrian.adult 0 0 0 1484.6440952990508 479.1857952092702 1548.185884173876 565.1968601130792 0.902 1.807 0.694 -27.11030628932963 0.45752288532327623 15.254642352110897 2.207901186507149 1.0
vehicle.car 0 0 0 1492.7708040253324 422.6842103659189 1907.55179298413 605.6745673906722 4.956 2.17 2.135 -16.86188975766058 0.16386305295390208 11.942004204611962 1.5733204151627334 1.0
movable_object.debris 0 0 0 1416.5071948894765 625.4277746351744 1620.0227177215695 710.2241082271786 1.428 0.459 0.426 -8.703511053729395 1.135205266038272 4.919402889691512 1.5751081145189652 1.0
movable_object.trafficcone 0 0 0 575.4106648153024 601.4496023735576 655.4099164397368 699.7607257766396 0.451 0.69 0.392 -9.469159612908825 1.11195453697388 -1.4390092302818578 1.8153415160368427 1.0
vehicle.truck 0 0 0 1436.8664343559128 473.7573336004878 1645.6811151711938 555.2585984600903 6.013 2.598 2.287 -43.50592499634784 0.5329195690899549 25.153998924845972 1.8833855988233577 1.0
vehicle.truck 0 0 0 375.16475464650364 293.98600799317796 1223.9796200277653 663.907438739735 10.107 3.608 2.853 -15.588982770168798 -0.22540077544646284 0.12373396429778359 1.5766217261810676 1.0
movable_object.trafficcone 0 0 0 1464.8816599494708 548.3167955005476 1535.7165492151921 623.0220484936199 0.437 0.742 0.437 -13.0058787206269 0.864552568213033 7.152959823372543 1.5766723579078166 1.0
