vehicle.car 0 0 0 -72.69268740703315 505.6727559983367 179.63971318912235 586.9031561414957 4.301 1.545 1.884 -27.009464030931394 0.9013779372553745 -16.080109516665573 2.6077075229024658 1.0
vehicle.car 0 0 0 131.8359294975439 462.2795966467498 608.0255054145157 644.280887412147 4.72 1.803 1.972 -14.18095052661776 0.507001673480636 -4.720873555025696 1.5860598737721796 1.0
vehicle.car 0 0 0 624.781048446426 475.86125412047403 835.7340874924603 571.3336717794793 4.848 1.999 2.015 -28.766148922404486 0.47764534671228354 -1.8365337758699674 -2.604276354380902 1.0
vehicle.car 0 0 0 36.278345976556416 485.649663433305 364.8704355887741 602.7401781423742 4.441 1.692 1.956 -20.538496260183813 0.614538251615294 -9.795811695533308 1.6948256357827773 1.0
vehicle.car 0 0 0 75.86901990490878 493.8327149817704 705.7825260728109 733.2912040919068 4.12 1.511 1.758 -9.544526218844114 0.7293671298106578 -2.9605857256872925 1.5860598737721796 1.0
vehicle.car 0 0 0 -105.65585697190423 478.3476963799105 148.02340120928312 578.7610494785251 4.553 2.102 1.959 -28.659125044709377 0.5558330774397686 -17.795166159892286 2.6070954173275602 1.0
vehicle.car 0 0 0 476.2503631448718 491.50141592749435 620.7002467910564 557.7661510064522 4.142 1.645 1.748 -33.514318284538824 0.5959270565919965 -6.9339938439426705 -2.5868113340774066 1.0
vehicle.car 0 0 0 847.1331018381613 493.87846786881244 1087.7465406024046 580.8724275038387 4.129 1.483 1.917 -23.7333854870012 0.6339498833159983 2.9532014041901777 1.7082802800924384 1.0
vehicle.car 0 0 0 196.3049218923097 483.56373664498363 762.4429046424275 680.2820102102185 4.867 1.617 1.846 -12.131138667211259 0.6755051866059827 -3.0147422860135697 1.5860598737721796 1.0
vehicle.car 0 0 0 1326.2140406701576 463.1412107231176 1724.2134561711225 619.9522729370346 4.391 1.886 1.914 -17.39819779283607 0.49099283435964436 9.769948807596826 -2.567136144059308 1.0
