human.pedestrian.construction_worker 0 0 0 486.93097648822175 388.97909488147377 602.6255831296749 618.0715262168483 0.745 1.725 0.757 -9.982762578670522 0.005708989627658478 -2.0638444757661483 -2.185828247348253 1.0
vehicle.car 0 0 0 -287.6145841572813 410.9097124908095 77.47211690364747 537.2737962738612 4.145 1.737 2.09 -19.40575973628958 -0.4171644415421542 -13.812661294012765 -1.6554597545464924 1.0
vehicle.car 0 0 0 -396.3992190869341 406.1205110129343 60.65618257267421 540.434800501883 4.492 1.6 2.084 -17.127670221609385 -0.37288926692332663 -12.941066277954825 -1.6554597545464924 1.0
human.pedestrian.adult 0 0 0 844.2117059787952 367.26577827365264 985.3174953904842 669.1457621781417 0.834 1.967 0.85 -8.763076516421014 0.09469836342045782 0.7606450003881068 2.171342390567588 1.0
human.pedestrian.construction_worker 0 0 0 441.5309708900357 418.73612348008203 496.09957843353527 507.64569435244454 0.8 1.846 0.787 -26.989548344665522 -0.8186778209019254 -7.247012936869257 2.251595672159194 1.0
human.pedestrian.construction_worker 0 0 0 568.6115660212917 369.10599915704836 682.321361323664 602.5233975809122 0.745 1.87 0.786 -10.572934661147974 -0.1335364746912718 -1.5389619996528598 2.877858783874027 1.0
human.pedestrian.adult 0 0 0 943.6877083487054 390.68616605601676 1124.2057839455213 700.1245202939007 0.706 1.812 0.772 -7.870994669773674 0.24056067768636924 1.4141464649307522 -2.611487417345076 1.0
human.pedestrian.construction_worker 0 0 0 457.69908208864314 372.9867168225898 574.0720350711807 590.5633760462065 0.782 1.876 0.842 -11.449349701694231 -0.18652443842299335 -2.6319972014664765 -1.6171044607690908 1.0
human.pedestrian.construction_worker 0 0 0 340.8239277172692 368.0808593659532 456.87969147562376 589.5215105599005 0.708 1.835 0.77 -10.96926312683791 -0.20254454630203053 -3.541332253461201 -1.617213040386135 1.0
vehicle.car 0 0 0 128.29595033505188 411.3175507096266 255.63180828898254 458.43407185161584 4.277 1.642 2.011 -49.26619909144441 -2.587092360122794 -23.983672027724488 -1.6543204483357687 1.0
vehicle.truck 0 0 0 410.9497629284832 411.3547792690732 501.70056789129075 499.0383143424789 4.536 2.083 1.884 -32.93707385079761 -1.241050354586732 -9.243640793205188 -2.3529454136056662 1.0
human.pedestrian.adult 0 0 0 758.4193541715847 355.9862489643127 966.919425527176 700.072796401715 0.845 1.917 0.877 -7.5862926021482595 0.12196269271089233 0.3408947467166541 -1.8644348172007197 1.0
human.pedestrian.adult 0 0 0 740.5551894919488 372.8608064261231 920.2169126824984 655.2211754779888 0.797 1.821 0.89 -8.66439730227723 0.06941683036123172 0.14594811835427401 1.857830137532023 1.0
human.pedestrian.adult 0 0 0 49.34681913091508 477.3664680968597 249.8087130103661 681.0879697035972 0.851 1.063 0.879 -7.278413121504388 0.42197385677489996 -3.759666864433182 1.9400969378073132 1.0
