vehicle.car 0 0 0 415.70191555238205 472.5877556209316 662.293784885136 665.169897357348 4.38 1.535 1.962 -12.499678633611337 0.49097051064348984 -2.8355110108308126 -2.2898175257182958 1.0
vehicle.car 0 0 0 1191.7718061467137 469.53675126618396 1588.8148753787875 615.635625156656 4.29 1.485 1.964 -15.181100369258594 0.36601067039231694 6.747443309937019 -2.285399407945876 1.0
vehicle.car 0 0 0 615.6106901302447 459.86152206860106 755.2775800775094 568.9423268167756 4.46 1.885 1.821 -24.171465014832 0.16875828096583223 -2.4400885150141747 1.9536031842302828 1.0
vehicle.car 0 0 0 -264.82472077432726 482.79401217873703 128.4261633061975 695.3522398174699 4.25 1.446 1.823 -11.157211978546238 0.5852209626736226 -7.391853527842717 -2.3175639809989024 1.0
vehicle.car 0 0 0 986.858354081956 478.67504984457946 1717.3508845825586 801.3657561115557 4.637 1.558 1.992 -8.731417298005018 0.6422509770593946 3.239554974576719 1.9247484603564988 1.0
vehicle.car 0 0 0 -625.4684963434502 488.6050603243395 289.4017763848243 1066.8731096735626 4.546 1.545 1.964 -5.976642595499152 0.7513345864069562 -3.7262856139384697 1.945856494936864 1.0
vehicle.car 0 0 0 955.283588881161 473.963374896111 1131.0319544532258 553.571056055303 4.217 1.524 1.889 -26.69114529831457 0.19450192011756062 4.877878793881953 1.9464233965510704 1.0
vehicle.car 0 0 0 1357.4551870816283 472.4718841867182 1748.062157816296 602.5003523303174 3.954 1.427 1.988 -16.125606393193184 0.3525560042271073 9.299956648336966 -2.298675245180476 1.0
vehicle.car 0 0 0 846.4268860547231 462.66910795824464 1020.6203882750002 564.2334438833666 4.624 1.877 1.842 -25.78175747016134 0.16562684547285378 2.45305611828875 1.943287772334144 1.0
vehicle.car 0 0 0 612.0451654699403 458.92688095127505 891.5686473164969 642.7520647464219 4.381 1.661 1.996 -13.762999922737183 0.3891414066469192 -0.8027935798973826 -2.2857224401556033 1.0
vehicle.car 0 0 0 743.2448887155515 475.0045424076394 897.0923240007805 564.78393428041 4.206 1.591 1.755 -24.88228872905847 0.2891385838941479 0.15162659856605964 1.9386033536700173 1.0
vehicle.car 0 0 0 90.01048969312498 481.9934441912648 361.7216939209038 677.3696324273161 4.453 1.438 1.861 -11.97967668554154 0.5612864084858362 -5.268257534518445 -2.3006234221641666 1.0
vehicle.car 0 0 0 329.3894970021814 471.38404576734615 448.2017862491481 570.7520060974307 4.284 1.61 1.843 -22.829009012861274 0.26968308994515483 -7.497805595447325 1.956066677169697 1.0
