vehicle.car 0 0 0 427.99278539821535 487.683939171822 950.9316850167103 936.2469765965554 4.546 1.545 1.964 -6.976778437622393 0.7324446527872164 -1.0378347887509694 1.9490926451888075 1.0
vehicle.car 0 0 0 967.5658364558443 462.97955098575204 1152.8701753774794 560.7616862511899 4.624 1.877 1.842 -26.75242912052053 0.1495171982080059 5.233310692792916 1.94651103842242 1.0
vehicle.car 0 0 0 21.056531907402768 482.1581114959524 207.08704517489772 597.0105109198211 4.274 1.681 1.85 -21.226467404964136 0.5425111673218268 -11.509939286182032 1.9567894090082962 1.0
vehicle.car 0 0 0 831.7204497429565 459.54357376980647 1149.2237508850146 629.3287653955315 4.381 1.661 1.996 -14.74911579777512 0.3697753376060094 1.9207581078469664 -2.2801873738593548 1.0
vehicle.car 0 0 0 191.15410198808252 484.17187030035154 436.24622270229435 674.9283238736294 4.25 1.446 1.823 -12.174616152279002 0.5839515860039955 -4.680027384044311 -2.311994564801232 1.0
vehicle.car 0 0 0 1150.432624607067 472.72693313800795 1333.808479590725 546.4343392905764 4.312 1.551 1.889 -29.039656802124203 0.12625408045131603 9.89194454402637 1.9673505710023367 1.0
vehicle.car 0 0 0 454.5319877858489 482.84681949806765 698.7497225569048 659.5222537289633 4.453 1.438 1.861 -12.98695190061982 0.5541646712266355 -2.5526100832602006 -2.295071834917522 1.0
vehicle.car 0 0 0 1267.175800500188 476.78483782155246 2038.12537719366 754.0016417437255 4.637 1.558 1.992 -9.697987935759045 0.6042441678620694 5.939788051652198 1.9278762931127122 1.0
vehicle.car 0 0 0 1194.9686332523067 475.3916787162754 1579.2034895913093 615.5392897706523 4.397 1.455 1.922 -15.634312707033398 0.4182101846402516 6.913059630935536 -2.2702030295818387 1.0
vehicle.car 0 0 0 666.0503756397184 473.39258434072786 966.0371363642241 648.6714116260354 4.38 1.535 1.962 -13.495404842499928 0.47666478167197124 -0.11764162904719169 -2.2842778392287393 1.0
vehicle.car 0 0 0 361.80695801690615 472.64110182948866 468.90106640180045 574.1141543211802 4.244 1.676 1.696 -23.200569260337176 0.31860252303759634 -7.12933706917721 1.9682429205145135 1.0
vehicle.car 0 0 0 1070.0962704109886 474.2859578810286 1254.0181614993176 550.7671052825717 4.217 1.524 1.889 -27.650380232686295 0.1796731255343117 7.662587008942921 1.9496623794948746 1.0
vehicle.car 0 0 0 1514.9443245315126 468.470840677257 1913.214915071549 590.1630809470621 3.954 1.427 1.988 -17.062981191549977 0.2835918483227873 12.034388976415684 -2.2931257726556087 1.0
vehicle.car 0 0 0 -161.8061148163117 470.94715273530744 206.84948791671286 683.749943481962 4.013 1.606 1.718 -11.70754448704177 0.5304886349459146 -6.976380094843927 -2.2465251751630495 1.0
