vehicle.car 0 0 0 -274.4489805657667 534.7274880052331 8.941098286803488 622.0848184452425 4.346 1.5 1.986 -24.443265520818763 1.4264123285076136 -18.00904881896437 2.1496427979681583 1.0
vehicle.car 0 0 0 263.6126095704363 519.4445267093118 448.6213082777794 607.9021921737494 3.965 1.513 1.913 -23.80594938193648 1.12396927475612 -8.38609946139418 2.118158095498057 1.0
vehicle.car 0 0 0 117.65497361902942 519.7474515490242 336.58085707344077 607.2131203281655 4.173 1.485 2.053 -23.773757194291605 1.1161216210384022 -10.774772540194705 2.118158095498057 1.0
human.pedestrian.adult 0 0 0 437.013166322276 492.18357582317947 509.4626257180126 665.8218581233097 0.506 1.587 0.544 -11.889367649180087 0.7176488711714026 -3.1559963518783185 1.6308527189579776 1.0
vehicle.car 0 0 0 1157.0394605285567 503.2341706360472 1390.0090837075222 594.7004489081681 3.966 1.699 1.932 -25.547456732264575 0.9377884614457743 9.372859907147324 -2.5201122487954226 1.0
vehicle.car 0 0 0 538.2667569649146 523.3757818794309 673.237523311992 614.2926694331192 4.162 1.514 1.913 -23.388498958716806 1.1868701711837513 -3.6300337951756965 2.076145182268478 1.0
human.pedestrian.adult 0 0 0 1094.5661193913402 491.429907632059 1142.6924163860665 596.6996383352205 0.66 1.745 0.65 -21.29849273151149 0.72033991358452 5.258430779146741 2.120503529403159 1.0
vehicle.car 0 0 0 675.3170944427197 523.6623105254798 801.4358161299359 612.5500871636242 4.097 1.491 1.904 -23.44736310904906 1.1796150240581293 -1.183063959921274 2.11968951114652 1.0
human.pedestrian.adult 0 0 0 473.6770257884222 555.216650501932 559.143752752985 640.2398456450219 0.676 0.973 0.739 -15.23573502231294 1.1505774490344074 -3.515085826105892 1.6501737407907155 1.0
vehicle.car 0 0 0 -138.62812599959148 534.8266956460066 109.61056132412106 626.0835563326515 4.193 1.554 1.884 -24.171499365190012 1.4463285117413052 -15.567209245548371 2.118158095498057 1.0
vehicle.car 0 0 0 809.9847471421596 524.2174222562717 940.3979184940611 614.8943807430243 4.168 1.5 1.929 -23.06438800296927 1.1842765598000358 1.3417265934134943 2.1862033503612395 1.0
