vehicle.car 0 0 0 1395.8732713171005 439.116314443155 1601.1764877972785 506.13904672851487 4.524 1.645 2.019 -32.8864136209354 -0.7795377609840325 18.013490074512763 -1.6297879094465637 1.0
vehicle.car 0 0 0 958.7376055114327 438.56616772410655 1055.9628710939803 472.5297752275323 4.552 1.681 2.041 -64.61816364342675 -2.3519708029256217 10.235146173737384 3.0755953885816574 1.0
vehicle.car 0 0 0 1071.1488221249354 438.85659234795656 1217.5957307615515 486.4141364808159 4.46 1.556 2.012 -42.977225629489446 -1.328392620595101 11.441303121062436 -3.1291649070075733 1.0
vehicle.bus.rigid 0 0 0 1225.785114353631 382.37823928834183 1425.300829227012 478.6739331937727 11.043 3.539 2.783 -52.04606836120522 -2.8536171051393437 20.98581965041863 -2.1686272474274526 1.0
vehicle.car 0 0 0 753.6225722759306 443.2029315098545 948.4047854365662 512.3108602820947 4.501 1.566 2.036 -30.189394105835984 -0.5896631097876721 0.981801334050067 3.111237290522653 1.0
vehicle.car 0 0 0 709.406558826905 454.1718566281639 1055.4425459561185 576.2347321428351 4.512 1.541 2.021 -17.419543268118947 0.14256924103224322 0.9569343505103816 1.6152112333814177 1.0
vehicle.car 0 0 0 731.5954292269047 440.03138871774274 878.7988714122621 495.84848753648896 4.702 1.75 2.01 -41.28240917072465 -1.1093477217376733 -0.10790076939617911 1.6154749892367182 1.0
vehicle.car 0 0 0 708.46644533372 435.79957586541644 934.6109338084744 528.5883792528027 4.728 1.904 2.127 -27.40781653317932 -0.44690724845836904 0.2594039563210757 3.111237290522653 1.0
vehicle.truck 0 0 0 1457.7127771036871 406.3995520338507 1644.1456845177188 478.2179042091942 6.505 2.278 2.08 -43.45533202471679 -2.0229173235985005 25.42213806436117 2.071891786213518 1.0
vehicle.car 0 0 0 944.4205696946963 439.0335338606697 1038.1338798425293 470.6505822033837 4.55 1.619 2.082 -66.87843582027384 -2.470775902719412 9.741580539972293 3.0755953885816574 1.0
vehicle.motorcycle 0 0 0 777.7531519123902 482.3049797684081 945.0994348738606 588.0763287194509 1.951 1.213 0.569 -15.209686759888552 0.39551291864241633 0.6439300230822261 1.6172895101942952 1.0
vehicle.car 0 0 0 1185.6159594268827 436.30067296442064 1325.0488720460255 480.4588140722404 4.509 1.599 2.059 -47.63515910282554 -1.6329757499618274 16.9025088373197 1.617905806343681 1.0
vehicle.car 0 0 0 1255.2956758807657 432.82355308042963 1519.7749494312138 518.2691838950248 4.571 1.688 2.059 -26.382854122195493 -0.5622114674435154 12.04883642752829 3.1298894432656104 1.0
vehicle.car 0 0 0 1467.4258444106963 424.9228673733623 1700.176353900956 502.60403135249203 4.69 1.739 2.037 -29.956257656829557 -0.920909148425792 18.43323899568786 2.9589704812363813 1.0
vehicle.car 0 0 0 1290.7885185957452 427.2157148561605 1586.5489000178309 527.5681299328601 4.545 1.773 2.054 -23.73918033946707 -0.4786419692982967 11.793926503252923 3.099728815014556 1.0
vehicle.car 0 0 0 1386.6065879249322 428.8417556816966 1717.5109459390694 533.5924851966705 4.502 1.638 2.011 -21.242041984390454 -0.3755439637148669 12.466183773090831 3.05149659004483 1.0
vehicle.motorcycle 0 0 0 780.439881707869 484.0471556447409 959.820612225356 599.3122654167496 1.968 1.242 0.541 -14.29296232266763 0.4436866201076226 0.7036343000574538 3.0740037068125288 1.0
vehicle.car 0 0 0 1114.5020111295335 438.6251161689118 1227.6547819063364 475.1386938171429 4.504 1.598 2.039 -57.291110598161545 -2.0265527346219465 16.51053960783305 3.087896212604078 1.0
