vehicle.car 0 0 0 603.0363500024005 489.22245446767533 658.113310676168 526.1577146635036 4.561 1.647 2.033 -61.39315178778559 2.244239372216458 -9.610431378702108 -2.230636088487514 1.0
human.pedestrian.adult 0 0 0 1093.087409415505 458.7949438642958 1126.8680036005019 524.206413196659 0.596 1.794 0.616 -34.91785491446019 0.8141264547577066 7.948351822665091 -2.3970858866130182 1.0
vehicle.truck 0 0 0 -794.4950588410912 250.3232728412024 31.534201990481346 739.4678556895078 7.84 3.519 2.888 -13.149580174597652 0.45928552301292125 -11.285595477954809 1.905757269262244 1.0
vehicle.car 0 0 0 581.643250773949 481.55238047049875 647.5920414725911 525.9699016752733 4.321 1.567 1.948 -48.86555319911154 1.6416486899359763 -8.287110151378691 -2.2369598544398333 1.0
vehicle.car 0 0 0 -33.050955560686255 477.1575019446237 251.65459681465856 641.1186609434918 4.56 1.696 2.075 -15.558405319570715 1.1584023319108927 -8.62504814545679 1.905757269262244 1.0
vehicle.truck 0 0 0 800.1084016922614 457.604958734159 929.8900793182574 525.1745600060084 5.723 1.847 2.089 -39.04941895536277 0.9632230299984484 1.1129533129090163 -2.257638511835933 1.0
vehicle.car 0 0 0 -91.63679175231573 491.65859154152065 145.51795523296596 605.5673340256325 5.336 1.743 2.128 -22.279147993738167 1.5145137933064625 -13.955424448747559 1.9094485281790448 1.0
vehicle.car 0 0 0 564.07762461901 485.8054799333753 618.922348395871 526.0537460651417 4.711 1.646 1.915 -56.56483869978433 1.994056082708605 -10.627987296520836 -2.230636088487514 1.0
vehicle.car 0 0 0 150.96298574119916 463.2548876783334 323.9640782174607 573.6735838672756 5.104 1.753 2.017 -22.70424182025334 1.0564362654238073 -10.486579941262793 1.9152451942118471 1.0
human.pedestrian.adult 0 0 0 1153.0902649380405 457.3299364382295 1190.1678284898105 525.5836172009541 0.636 1.876 0.709 -35.05912089832174 0.8181221398603814 9.710459355224856 -2.481691412608992 1.0
human.pedestrian.adult 0 0 0 1131.993785128674 457.7970690783048 1168.224498592761 526.7987840090566 0.636 1.857 0.636 -34.30415492610035 0.8232201950522195 8.910243515203472 -2.46074293379369 1.0
vehicle.truck 0 0 0 290.33570371379426 298.9462404736131 567.6546054440245 660.3320902346591 7.412 3.386 2.527 -15.600657822384722 0.37868809291908073 -4.814175354150452 1.9106720316744266 1.0
