vehicle.car 0 0 0 945.6626222421258 392.0736152517156 1270.878090926256 495.1723782442743 5.051 1.835 2.224 -15.402414032566064 0.4153757728087213 8.038894524159113 1.5863174897612442 1.0
vehicle.car 0 0 0 1593.865400669473 417.16966023996133 3285.355026734467 809.2103416686307 4.164 1.485 1.891 -4.118528579199555 0.7470078641423568 7.9661055737134 1.5866485085629831 1.0
vehicle.car 0 0 0 1252.0139686495315 388.0525380603534 2009.1515004805613 608.2738599070151 4.326 1.662 1.845 -6.994270430617856 0.5808894301924357 7.870955850105498 1.5862294513103183 1.0
vehicle.car 0 0 0 771.4413465148546 401.4400624458668 841.9566751655672 426.3056524936604 4.875 1.829 2.275 -59.948235829587844 -0.4118646345077407 9.544163515551782 1.5864483741612903 1.0
vehicle.car 0 0 0 301.86360821324155 390.0588935145804 575.2176874691282 492.1545540821187 4.497 1.766 1.919 -14.916897366025818 0.35949282278646144 -4.355859392817555 3.091737152604865 1.0
vehicle.car 0 0 0 203.44073153056218 402.70635005543454 553.8369865625875 512.0545778696953 4.545 1.507 1.899 -12.00140616694719 0.5121663372998384 -4.312663721043199 -3.1325537051621772 1.0
vehicle.car 0 0 0 1144.3748943901976 406.287610187274 1657.2501582301363 546.3271613725026 4.486 1.525 1.802 -9.720702476616191 0.6077587591748215 8.461070531938244 1.5867332406797683 1.0
vehicle.car 0 0 0 1018.7097902296891 377.791705282774 1445.6906580469433 515.185609538081 5.07 1.918 2.048 -12.207025044108356 0.3643996248437504 8.17405237551496 -3.132929262363662 1.0
vehicle.car 0 0 0 949.5306541554476 393.4830900611059 1196.3997261353115 479.7083094578189 4.512 1.828 2.159 -18.080785315823114 0.3500848330380246 8.744986134508363 1.5863174897612442 1.0
vehicle.car 0 0 0 503.95325779335406 383.3404900830078 674.925722187397 451.4353758412444 5.803 2.313 2.19 -28.272579081752966 -0.07963570955918714 -3.055548645238818 1.5860994755420093 1.0
vehicle.car 0 0 0 -1051.5511162753974 380.53409146307143 194.98939739555317 803.4423977931785 3.993 1.615 1.733 -3.9971209764386564 0.6440464810618791 -4.933597064238641 -3.1091436079920864 1.0
vehicle.car 0 0 0 625.3242483818626 399.41794088839714 706.8351277838249 428.9449927841337 4.789 1.788 2.238 -49.85868313004492 -0.32777717126096073 -0.8426184991853045 3.0146449002827342 1.0
