vehicle.car 0 0 0 -33.63671211466865 374.87305546020104 568.1723932731429 575.2006886093451 5.734 2.0 2.161 -9.131467446853232 0.5427610356510919 -4.262231609097608 1.587399591844493 1.0
vehicle.car 0 0 0 847.2827843596967 395.8656291916346 1038.5894420047123 465.7442822477423 4.978 2.0 2.3 -24.093183946356387 0.31393205802786533 7.840789777626309 1.5876228257305867 1.0
vehicle.car 0 0 0 804.5485585383643 396.539128297225 998.3231351883678 460.3737462732069 6.318 2.213 2.471 -28.979339190760324 0.302311384898028 7.934319920038349 3.122000741085447 1.0
vehicle.car 0 0 0 145.76097717878318 362.49596369238446 580.4819853927628 523.5801058157367 5.676 2.177 2.198 -12.026566439734099 0.30628921507962337 -4.415541424484567 3.103728707700328 1.0
vehicle.car 0 0 0 785.8352833666565 401.1555656609777 943.1480565457884 452.512206586535 5.758 2.0 2.551 -32.42428411793914 0.27743115817031505 7.4156972990303345 1.5873081315013247 1.0
vehicle.car 0 0 0 909.9957527632886 413.1148424090937 1172.3332826007274 482.0069292052235 5.05 1.442 1.89 -17.939308584941895 0.5935993087117368 8.001361459664214 1.5876228257305867 1.0
vehicle.truck 0 0 0 1439.3584423419263 317.20088999403777 3376.220706826508 790.4865893723586 6.019 1.91 2.076 -4.2941301964698555 0.5323653637512833 8.07753330989749 3.1302712013349394 1.0
vehicle.car 0 0 0 -1386.5564011731053 296.18820683106236 309.3080658523444 870.5120653492947 4.652 1.901 2.013 -3.6503262862932897 0.5309192582754368 -4.488864242067008 -3.140919357643682 1.0
vehicle.car 0 0 0 884.3967818967124 411.9725044104132 1097.4661032501594 480.18698101833775 4.844 1.696 1.988 -21.09846997161627 0.6652118103144762 8.125591015564716 1.5876228257305867 1.0
vehicle.car 0 0 0 466.06640718160327 411.0293822572637 610.0285441585509 458.63784747828043 4.757 1.611 2.077 -28.29411800597725 0.5232327288681662 -4.89852336146806 3.128206927797631 1.0
vehicle.car 0 0 0 559.7276642029967 394.0316509682535 653.0041869395311 430.92171223551895 5.051 2.0 2.058 -44.41226655169856 -0.3827538246188047 -3.9775392014720037 1.587352193168904 1.0
vehicle.car 0 0 0 -376.9277641569992 360.16537838192863 403.0281471234595 636.5904389782122 4.513 1.844 1.921 -6.309475158885624 0.5161637078431308 -4.771315206168508 3.1300257889323504 1.0
vehicle.car 0 0 0 588.3333235015322 407.0412243362963 645.2121335976141 427.6090539910374 4.928 1.79 2.376 -70.90262281333348 -0.18493930848547846 -5.483860398584737 3.119867999159636 1.0
movable_object.debris 0 0 0 349.6620090824873 542.0605166011617 484.78282448404707 632.0336523569573 0.717 0.419 1.198 -6.190631358024108 1.2667499870782781 -1.9777176352179153 3.096016044269115 1.0
vehicle.car 0 0 0 1339.0418174893425 360.143003767129 2090.0677206921373 611.2116412107476 4.547 1.902 1.724 -7.01544036078926 0.491798235893362 8.74534638083138 1.5878058081989357 1.0
vehicle.car 0 0 0 1032.7723760590536 383.0260705795167 1400.1306618752435 522.2698107767786 4.405 1.961 1.89 -12.272061053914323 0.45714670456121775 8.065229361499622 1.5876228257305867 1.0
vehicle.car 0 0 0 809.5543301641773 399.32114719852666 1335.0819452726612 588.8038834654127 5.182 1.66 2.059 -8.753151517226279 0.6297488603609073 4.2473589906752345 2.9230762874081346 1.0
