vehicle.car 0 0 0 457.1490093945958 398.5662130817577 544.0270884228702 427.6013778857469 6.318 2.213 2.471 -62.32608530905625 -0.5007920961788985 -13.851941253529782 3.090134418200777 1.0
vehicle.truck 0 0 0 1052.0113653909164 376.0134502222933 1236.3641039542933 438.93447458565043 4.621 1.86 2.14 -24.95992881123958 -0.3764917426089553 14.458114415839272 1.5954676475479967 1.0
vehicle.truck 0 0 0 250.40447961285395 392.3874787584186 438.5556045710743 447.4894418487384 6.022 1.953 2.156 -29.493558161521694 -0.0013539358855829131 -12.216830055334901 3.11059766983817 1.0
vehicle.car 0 0 0 923.7976046049517 391.38013001516083 1039.5103092068264 424.96710399906334 4.423 1.456 1.928 -35.66308008206949 -0.502766861957667 13.459603290234064 1.5917210980317407 1.0
vehicle.car 0 0 0 301.6559392673282 394.47843778966273 576.5242048328138 481.4145361883302 5.182 1.66 2.059 -16.79339972802505 0.3271033367123184 -4.968424949095679 1.6028537557512976 1.0
vehicle.car 0 0 0 1157.7381621310603 382.0069535176979 1333.0544833438505 441.9128056176581 3.814 1.595 1.853 -22.479848964820473 -0.21959381182302812 15.885480519787913 1.5980039770354661 1.0
movable_object.debris 0 0 0 207.9747576644527 441.50234794351456 234.71775567881713 451.44720729611186 0.717 0.419 1.198 -39.18477640151345 1.332825934576547 -22.458695808121412 3.064214760082937 1.0
vehicle.car 0 0 0 1530.50507787532 412.83653334858633 2389.788245414743 600.6055585002282 4.691 1.364 1.911 -6.97864574138182 0.6405632625861043 10.743576452907485 3.1072495241705234 1.0
vehicle.car 0 0 0 162.37480576069447 392.56337648338246 287.4411989244969 432.56934394534846 5.676 2.177 2.198 -44.806830429322325 -0.39275704627873737 -25.38362074469338 3.071907531509222 1.0
vehicle.car 0 0 0 1026.3051452326556 392.5178616818777 1186.8661190708879 435.5458664765018 4.561 1.421 1.942 -27.543312547061024 -0.1974052133980824 14.679305483806388 1.5935231987376133 1.0
vehicle.car 0 0 0 97.47787956375262 397.02112461240296 216.90055356438413 435.77773912952307 4.513 1.844 1.921 -39.08023263482855 -0.15857168604941013 -25.467226469098424 3.098140515119791 1.0
vehicle.truck 0 0 0 954.9080264149947 373.91855719235434 1107.7896561645418 428.91001068865074 5.452 2.196 2.09 -33.13806030667443 -0.7388321135544617 14.548029369878575 1.5927736684994258 1.0
vehicle.truck 0 0 0 790.1860932112738 392.8394771597299 852.2971091600817 417.79233307417235 4.649 2.0 2.034 -65.10345814553139 -1.14072475765491 11.565791735782701 1.5917210980317407 1.0
vehicle.car 0 0 0 801.3602844034845 392.3107760065141 866.6638328210103 417.64371592275415 4.605 1.931 2.123 -62.00958472806871 -1.112719220813638 12.002928975817166 1.5917210980317407 1.0
vehicle.car 0 0 0 1422.2881851417767 372.8218032965484 1749.423650696855 462.92229869787445 4.574 1.78 2.119 -18.078462454885113 -0.07404611856177493 20.074744137554855 2.091606797406186 1.0
vehicle.truck 0 0 0 1158.4428925167665 377.2115423226149 1419.5331778961888 450.4231401394017 5.041 1.751 1.95 -20.088891891970334 -0.14828089698582733 15.187764428555232 1.5912604649977222 1.0
vehicle.car 0 0 0 993.4553425649226 399.4336503768807 1139.392489898671 435.6306405599017 4.601 1.316 1.952 -30.192417930302643 -0.08648871513859013 14.582206570874986 1.5927736684994258 1.0
vehicle.car 0 0 0 235.11256254067277 399.3802356939729 399.11984620831345 451.75478690011886 4.567 1.667 1.946 -26.561632385037907 0.17745700198631537 -11.923709108133481 3.086174722914971 1.0
