vehicle.trailer 0 0 0 -513.9659955862965 293.77683048723065 266.5607145934815 467.5571600188897 17.2 4.113 3.247 -20.68592560247161 -0.9394239676483455 -20.084031903386954 1.5723692273891299 1.0
vehicle.car 0 0 0 1207.7206196474312 399.3683998916247 1600.1264731646822 505.9959238335038 5.537 1.907 2.278 -15.55851257435784 0.6000572756015292 13.84219173174246 1.572345412277329 1.0
vehicle.car 0 0 0 344.29575453162727 404.5398469643131 501.2096422157538 457.4345467187209 4.568 1.681 2.01 -26.602882551190678 0.3730886530807428 -8.448838820011419 -3.124718063431393 1.0
vehicle.car 0 0 0 1068.3721477291251 401.2080384876209 1339.959874382581 479.7639176333097 5.669 1.955 2.315 -21.211182732169295 0.5301794461271325 13.753291923327257 1.572345412277329 1.0
vehicle.car 0 0 0 1170.4071819490684 400.27262438025286 1491.334010315572 493.6364956359934 5.475 1.976 2.183 -18.143270660662406 0.5883416716288086 14.591490990988257 1.572345412277329 1.0
vehicle.truck 0 0 0 -556.12852558237 139.95304350340342 133.50191728455957 528.5124363461563 5.511 4.082 2.591 -9.70944821550291 -0.9006039231436327 -10.278328247987524 -1.5723209175459365 1.0
vehicle.car 0 0 0 931.9492651721605 406.0101019838646 1102.5406792842614 457.7280271582542 5.154 1.788 2.431 -28.986464875381888 0.4406194601018955 12.165387454430846 3.1108550578011194 1.0
vehicle.car 0 0 0 1043.7855028698168 403.4443480495147 1272.4184081326412 474.215884391125 5.492 1.995 2.191 -23.767752026225672 0.5553489185178835 14.112270951053818 -1.5723386037059992 1.0
vehicle.car 0 0 0 656.2953317888409 400.1085840673391 715.4292129690919 450.07158814801426 4.854 1.775 2.103 -30.883194015711858 0.2044226576085164 0.26612816493248487 2.0988301633043314 1.0
vehicle.car 0 0 0 994.4094580190291 401.9352317083353 1150.6300495363564 455.1349264307999 4.185 1.683 1.993 -26.396812784928873 0.29682027578847026 12.92556101685086 -1.5727925147911268 1.0
vehicle.car 0 0 0 892.4054412430407 415.15004123245814 1011.0259091677245 455.2674448442859 4.313 1.634 2.17 -33.89862974454022 0.653153453426813 11.497403472669706 -3.1234849174089216 1.0
vehicle.car 0 0 0 1467.5885296519193 398.98557746047953 2135.9403835874914 563.1437559299532 5.163 1.827 2.234 -10.146050829127223 0.6880755684264509 13.764727956056934 1.5726129421686093 1.0
vehicle.trailer 0 0 0 -1363.7601028452616 189.90009212398698 18.69647402463371 515.7561570943941 16.204 4.534 3.102 -13.035042053184737 -0.9027149512466696 -20.404148075059997 -1.5729387811979283 1.0
vehicle.truck 0 0 0 882.2114267000003 386.4816378081968 1012.6926139504627 425.647805575732 12.108 3.848 2.904 -80.39116000233528 -1.3140255187346563 26.89284211921318 -3.1044709640281543 1.0
vehicle.trailer 0 0 0 -717.5508389424996 258.50816309644773 191.14545902367306 473.27072227723613 15.703 4.13 2.889 -17.035532497911667 -1.025270153205983 -19.210513950161893 -1.5724290264674723 1.0
vehicle.truck 0 0 0 -85.11875042446017 293.2526601219734 248.8018243322031 486.9884677126256 3.761 2.996 2.639 -13.728144346947435 -0.44684689000609124 -9.982308049367719 -1.5726856672317062 1.0
vehicle.car 0 0 0 432.2764983050692 413.145844243817 570.8518727926231 455.73085724362016 4.698 1.495 2.124 -29.252706175829335 0.5381408106604555 -6.39656848119515 3.086665518010438 1.0
vehicle.car 0 0 0 1361.4690519795445 394.80092284045986 1874.1996921652474 537.0959888619012 5.628 2.087 2.223 -12.934489750218603 0.6870329626689824 14.845442671565294 1.572345412277329 1.0
