vehicle.trailer 0 0 0 1590.7707494315375 347.210185865562 1911.6909629342572 421.0440916029359 12.137 4.271 3.363 -52.39218330204891 -2.137830727761693 69.42295074146473 2.707579922197345 1.0
movable_object.barrier 0 0 0 1374.547963468273 415.1105388732994 1435.5885613772143 445.07787285170616 0.298 0.925 3.111 -27.955725267658913 0.3661588140225798 25.449789004922316 1.9087794166867456 1.0
movable_object.barrier 0 0 0 713.9398855469261 412.153567680813 739.4610175133878 433.847190084966 0.828 1.259 4.991 -51.12665134833371 0.20627990066601976 3.016233127688497 3.0931539899958995 1.0
movable_object.barrier 0 0 0 742.0461030785165 402.33385290957847 779.8168667729599 441.21657409549937 0.738 2.0 2.808 -42.8465605543962 0.11794643686815343 4.370920413864485 2.892657502277248 1.0
human.pedestrian.adult 0 0 0 56.49569742145242 420.0023156579532 89.6707379660152 491.5254504179607 0.625 1.821 0.593 -20.95460334574747 0.9405238178530149 -15.89926187507874 1.8243808862897763 1.0
vehicle.truck 0 0 0 1485.7724296571528 374.9103083536489 1584.9729930339633 422.3523160755934 4.208 3.218 3.179 -57.35265788803366 -1.4620052680568179 61.38546625750985 2.7194965036555496 1.0
vehicle.car 0 0 0 442.452167477756 404.84221716947906 538.6841721963215 459.14932024259633 4.317 1.83 1.949 -29.86179928309996 0.43105282405310963 -7.120824323891802 1.8079771213749893 1.0
movable_object.barrier 0 0 0 767.7270967372577 420.4633132500601 816.7604312548733 444.6301363366536 0.758 1.127 3.014 -40.06371599929213 0.644981879505231 5.649411252443961 2.8129001187987814 1.0
movable_object.barrier 0 0 0 805.2563821572081 418.6553461385248 865.017688977078 444.5962719640341 0.756 1.138 3.121 -37.32746180732436 0.5545044578650206 7.261178553611146 2.7593807435107056 1.0
movable_object.barrier 0 0 0 1075.2337563409183 421.47499923201605 1172.2648910928792 450.66416776546805 0.545 0.973 2.933 -28.19732550601972 0.5869510966255367 15.672308343076523 2.5272191596198104 1.0
movable_object.trafficcone 0 0 0 860.3482907644691 414.5704635468331 869.8488264289911 442.88596815506975 0.295 1.254 0.343 -35.848976370749774 0.42280027228724437 8.357671062175593 3.099512346249992 1.0
movable_object.barrier 0 0 0 986.3278340065457 420.6585440348896 1081.6093658804384 452.070754926858 0.601 1.114 3.196 -29.975378584900547 0.6354560037478609 13.290097705314295 2.515588533983456 1.0
vehicle.construction 0 0 0 896.638938247331 391.84824873039776 941.9781143214334 425.35352235112873 4.568 2.368 2.904 -60.40212469242768 -0.826068666078898 18.11436147790944 1.971758227425437 1.0
vehicle.car 0 0 0 660.2082507197168 406.6718544075884 685.8335496115292 430.9641948088062 4.277 1.774 1.886 -62.66312468736203 -0.06582910889724614 -0.43564369294167216 2.083655447063485 1.0
movable_object.trafficcone 0 0 0 1172.2246086198938 411.75186164208196 1180.4081429393484 450.07305068053483 0.206 1.294 0.205 -27.175992187962798 0.3957366766071526 16.9334412857135 2.514100632753637 1.0
