movable_object.trafficcone 0 0 0 627.6623119000309 412.0278371587115 633.8279870104253 428.9832899430648 0.309 1.348 0.445 -64.29558288833911 0.1014919616432094 -3.8885190664781297 2.0708215857280106 1.0
vehicle.trailer 0 0 0 572.8221272245592 364.38403201292084 616.4585393541773 429.31076938162334 19.549 5.364 3.062 -76.89812232168494 -1.8580059016344157 -7.859630869836501 2.080798805891728 1.0
vehicle.truck 0 0 0 566.147344655998 383.4432352846835 611.8020988283046 430.76973169393347 5.513 3.546 3.051 -64.2886889500608 -0.9319751135090881 -7.172422731050381 2.100932083024478 1.0
vehicle.truck 0 0 0 -559.4385034282735 301.71609367230394 86.8616069777906 560.6999452036208 6.341 2.603 2.149 -11.416880946849696 0.12283552606511436 -11.785059285800514 2.0775995223493737 1.0
vehicle.trailer 0 0 0 55.24461856359768 242.9210313914114 465.0285277742379 489.0173061543541 14.847 4.321 3.527 -21.807736486677328 -0.9529350128201091 -9.531126079580767 2.1020462073491375 1.0
vehicle.car 0 0 0 726.1145656262217 397.79786568141924 803.5674484679415 428.186977886344 5.242 1.908 1.956 -55.913478535371596 -0.42845668072127513 5.965050796897194 1.5723025418928245 1.0
vehicle.construction 0 0 0 596.6671666118733 385.716001890914 636.901950712267 416.7817064078813 3.768 3.248 4.297 -89.55850828953669 -1.9862388904342363 -6.972276687109368 2.0708215857280106 1.0
vehicle.car 0 0 0 631.63046525752 396.61474760370106 707.1875230796209 464.68979630485813 4.276 1.817 2.032 -24.25612323746195 0.3182890467617863 -0.2634404618592124 2.1146874866786005 1.0
movable_object.trafficcone 0 0 0 478.2948236939533 427.8222911953442 491.9899198300858 449.67074560668897 0.431 0.789 0.416 -29.67554495408883 0.7217621290775739 -7.206213951553415 2.052132095741648 1.0
vehicle.car 0 0 0 783.3023461182438 397.29170590820536 908.0096606997408 438.8089887101402 5.053 1.629 2.052 -35.68345355314882 -0.052290260765316676 7.379683626693893 3.133427175905444 1.0
