vehicle.truck 0 0 0 1242.1020866601796 390.15078712852323 1444.2945683898188 468.1306406657825 6.835 3.308 2.75 -37.540064630953985 0.45067588424533356 30.88912782827661 1.9054115185930254 1.0
vehicle.car 0 0 0 974.5212972247667 423.93117178223724 1048.954767634554 450.0326226527895 4.321 1.643 2.048 -52.785195455237 1.1427479292149887 21.931828210922088 -2.3383677958143867 1.0
vehicle.car 0 0 0 926.2307861383316 431.2503873392051 1031.3430238389528 468.9730344787648 4.236 1.416 1.925 -32.6772056692891 1.2166169728202694 12.299003488515327 2.7246816336492703 1.0
vehicle.car 0 0 0 976.88885016971 430.482445629543 1098.2220545288012 472.5141811659972 4.275 1.47 1.773 -30.1708908774897 1.1748116823450732 13.557755045454057 2.8485985603773525 1.0
vehicle.car 0 0 0 334.5241873048941 403.408213598369 382.6176166755936 445.8199499121368 4.665 2.0 2.126 -40.197475792719786 0.2747848928390575 -16.117231723133617 1.88741957785132 1.0
vehicle.car 0 0 0 1033.9059343288097 432.23927043392473 1164.2172388162676 476.9171569491239 4.181 1.429 1.926 -27.990868657728484 1.1891832975160175 14.734553489549022 2.826031820783453 1.0
movable_object.barrier 0 0 0 1263.5170049899787 443.1391899666825 1345.6088541694983 467.32017239224956 2.996 1.004 0.616 -36.61826614798271 1.6283139626398713 28.63769492607693 1.8555887750430191 1.0
movable_object.barrier 0 0 0 1490.4984599530255 450.610043322011 1581.8859850512995 474.5966700173132 2.993 1.037 0.637 -38.9911144052581 2.095473820059585 41.80469150143769 1.8729493934568513 1.0
vehicle.car 0 0 0 473.32214152346296 403.6867835886825 559.859973519973 477.2260832249053 4.618 1.745 1.961 -21.428682456707943 0.5235234340518052 -4.467625298528855 1.942519506049595 1.0
vehicle.car 0 0 0 585.6276250221122 419.3394936723269 629.2319208857231 444.4631149939985 4.084 1.62 1.658 -53.67069220420285 0.835540840057667 -4.854963110771186 -2.3497765809253996 1.0
movable_object.barrier 0 0 0 1337.9719800636078 444.5263532108979 1433.3793983736543 471.06428444748576 3.001 1.012 0.65 -33.89966961319505 1.6124700322049903 29.943174091329897 1.8473327364713548 1.0
movable_object.barrier 0 0 0 1144.8015381853932 442.8162832439546 1204.9358085605584 463.7899479351697 2.975 1.014 0.642 -42.44758356151632 1.7913053880689809 26.32264346066437 1.9119121123042975 1.0
vehicle.car 0 0 0 548.0008580878729 409.4432177284224 600.1990239413046 440.8879076320072 4.887 2.192 2.263 -58.3285288967094 0.43636289341301926 -7.721407827288895 -2.3806417476151953 1.0
movable_object.barrier 0 0 0 1199.591319268428 443.67282829116715 1269.4110444688997 466.2367241400846 2.989 1.008 0.648 -39.46017433961915 1.7439525820104498 27.407695926069252 1.8981674926942862 1.0
movable_object.barrier 0 0 0 1413.9938434141582 444.77946229006966 1494.3086944480208 466.86943878412035 2.996 1.049 0.638 -41.85327851732627 1.897235574033419 40.585085338202354 1.8729493934568513 1.0
vehicle.truck 0 0 0 1575.6825357784678 426.88217029352205 1664.7853402733347 466.36424024197464 3.446 2.935 3.977 -62.026691091733824 2.0699124656453565 73.10308296711295 1.8721865122214432 1.0
