vehicle.trailer 0 0 0 405.67701516183394 348.03186641613956 504.67311179766597 431.5605254297163 14.714 3.742 2.939 -43.066032268538166 -1.3459944459979347 -12.456054653856206 -2.3580629648474574 1.0
vehicle.trailer 0 0 0 231.73973385810086 336.69884021945296 316.16754618540364 438.1921602651554 14.65 4.103 3.106 -39.557538954764105 -1.3121210472943883 -19.799039350834978 -2.367270570139196 1.0
vehicle.truck 0 0 0 956.9872649393941 392.0418893745279 1033.375286466492 429.16749707965414 6.835 3.308 2.75 -74.80027377561177 -0.7815685255466127 29.502209947424106 1.89952323452051 1.0
vehicle.car 0 0 0 616.7800946969244 399.2541224359411 714.1103907087665 485.95489516466836 4.618 1.745 1.961 -18.412389310164876 0.46455484668842906 -0.3740974390751423 2.069557835684977 1.0
human.pedestrian.adult 0 0 0 517.7616590950817 395.6640592851285 538.911099401165 438.0746055567111 0.696 1.647 0.716 -31.370729677148752 -0.09318974879684583 -5.917511720869462 2.0765489100625594 1.0
human.pedestrian.adult 0 0 0 491.07913354312234 390.731967852678 516.2694521049692 451.4732414457322 0.943 1.89 0.622 -25.32007673785661 0.056805332639571604 -5.55479215456451 2.0723506244145833 1.0
vehicle.car 0 0 0 582.8104244124337 397.92112324585014 616.5161529766975 416.94669164407577 4.887 2.192 2.263 -94.80581153283228 -1.374272574246519 -9.459066994625552 -2.404148072761454 1.0
human.pedestrian.adult 0 0 0 532.8325789300392 393.18211345853433 555.8509389847577 438.9159845797131 1.069 1.774 0.764 -31.521359140142028 -0.12540594348899797 -5.3106741135329285 2.0723506244145833 1.0
vehicle.construction 0 0 0 1016.2455809483972 391.23373318119354 1060.9641923360277 436.9908355674031 2.445 2.839 1.415 -50.74045571903089 -0.32088532991625845 22.86085315249977 1.639994028928239 1.0
vehicle.car 0 0 0 -67.029868608896 387.0126859366161 24.42861623239573 435.59402012848653 4.384 1.818 1.899 -32.2448016554099 -0.3052560533175652 -28.15663434428476 -2.411799896578808 1.0
