vehicle.trailer 0 0 0 219.13325054273855 360.6458062547898 347.1280931904996 427.1277054588823 6.568 3.835 2.861 -48.41171715750653 -1.4992821231491118 -23.8214277276904 1.609795158030721 1.0
vehicle.trailer 0 0 0 275.8021028909308 365.66619817422384 383.8390396274836 423.4626338318268 6.168 3.643 2.849 -52.54213442638844 -1.5902225078891181 -22.835720858815993 1.6057842918762795 1.0
vehicle.trailer 0 0 0 -61.697722008463415 339.8638045956664 145.81244812525605 435.50023990835547 6.814 4.085 2.826 -36.48310303165553 -1.3843757617564483 -28.80270131630753 1.609795158030721 1.0
vehicle.trailer 0 0 0 839.4476204506825 375.31690810132443 877.0683000288305 421.0253787199076 17.285 4.199 2.808 -82.03794768081849 -2.0748685751127307 18.610949509855597 1.9541243872140308 1.0
vehicle.car 0 0 0 721.0838871881105 394.3256558282494 818.1761493861264 471.8612396173526 4.762 1.751 2.043 -20.55669766954956 0.2724286042565647 2.4621667073166233 -2.2256664622617226 1.0
vehicle.trailer 0 0 0 159.04014977117205 354.5540481899194 278.7095970649665 428.82574697511194 5.3 3.956 2.757 -44.64289697253541 -1.500329740815277 -25.576614132563243 1.609795158030721 1.0
vehicle.trailer 0 0 0 47.779951123341064 347.52462756960773 220.40885288112537 431.30972280259635 6.722 4.014 2.672 -40.54239100026086 -1.4640826325246148 -27.429153718775176 1.609795158030721 1.0
vehicle.trailer 0 0 0 673.0228210490211 319.5297083516301 804.219588505979 448.1147639169187 17.032 4.697 2.864 -37.75582071124755 -1.4290605335097322 3.458834310181599 1.955176152065837 1.0
vehicle.truck 0 0 0 1115.5089249569717 372.0409866725263 1216.7211452116378 430.540205934855 10.891 3.698 3.295 -56.152848279989435 -1.2254568826461054 33.908365886025145 1.9514107510693908 1.0
vehicle.construction 0 0 0 1381.0460886234407 300.10145971324914 1782.293021721458 470.712709580744 7.354 3.463 3.159 -20.171327275635512 -0.7479062635547323 21.81034565048922 -2.261702362161391 1.0
vehicle.trailer 0 0 0 947.7085433829549 380.70671824079596 990.5789461594454 422.71490542974766 9.476 4.022 3.089 -81.3656341896594 -1.7574150316957742 29.673311907525296 -2.381039818572148 1.0
vehicle.trailer 0 0 0 461.3540387440535 335.2699871077049 685.767608673448 451.95407846004935 14.886 3.906 3.408 -34.327695068507836 -0.9777781469100217 -3.61389803207026 1.9319275389110544 1.0
vehicle.trailer 0 0 0 805.4402504538695 380.8971732593208 839.2669308234317 422.26194570440475 12.581 4.001 2.578 -83.62901217834768 -1.8111505444012037 15.141744043905197 -2.251659157764304 1.0
