vehicle.truck 0 0 0 347.19238073428437 342.9256982895564 549.7668704730431 452.2199547014138 6.284 3.55 2.902 -28.192586767507773 -0.7420669730948001 -8.072528848587389 1.6052268800166596 1.0
vehicle.car 0 0 0 529.4665594031117 375.7522652458629 751.9220054311759 539.7201504265579 4.762 1.751 2.043 -11.041270691423799 0.3717237161147624 -0.23012831310759013 -2.208685731443434 1.0
vehicle.trailer 0 0 0 -18.81135313242929 347.12296420100677 312.42676029908387 450.3924985143447 18.858 4.308 3.319 -42.8618224937729 -1.0026235863465933 -26.672031166083926 -2.1714800770326503 1.0
vehicle.car 0 0 0 774.4006858527999 396.888701313038 833.7999335035926 421.13159071302465 4.618 2.0 2.104 -67.67762937862449 -0.8759051299023703 10.611451411145074 2.878837496934265 1.0
vehicle.trailer 0 0 0 -90.75397395427916 346.7522775734715 267.1991512415423 450.5059001301696 18.966 4.37 3.428 -43.2462087770627 -1.0172439190150209 -29.94106151637004 -2.1742019629696276 1.0
movable_object.trafficcone 0 0 0 1361.4823585115885 486.6520991087101 1432.6001640258148 572.6405416944316 0.435 0.738 0.404 -7.655324420418962 1.0437829939386154 6.87409846937623 1.8539626558799496 1.0
vehicle.trailer 0 0 0 198.0827318981969 340.85847351051444 444.017670266054 438.918369382152 17.656 4.063 2.967 -42.02942362477902 -1.3549477341065992 -17.526954741154412 -2.179023186703766 1.0
vehicle.car 0 0 0 1307.4187775899532 388.6322867036552 1441.746944771762 425.70583101935813 5.596 2.178 2.705 -49.080780467331145 -0.7471434131538032 42.588995094030146 2.911404690092816 1.0
vehicle.car 0 0 0 1461.3486938594083 391.8751355666649 1620.5738004239408 446.586223922187 4.812 2.0 2.088 -31.77229144534595 -0.041170341055407844 34.05234283466711 1.9534720417047877 1.0
vehicle.truck 0 0 0 917.9610716181245 389.88222621290794 1002.8489553351253 416.93451653684747 5.925 1.974 2.194 -60.41177630242328 -1.1933755096537815 21.291247412616176 2.8636660808420746 1.0
vehicle.trailer 0 0 0 330.6195339179887 331.06835410895656 545.2439135092277 441.93055090755564 18.107 4.365 2.982 -40.61432127252525 -1.430825646390121 -11.089158155747725 -2.189428944464896 1.0
vehicle.trailer 0 0 0 66.2831092152457 351.0238480020075 357.4317528061791 446.96196486135284 18.176 4.04 3.116 -42.825961239711084 -0.9955113059466392 -23.448629021466605 -2.1714800770326503 1.0
vehicle.trailer 0 0 0 135.17203522709337 349.47459260933573 397.6437416574615 439.52814341631813 17.612 3.784 2.856 -42.464352303992236 -1.1778945616337984 -20.54219042317246 -2.1778090543842232 1.0
vehicle.truck 0 0 0 -242.76177296022598 74.61614469610906 454.33493411893585 715.1713260188053 4.754 3.221 2.352 -6.4484933134790845 -0.14853644203978594 -3.557581742455061 2.133900439193326 1.0
