vehicle.car 0 0 0 550.3773321079627 374.62668125021514 750.4692279091032 524.6942295252884 4.762 1.751 2.043 -11.823287418519755 0.3172145683873512 -0.15046272337694838 -2.2006094510111884 1.0
vehicle.car 0 0 0 1445.460450334302 392.0092414535107 1589.9626265110403 443.7539794406367 4.812 2.0 2.088 -33.45416477584536 -0.09212248494601455 34.91757424662049 1.9386228293156398 1.0
vehicle.truck 0 0 0 932.1851148197645 392.4449323009076 1014.361087429458 418.5136867747326 5.925 1.974 2.194 -62.630500889130104 -1.0771041037142304 23.081918488897635 2.8557426397129397 1.0
vehicle.trailer 0 0 0 385.1167467686062 338.78998941186813 575.0302292814329 439.22051133784237 18.107 4.365 2.982 -43.878335390124896 -1.4523433296722281 -9.903700871987633 -2.206511497728017 1.0
vehicle.truck 0 0 0 399.1499110660691 349.5912461680103 581.2595363762166 448.30851191038045 6.284 3.55 2.902 -31.041839091285038 -0.765495176474748 -7.290690465517473 1.6089450712950049 1.0
vehicle.car 0 0 0 1219.5110464095876 389.6489766201731 1337.1263215575395 424.446764292917 5.596 2.178 2.705 -52.20804361668034 -0.7987964632161261 39.036139568637026 2.891312653016806 1.0
vehicle.truck 0 0 0 153.76844783993442 223.76425982444397 525.6373557629813 600.1585190475417 4.754 3.221 2.352 -9.233814052653837 -0.09243831365643554 -3.3598762529340145 2.1170307813397695 1.0
vehicle.car 0 0 0 792.4336736888371 397.3689105237882 850.1284205990573 420.80423798138605 4.618 2.0 2.104 -69.99477213511786 -0.896570729129456 12.47871639159805 2.858784044752511 1.0
vehicle.trailer 0 0 0 261.1259609254749 347.35622614777253 478.60556612452297 436.84533089468374 17.656 4.063 2.967 -45.201617012818694 -1.367417657190678 -16.348565135662646 -2.196020465406699 1.0
vehicle.trailer 0 0 0 204.2017796620123 355.2252301678741 435.1501598674249 437.33271548185417 17.612 3.784 2.856 -45.71407361487633 -1.1930362370351346 -19.351306441754836 -2.19479625706866 1.0
vehicle.trailer 0 0 0 2.175179676065974 353.3433237361198 313.103840995749 447.4659914751427 18.966 4.37 3.428 -46.69673089032258 -1.0197219065582541 -28.72204108861492 -2.191159072799918 1.0
vehicle.trailer 0 0 0 142.43274232390482 356.8935838653174 397.43537367942486 444.2229666901871 18.176 4.04 3.116 -46.14838140201185 -1.003399860537086 -22.248330913646967 -2.1884143216248724 1.0
vehicle.trailer 0 0 0 66.31777995930223 353.5572936286543 355.069035239441 447.32850215808 18.858 4.308 3.319 -46.245092953684086 -1.0078627613264857 -25.4858098646658 -2.1884143216248724 1.0
movable_object.trafficcone 0 0 0 1212.3702712161953 468.14058231386167 1255.702221030508 531.6322249592474 0.435 0.738 0.404 -10.106029850058656 1.0098151635318457 7.019906783082877 1.8407269425466595 1.0
