vehicle.truck 0 0 0 1092.584191310485 369.8176797843592 1203.8286493541282 431.52191746888917 10.891 3.698 3.295 -53.52023708163323 -1.2026349847456812 31.065655170140925 1.9790233524753882 1.0
vehicle.trailer 0 0 0 103.62888808758188 353.8734847991162 258.89008945282694 430.22027093490146 6.568 3.835 2.861 -42.60314818867655 -1.403946767679797 -26.323666525356973 1.618299068483446 1.0
vehicle.trailer 0 0 0 175.1791001179997 361.86275599953535 303.4753238495815 427.2900757266659 6.168 3.643 2.849 -46.807163803035714 -1.40927583464856 -25.59442355125986 1.6135762967942764 1.0
vehicle.trailer 0 0 0 768.7607328094762 379.7298814629496 802.8033995623982 423.2186182708985 12.581 4.001 2.578 -79.86506795563037 -1.7364332344165239 10.809974247270384 -2.2188053593516273 1.0
vehicle.trailer 0 0 0 804.8222029474944 372.8958073978908 841.7470360639725 420.95357311637684 17.285 4.199 2.808 -78.4956462602734 -2.0883271477701655 14.376649575083505 1.9818072196140797 1.0
vehicle.trailer 0 0 0 915.957049582381 379.8211162327117 958.1706568257857 423.55305202495845 9.476 4.022 3.089 -78.38327140201419 -1.6930043721657215 25.44194694091685 -2.3466823277474527 1.0
vehicle.trailer 0 0 0 -272.4203342019883 328.26200505922105 5.022343064120844 445.09258408859984 6.814 4.085 2.826 -30.443744608841314 -1.1759363421952898 -30.555906692048765 1.618299068483446 1.0
vehicle.trailer 0 0 0 369.06858630596025 320.04972485042913 642.2833571736875 461.8036391553827 14.886 3.906 3.408 -29.6298199001184 -0.898740253735438 -5.277493274726101 1.9590201937461442 1.0
vehicle.car 0 0 0 713.2220503966316 393.0664906921393 813.2455255298121 474.5710217655524 4.762 1.751 2.043 -19.671160611632562 0.27326939948958123 2.2092526504807823 -2.2162708099936346 1.0
vehicle.construction 0 0 0 1451.1461649072514 294.6618215390285 2021.73291343887 509.2599228329305 7.354 3.463 3.159 -16.809109727906655 -0.33787976157514243 20.85683271980602 -2.2287163903129867 1.0
vehicle.trailer 0 0 0 627.2563175268758 304.3494923494545 772.9615791693168 455.56241244332665 17.032 4.697 2.864 -33.429654329773584 -1.3542197211151383 1.6117338054331325 1.982886065755924 1.0
vehicle.trailer 0 0 0 27.76963306540006 346.0318122081056 177.00061486457042 432.51551803820803 5.3 3.956 2.757 -38.749161658065354 -1.4044625931281278 -27.78439530093156 1.618299068483446 1.0
vehicle.trailer 0 0 0 -123.60025772989103 341.70992825313186 99.0257818617337 441.70129539840593 6.722 4.014 2.672 -34.487369992795266 -1.141597047990103 -29.527278689748407 1.618299068483446 1.0
