vehicle.truck 0 0 0 499.88991856225823 397.75829599007994 539.7689183050403 437.5596055598619 3.263 3.093 2.805 -66.70163670343698 -0.09643691609157634 -13.260819311894664 2.099282189275666 1.0
vehicle.truck 0 0 0 1256.8032540794914 279.4755071864607 1772.441815664942 516.3715651017018 7.251 4.036 2.484 -15.884903074932224 -0.3492679936330642 16.18289916549579 -3.0951200686382396 1.0
vehicle.truck 0 0 0 934.4185043015257 350.236913243943 1199.2372124004723 451.9676985517821 9.822 3.756 2.635 -33.898740240191785 -0.7079144875062122 16.26563534831256 -3.130679414836411 1.0
vehicle.truck 0 0 0 34.2141912522596 365.7857952527887 204.26191180320563 486.9849878284322 3.767 3.652 2.523 -26.312299805429284 0.25712309808185535 -18.316876199986087 1.5374123796375496 1.0
vehicle.truck 0 0 0 120.34354796632772 379.4093373720933 267.6433751639114 467.8764944514953 3.736 3.035 2.988 -30.23503730633289 0.20339885922572315 -18.23250674363927 1.537408553937353 1.0
vehicle.trailer 0 0 0 732.2084211546104 364.8526171665531 780.3106472492284 432.57250504920705 17.005 4.468 3.22 -65.56023060876052 -1.3257784835654767 6.084724940917595 2.0127783507135018 1.0
vehicle.trailer 0 0 0 281.6920005762979 381.0126842244377 463.92920991698327 438.93960008071616 14.392 4.325 3.274 -69.5469690853943 -0.7675558093220759 -26.451960243115593 1.5375032505354094 1.0
vehicle.car 0 0 0 1195.5866823026201 393.4970160943255 1469.593029107071 487.70121883753006 4.903 1.958 2.105 -19.394643860228527 0.5191815756078637 15.716106957212936 3.1384384851287184 1.0
vehicle.car 0 0 0 573.636112570427 409.5794564878467 600.915101405209 432.48470332625584 4.105 1.777 2.023 -69.48807619102533 0.1836396347639706 -7.951264800669611 2.0789198838212712 1.0
vehicle.trailer 0 0 0 47.16312166919786 365.7317047849811 352.56570580680574 463.92190365137714 13.911 4.406 3.04 -41.92277324183847 -0.19326830091704855 -24.834240596647657 1.5374032651637153 1.0
vehicle.trailer 0 0 0 -224.69298001592847 351.4985825929886 143.18791702152117 484.7880872389718 10.876 4.301 2.729 -29.753538381604404 -0.01909780055905519 -26.473718731076104 1.5374123796375496 1.0
vehicle.truck 0 0 0 886.258959701001 379.20508291978103 1033.2001948098857 444.53674107646054 7.015 3.294 3.263 -45.422976784563225 -0.3633978876866539 15.839450667893525 3.132466774902799 1.0
vehicle.car 0 0 0 1126.2954403952613 396.5100238027409 1332.2225411846432 480.450120586239 4.422 2.134 2.016 -23.09086082454646 0.5648663309108906 15.7812073091365 1.5382167032114316 1.0
vehicle.trailer 0 0 0 235.68220853158195 383.16437867295775 438.2999877380067 445.27121283107056 14.095 4.108 3.014 -61.64793019068779 -0.34924254924205045 -26.181546566768525 1.5374837935533536 1.0
vehicle.trailer 0 0 0 -420.0453591101526 332.2172312080666 81.87328104780762 500.8497948688977 12.118 4.613 3.252 -25.740479958050045 -0.07177335815498903 -26.739599107883425 1.5375056575126234 1.0
vehicle.car 0 0 0 1005.2375054545327 403.3231115404128 1156.940514110746 458.2476659963673 4.523 1.733 1.751 -28.788222443806866 0.4298752772857272 14.426980594431996 3.1395801401428205 1.0
vehicle.truck 0 0 0 893.7242787701654 381.98550102465174 1042.1143209166112 442.49680849508155 6.678 2.778 2.563 -41.67013025691323 -0.3245932088833084 14.97440492528299 3.1409011988304947 1.0
vehicle.trailer 0 0 0 137.01490203045256 368.381449660963 397.736740103021 450.3645041189124 14.332 4.381 2.996 -49.64535045630227 -0.567971497000779 -25.301683300612744 1.5374837935533536 1.0
vehicle.car 0 0 0 1088.5341774185063 406.71736997422266 1258.3370120831084 460.77816270046105 4.355 1.533 1.791 -26.313823640103212 0.49287475700186056 16.189639559117236 1.540085935286358 1.0
vehicle.car 0 0 0 642.710888646302 398.71232765208293 728.1651070768964 470.6773635809373 4.854 1.72 2.074 -22.46358599505344 0.46865670652192437 0.11470489167086403 2.0884440269466698 1.0
vehicle.car 0 0 0 817.6815305147613 395.89678369696225 931.0255503983955 437.0329670806996 7.069 2.504 3.234 -56.58191745495901 -0.1607244286714712 13.742121036291667 1.5374034941814472 1.0
vehicle.trailer 0 0 0 475.78190317856587 376.88128467145526 534.2453513665395 436.5530200268689 11.002 3.741 2.762 -59.112402465589746 -0.7304585587109682 -12.683887565690656 2.1044120941926776 1.0
