vehicle.truck 0 0 0 1040.2273722877994 408.4828412022568 1278.8873229960216 478.5243855473246 5.843 1.984 2.293 -23.964700179721273 0.733419834369867 14.283209294509305 3.0918877107022045 1.0
vehicle.car 0 0 0 928.9353971066873 416.3567974500015 1016.4956013325508 446.76821297880656 4.391 1.752 2.049 -47.230141881027976 0.7469703203914063 17.32643535042951 1.5335694066074295 1.0
vehicle.car 0 0 0 1296.4086565997156 430.6044154514694 1613.7940717314575 505.6778982613662 4.882 1.544 1.919 -17.568929262368464 1.0504736513595176 16.853902051311895 1.5346494986820698 1.0
vehicle.trailer 0 0 0 360.28162918270004 383.0924578633461 500.5840411430332 425.0018799188072 14.332 4.381 2.996 -87.48778118976426 -1.614205396661382 -27.059502732716755 1.53493369496148 1.0
vehicle.car 0 0 0 954.6669068627046 419.29598052103313 1064.0088253597073 453.21718706420864 4.208 1.511 1.91 -36.63630602665729 0.7963643598836024 15.09332919094816 -3.128365662567065 1.0
vehicle.trailer 0 0 0 394.83116717716763 388.1319072853768 515.0238522159659 422.6056578130775 14.095 4.108 3.014 -99.6675209569707 -1.6922093594413385 -27.828302176605 1.5344435418896865 1.0
vehicle.truck 0 0 0 844.698383157312 379.46231417606634 961.9742047100918 440.6298146532046 7.251 4.036 2.484 -54.35671120632085 -0.5798361675572192 15.177104944155898 -3.1295994230464856 1.0
movable_object.barrier 0 0 0 349.5487598523781 420.89213642617636 413.98239721453945 454.88957588739964 0.657 1.161 1.972 -27.64863458538028 0.6499047972697278 -10.280530008238907 2.109091217514999 1.0
vehicle.truck 0 0 0 793.7912069747924 390.48828175017684 908.8724532980241 433.3146405987042 9.822 3.756 2.635 -72.37581698735073 -0.6301923560954064 15.538287870564135 3.1188959125853595 1.0
movable_object.barrier 0 0 0 203.16804567026873 431.5751320151759 330.40580603889185 494.1960449930628 0.613 1.14 2.018 -14.923641566767303 0.8077050776774461 -7.676327491583273 2.033501530747781 1.0
vehicle.truck 0 0 0 416.5808847006738 396.1016904042509 469.7206222763613 433.1498334993167 3.736 3.035 2.988 -68.21189901845932 -0.3593942336810436 -20.102763664501875 1.5340412026459536 1.0
vehicle.trailer 0 0 0 342.9672601661685 379.7745123176952 493.0115883802667 425.775375848884 13.911 4.406 3.04 -79.84343331692872 -1.596697774080405 -25.92951420081681 1.5339280602152643 1.0
vehicle.trailer 0 0 0 271.71762571704255 384.1248383592911 415.312741242579 436.6164667028275 10.876 4.301 2.729 -67.63593048505128 -0.7010496407310199 -28.274311426790163 1.5340802532713678 1.0
vehicle.car 0 0 0 1412.942923029312 433.88473726230416 1956.7372630864622 569.9567833722228 4.537 1.623 1.966 -10.624253631272909 1.02913057740912 13.012798713459565 1.5337825397008995 1.0
vehicle.truck 0 0 0 400.0858576984945 386.3432121676004 456.33421060563614 433.2899971215133 3.767 3.652 2.523 -64.22198400325445 -0.7210924549281499 -20.130666499300613 1.5339471263492843 1.0
movable_object.barrier 0 0 0 292.83592430269806 423.50894815379723 358.1514890852809 457.4932020599449 0.653 1.161 1.948 -27.643156386302003 0.7387071367389433 -12.228041788393165 2.098593465886241 1.0
vehicle.car 0 0 0 752.7827483368895 407.36752164485495 816.6502395054265 429.44611778200516 7.069 2.504 3.234 -95.18986243890804 -0.07614642334822141 12.548128135920281 1.533947310050893 1.0
vehicle.car 0 0 0 1043.7488031217094 419.9481121252744 1171.0673726772543 457.5879290916951 4.351 1.497 1.76 -32.84717563154623 0.8149468130077857 17.57676925289484 1.5360070670783559 1.0
movable_object.barrier 0 0 0 410.2144866263672 421.26301783510195 472.7999176049159 454.9309070053052 0.645 1.156 1.979 -27.774476192548008 0.6595976124422962 -8.249775483625216 2.098593465886241 1.0
movable_object.barrier 0 0 0 -25.663657021401335 436.58399299695895 110.29377782267646 498.60988048817745 0.551 1.102 1.92 -14.580413257237758 0.8728089947837312 -11.597369420396939 2.0101086229899856 1.0
movable_object.barrier 0 0 0 95.211720368737 433.7162336949965 222.96165252603316 495.4920876593182 0.552 1.123 1.945 -14.886470458697875 0.8373218848020014 -9.667228582411525 2.0240952396270284 1.0
vehicle.trailer 0 0 0 544.6673155484451 390.69014226685164 572.4760376745897 426.1174925805242 11.002 3.741 2.762 -97.03998951244218 -1.1955623084566753 -14.54438994357809 2.1312196824956544 1.0
vehicle.trailer 0 0 0 236.01305882686836 370.74415371564817 408.34240130665887 431.3670939209705 12.118 4.613 3.252 -63.74896999603735 -1.3781449456034507 -28.26971741285763 1.5346476670743021 1.0
vehicle.truck 0 0 0 -103.53405298328029 310.5977204134018 359.2915223728911 496.26237583441775 7.52 3.493 2.828 -16.45270946504564 -0.24949469007546285 -10.94046505202986 1.533343239438742 1.0
vehicle.car 0 0 0 1215.4493823127239 433.3394673092663 1456.1426230532268 492.54649740260413 4.824 1.472 1.897 -20.940834237551282 1.1245953430392626 17.10441515108942 1.5339927432842133 1.0
vehicle.car 0 0 0 384.9650273241924 317.2761020169656 938.400812786067 777.5000253583062 4.854 1.72 2.074 -5.448461261861961 0.5630183693850525 -0.11598751216985136 2.0591512153046185 1.0
vehicle.car 0 0 0 861.3282177150415 410.51788223833245 937.3254487239996 438.3318762220796 4.903 1.958 2.105 -58.16169778006879 0.39656219530279 16.00975817966363 3.103859586920292 1.0
vehicle.car 0 0 0 969.7313913696655 413.69590300818146 1095.9612672843773 451.53971228195564 4.914 1.776 2.796 -39.00144151783413 0.6828108368089263 17.173350754723966 1.5334681108995643 1.0
vehicle.truck 0 0 0 782.7016570469592 397.5711661023774 855.9076398965215 430.3095480080887 7.015 3.294 3.263 -83.89915378026798 -0.5225646209631247 14.677613467766685 3.110445559353071 1.0
