vehicle.trailer 0 0 0 539.1107185101346 395.1461572660361 574.6526797506309 438.4248733495961 11.002 3.741 2.762 -82.20850549202225 -0.11096235228416762 -12.45677607913527 2.092090117957147 1.0
vehicle.car 0 0 0 910.6833010448322 408.7130453896761 1001.8971045994091 450.46950456715183 4.422 2.134 2.016 -45.8866778214645 0.619663121709807 15.88128528869764 1.5220707409323193 1.0
vehicle.trailer 0 0 0 317.84837201600016 389.0146320600341 488.84733441729986 445.35929267992964 14.332 4.381 2.996 -72.65074956288595 -0.15284644737093622 -24.90089237245406 1.5215845133051111 1.0
movable_object.barrier 0 0 0 140.5946819476739 457.0196361161238 290.75915297714903 537.7416103717991 0.645 1.156 1.979 -12.684858600573074 1.2234927088798473 -7.333135127347914 2.0597549191982694 1.0
movable_object.barrier 0 0 0 -133.86753323044528 462.5509830594811 33.59238121490262 545.2086428625631 0.653 1.161 1.948 -12.490953646652994 1.302747407492109 -11.370004528454784 2.0806137715491175 1.0
vehicle.truck 0 0 0 833.3412229219556 383.45290689195355 984.2131803495816 443.95401751712967 9.822 3.756 2.635 -57.01715901516652 -0.3538114175453604 16.2916384513134 -3.125342523281855 1.0
vehicle.trailer 0 0 0 173.75102011658203 380.7806840521116 362.36941953885093 454.79916074887365 10.876 4.301 2.729 -52.780967521720726 -0.04938396633047437 -26.999544595096964 1.5215485185834465 1.0
vehicle.truck 0 0 0 365.830524521428 398.6936666733121 437.546136090676 448.55215484483375 3.736 3.035 2.988 -53.219152199011326 0.33347455133946946 -18.42452427185373 1.5215490457428995 1.0
vehicle.truck 0 0 0 821.3932232543689 400.81541133979937 913.2334810378392 440.00969198987184 6.678 2.778 2.563 -64.82592377839613 0.12111648071725178 15.224761999237108 -3.1379838245092024 1.0
vehicle.truck 0 0 0 338.34308978391414 386.46341164390816 415.2848222394802 450.01438593287304 3.767 3.652 2.523 -49.41961269369869 -0.019251494069513764 -18.65139182012642 1.5215485185834465 1.0
vehicle.car 0 0 0 869.1220945650808 416.6736965284047 948.039633068243 447.21787639740626 4.523 1.733 1.751 -51.92320590412634 0.8402217729245366 14.894530208341148 -3.139314969080626 1.0
vehicle.car 0 0 0 1176.2430526595288 418.211116632156 1418.8157503265932 489.14252230779397 4.914 1.776 2.796 -23.85232142839338 1.0374509506239884 18.25064990249947 1.5234963756628526 1.0
vehicle.car 0 0 0 1389.6063997123908 421.64531482453447 1666.432925760373 503.00212551614317 4.351 1.497 1.76 -17.479667619737896 0.9306839517981574 18.471326686484186 1.522187203845779 1.0
vehicle.truck 0 0 0 820.6595037275956 400.09753122231683 913.9737701261836 443.5719758047564 7.015 3.294 3.263 -68.66083421833144 0.2597996523765731 16.110389401463518 3.136702634299599 1.0
vehicle.car 0 0 0 780.8255496204098 408.6380011935128 859.1825800902243 438.14610711461927 7.069 2.504 3.234 -79.77306543525975 0.44036605387814176 14.017256305797588 1.521555038301221 1.0
vehicle.trailer 0 0 0 360.2159337331543 397.17651936331106 503.0441007239976 442.6784230191155 14.095 4.108 3.014 -84.90863478214146 0.10101444628987277 -26.156534677501465 1.5215845133051111 1.0
vehicle.trailer 0 0 0 281.0848771538691 383.9091227061183 468.29148508203514 447.1713422682775 13.911 4.406 3.04 -65.02653296455644 -0.2569039526565685 -24.597407121823778 1.5215571897525946 1.0
movable_object.barrier 0 0 0 4.384236549250403 459.82180066060056 163.0246321150002 541.4542856274784 0.657 1.161 1.972 -12.620569495245292 1.2664415148727564 -9.378677429770331 2.070155280816386 1.0
vehicle.trailer 0 0 0 125.85609377497303 370.0337252366032 356.2018966550899 456.0938358095277 12.118 4.613 3.252 -49.0676801562837 -0.3191171647097069 -26.65476648764515 1.5216284885433362 1.0
vehicle.car 0 0 0 630.1772492866394 403.38423803526763 767.3495302292209 519.0229892072967 4.854 1.72 2.074 -14.937454546762254 0.7740359385594882 0.31597482838064905 2.0941413638150284 1.0
vehicle.truck 0 0 0 927.6068563377414 363.970762209469 1102.5894764259458 456.1252063898114 7.251 4.036 2.484 -39.0340665159156 -0.37862170592839683 16.280079343280896 -3.0904607701163576 1.0
vehicle.car 0 0 0 1178.4916270567724 423.7075808209073 1396.2533847037723 490.3500101059178 4.208 1.511 1.91 -21.298767501845152 1.0097477135032218 16.09172797828293 -3.089220387317953 1.0
