vehicle.car 0 0 0 866.6769488685762 416.09733225345923 994.1441002652256 462.9008300964089 4.692 1.816 1.737 -33.03014107964394 0.8150688410327468 10.340962172661099 3.106531538265086 1.0
movable_object.barrier 0 0 0 787.1822734887289 418.48955695559783 837.2360830973862 433.1963573577047 0.495 0.883 3.185 -51.52400404101537 0.418132872819134 8.581993269253415 1.8459503575622032 1.0
human.pedestrian.adult 0 0 0 1425.7295005040078 340.5149608140343 1487.8298471887388 427.6658876554554 0.73 1.95 0.704 -18.280452370937073 -0.7924325008194877 17.7977354984493 -3.0004556959074273 1.0
vehicle.emergency.police 0 0 0 1121.6512172086625 417.48060656741234 1532.841160444972 543.523080544269 4.898 1.741 1.957 -12.341975559776005 0.8842098716570371 9.817042388316827 1.5762049165644507 1.0
vehicle.car 0 0 0 628.285224105592 393.0349873450248 686.0390379573681 455.8322454404714 4.963 2.138 1.96 -30.041979313585088 0.17052255726342536 -0.805939609804808 2.0752163413525055 1.0
vehicle.car 0 0 0 909.0881706668251 413.97961875923033 1046.204383285894 460.55301958194167 4.121 1.52 1.737 -27.94154757217312 0.6106451630214236 10.38934683546168 1.5754226464965289 1.0
movable_object.barrier 0 0 0 888.7198290337014 424.9177750818129 964.7802771431205 440.9378521811243 0.545 0.941 4.714 -51.017552277447855 0.8726182860604862 15.827149141995546 2.1268491421810927 1.0
vehicle.emergency.police 0 0 0 1326.1340361013802 427.3767297557693 1996.1310733292 613.5293360175201 4.953 1.716 2.087 -8.698313488911882 0.9991389578726367 10.327350156716154 1.575732127940932 1.0
vehicle.car 0 0 0 1042.119152990113 415.7814879313508 1154.9973849576484 454.75421854585136 5.3 2.051 2.043 -44.493618939049966 0.8753558557350496 23.337066005839905 1.5781126545681747 1.0
vehicle.car 0 0 0 1111.7895812470756 419.31743476283026 1250.6412527383586 463.69683150083847 5.476 2.0 1.864 -38.65174029612533 1.0501560256872429 24.233291324566057 1.5743294771965104 1.0
vehicle.car 0 0 0 849.7762980493412 413.1597177143974 957.4773240893638 455.33327860823476 4.634 1.918 1.78 -38.4408495439543 0.7059286046913648 10.769116727759695 3.0818992622763606 1.0
