vehicle.car 0 0 0 653.248963466701 399.9860814772761 690.7189353036025 438.40113018226924 5.218 2.451 2.384 -53.645669515933825 0.022311560124196217 -0.41104859181104647 2.096353263657967 1.0
vehicle.truck 0 0 0 -313.9658430399229 380.8873810404535 40.86564056574425 494.29559254588577 5.154 2.067 2.396 -17.163746177808697 0.36225084040194067 -16.95809744763086 2.075024477790736 1.0
vehicle.car 0 0 0 407.92906394271597 397.3435514107707 482.22662266405615 435.8890384803973 5.17 2.0 2.45 -44.1003048727826 -0.11163503838561972 -12.80674672213141 2.1042570163815775 1.0
vehicle.car 0 0 0 193.16232424716918 393.6239680886679 409.3191358093802 489.72673601130026 5.144 1.874 2.364 -18.19769500979115 0.4626786371100398 -8.26861725198679 2.0730040706139743 1.0
vehicle.truck 0 0 0 321.5779369622245 362.9657208735206 440.9337819825048 435.8386288229401 8.911 3.595 3.102 -43.884412394662576 -0.9370325336703195 -16.038999715427163 2.0814395342914125 1.0
vehicle.car 0 0 0 471.1306702716403 407.9991597724613 525.62344219811 440.8243284671752 4.83 1.74 1.972 -44.844014157806754 0.2988398372349186 -10.066245330806636 2.0855650591579824 1.0
vehicle.car 0 0 0 520.8029551631648 397.7081773850148 650.511591832834 505.42083140307847 5.245 1.909 2.173 -16.807048690875916 0.6010793688237558 -1.7508491483221473 2.0799232353484323 1.0
vehicle.car 0 0 0 539.9968176390346 415.6951826972078 570.5896275764223 436.2903067287188 4.548 1.673 1.741 -67.27584648250702 0.5721028885055586 -10.385003642598488 2.104441233061663 1.0
vehicle.car 0 0 0 499.3920104626469 406.3386384213245 534.9466165909776 430.737176075629 4.75 2.0 2.016 -67.95465929434933 -0.03450262591591213 -13.726515563324222 2.0847869285814316 1.0
vehicle.car 0 0 0 -64.74639608396956 388.1393849237871 198.89659977948253 487.98169136930875 5.157 2.0 2.073 -18.61630454215247 0.4018065948299402 -13.851073221708797 2.0730040706139743 1.0
human.pedestrian.adult 0 0 0 893.93313748951 407.5071095469237 912.2668430256815 446.845029603883 0.745 2.0 0.71 -40.98837555390359 0.40732390238327043 11.504213430279234 2.1142016658868563 1.0
