movable_object.barrier 0 0 0 1009.8321325428893 487.60303130794176 1049.7875269458968 507.9691921654733 0.371 1.045 2.113 -45.80669653833636 0.9044775654576441 11.34862009346077 2.0321914368495655 1.0
vehicle.car 0 0 0 -286.295276462704 519.6211447990067 298.3029646411854 725.9793289861419 5.078 1.556 1.954 -9.762295310095874 1.371821209521991 -9.003563868364138 2.0827306153241354 1.0
movable_object.barrier 0 0 0 972.9802905626574 486.94235066259415 1009.3761891654322 505.6151508802784 0.364 0.998 2.106 -46.810795350811695 0.8450274792214016 9.356405932776237 1.7195976382417708 1.0
vehicle.truck 0 0 0 282.11010190867734 420.9870720434546 567.5337498238928 593.8948799307567 7.696 3.146 2.836 -19.221149617114154 0.5252130055796146 -8.928040708878212 2.063717196607569 1.0
vehicle.motorcycle 0 0 0 526.055407878163 483.27274566618496 602.4296834498365 566.5698575636519 1.894 1.674 1.007 -17.694503700071213 0.9025475935786379 -5.749216263792211 2.072397828266112 1.0
movable_object.barrier 0 0 0 148.49907400468533 546.652534981514 257.86583858147156 616.9070275910309 0.327 1.008 2.108 -14.535946993375466 1.7502114776653896 -11.174361282149107 3.1198668383050823 1.0
movable_object.barrier 0 0 0 951.909410630964 488.02632182028987 977.3283769380052 505.3630379567326 0.345 0.998 2.112 -48.58640360282879 0.9050997889473034 8.11539519431606 1.5950167067026575 1.0
vehicle.construction 0 0 0 1031.390542956674 457.4845997207289 1105.0790366679782 506.94949200748937 2.612 2.901 3.869 -51.883024090432635 0.03998188630781374 15.26075553339229 -2.1418599596294206 1.0
movable_object.barrier 0 0 0 240.64539874157498 539.5499070935563 326.78176773693184 598.641895923029 0.35 0.999 2.111 -16.722928726022918 1.7656182842593469 -11.217064108483163 3.1198668383050823 1.0
movable_object.barrier 0 0 0 310.5325501476208 532.1308483486755 379.98304942305344 585.4999783567413 0.35 1.051 2.11 -18.893275934420643 1.7635510792593434 -11.25411436709973 3.1198668383050823 1.0
movable_object.barrier 0 0 0 1048.3994904974807 482.0575645902544 1088.5312898631682 501.35880274772296 0.34 0.982 2.106 -45.68676689917227 0.5603691713542894 13.501813836428923 2.0353985411833033 1.0
