movable_object.barrier 0 0 0 1131.9537646403612 493.7175623709507 1190.2578304620156 521.5823424013726 0.53 1.11 2.267 -33.7378573114566 1.086663261476645 13.809106830938024 -2.7240537663995585 1.0
movable_object.barrier 0 0 0 -582.694608897196 602.1069043865623 497.1276594906371 1613.815602097429 0.513 1.079 2.422 -2.354729312454927 1.0593115333520908 -1.735603197919062 -1.5539833194807162 1.0
movable_object.barrier 0 0 0 1056.0557358685853 494.1679333730783 1117.111126688698 526.300363382199 0.689 1.181 2.155 -32.01799286983296 1.1203990779659456 10.16672104726211 -2.1489309650433457 1.0
movable_object.debris 0 0 0 1425.2560430921385 486.0182139545227 1504.7064512910088 541.2817239644294 0.929 1.182 1.085 -18.316037666515328 0.70863614134502 14.360784576859672 3.04834528867819 1.0
movable_object.barrier 0 0 0 1315.351001844396 482.13289282243977 1390.0904454388392 512.5783323064796 0.898 1.179 2.444 -33.96666801685434 0.6548408077914736 21.93536870400045 -2.309915664988173 1.0
human.pedestrian.adult 0 0 0 1282.745942698599 448.25670166475845 1396.9108818301913 601.6877808446959 0.939 1.905 0.94 -10.64219536966105 0.5561443235024475 6.674097992348604 2.950887520212979 1.0
movable_object.trafficcone 0 0 0 398.19077264840536 620.6608381849147 507.9956310583256 773.7767351161289 0.407 0.751 0.409 -4.592048930306961 1.2029941103988626 -2.1212367605509495 -2.0541842176280216 1.0
vehicle.car 0 0 0 1152.7331739126785 479.3245644445653 1241.959979002965 519.9596709016744 5.261 2.0 2.433 -44.22417601482831 0.9622915991544381 19.971764191276094 -2.110996758579475 1.0
movable_object.trafficcone 0 0 0 448.5925749040342 606.1032171895799 546.8668616580334 743.8203242605177 0.411 0.749 0.417 -5.033695587824786 1.1839297652027512 -2.05011868517217 -2.0541842176280216 1.0
movable_object.trafficcone 0 0 0 1311.0088539803312 499.76671351342554 1331.1569608088846 520.9623574404751 0.458 0.81 0.464 -31.8547008465439 1.121924482919879 19.359369381026973 -2.0522406874741828 1.0
movable_object.barrier 0 0 0 1348.1580528109816 484.759135653317 1408.8411879106677 510.72767821523036 0.557 1.105 2.298 -37.310345454429914 0.7358571425876088 25.311241264827437 -2.1530441710149653 1.0
movable_object.trafficcone 0 0 0 1237.7511906058676 499.23682955442194 1256.1261004954881 519.1955427032216 0.448 0.768 0.445 -32.062066370231484 1.0840237479262576 16.548032852990325 -2.0522406874741828 1.0
movable_object.barrier 0 0 0 1382.802747844573 479.9768236017698 1457.828343676077 510.76729765146877 0.706 1.171 2.339 -33.23104093410701 0.5612630638085347 24.23949804085626 -2.318999735468128 1.0
human.pedestrian.construction_worker 0 0 0 71.59176492175914 514.5018217414324 126.97988258297694 578.4888510771005 0.777 1.61 0.789 -21.39207913047976 1.6915947807985565 -19.280395325532204 -1.5630380183819925 1.0
movable_object.barrier 0 0 0 997.5237497293066 499.63534019367563 1025.9594727388398 523.0554816506875 0.563 1.12 2.2 -41.890165715296845 1.5199782671648217 9.460959202979305 2.669789495684997 1.0
movable_object.barrier 0 0 0 124.76018062068943 534.3072862486723 205.9387128416726 569.2214970551288 0.554 1.014 2.23 -26.10699077149967 2.253270754940009 -21.407857033165314 -2.0265566658533354 1.0
movable_object.trafficcone 0 0 0 145.2244614897907 557.6130965967317 183.4023604067939 594.7934079929279 0.467 0.804 0.494 -18.946347009431697 2.2050956572244558 -15.561987972647916 -1.5547212055376711 1.0
movable_object.barrier 0 0 0 903.7608796035134 503.4567578756796 921.437662444914 527.7905975073571 0.498 1.105 2.273 -39.129288913704876 1.619208059301688 4.0193575329942615 -3.1414728287200937 1.0
vehicle.construction 0 0 0 -308.3443475414151 425.4461642632373 113.82175451930327 603.0682505812524 6.777 3.873 3.408 -21.598028446956878 0.7860222469285036 -23.857895108704465 -2.056348049874943 1.0
movable_object.debris 0 0 0 1382.6978305391306 483.76184457724145 1456.2296234145808 535.0151111193206 0.939 1.192 1.197 -19.930347905667624 0.6688714352905571 14.507557257969573 3.045883508401115 1.0
vehicle.truck 0 0 0 1181.6784666383091 461.9703957857858 1322.973645319358 519.6758973176454 5.077 2.199 1.953 -34.22908509353874 0.41141474606679185 17.775014508702 -1.6156427835331755 1.0
movable_object.barrier 0 0 0 -444.8384765741962 605.5397530497224 330.50543482600096 1185.6102184297758 0.437 1.028 2.021 -2.8516061621744657 1.0964950501523405 -2.6485373589028205 3.085398397648433 1.0
movable_object.barrier 0 0 0 181.52763857355177 531.8931963973312 259.827648721359 569.4522090564626 0.581 1.101 2.269 -25.87002301151081 2.2000449827021535 -19.45033352171133 -1.9687544286816125 1.0
human.pedestrian.adult 0 0 0 1009.8902447032698 485.10031482227805 1032.5436524256438 526.9447528005844 0.854 1.78 0.847 -35.34107569763582 1.0518104909642874 8.388930810677685 -2.282839763682711 1.0
movable_object.barrier 0 0 0 1009.9428284855261 497.0325897487275 1038.0201561595259 521.0803299796637 0.519 1.144 2.288 -41.53790718960303 1.3885846435966234 10.010494139777487 2.670950628733573 1.0
movable_object.debris 0 0 0 189.107058341288 532.3382779028049 258.04573242552107 584.1960270441083 0.988 1.204 1.298 -20.982118332581415 1.9588470552968467 -15.672018631510054 -1.5653843754801073 1.0
movable_object.barrier 0 0 0 1106.9126840903207 494.4918476997017 1172.0010158590012 523.2860720501757 0.702 1.041 2.256 -31.93400646565113 1.0639618783552058 12.228241633240506 -2.107090938602452 1.0
movable_object.trafficcone 0 0 0 1406.2850299302117 502.40580193861877 1435.1034486962228 532.4455682332548 0.409 0.734 0.408 -20.480013705651768 0.8986259694525398 14.965149174812202 -2.0106516019955283 1.0
movable_object.barrier 0 0 0 57.44808266618732 535.8741491000847 145.3010339807902 573.0455555080836 0.581 1.073 2.233 -26.24527342988666 2.349025515863169 -23.58756410801507 -2.0940453251881737 1.0
movable_object.barrier 0 0 0 910.4412916640904 503.4272777465965 942.7137982834049 525.5322498692261 0.452 1.112 2.3 -42.449880446753816 1.708822067898646 5.08845678007384 -1.598752715590983 1.0
movable_object.barrier 0 0 0 916.5441432612598 501.87440320440277 963.8021854535291 527.8069695102783 0.73 1.118 2.096 -37.783483759769695 1.5387599989832743 5.167752759923168 -2.142933717768754 1.0
movable_object.barrier 0 0 0 101.66120408181595 542.3961567824645 208.38168355078122 596.4063156963805 0.537 1.055 2.215 -19.170629744750713 2.0392920281557503 -15.900954654233967 -1.556676077751221 1.0
vehicle.motorcycle 0 0 0 1449.75889063544 455.3396610485504 1623.310766153668 551.373427517656 2.41 1.726 1.005 -15.787438605968916 0.4158189373817302 13.7426147975375 3.1084688589590623 1.0
movable_object.trafficcone 0 0 0 1213.4441378526137 499.79194264545873 1231.2660889337888 519.1459486584617 0.445 0.746 0.44 -32.14102522230921 1.0968565341383967 15.612458259878448 -2.0522406874741828 1.0
vehicle.construction 0 0 0 920.7128007168645 467.22592436431347 1028.1051577304181 522.0606778424956 5.375 2.73 2.049 -44.00896084812375 0.7182421467990402 7.897483786348227 -1.590940418056884 1.0
movable_object.barrier 0 0 0 1012.538441586263 493.1638293651792 1055.920782152716 514.3497718396 0.545 1.113 2.448 -44.63771146266112 1.22255231410636 11.287237157888596 -2.6926657200530393 1.0
movable_object.barrier 0 0 0 1481.1795344025943 477.58621779397237 1525.7874759493773 505.72644361169193 0.617 1.117 2.297 -33.833260483637275 0.4061010583621377 28.157794273433552 -1.5880053258829312 1.0
movable_object.barrier 0 0 0 226.27001223259393 532.9531837542063 274.1727243216447 576.8509552856849 0.548 1.086 2.289 -22.94971648358855 2.041965283083001 -16.38634550092154 -1.5830273572263964 1.0
movable_object.barrier 0 0 0 956.0269912719218 500.52058857206 1002.4803156134866 526.8486905435003 0.703 1.139 2.295 -38.32521998635915 1.501247131909856 7.1157785928126165 -1.7914391735905548 1.0
movable_object.trafficcone 0 0 0 292.54617805055193 545.0788098433799 316.3120937033746 573.7611754231114 0.402 0.743 0.402 -22.344020736830885 2.1396919633500158 -14.487157474863064 -1.5562220368050834 1.0
movable_object.barrier 0 0 0 1436.6856822110271 474.59755217956405 1505.6414924843348 504.4620493152938 0.683 1.124 2.209 -32.985432262724224 0.3184021875280204 26.151701998417778 -2.109114410982307 1.0
