movable_object.barrier 0 0 0 407.26627295625684 545.9198212981069 439.76999771552494 571.722266512738 0.552 0.598 0.546 -20.789354692556397 1.974718521257971 -10.417161295284847 3.135579748454915 1.0
vehicle.truck 0 0 0 711.2270340198626 480.51314052262677 748.6239253803093 521.9338606056629 4.94 2.734 1.945 -57.26657140308983 1.3550842992303749 -6.970220842698564 2.0641101410512315 1.0
vehicle.truck 0 0 0 746.4629207158188 478.7208625819103 784.502277149099 512.8846128563248 7.696 3.146 2.836 -80.80523431089833 1.390100110396078 -6.275779768501141 2.045201732417971 1.0
movable_object.debris 0 0 0 345.2707193026114 515.0323496714572 417.6684642027892 587.560390861548 0.878 1.418 1.134 -17.0852283838259 1.441344274695086 -9.428072218369143 2.231477136845429 1.0
vehicle.truck 0 0 0 596.5762244122793 489.4860026946795 678.9393415372865 549.107181790019 4.795 1.949 1.831 -29.768604968393223 1.3062180308098594 -6.922022874827626 2.0641101410512315 1.0
movable_object.barrier 0 0 0 417.14632966463535 545.5912976663385 446.04082833755615 570.8020477799558 0.551 0.601 0.548 -21.449786223357876 2.0204831797838203 -10.534066338603893 -3.0245701965933858 1.0
vehicle.car 0 0 0 730.7602601896466 493.0729602380912 760.9194071251592 517.9063954208374 4.552 1.865 1.9 -65.31962631414507 1.8828939595944656 -6.688202116451422 2.0641101410512315 1.0
movable_object.barrier 0 0 0 302.5032570817145 556.1101479958123 345.7124635667433 587.5551704653857 0.553 0.601 0.548 -17.291516372555623 1.9192642327960026 -10.786628356095802 3.065048745973077 1.0
movable_object.barrier 0 0 0 452.1437050491508 539.670414816458 479.7553555475636 561.7931615280321 0.545 0.597 0.555 -23.983287436929434 2.0398283411155864 -10.761863102330686 3.1000717448672175 1.0
movable_object.barrier 0 0 0 389.3850806344176 547.8796033010182 424.1302661081193 574.8047194922481 0.554 0.602 0.554 -19.89251519622586 1.9493429132169693 -10.383889740800155 2.6704451211020945 1.0
movable_object.barrier 0 0 0 471.9989011207849 536.9087828944795 496.8445166927477 558.0115338478599 0.547 0.603 0.552 -25.32925949750434 2.0520028131054997 -10.788016388608415 -3.1209261164163733 1.0
movable_object.barrier 0 0 0 437.90156849681887 541.649274619379 468.3154978996878 564.9635217562112 0.552 0.601 0.551 -22.854792411224597 2.016719586092388 -10.618176072989135 3.0153595474190684 1.0
vehicle.car 0 0 0 644.6122134096881 493.6973050802446 709.2113023249336 534.3538863680121 4.129 1.588 1.956 -35.103379304793066 1.3485794083225455 -6.525249270131276 2.0616981456236436 1.0
