movable_object.barrier 0 0 0 280.41730837720087 515.3157404430013 407.326328082719 604.0086322994049 2.29 1.296 0.641 -13.992464563343853 1.2852119418755366 -8.304749664394622 -2.1579684617124366 1.0
movable_object.barrier 0 0 0 -19.137395777394953 533.556524813122 202.5293006936202 649.6837434832896 2.071 1.059 0.591 -9.43996767068861 1.207952662665942 -8.464123583651588 -2.1431527446521397 1.0
movable_object.barrier 0 0 0 622.6518971761102 505.3631699793975 708.8345356157065 620.5181776904783 2.176 1.353 0.604 -11.150266570581365 1.041731542842722 -2.1955402339344117 -2.1418338399810875 1.0
movable_object.barrier 0 0 0 406.25842285270136 511.89343237894894 487.2835279763798 570.399325903687 1.977 1.085 0.638 -17.273569338293417 1.2323535301006072 -8.115618905109622 -2.1579684617124366 1.0
movable_object.barrier 0 0 0 665.2143044080638 517.2445076396477 727.9127620481204 597.8593897338502 1.726 1.102 0.569 -12.843898838051905 1.1605177035503338 -2.072916457254677 -2.152242218126691 1.0
movable_object.barrier 0 0 0 696.9686915097243 509.9385327125939 751.1574872091272 580.1941885812249 2.015 1.127 0.578 -14.98166012487768 1.1287042535000866 -1.9138485945516046 -2.152242218126691 1.0
vehicle.construction 0 0 0 528.0649286580506 350.04622402414446 719.4410681154357 591.0572269725352 7.932 3.618 2.768 -16.33673944743904 -0.1478362811751936 -4.509868103896012 2.279784680592817 1.0
movable_object.barrier 0 0 0 332.8287537972945 554.4319570353991 588.1171300918819 788.6415046548074 1.787 1.086 0.741 -5.26136490426788 1.1066071931174117 -2.259683156323316 -2.1418338399810875 1.0
human.pedestrian.construction_worker 0 0 0 310.7732446243313 463.56922935247604 375.1001480778434 585.9704582738718 0.597 1.838 0.544 -12.565231789049541 0.6538615929014487 -7.540500133920475 -2.188805109658264 1.0
vehicle.bus.rigid 0 0 0 811.0026508875989 462.0381000981502 912.2139730308693 505.07364737836605 12.306 3.424 3.214 -71.75085901773511 0.05988032954039402 3.1462014529041022 -1.7895060465429173 1.0
human.pedestrian.construction_worker 0 0 0 227.81695941438878 471.867732923352 299.7872082149244 593.4798758518314 0.667 1.685 0.436 -11.587256869779052 0.7168869078342468 -8.087732138609107 -1.5692142493992494 1.0
movable_object.trafficcone 0 0 0 309.7616312694117 648.0321931372754 400.617903396459 838.8782098931417 0.21 0.826 0.28 -3.8504754151555716 1.2318718200823067 -2.249454630340672 -2.0911312965996194 1.0
movable_object.barrier 0 0 0 502.67372293007145 545.1599823350759 639.8465446103701 694.6958690171181 1.577 1.052 0.623 -7.237925741561619 1.16392417590116 -2.241878101936745 -2.1418338399810875 1.0
human.pedestrian.construction_worker 0 0 0 267.96307368587526 472.46225146229744 340.3493740404957 587.434092315322 0.614 1.663 0.601 -12.135682090376852 0.7071718508988332 -7.86313161527734 -1.5751162840268522 1.0
movable_object.barrier 0 0 0 657.817253305554 505.4751067826036 751.7209982589859 553.2510989111735 2.25 1.113 0.621 -20.712145319355052 1.213629292594039 -3.1771562267656055 3.009100340992809 1.0
movable_object.barrier 0 0 0 154.8892707394328 518.9264654342579 311.125022074759 617.0531500686493 2.049 1.164 0.573 -11.522050272125748 1.1664580312900252 -8.39243511624004 -2.153014547967392 1.0
movable_object.barrier 0 0 0 583.0505289493437 530.3616238966897 685.2853765378737 648.3920543735375 1.993 1.052 0.562 -9.124451544054855 1.1412049004480727 -2.137234750261656 -2.1376958457029964 1.0
movable_object.barrier 0 0 0 718.991420371235 510.7880465937878 767.1543274020273 568.5017506975547 2.259 1.048 0.607 -17.19646569457397 1.1900816408690074 -1.7977533545058224 -2.152242218126691 1.0
movable_object.trafficcone 0 0 0 -46.73543832304407 749.2231139625662 173.98341142336676 1049.8493416270283 0.329 0.717 0.329 -2.4385811173475966 1.2268569469617103 -2.2840283611867953 -2.0911312965996194 1.0
