vehicle.bus.rigid 0 0 0 585.9964757055934 445.4865600277658 769.7714221278134 545.1763996163085 12.306 3.424 3.214 -34.899147149254134 0.5143553435236404 -5.881886766944992 -1.949461911977525 1.0
movable_object.trafficcone 0 0 0 432.3350478432285 634.6401459549907 513.2264008280648 780.405814262226 0.289 0.757 0.319 -4.7282189322850705 1.3053006418860977 -2.075462583870679 -2.0749451618558306 1.0
movable_object.trafficcone 0 0 0 267.68484712981797 685.7080699091415 404.47014330675444 901.0246041527 0.31 0.735 0.341 -3.276944821226538 1.2399105807268884 -1.983786008491369 -2.095614970914448 1.0
movable_object.trafficcone 0 0 0 672.6064487629459 542.2767015911467 694.724773853752 587.4595235618838 0.374 0.713 0.283 -13.61296375704279 1.3923296857159342 -2.4460045443424785 -2.076941323297839 1.0
vehicle.car 0 0 0 442.46590764132134 498.8932059928783 606.6405950037862 568.2838879674098 4.696 1.54 2.075 -22.054046124229046 1.3192591580314668 -8.085523421725432 -1.9740816024351986 1.0
movable_object.trafficcone 0 0 0 629.9640781242506 554.4375218952875 666.5619074202416 618.9980366061583 0.37 0.778 0.368 -10.518430165838659 1.3562870419061326 -2.3479240634274263 -2.076941323297839 1.0
movable_object.trafficcone 0 0 0 614.185586240184 555.0774223933872 652.2396079368895 630.529470734271 0.362 0.822 0.331 -9.473903076630197 1.2909724216766818 -2.2904944517813264 -2.076941323297839 1.0
movable_object.barrier 0 0 0 4.072247538149834 578.010958185948 442.51898682225794 796.8684919525859 2.25 1.113 0.621 -4.827900946787508 1.20157911201877 -3.567462362766962 3.0297576654602496 1.0
movable_object.trafficcone 0 0 0 553.6801932259357 587.9948938159813 604.354035997388 679.5495357952776 0.251 0.722 0.331 -6.922050448731239 1.292551744457503 -2.136271654420952 -2.0791216245126627 1.0
movable_object.trafficcone 0 0 0 503.2461213352165 608.2883732454047 572.5628909391457 721.7911714817238 0.275 0.749 0.365 -5.856673301018664 1.317177062593379 -2.1031336575259685 -2.0287395675986497 1.0
movable_object.trafficcone 0 0 0 693.6530418778412 530.5633496275073 712.1076242794632 567.2663935706248 0.334 0.74 0.315 -17.154525415124926 1.4192424417003657 -2.6763406586783396 -2.076941323297839 1.0
vehicle.car 0 0 0 746.1027926111183 493.7682687790698 803.4183663869701 523.5003514526154 4.662 1.526 2.127 -47.64335855003867 1.5430478170288282 -3.1334492895646906 -1.949461911977525 1.0
movable_object.trafficcone 0 0 0 686.9856075029872 535.0884147208203 712.8322304283286 575.7257191197561 0.372 0.743 0.38 -15.688397341665961 1.4231928941183336 -2.504381750386771 -2.003241965962137 1.0
movable_object.trafficcone 0 0 0 586.9071124203798 573.4822297620225 627.747243133337 653.9939252193346 0.247 0.757 0.317 -8.14376342838051 1.3214214376736861 -2.2299356078400017 -2.0791216245126627 1.0
movable_object.trafficcone 0 0 0 649.287351674991 553.9813256955398 680.4774362925875 607.2084633852176 0.326 0.698 0.351 -11.411174819797132 1.3878196485863539 -2.314239088370316 -2.076941323297839 1.0
movable_object.trafficcone 0 0 0 660.8248559697993 545.0183045928441 689.4263859598243 598.1704566854831 0.412 0.766 0.341 -12.52672550301027 1.3833031737080643 -2.3817318630730315 -2.076941323297839 1.0
