movable_object.barrier 0 0 0 897.3438102506467 493.84702439709866 948.7123571293938 550.0878224241488 2.067 1.299 0.591 -19.936965810592703 1.0011158332122094 2.279867297964278 1.9573477800323413 1.0
movable_object.barrier 0 0 0 924.7102050455226 491.1631395782105 985.6441054119128 555.5632858589399 2.014 1.338 0.627 -18.02040807589178 0.9342299524958462 2.7688118025032264 1.9585841558905486 1.0
movable_object.barrier 0 0 0 952.9497525164711 492.1875643148719 1028.4679859436158 561.3917693021114 2.119 1.278 0.676 -16.214599662911162 0.9057864251840498 3.1887724451378667 1.9629103526104625 1.0
movable_object.barrier 0 0 0 873.282283993273 495.9256642854426 921.1982087288355 542.9350657063047 2.198 1.189 0.66 -21.84468178571549 1.0320074929195169 1.805318603284884 1.9600869620481367 1.0
movable_object.barrier 0 0 0 780.400645151641 496.9574881090054 802.9679656923015 525.529980441012 2.137 1.223 0.609 -36.69069292612627 1.352442338244451 -1.7158682319596494 2.187507425350889 1.0
vehicle.bicycle 0 0 0 703.1966908202368 507.74382754655807 717.5686935767737 524.9623067487704 1.604 1.07 0.683 -52.75018222945182 2.260584302873255 -7.752763335276603 2.2249653357860035 1.0
human.pedestrian.construction_worker 0 0 0 690.1346413986336 505.77811378737414 704.0490392730497 522.4912526201705 0.756 1.009 0.685 -50.511393293242705 2.0216219501736292 -8.24951185626039 1.5313943353856718 1.0
movable_object.barrier 0 0 0 799.3141417119151 497.1015287795902 825.7021575398905 530.9025062999794 1.641 1.305 0.683 -32.58747027660239 1.311739988307505 -0.6852042677385445 2.1948310517332583 1.0
movable_object.barrier 0 0 0 854.5548891608734 497.16216923007744 898.7502312096731 542.3941654300702 2.224 1.251 0.713 -23.80929140635686 1.1333148100068247 1.3668635132378566 1.9600869620481367 1.0
movable_object.barrier 0 0 0 724.7283298577304 498.69026582232215 737.9381457138071 519.4477903253112 2.086 1.363 0.65 -56.13456622498418 1.9046264725792903 -6.798215801710378 2.1889039994568886 1.0
movable_object.barrier 0 0 0 1353.7753571532683 494.6740337027055 1698.8739989447274 682.7295370938574 2.045 1.189 0.564 -6.2488735447852175 0.7466000934358453 5.173353925019292 1.967091948965514 1.0
movable_object.barrier 0 0 0 744.2052398691325 493.84739916946745 759.714669362182 515.2291273612998 2.131 1.161 0.536 -47.228691011861535 1.3405656834701807 -4.518631384656155 2.204816873988433 1.0
movable_object.barrier 0 0 0 1041.6670018122522 491.37783686686885 1154.036410830185 577.9036858356438 2.145 1.166 0.607 -12.143865030028055 0.7861668022757952 3.959408347793377 1.9760983714036566 1.0
vehicle.construction 0 0 0 1233.040181841694 182.07240274916154 1875.965434133906 512.3378397717839 7.364 4.601 5.583 -15.970541713114379 -1.8584152817288435 13.189724981803506 2.2290910501264563 1.0
human.pedestrian.adult 0 0 0 728.7314299712143 492.02454670428045 758.7424029893781 550.0042801992204 0.672 1.615 0.708 -23.121073630231077 1.1215308932361387 -2.4473858797529435 1.9130108990163075 1.0
movable_object.barrier 0 0 0 709.2829374923127 501.97689940138065 733.7524080196356 520.1608407435242 2.216 1.216 0.597 -57.75869409566475 2.0974815069980357 -7.697587579885599 2.5047510786602283 1.0
movable_object.barrier 0 0 0 806.5094349082461 495.60897351422295 837.302998298269 531.2608272959735 2.147 1.288 0.711 -30.81447014969282 1.2259937895381017 -0.29764764042457253 2.178050472718068 1.0
movable_object.barrier 0 0 0 989.9941101521396 494.2257113911898 1081.6285414642305 576.2759718477765 2.13 1.312 0.645 -14.191489648761713 0.930103723702475 3.565509143166484 1.96159140125192 1.0
movable_object.barrier 0 0 0 1107.925998289213 481.7190101784995 1261.1885790877886 602.4774555843534 2.141 1.34 0.614 -10.178442457321143 0.7396781718707728 4.371325715644207 1.9738638048828872 1.0
movable_object.barrier 0 0 0 789.7628270928776 494.1935805798729 814.1603371117276 526.4577865418288 2.254 1.301 0.59 -34.569738396971225 1.2393200288951722 -1.1805540920531694 2.183631973089284 1.0
movable_object.barrier 0 0 0 817.2286324445623 495.3283407616359 848.8091990203009 528.0364451303211 2.077 1.096 0.662 -28.860930411990037 1.0849332275769756 0.11649413611476789 2.176262546843108 1.0
movable_object.barrier 0 0 0 840.1320537875109 493.08627458649204 877.2727086521439 537.8603653003714 2.021 1.353 0.673 -25.745082023597448 1.0910068312168726 0.9160345865552278 1.95652414753192 1.0
movable_object.barrier 0 0 0 751.0263877424754 504.00106366462967 768.3400150554271 525.3351352322268 2.182 1.126 0.535 -45.19702072938851 1.8493868172720749 -3.8945553339116366 2.215992556267306 1.0
movable_object.barrier 0 0 0 1197.2202650463407 499.3017125028407 1415.6680559326503 642.9696859084314 2.049 1.246 0.593 -8.176918451550707 0.8480167643312456 4.69166678967099 1.9474775642404705 1.0
movable_object.barrier 0 0 0 827.538406545969 495.04483754913497 862.353540031742 532.3352347565996 2.131 1.207 0.696 -27.666192765327818 1.112541189032404 0.5160648508981153 1.9569947340551863 1.0
