human.pedestrian.adult 0 0 0 1029.5834996585108 493.0826990939933 1044.9696015129216 522.5453659247825 0.681 1.597 0.584 -44.42753242334401 1.4223157527987724 11.419824833958053 2.1785750311003316 1.0
human.pedestrian.adult 0 0 0 1326.8282255226363 470.3161881344057 1446.4867716748172 644.4514182175994 0.606 1.623 0.726 -7.876383968628512 0.7086564951732631 5.403409281043049 2.099973034523508 1.0
vehicle.car 0 0 0 1490.3802321915746 495.18367079295257 1549.2067090343253 527.6285909867565 4.464 1.725 1.785 -46.240139193770155 1.6505771838291232 39.48664592960224 1.6749679538811701 1.0
vehicle.bicycle 0 0 0 387.42783610740366 497.2434915625586 427.0532900285038 537.0372203290134 1.6 1.128 0.616 -23.983595066268773 1.0284962060455378 -12.51558910657341 2.5736855578102507 1.0
human.pedestrian.adult 0 0 0 482.9107852486665 488.9886760907658 515.4872090768183 546.4175904853784 0.764 1.615 0.544 -23.252876190967655 1.0172680803670766 -9.483366018726382 -2.7176191922205355 1.0
vehicle.car 0 0 0 1549.9184745817656 498.04923917972366 1635.4539982177369 527.5123586437686 4.717 1.487 1.854 -44.36292824861865 1.6654616684566117 41.864979068487706 -1.6117715256046745 1.0
human.pedestrian.adult 0 0 0 1415.4879943241253 464.33335156475067 1540.5162240778002 642.7416471094422 0.664 1.642 0.647 -7.818394118028808 0.6635334717067606 6.244082279289614 2.1314456415041 1.0
human.pedestrian.adult 0 0 0 816.7449693479738 489.67283300608926 845.3140932034588 538.2494524855292 0.903 1.858 0.638 -31.544254842888474 1.2397527155732648 0.06977177142236768 -2.7569613281598127 1.0
human.pedestrian.adult 0 0 0 468.0309062095381 488.35619815600955 498.58094159187425 548.4332659442567 0.707 1.642 0.62 -22.612099495020775 1.0074277826215732 -9.667644054508362 -2.7667708522091807 1.0
static_object.bicycle_rack 0 0 0 261.97442957595763 499.9324793541293 457.9964026998764 542.3252085024336 1.8 1.092 5.29 -25.096536166496065 1.147368462764133 -14.293741657398897 2.874249730733718 1.0
human.pedestrian.adult 0 0 0 70.34301399111439 433.14497165579996 260.93205570633296 695.9644922216775 0.967 1.862 0.611 -6.282794519299649 0.591502864994803 -5.1049683622434285 -2.2455803971813655 1.0
