movable_object.barrier 0 0 0 529.3302949027168 512.450504752361 605.9752149169022 564.480161353897 0.492 1.044 2.059 -18.74680057889224 1.2843258944938734 -6.017836458558968 2.8603968308307612 1.0
movable_object.barrier 0 0 0 634.4635398055617 508.0259130359229 687.6990301623051 549.9566855925264 0.402 1.037 2.052 -22.639532652191928 1.2972755831905822 -4.67461893668548 2.8603968308307612 1.0
movable_object.barrier 0 0 0 799.5364966702763 494.9241029400403 827.7531361647901 522.6585968255176 0.417 1.074 2.0 -33.998766997033044 1.1199627457400547 -0.6394569502646399 2.8460606341790236 1.0
movable_object.barrier 0 0 0 673.4728131509402 503.8149837879446 718.791421693411 542.99016364604 0.446 1.069 1.998 -24.570115482638396 1.2421522809100487 -4.016335292402427 2.883062685217892 1.0
movable_object.barrier 0 0 0 779.8682427672509 496.6523316254439 810.6577453871032 525.4583764321605 0.435 1.046 2.031 -32.103326745482235 1.1455601275300826 -1.330454798920373 2.858378167608306 1.0
movable_object.barrier 0 0 0 815.8069104107716 495.1401207829985 842.217423313927 520.8746883580724 0.44 1.052 2.103 -35.992619703980516 1.1518602560274172 0.005624387114931358 2.859448466454797 1.0
movable_object.barrier 0 0 0 703.7520709695552 501.92486387494773 744.9705139692849 537.1771364087208 0.463 1.04 1.975 -26.4679491825685 1.2164737232810992 -3.40794655229622 2.8701115011898874 1.0
movable_object.barrier 0 0 0 755.630926874722 499.6423579347521 791.6360868989233 530.6284434387936 0.438 1.047 2.025 -30.191905303118265 1.2279772390802495 -2.055055026214727 2.826626647337177 1.0
movable_object.barrier 0 0 0 587.5895453358656 509.6163971779129 650.9154442893766 556.3281715556035 0.458 1.048 2.032 -20.685372733482073 1.2828710913168404 -5.33298473373345 2.8603968308307612 1.0
vehicle.car 0 0 0 -656.7228764622469 490.53166116985284 247.42122321402624 795.5836649069802 4.297 1.607 1.627 -6.720111340566379 0.9509920455361272 -7.609007257020336 -2.3275287622061143 1.0
movable_object.barrier 0 0 0 831.0498692183397 493.97579257317136 853.1277005069546 517.5592873804245 0.418 1.026 2.028 -37.977224266745296 1.1125039584101368 0.6161895444007371 2.8841175038787883 1.0
movable_object.barrier 0 0 0 731.389143344959 500.76478657017987 769.6863753283162 533.3804061219668 0.439 1.032 1.987 -28.335232660140882 1.2185250119695996 -2.735162629628606 2.8414241610480273 1.0
movable_object.barrier 0 0 0 843.3390303924201 493.4490353134345 861.5055910798345 515.8138652839682 0.337 1.028 2.033 -39.79238340272085 1.1107905631716806 1.1513076391805037 1.582683599369167 1.0
movable_object.barrier 0 0 0 427.0129501878646 517.0020502560596 518.4987408892341 576.6310290804724 0.415 1.075 2.082 -17.011675458947266 1.3330001123343258 -7.442169509026308 2.868984907089634 1.0
