movable_object.barrier 0 0 0 243.2122871178838 531.2304501297011 351.17315899960386 602.4720024993923 0.446 1.069 1.998 -13.958708872413485 1.4232806291231703 -9.11277533622457 3.0778593006452883 1.0
human.pedestrian.adult 0 0 0 762.4956889320601 495.5333581865544 773.8380719879311 522.8424710975336 0.567 1.811 0.652 -54.56920947151928 1.8471464327935476 -4.115331502572678 3.000721679475258 1.0
human.pedestrian.adult 0 0 0 768.8068869849101 495.12818686787807 782.1001978432698 520.5342559775158 0.635 1.771 0.673 -57.41874703747944 1.8467492720132137 -3.8138891325492144 -2.3389595237102156 1.0
movable_object.barrier 0 0 0 393.00580455729187 526.5926114653591 466.56377430985304 578.8852978713021 0.439 1.032 1.987 -17.92214693036411 1.5399221973029984 -8.803546447920251 3.0354794530350446 1.0
movable_object.barrier 0 0 0 529.5888204645789 518.1476271189202 574.1885427224487 557.497210870005 0.417 1.074 2.0 -23.928556335339557 1.63312710094171 -8.174378818619948 3.0402028909000034 1.0
movable_object.barrier 0 0 0 326.7208457301718 529.3813237221545 413.94183019250636 589.3060914170779 0.463 1.04 1.975 -15.946862081133572 1.4920256759682813 -8.99188308175555 3.0646870532764705 1.0
movable_object.barrier 0 0 0 872.9245180147361 498.59641070200473 890.2974400691513 516.1518253796133 0.847 1.414 1.261 -67.59389363419781 2.140202529578593 4.372286160034824 2.1269839240858897 1.0
movable_object.barrier 0 0 0 445.5475267562263 524.1834353346304 509.53153973319013 571.5442264605535 0.438 1.047 2.025 -19.88871511790344 1.5951865658803595 -8.60568434107969 3.0203968846752556 1.0
movable_object.barrier 0 0 0 120.4248558704911 538.887485744909 267.2164725022613 622.7399173332865 0.402 1.037 2.052 -11.924668857627319 1.4063958747149428 -9.273778824748485 3.054800946769559 1.0
human.pedestrian.adult 0 0 0 711.2375846738207 499.0271615726894 721.3946017519143 526.000421038516 0.605 1.751 0.601 -53.474204749406965 2.030374854059861 -7.458869898373163 -3.075440236598121 1.0
movable_object.barrier 0 0 0 493.1345335670208 521.0652906898873 544.7355362041886 563.4249438360953 0.435 1.046 2.031 -21.920586809935674 1.6115143143544253 -8.374111821665347 3.052746052519918 1.0
movable_object.barrier 0 0 0 603.9138570038608 515.009836267823 629.6034648105294 544.3758905095422 0.337 1.028 2.033 -30.074228284175714 1.7620469743947234 -7.880232658495258 1.5366819875367632 1.0
human.pedestrian.adult 0 0 0 1058.769327417981 483.92909747082757 1080.8653514351429 525.0337377381321 0.793 1.642 0.594 -33.12502977835326 0.931431909903316 9.842944902477358 -2.0938159852413785 1.0
vehicle.truck 0 0 0 689.4260260595789 500.085430837393 719.5561205034555 525.3241288144101 5.323 2.008 1.886 -69.1787164065618 2.638197217057722 -10.613298782550517 2.0761531541077254 1.0
movable_object.barrier 0 0 0 558.2332243229145 518.0476399047383 598.2293812252734 553.499686432159 0.44 1.052 2.103 -26.01859795728794 1.7131703652292773 -8.044995302029502 3.053835587212343 1.0
movable_object.barrier 0 0 0 -59.04298712566813 546.480587251381 150.6859886785618 652.5169062537618 0.458 1.048 2.032 -9.86833159662025 1.36937378639563 -9.425437764383704 3.054800946769559 1.0
movable_object.barrier 0 0 0 583.7189735723242 516.7813838790007 615.9324744541876 548.4908257646846 0.418 1.026 2.028 -28.09266218694687 1.7455905304603287 -7.943997756831337 3.0789317489784827 1.0
