human.pedestrian.adult 0 0 0 1071.5787331531476 477.4233742835372 1093.4840541839574 517.4663918089014 0.793 1.642 0.594 -34.06818755544718 0.6632086626882515 10.65869277194878 -2.1065572819897547 1.0
movable_object.barrier 0 0 0 460.46195366135163 521.7512486831455 522.7271513726332 568.4998146661233 0.439 1.032 1.987 -19.99175884746102 1.5370052542996693 -8.304942120799648 3.0111796521011804 1.0
movable_object.barrier 0 0 0 639.2585129114389 511.3493796556453 662.714819751033 538.9224168654131 0.337 1.028 2.033 -32.11559302766419 1.7033397387025544 -7.059196717343681 1.5429613101396198 1.0
human.pedestrian.adult 0 0 0 721.9549970655779 494.5243243134619 731.9425545672975 520.6343586618958 0.605 1.751 0.601 -55.3456092776687 1.7646599141411206 -6.992782407066979 -3.087653204279749 1.0
movable_object.barrier 0 0 0 -54.67142437065433 548.86717740446 161.1461115408904 656.1910578206781 0.492 1.044 2.059 -9.913396803843895 1.4122261106406184 -9.375622130461043 3.030443527726261 1.0
movable_object.barrier 0 0 0 343.7296092091802 527.1400016746875 429.6852426194312 588.7672563411853 0.446 1.069 1.998 -16.03648686014675 1.4717389935351604 -8.718291635827299 3.053436017116507 1.0
movable_object.barrier 0 0 0 621.4568941054249 513.0810536339974 650.6945688001224 542.7290061301641 0.418 1.026 2.028 -30.136335130620477 1.699314430847972 -7.175226773304601 3.0545054783252086 1.0
movable_object.barrier 0 0 0 599.2049967610027 514.3503989915281 635.1910524505397 547.3136910147097 0.44 1.052 2.103 -28.065502312267853 1.6801970482540491 -7.331047067608074 3.0294809942160352 1.0
human.pedestrian.adult 0 0 0 783.136550469248 493.18604905456544 796.9186292192508 517.3404210656627 0.839 1.67 0.582 -57.413748104791004 1.6657121517886417 -2.778691623508232 3.051544337063553 1.0
movable_object.barrier 0 0 0 503.45116324917825 519.5014444612223 558.757307744874 562.3637209772165 0.438 1.047 2.025 -21.952712713156828 1.578789005170484 -8.054926011768256 2.9961436134178685 1.0
movable_object.barrier 0 0 0 253.2497445077125 531.2019103404083 365.0923086988254 601.2990026661846 0.402 1.037 2.052 -14.00885099003396 1.4184938683463069 -8.9350489537549 3.030443527726261 1.0
movable_object.barrier 0 0 0 543.4275245509509 515.771842684099 588.686215860569 554.417830395445 0.435 1.046 2.031 -23.978590349306177 1.5559949315028772 -7.770900953796948 3.0283946557316233 1.0
movable_object.barrier 0 0 0 574.4963883104941 513.8129064101704 614.208251159125 550.0892671740194 0.417 1.074 2.0 -25.979929091760088 1.5888302016856606 -7.5171450021714525 3.015888798720205 1.0
movable_object.barrier 0 0 0 129.2522951835818 537.1774036815095 279.7212321091922 622.3300571537507 0.458 1.048 2.032 -11.957047876679194 1.3950981453948992 -9.141084446270478 3.030443527726261 1.0
movable_object.barrier 0 0 0 407.68857830211806 524.3037476551973 479.55542089564307 577.0436740184809 0.463 1.04 1.975 -18.021882887158863 1.5025604605523741 -8.545602165691758 3.0403010108813646 1.0
human.pedestrian.adult 0 0 0 778.7644878907496 491.25487672598285 790.0076144260198 517.7506993034982 0.567 1.811 0.652 -56.33780923110919 1.5805872703175992 -3.1196363325961536 2.976531171240227 1.0
movable_object.barrier 0 0 0 892.8642954259491 493.3000099876798 909.9523737213109 510.52578863749625 0.847 1.414 1.261 -69.30147267119457 1.7274685245464667 6.178191806778569 2.108961887602397 1.0
