movable_object.barrier 0 0 0 711.783638593335 501.73345455466455 740.9566708312732 517.746383253395 1.984 1.003 0.458 -54.413254480798926 1.8822399447123246 -6.920067364840508 2.793706569297992 1.0
human.pedestrian.adult 0 0 0 -405.46647634803963 441.43352779722284 67.85121212980037 1204.163868866969 0.639 1.668 0.568 -2.14556197316967 0.7623351757536879 -2.589985005764485 -1.5624647219057985 1.0
movable_object.barrier 0 0 0 576.0368713527715 504.3621226049545 602.7988189159531 518.6040611707745 1.946 1.033 0.42 -63.16758673264353 2.3171859470706284 -18.712477627350182 -3.023115027835317 1.0
movable_object.barrier 0 0 0 521.3679941672987 507.3049355005257 548.7664984048137 521.2700788389553 1.934 0.991 0.453 -62.04658418131652 2.490464555656888 -22.545560173255584 -2.9454402735809087 1.0
movable_object.barrier 0 0 0 855.4885324287867 497.87877058672524 885.058506731476 513.4409787591745 1.974 1.004 0.462 -56.19592631110982 1.6575975821324724 2.852001502822664 -2.953297915036824 1.0
movable_object.barrier 0 0 0 684.5498046895308 503.23232323821094 714.0620710215517 518.7629956915015 2.084 0.985 0.46 -55.2737153139774 1.9981796957532074 -8.878771050621896 2.7824667867086976 1.0
movable_object.barrier 0 0 0 602.8078648685611 503.78501331857143 628.8824967553554 517.437524749619 1.932 0.995 0.427 -63.57822245279888 2.2640871837644028 -16.757964688874765 -3.023115027835317 1.0
movable_object.barrier 0 0 0 492.1265374962144 508.5694170044448 521.0650450356175 522.6025578059513 1.993 0.983 0.447 -61.47584234019252 2.565741659816001 -24.500461988790043 -2.9454402735809087 1.0
movable_object.barrier 0 0 0 800.3752207187345 501.63838841922893 830.6084630328279 517.3024971237426 1.969 0.986 0.461 -54.95608330127289 1.8794113807080457 -0.9308985685141687 -2.940826820339665 1.0
vehicle.car 0 0 0 -84.24808598584443 526.6405055709184 297.8120686521373 643.5223929623094 4.242 1.46 1.738 -12.610124159707329 1.5333927405892551 -11.018566112676432 -1.5408729222344286 1.0
vehicle.construction 0 0 0 587.6846144099743 456.88736777362016 679.1922926451323 512.0219065922853 6.806 4.342 2.587 -67.21057712921244 0.1998715270015109 -16.231051767120004 -1.6006674976791961 1.0
movable_object.barrier 0 0 0 655.8564845480294 501.35640657588647 682.4064216957256 514.728734513429 2.011 0.995 0.441 -64.90782479280897 2.104833421825922 -12.837592786012967 -2.870681744109536 1.0
vehicle.car 0 0 0 501.18060067652567 508.9268306968748 629.6903103990647 571.3549018557992 4.302 1.397 1.808 -21.390946015215594 1.460446863837951 -6.806810131984696 -2.0317501431596563 1.0
human.pedestrian.adult 0 0 0 612.2731450670117 500.4545183025675 649.9433016614383 570.1282377560547 0.533 1.557 0.684 -18.622135546472204 1.2191649150171402 -4.553474469161569 2.9282817653259414 1.0
movable_object.barrier 0 0 0 548.6625066112626 506.9874819209722 576.0430497678067 520.7062373748076 1.981 0.981 0.44 -62.649502458481194 2.480657253264398 -20.65400172375406 -2.9454402735809087 1.0
movable_object.barrier 0 0 0 908.6129230054986 494.75048857648903 937.2690222304033 509.8973203336145 1.98 0.999 0.448 -57.402300765516365 1.4562221152203396 6.649839124033088 -2.9312416331176845 1.0
movable_object.barrier 0 0 0 828.1964506367234 498.69983355701686 858.1193190248181 514.3638538984735 1.977 0.999 0.458 -55.580185271690155 1.699117725094227 0.9587482048978744 -2.940826820339665 1.0
movable_object.barrier 0 0 0 742.2237695014888 502.0096434314843 773.3010713832585 518.2364336856425 1.97 0.999 0.457 -53.745712928992425 1.881041247407292 -4.744821208715543 -2.953297915036824 1.0
movable_object.barrier 0 0 0 771.4878861013974 502.001407309911 802.3508733320505 518.2335679688484 1.984 1.011 0.453 -54.35043003414183 1.9018140162990573 -2.839860391582457 -2.953297915036824 1.0
human.pedestrian.adult 0 0 0 380.27467526994127 506.50136444192503 410.1057633922365 561.6726121977918 0.616 1.717 0.637 -25.885473745626964 1.66597895247628 -13.883699140659408 -1.6859913350711215 1.0
movable_object.barrier 0 0 0 681.0753391144465 500.37034649305065 706.6592273333952 513.7437523216553 1.967 1.011 0.46 -65.7412323375019 2.0517633020342028 -10.992938773241427 -2.85341929607668 1.0
human.pedestrian.adult 0 0 0 617.4460042849299 500.0452161896192 653.8410469514158 570.5684382929443 0.595 1.624 0.548 -19.20289463245222 1.2603931592117814 -4.593873923764169 -2.620089091174316 1.0
movable_object.barrier 0 0 0 882.288967353033 495.8791797306788 911.4105952055139 511.1708783169586 1.976 0.997 0.441 -56.78290682042971 1.5250366226169128 4.746804519943621 -2.953297915036824 1.0
human.pedestrian.adult 0 0 0 872.1552672896756 491.0475303827481 890.1097054830584 525.1583327473143 0.708 1.759 0.609 -42.63711922041994 1.387002389582146 2.732827179970995 -1.5565054355362262 1.0
