movable_object.barrier 0 0 0 784.3120246807447 508.7392065353471 868.7577667797151 554.1940600259243 1.974 1.004 0.462 -19.55524967795232 1.1862834831853515 -0.05844594928648628 -2.901939650301367 1.0
human.pedestrian.adult 0 0 0 1162.8850445911496 468.7413832500712 1183.1216776157248 501.7778965220961 0.774 1.703 0.496 -42.52541709256459 0.18476269253940497 18.064444301735517 -1.5615634100019422 1.0
human.pedestrian.adult 0 0 0 1176.3537100666722 472.2055773735321 1192.3789803824095 501.96218745568217 0.56 1.56 0.457 -43.130459027057334 0.28428899945804853 18.92759421440207 -1.5728753672141282 1.0
human.pedestrian.adult 0 0 0 1329.0318203185461 465.7498197306993 1347.9216866456409 499.76970674810417 0.633 1.733 0.581 -42.019980239470506 0.05826779758216938 26.439253769961265 -1.9310302155113908 1.0
human.pedestrian.adult 0 0 0 1145.3042129574949 464.8852726539771 1166.6471665945826 505.47909707276006 0.832 2.11 0.52 -42.73242928257337 0.18104505478521538 17.253446069704527 -1.5728753672141282 1.0
movable_object.barrier 0 0 0 991.9819800004329 493.69830603486236 1064.3132749895062 530.9522123970972 1.995 1.031 0.471 -23.539372034724448 0.8984636365298393 5.766019157668798 2.6349736805320365 1.0
movable_object.barrier 0 0 0 613.8308411788795 520.3716143919346 707.3841338104224 569.503805743197 1.969 0.986 0.461 -18.0586388283287 1.391333421250264 -3.7546364865408197 -2.8895047083300707 1.0
movable_object.barrier 0 0 0 150.80902848346415 521.1143828259485 229.39497517723208 555.5202002015991 1.932 0.995 0.427 -25.618210635732236 1.7797475277217347 -20.21136221101595 -2.971591072129071 1.0
movable_object.barrier 0 0 0 925.4430335002639 496.16873055183174 995.5914105824735 531.5196224873445 2.022 1.016 0.475 -24.68857040837865 0.981916667033102 3.997259227748806 2.828364088639848 1.0
movable_object.barrier 0 0 0 260.57534034842814 527.2603244666832 344.42505893939983 574.1185057181385 2.084 0.985 0.46 -17.944528516369125 1.5301304931128112 -11.690779832621839 2.8335017326695713 1.0
movable_object.barrier 0 0 0 226.6550269037913 518.1197837903816 303.1761376515862 551.9290205247213 1.985 1.003 0.432 -26.30830679935918 1.718594557362006 -18.31910202828109 -2.8812904006070443 1.0
movable_object.barrier 0 0 0 407.43862168898966 526.3940823761882 515.0237917722388 581.0063990951456 1.97 0.999 0.457 -16.613643098052467 1.456967681595828 -7.518304044037392 -2.901939650301367 1.0
movable_object.barrier 0 0 0 584.4665207687748 512.2026129553833 662.3991333673104 552.8043184844386 1.957 0.996 0.453 -21.746329119196755 1.3488403817518761 -5.521078294308816 -2.8561032864534575 1.0
movable_object.barrier 0 0 0 1273.1858005697472 475.8135545176522 1313.6199550871129 495.2036689103274 2.013 0.979 0.429 -44.211612796534396 0.2136030886645729 25.33937119342753 -2.316156542463414 1.0
movable_object.barrier 0 0 0 702.5318597648688 516.6834020332484 791.3510115394389 564.127006606006 1.977 0.999 0.458 -18.814081773038172 1.3455306323764689 -1.9050749001587557 -2.8895047083300707 1.0
movable_object.barrier 0 0 0 71.38600522402997 525.1619577689019 154.8511356983516 561.7536061187571 1.946 1.033 0.42 -25.071379684760227 1.900180932409996 -22.16334599837032 -2.971591072129071 1.0
human.pedestrian.adult 0 0 0 1145.4397811494007 473.87063779774763 1160.2511252508566 505.8104531370328 0.516 1.685 0.423 -43.29218235604219 0.4332149578317427 17.312181380546804 -1.5609358279801162 1.0
movable_object.barrier 0 0 0 -16.146738235039706 529.1288724256758 76.94774836599736 565.435321942204 1.981 0.981 0.44 -24.39330324073611 1.9614450130542207 -24.047827106920398 -2.8941045527696474 1.0
movable_object.barrier 0 0 0 515.2553160376327 523.0467885259841 615.0121072622302 575.7964698326194 1.984 1.011 0.453 -17.298561069612493 1.4270208783347533 -5.63635703064714 -2.901939650301367 1.0
movable_object.barrier 0 0 0 860.6351876680936 508.96043490560237 940.9286216835256 552.4864670621535 1.976 0.997 0.441 -20.261147859194505 1.211827747464959 1.7983898669022416 -2.901939650301367 1.0
movable_object.barrier 0 0 0 503.26327132380914 515.2745658880457 585.0249550686822 558.1131704473133 1.938 1.007 0.452 -20.895856456890662 1.4021952590121558 -7.3519498102111465 -2.8561032864534575 1.0
movable_object.barrier 0 0 0 931.8439547992807 503.2831951501105 1008.1490875065276 545.162114843343 1.98 0.999 0.448 -20.986368523109853 1.0887123470637297 3.6582166294836824 -2.8849185904462216 1.0
movable_object.barrier 0 0 0 362.6169506562415 519.3205307896386 461.890197278664 564.7841315309342 2.08 0.98 0.408 -19.41477712908508 1.4288175032212485 -9.967916606800955 -2.872285707065492 1.0
movable_object.trafficcone 0 0 0 1058.2465118155833 512.2147010405332 1077.5624824861625 537.8173566527153 0.333 0.689 0.37 -22.36579213936545 1.1918386891085633 6.595360045201222 -2.929713808408372 1.0
movable_object.barrier 0 0 0 438.28287175525986 512.5891913367839 500.33594885033756 542.1029891741315 1.985 0.978 0.449 -29.269880886899145 1.6365600813344874 -13.001782283451547 -2.6873814594416876 1.0
vehicle.construction 0 0 0 168.10762123866945 400.00669679305616 403.60358169456134 532.6544255409688 6.806 4.342 2.587 -29.41987844405765 -0.4884936480198606 -19.48839136526032 -1.6195613900442156 1.0
movable_object.barrier 0 0 0 1236.3832063257726 478.05538481108346 1275.9530501519407 498.16106129450196 2.002 0.991 0.392 -42.86395620572856 0.3454809553397642 22.594417470404434 -2.316156542463414 1.0
movable_object.barrier 0 0 0 997.712416380273 500.1752993356442 1070.133312078519 540.8802104925225 1.981 1.01 0.44 -21.73089178120366 1.0296731877339496 5.504528763393675 -2.8799486807470682 1.0
movable_object.barrier 0 0 0 325.26869480580723 525.5610735650191 412.21150325018846 575.3232547971695 1.984 1.003 0.458 -17.174772411933187 1.4596011557746231 -9.782443606413738 2.8447868343988665 1.0
movable_object.barrier 0 0 0 1275.4688162507175 475.832519743124 1308.714849246826 495.79923203977296 2.04 0.993 0.32 -42.26755867597127 0.20739951230937126 24.18212226084563 -2.8655574110886617 1.0
