human.pedestrian.adult 0 0 0 0.62467320452798 561.5261378034304 23.895692711820054 599.1630094696222 0.587 1.745 0.507 -38.72567119884065 4.707428087253964 -39.090121199165864 -2.9059001727160245 1.0
movable_object.barrier 0 0 0 440.1646247743565 550.6097910983926 479.1249443675705 570.7590837195631 1.946 1.033 0.42 -45.66165383249695 4.447297570309692 -20.84443389997738 -3.0002175635372534 1.0
movable_object.barrier 0 0 0 788.9374121136511 539.6390388375489 831.9225599108847 562.523649731464 1.977 0.999 0.458 -38.81185124358383 3.320461566827022 -0.8988485459655213 -2.916115684403552 1.0
movable_object.barrier 0 0 0 516.7241557004404 545.6770039072962 553.7431802636249 564.8013482376277 1.985 1.003 0.432 -46.735113281421334 4.238858250179703 -16.97464542238077 -2.9076957795540688 1.0
movable_object.barrier 0 0 0 866.1481045311931 534.3854080621093 907.3871199702703 556.3973018689271 1.976 0.997 0.441 -40.105599800815654 3.150585432974957 2.854121313999786 -2.9288604587290488 1.0
movable_object.barrier 0 0 0 589.1958072008188 542.0745195851829 624.5997099109405 560.5775485392109 1.967 1.011 0.46 -48.41348448691846 4.157588563098759 -13.296397152549165 -2.8267995792996494 1.0
movable_object.barrier 0 0 0 358.8946153613134 554.3265973667138 400.2703998650861 574.3618017776813 1.934 0.991 0.453 -44.3854247185106 4.522521348293056 -24.649576555889123 -2.92083033544489 1.0
movable_object.barrier 0 0 0 683.0492729020003 541.2253456580444 723.4484036077621 563.0125464770689 1.938 1.007 0.452 -40.98886690768733 3.5594267525708885 -6.377460727736558 -2.8818735378948697 1.0
movable_object.barrier 0 0 0 938.2238049728212 530.8582311447614 977.6025055318347 552.3757898891424 1.981 1.01 0.44 -41.44607370474684 3.062260793004076 6.5940108138184135 -2.9063204066561283 1.0
movable_object.barrier 0 0 0 622.5245383026911 544.0063618368848 667.4465963196255 566.2002919690657 2.08 0.98 0.408 -39.60005078729992 3.583465380118425 -9.011373582813103 -2.898464844806602 1.0
movable_object.barrier 0 0 0 661.4516031577903 546.7091536177293 707.2115832307592 571.021682489966 1.97 0.999 0.457 -36.77648066540096 3.497580901773918 -6.582717241726831 -2.9288604587290488 1.0
vehicle.construction 0 0 0 469.15020017011767 481.39913065584494 594.460773287597 556.5657671215198 6.806 4.342 2.587 -49.95215325623226 2.26553872048867 -18.316645733189116 -1.5633404726937972 1.0
movable_object.barrier 0 0 0 478.83394024424746 547.3258552658928 516.4929882587352 566.5396833039066 1.932 0.995 0.427 -46.139476037561835 4.28110219627485 -18.895181212920974 -3.0002175635372534 1.0
vehicle.car 0 0 0 202.71832824137763 567.6615247565356 350.39334692168393 628.2981735426347 4.302 1.406 1.889 -22.11826090228578 3.1465073300981143 -15.139972042391053 2.673137905488719 1.0
movable_object.barrier 0 0 0 553.6280478304514 545.0096936525127 590.6520840559599 563.6598732357984 2.011 0.995 0.441 -47.52682100571585 4.257896824339715 -15.094082365212483 -2.844437782283146 1.0
human.pedestrian.adult 0 0 0 716.4656088082755 532.4485795663561 745.6442578147505 592.6302093630709 0.708 1.759 0.609 -24.505251802171987 2.4370068039777197 -2.9770692043638083 -1.513856949346895 1.0
movable_object.barrier 0 0 0 748.6492055337533 542.247516212998 792.435857334521 565.3154192602092 1.969 0.986 0.461 -38.12504651702284 3.3881312500788505 -2.7621477923405267 -2.916115684403552 1.0
movable_object.trafficcone 0 0 0 89.83024265161798 585.8176113543634 105.2540276215088 606.6106784334918 0.352 0.877 0.376 -35.92727536842513 5.077367226793948 -32.482117051970796 -1.9110933524091784 1.0
movable_object.barrier 0 0 0 827.9940199364376 536.9460583549314 870.150805446177 559.4941344049037 1.974 1.004 0.462 -39.48387065380944 3.2393176475102927 0.9704373007251589 -2.9288604587290488 1.0
movable_object.barrier 0 0 0 399.3100072389792 551.7357344390126 440.06595510392924 571.2756564442456 1.981 0.981 0.44 -45.074124676090015 4.435474997271942 -22.79848193345516 -2.92083033544489 1.0
movable_object.barrier 0 0 0 902.9394424617634 532.3501049570511 943.2485786684273 554.0287606229118 1.98 0.999 0.448 -40.76011752733986 3.0908254210082458 4.730984731149665 -2.9088674727165937 1.0
movable_object.barrier 0 0 0 705.8767316126582 544.8675361871877 750.9671973886971 568.9930242577638 1.984 1.011 0.453 -37.42622673108348 3.4704900238332574 -4.659810812785851 -2.9288604587290488 1.0
movable_object.barrier 0 0 0 722.5072468897715 539.011651150124 762.2342189914701 560.129100957515 1.957 0.996 0.453 -41.79681721992281 3.4987495121111634 -4.48252522343861 -2.8818735378948697 1.0
movable_object.barrier 0 0 0 315.6249600860269 557.3741696444412 359.85412619029745 577.6611933891252 1.993 0.983 0.447 -43.751830746274614 4.628475930874761 -26.556874462556024 -2.92083033544489 1.0
