vehicle.car 0 0 0 775.3965467368497 496.7041699890077 876.8796711707515 578.1139268200069 4.244 1.465 1.846 -17.025192949168652 1.1627128229827903 -0.12185349940267066 2.0480232049050047 1.0
movable_object.barrier 0 0 0 1103.3429654331064 494.6875612148757 1181.0037660516805 572.4157188477698 0.496 1.236 1.999 -13.97748506542377 0.894792420265843 5.3559165134006355 1.5044775667530423 1.0
vehicle.bicycle 0 0 0 853.6593167426311 505.8353271705203 882.6531096099941 528.5219011930133 1.648 1.128 0.518 -42.08507394109815 1.8497368013304922 2.01578181175463 2.490878037409143 1.0
movable_object.barrier 0 0 0 1042.455807422387 498.28580599144937 1095.0570036483878 548.1512876875441 0.512 1.035 1.995 -17.94864530823674 0.9333679739599836 5.279639042548897 1.504473594197905 1.0
movable_object.barrier 0 0 0 986.0549426136117 496.8409599162122 1013.6681395633208 536.8210319627527 0.391 1.126 2.103 -23.991152200985375 1.0622071702917864 5.04044892449759 1.5049088708199854 1.0
movable_object.barrier 0 0 0 1293.3825343016706 496.9569788956038 1492.3937533897151 646.5377904663906 0.425 1.277 2.03 -7.997873264522639 0.8399011741848186 5.442100396039205 1.5045242570779465 1.0
movable_object.barrier 0 0 0 927.7479950256835 498.2039807404276 950.2560959387614 525.1331574468534 0.524 1.08 2.105 -34.62149041395407 1.295376576480236 4.682061555976357 1.5050607158007878 1.0
vehicle.car 0 0 0 165.2043684597398 513.7832134858402 370.1639883535999 585.3917225856217 4.541 1.519 1.776 -19.823037474401087 1.6194799137151754 -13.464154981435167 2.036806168037776 1.0
movable_object.barrier 0 0 0 1005.47094332441 497.87028196725134 1042.5196998676734 542.3111049211267 0.555 1.135 2.013 -21.866852344085697 1.0530140951477742 5.239173873473251 1.505286956874655 1.0
movable_object.barrier 0 0 0 1148.8163946806526 498.64263782652233 1246.3322464805838 582.8915572704923 0.453 1.131 2.014 -11.96975218966061 0.8641474814292207 5.385976242331274 1.5044775667530423 1.0
movable_object.barrier 0 0 0 948.334113259733 499.30933964105856 975.2912194149412 529.4736907368621 0.551 1.065 2.079 -30.310008274276456 1.2399636063722481 4.948745192492325 1.504704915232292 1.0
movable_object.barrier 0 0 0 1422.5206677598987 500.28072897716675 1744.5097130357374 692.449533239879 0.425 1.188 2.06 -6.095614706972772 0.7812276244590229 5.469409639730177 1.504592497772986 1.0
movable_object.barrier 0 0 0 960.3526379490348 496.2232890751426 988.4398930442895 531.0761770844132 0.51 1.148 2.121 -28.206192905133165 1.132705269656529 5.041387201113468 1.5045117928029637 1.0
vehicle.construction 0 0 0 652.2616629714072 480.86146601861594 682.4823776173114 520.7055674192546 11.641 4.038 2.71 -93.13756602976204 2.3211052327116146 -18.519506068837703 2.1312460649130935 1.0
movable_object.barrier 0 0 0 901.177417403095 501.14458434192903 916.359877909774 523.574193516399 0.507 1.121 2.19 -43.041736884615304 1.6410929790017876 4.220617580673763 1.5045117928029637 1.0
human.pedestrian.construction_worker 0 0 0 1303.3923602767027 431.27902245257184 1417.7588601801954 609.8068167842362 0.652 2.0 0.791 -9.460166683425252 0.4522702444510086 6.183845109095972 2.0730328435976695 1.0
movable_object.barrier 0 0 0 1207.1510575725465 498.5262423470587 1340.2668750668397 604.504733945757 0.466 1.161 1.985 -9.946804551469034 0.8351249928604383 5.3792272948473645 1.5044775667530423 1.0
movable_object.barrier 0 0 0 1018.6925163159109 498.52176607415146 1061.511296752212 545.7889556789324 0.469 1.098 1.998 -19.947489126688843 1.0108709059176815 5.1710725423132295 1.5044734285400807 1.0
movable_object.barrier 0 0 0 1069.084844428545 498.5948015450491 1130.805808043926 559.1059603248543 0.488 1.111 1.977 -15.976669388607236 0.9362318141236934 5.306148867543652 1.504473594197905 1.0
movable_object.barrier 0 0 0 919.2190535110122 497.86627737666714 939.5142477046422 522.7460698020967 0.504 1.054 2.13 -36.75301776851422 1.3111854659518736 4.534921433048331 1.5050607158007878 1.0
human.pedestrian.construction_worker 0 0 0 966.2992178878714 478.4515064542655 989.2031782474248 536.9953133631344 0.68 1.794 0.592 -25.293515494579815 0.8208335458158411 4.636610312048306 2.1200286437565996 1.0
vehicle.car 0 0 0 537.2404286320592 497.3000901056626 595.0909969930814 534.9563845193271 4.505 1.961 1.904 -45.19737476422349 1.968456078571627 -14.608459022628937 2.0688540544536362 1.0
human.pedestrian.construction_worker 0 0 0 1156.7207965314547 452.3400848977981 1262.1996057323186 611.2835721481092 0.643 1.849 0.872 -9.82225788647548 0.5986982807924633 4.593634182568583 2.0020134034354085 1.0
