vehicle.car 0 0 0 1428.065606537601 446.7554068242655 1627.296353099412 500.4033863157714 4.538 1.516 1.752 -25.82664468961149 -0.2606126612039096 22.05623122000524 -1.9189313721916088 1.0
vehicle.car 0 0 0 1091.308068954942 466.97500932392444 1170.4691001080341 500.6049473347832 4.294 1.719 1.796 -44.549298254387 0.08338478672874539 16.519663126933857 -1.920848580913411 1.0
vehicle.car 0 0 0 1483.75211935476 445.12768757639054 1693.0101842748497 501.2818382464312 4.679 1.626 1.781 -26.438855283549582 -0.27769513069375956 24.547803490260762 -1.9189313721916088 1.0
vehicle.car 0 0 0 1564.5810172107808 444.4635384204486 1759.5388528605079 495.97722057435845 4.378 1.61 1.773 -28.251016788974187 -0.39373407247039294 28.854735071125287 -1.9189313721916088 1.0
vehicle.car 0 0 0 1231.6005025746354 468.0854300696371 1316.3552042687684 495.9572287333154 4.232 1.496 1.78 -46.85824018383457 -0.009055172924498311 25.660714927481674 -1.9246856520348965 1.0
vehicle.car 0 0 0 1197.8217148753395 463.64087074112643 1285.7021020681782 496.17720171441493 4.396 1.711 1.878 -45.950947363245646 -0.12403331575389176 23.3261473520239 -1.9221200691862403 1.0
vehicle.bicycle 0 0 0 77.0763040241669 517.7930314220459 220.79318507551753 621.1630899959592 1.722 0.968 0.597 -9.22792433952683 0.9464928773369007 -7.676957777451942 -2.2889317350448515 1.0
vehicle.car 0 0 0 748.2385359231849 486.75738411449896 936.1294116678698 650.3859067781177 4.065 1.458 1.74 -9.712159653267095 0.8349536894909666 0.157962718028698 -2.090152119673829 1.0
vehicle.car 0 0 0 1283.9336702672547 464.204231793787 1401.9544213422564 508.164568509501 4.123 1.731 1.658 -34.60282025892963 0.15753666413865108 21.841157934312783 2.2962061715925195 1.0
vehicle.car 0 0 0 1380.4227904608663 444.7824122896143 1588.8432472508796 498.3456881034631 4.763 1.443 1.781 -24.902427148762044 -0.3078554226336034 19.9096516014775 -1.9189313721916088 1.0
