movable_object.barrier 0 0 0 1010.341508035684 494.9213402991992 1030.6727850352465 527.6784550134431 0.444 1.194 1.98 -31.18960316963367 1.1573204873115441 7.359635950425514 1.5056302847898237 1.0
movable_object.barrier 0 0 0 947.3080927278293 494.5126515956962 958.3325324647783 513.1890139518431 0.555 1.135 2.013 -53.07821324595929 1.4591410130702789 8.099946221062494 1.5055841179772553 1.0
movable_object.barrier 0 0 0 1546.5566731010206 510.1288962711732 1997.0157854566598 747.8615508504039 0.496 1.202 2.008 -5.153434799904459 0.8186573947192135 5.709355994531299 1.5039416160884311 1.0
movable_object.barrier 0 0 0 1136.2959795020768 492.9657771007289 1203.071166651426 560.1371156026726 0.441 1.171 2.058 -15.250364011382159 0.8548245316330441 6.371880285872356 1.5040012071319637 1.0
vehicle.car 0 0 0 813.0106745638881 494.0410190742321 938.8191273666496 594.4743965074688 4.244 1.465 1.846 -14.205822738818874 1.0761686492755846 0.8581426867934335 2.114947590846029 1.0
movable_object.barrier 0 0 0 954.1645843930119 498.29439256163806 967.3830235863636 516.6682573627344 0.512 1.035 1.995 -49.14575298686334 1.571976998549851 7.981096101113972 1.5033524772181037 1.0
movable_object.barrier 0 0 0 1377.7607931478788 497.9219500940444 1608.2400703978053 658.2781595918781 0.427 1.217 2.08 -7.239509193892255 0.8052499152179912 5.782662626168815 1.5055406720439555 1.0
movable_object.barrier 0 0 0 1298.6988791134133 501.438001349056 1498.1861947378352 605.0005200505367 0.534 1.04 2.002 -9.226238953866716 0.7927599977289965 6.370746687161058 1.510346023246563 1.0
movable_object.barrier 0 0 0 1088.709130133256 494.084217174607 1132.049111719753 546.4031775360626 0.457 1.172 1.997 -19.2739474841816 0.9344477946706531 6.668457718253448 1.5056302847898237 1.0
movable_object.barrier 0 0 0 1054.0951695874883 493.85551210464894 1090.8605463295014 533.5393918418343 0.509 1.073 2.019 -23.22901034421767 0.940337368361581 6.958848982043335 1.5040012071319637 1.0
vehicle.construction 0 0 0 1156.9500755908293 386.55200406642274 1397.4821856885833 500.9207803189377 7.117 3.684 5.252 -32.20930206835177 -1.2814898587108994 17.30490177151276 2.0741270868792716 1.0
movable_object.barrier 0 0 0 1110.820522256203 494.79332568398445 1159.7959827364634 553.5879275008322 0.445 1.174 1.977 -17.277385793421608 0.9185319867387527 6.503599894515523 1.5066880616311682 1.0
movable_object.barrier 0 0 0 1027.259263604551 493.005962086214 1053.83357825282 528.930730862043 0.437 1.139 1.985 -27.239673051622884 1.0039195773676532 7.09654048550954 1.5040012071319637 1.0
vehicle.car 0 0 0 703.868215370149 495.1702821899116 731.0457956117992 517.8722020180807 4.505 1.961 1.904 -77.12774413848128 2.3889866198101037 -10.615764291692846 2.0384793298876467 1.0
movable_object.barrier 0 0 0 1066.9975071775866 493.9615289338806 1110.3083736883125 540.0950850830749 0.492 1.145 1.977 -21.24022606729127 0.948227113104176 6.781999181991169 1.5030224987101564 1.0
movable_object.barrier 0 0 0 1174.5217098755727 494.87505078533337 1257.268200473421 567.8039447136501 0.433 1.091 2.017 -13.219819976143283 0.8145205050399986 6.263070789979679 1.5040012071319637 1.0
movable_object.barrier 0 0 0 1017.2224000976727 491.55177423388176 1039.038419713453 525.3549204451951 0.358 1.144 2.006 -29.19151951233546 0.9825128985027927 7.161310446940804 1.5040012071319637 1.0
movable_object.barrier 0 0 0 1226.3319508081966 496.4990887965116 1336.6403975737294 587.948358987379 0.436 1.141 2.012 -11.193781677130804 0.8271088392717819 6.184379336975712 1.5040012071319637 1.0
movable_object.barrier 0 0 0 1038.5544216526828 489.47859015768967 1069.270136266666 531.6647282388893 0.457 1.243 2.006 -25.22990966553606 0.9229694926927198 6.985480971122568 1.5040012071319637 1.0
