human.pedestrian.adult 0 0 0 705.1067508620642 482.07738472349325 719.625873637022 513.0281756050772 0.799 2.0 0.796 -53.79166854173277 1.0550737561018264 -7.7646248804791 -2.082960790085097 1.0
human.pedestrian.adult 0 0 0 1350.5201884002515 439.8390749736194 1415.2439336542411 544.1086126314616 0.806 2.0 0.763 -16.124689848064076 0.22154229328770786 11.029029750571384 1.6834653134037856 1.0
human.pedestrian.adult 0 0 0 949.9560120978406 467.74293207089823 969.2639635292445 510.59901004669484 0.595 2.0 0.598 -38.49718070792209 0.3542348776627965 6.2004746454065005 2.2910730152215333 1.0
human.pedestrian.adult 0 0 0 1011.0170030240745 464.1106124567031 1031.7786407062267 509.64732556718843 0.626 1.932 0.67 -35.27268102074074 0.2295401989819041 8.371945806733498 -2.085201710611207 1.0
human.pedestrian.adult 0 0 0 944.5618107768477 469.7352676694177 963.215316620806 511.3995871100487 0.6 2.0 0.601 -39.61736382249059 0.4331588372155071 6.1007761075824165 2.268149842424112 1.0
human.pedestrian.adult 0 0 0 1373.423507853238 438.05906599700927 1423.569334613763 535.101225710183 0.602 1.776 0.604 -15.314052075572294 0.1053256534426179 10.77238584467699 1.6551213296825091 1.0
vehicle.car 0 0 0 816.3329738253284 479.2764876572318 860.253475408254 520.8626350745288 3.921 1.738 1.895 -37.94428868460081 0.9067639870601512 0.4202442007082568 -2.084139896950748 1.0
human.pedestrian.adult 0 0 0 1250.1575397509062 449.75859245841593 1309.4587160443043 522.1654073589543 0.872 1.53 0.725 -17.878840565828973 0.10982336476004304 9.937586604835825 -2.0801478873140304 1.0
vehicle.car 0 0 0 453.37742869148866 485.83238514930804 675.0888544936412 629.2372032780801 4.481 1.637 1.783 -11.843317094500634 1.0316543802257068 -3.577676063938691 2.0745928924647563 1.0
human.pedestrian.adult 0 0 0 597.9886018657672 489.9851407041713 614.3795344204674 520.0243970994625 0.81 2.0 0.798 -55.08928166527997 1.5832954790807847 -15.184977836570205 1.7316527733740497 1.0
human.pedestrian.adult 0 0 0 1028.640908350702 462.32588425183735 1050.5777856171173 506.6005051584491 0.817 1.862 0.636 -35.2025498846679 0.1261631775975699 9.146143336568706 2.064062179062227 1.0
vehicle.car 0 0 0 733.6292825349641 483.19768100795847 788.175380648867 530.1475044176866 4.931 1.775 1.838 -34.21629693267433 1.1223819076580632 -2.807506162917165 -2.078888948594572 1.0
