human.pedestrian.adult 0 0 0 1024.8698242870032 462.6611710608287 1046.3438360899218 506.21948531036196 0.817 1.862 0.636 -35.77891392608542 0.12691576432056667 9.119156672759754 2.0640581936139544 1.0
human.pedestrian.adult 0 0 0 1344.2603885533265 440.46585519677734 1399.657176256963 533.6417237121238 0.602 1.776 0.604 -15.887842199182272 0.11535876702970937 10.650838098842742 1.7733514304400986 1.0
vehicle.car 0 0 0 556.7012931125822 486.2352457030549 708.5966148190124 591.4317021112892 4.481 1.637 1.783 -15.310368732429286 1.0552092866579017 -3.5132001458087356 2.0745878813647005 1.0
human.pedestrian.adult 0 0 0 705.9606928981417 482.2181265386081 720.157409075102 512.8834003846616 0.799 2.0 0.796 -54.28482736493507 1.0643622886699555 -7.789372678067655 2.0723696787361128 1.0
human.pedestrian.adult 0 0 0 593.8756397011434 489.9502117356778 609.9841666431432 519.6403402868269 0.81 2.0 0.798 -55.72993113657281 1.5871463126817116 -15.65456135688756 1.7360617077892133 1.0
human.pedestrian.adult 0 0 0 1007.9012274353904 464.7157662019273 1028.2072914773032 509.4166499550108 0.626 1.932 0.67 -35.92754785737421 0.24185155706950706 8.379127134150126 -2.0851956785266035 1.0
human.pedestrian.adult 0 0 0 1327.8280843220118 436.67832464882 1395.8658537278282 537.7182055082204 0.806 2.0 0.763 -16.603569119330977 0.1290655318847077 10.9203823445091 1.7680845689264704 1.0
vehicle.car 0 0 0 816.3637743659781 479.1698153965028 860.2814573437048 520.7535626285924 3.921 1.738 1.895 -37.94227318183369 0.9016885599157357 0.423789869353852 -2.0848272177649587 1.0
human.pedestrian.adult 0 0 0 953.4340750276072 468.3775405773656 972.665216010893 510.75168051961697 0.6 2.0 0.601 -38.93724637634181 0.37721517099157187 6.436879591495057 2.2911843199141817 1.0
human.pedestrian.adult 0 0 0 1035.8482889359088 462.64831223568416 1058.1475614394099 509.1605799234516 0.848 2.0 0.636 -35.908574635846115 0.19309397950446533 9.657273336857326 2.0535759583545783 1.0
human.pedestrian.adult 0 0 0 1240.3137112615698 450.8681436199375 1296.9708253194467 521.1672244093783 0.872 1.53 0.725 -18.414090915940236 0.11358832270769387 9.982142886801773 -2.089247486725222 1.0
vehicle.car 0 0 0 743.896310451032 483.51039372667196 793.4792408670387 526.0848876250665 4.931 1.775 1.838 -37.903839462868426 1.1418117946189252 -2.761907021657945 -2.0868432820974805 1.0
