human.pedestrian.adult 0 0 0 1225.8306324548284 443.0462236544024 1281.2272816153754 527.0746003817301 0.806 2.0 0.763 -19.86986484523269 0.09510736667545555 10.404890554599952 1.990215655285322 1.0
human.pedestrian.adult 0 0 0 1020.7462912646902 455.36030502916947 1048.0257136929208 510.729097530236 0.788 2.0 0.551 -30.03076098480943 0.054692124177004864 7.608027088339144 1.894619485449767 1.0
human.pedestrian.adult 0 0 0 710.834883088236 483.19448280612625 723.9343169589723 512.240163308512 0.799 2.0 0.796 -57.29131451414913 1.134210503125216 -7.914841439852287 2.0547736586169503 1.0
human.pedestrian.adult 0 0 0 1208.071972194724 449.3659850862162 1252.4549734541922 525.404822074062 0.602 1.776 0.604 -19.357422095616073 0.141007372619143 9.58641598699274 1.9103814727108084 1.0
human.pedestrian.adult 0 0 0 1004.2374093540573 454.5236659219413 1033.6827643176703 510.57806682800384 0.806 2.0 0.635 -29.70172985133706 0.03604205871817806 6.958002713208332 1.8968051998386581 1.0
vehicle.car 0 0 0 588.2498913943491 486.61291648415056 633.8748351007539 519.4372849110795 4.101 2.074 1.999 -56.19592186001148 1.515834533073738 -15.09408764213754 2.0358420495396503 1.0
human.pedestrian.adult 0 0 0 1196.1854102268692 454.93284874251003 1240.5242338311461 514.8732844311958 0.872 1.53 0.725 -21.614840295656283 0.09900300230997025 10.38002086538135 -2.135274852338517 1.0
vehicle.car 0 0 0 816.3869025731109 478.8944760660463 860.3069962993754 520.4839079324964 3.921 1.738 1.895 -37.92951207219491 0.8888031616206576 0.4379386623333215 -2.088903130604651 1.0
vehicle.car 0 0 0 743.8342394595202 486.16075478259376 787.6565107566151 522.3956636874426 4.481 1.637 1.783 -41.12986636206888 1.1927200368434228 -3.1671880971912794 -2.0850972389179203 1.0
human.pedestrian.adult 0 0 0 1029.402070805702 456.87091979505993 1058.3660676247703 508.8624998286201 0.816 2.0 0.737 -32.11957940672344 0.051852534473605216 8.513458773781581 2.1565078077376407 1.0
