human.pedestrian.adult 0 0 0 1535.0198970535666 440.0984601449062 1584.7288199502689 506.4854120981067 0.67 1.778 0.656 -22.28825370395068 -0.22610476669967616 20.11589081135883 -2.976699361125865 1.0
vehicle.car 0 0 0 738.2937501705187 495.4524626527649 793.0263293764202 513.9272090029265 4.682 1.516 2.039 -75.14599284694427 2.1427021856169692 -5.881473118737773 1.5301696473070603 1.0
human.pedestrian.adult 0 0 0 1046.1310072022336 486.718270564411 1078.8376022854966 527.824101966723 0.853 1.332 0.583 -27.085382100600786 0.8574677634030006 7.806947285691883 1.6219816111130347 1.0
human.pedestrian.adult 0 0 0 12.501564005749646 509.194650812043 34.32596492789527 536.4301671196938 0.718 1.725 0.743 -52.32359206386848 2.653978892492817 -52.09597327426974 -1.8939107161616544 1.0
vehicle.car 0 0 0 -99.03365010475902 498.2571834937958 649.3711116082278 942.7476813424217 4.441 1.444 1.885 -5.056442592445988 0.9238034510588279 -2.4024715382472457 -2.035254261698916 1.0
human.pedestrian.adult 0 0 0 1584.7894598994403 440.16298197663355 1630.8002401079862 501.4467027291089 0.577 1.676 0.61 -22.82932840598404 -0.2999296273327844 21.955159159581005 3.138076956656107 1.0
vehicle.motorcycle 0 0 0 1115.3648187922809 477.35919355529944 1401.8523117389223 703.0933102778971 2.153 1.397 1.033 -6.219312545673754 0.7390557002783313 3.1009045837764986 2.028276577412715 1.0
vehicle.car 0 0 0 766.6590728041102 473.7677281874516 880.0526700576577 580.2957811839427 4.701 1.818 1.92 -16.649456044238324 0.9145189997058374 -0.28193035601906474 -2.034834864011339 1.0
human.pedestrian.adult 0 0 0 333.5174640591742 506.62421183015 352.61816580926165 538.9409198288275 0.588 1.659 0.684 -42.422462416197334 2.148915327173065 -25.482360000326754 -1.9919448847419652 1.0
human.pedestrian.adult 0 0 0 1041.522565768524 487.4693346542319 1077.7725960315324 527.8450583266493 1.026 1.422 0.628 -29.378287177018997 0.943023233743032 8.360821433879478 1.533779965822391 1.0
human.pedestrian.adult 0 0 0 1533.4991348739577 444.3684535365043 1582.4622987395687 504.2308117722852 0.642 1.65 0.697 -23.091122892949 -0.2022419960098975 20.783594063958418 3.1296480646126446 1.0
vehicle.car 0 0 0 569.7212816131675 482.15053958127453 704.0057553281525 587.6434693745124 4.807 1.758 1.917 -16.399851304409644 1.0367043021380853 -3.6967343365903624 -2.035141730085061 1.0
human.pedestrian.adult 0 0 0 1552.659611478797 432.46620504652066 1626.6180482179266 526.8913291488741 0.587 1.65 0.705 -14.665203253580945 -0.021443055708091102 13.760981731350487 3.007288102807893 1.0
human.pedestrian.adult 0 0 0 1052.9916952634467 491.2622710235799 1083.8655992379997 528.1923492767288 0.951 1.258 0.624 -28.606223202120333 0.991990576950678 8.447749093245543 1.5378470735498455 1.0
human.pedestrian.adult 0 0 0 1512.8969319208666 443.91628793434336 1561.771341388852 507.1461909781594 0.65 1.645 0.617 -21.70248301503703 -0.15869851762226772 18.981612583764253 -3.078739710192748 1.0
