movable_object.barrier 0 0 0 1018.8664642777753 529.8671295442158 1135.255784267594 660.5929649818281 2.001 0.944 0.41 -7.259018243581834 0.9357674924801509 2.150213432047148 2.0889456571928475 1.0
movable_object.trafficcone 0 0 0 431.38623099335086 523.3865664465612 451.98968539391524 556.3968355530593 0.33 0.802 0.406 -20.252334335749136 1.4498501540734483 -9.696218813404505 -3.1219459847406927 1.0
movable_object.barrier 0 0 0 1181.3699652261591 545.5966107289318 1734.4102458255663 1002.7943668382256 2.114 1.096 0.453 -3.215043288988232 0.8565231102614578 2.1335132971314446 2.068342531436139 1.0
movable_object.trafficcone 0 0 0 651.7554600633705 555.1693971617763 690.0911679473404 613.7257184428883 0.433 0.717 0.432 -10.651362714648716 1.3426947495910213 -2.0784217138411143 -3.1111283563795284 1.0
movable_object.trafficcone 0 0 0 226.67954829214526 535.1030383439373 269.46126607052946 587.1045575820157 0.386 0.812 0.449 -13.259018013222182 1.291791324244793 -9.51554169977058 -3.116127867096324 1.0
movable_object.trafficcone 0 0 0 777.8146240258063 511.7942178917711 787.2732359940187 528.99153017311 0.362 0.748 0.329 -35.80142299211307 1.7066690296519673 -2.0642173706841773 3.0676517090817903 1.0
movable_object.barrier 0 0 0 1317.7546982729223 490.1784069180236 1478.2667375816372 585.6631253653574 2.04 0.956 0.332 -9.188485306980882 0.5981226392981769 6.356046382174574 2.0713522697441524 1.0
movable_object.barrier 0 0 0 996.3815089224818 504.3606506754844 1168.1139561852442 601.6759165944275 2.132 1.255 0.417 -10.860270217916948 0.9514155089543885 3.350993743731061 1.5501416886821646 1.0
vehicle.truck 0 0 0 963.3472322701027 470.28765275141717 1029.328318187653 504.1607145780467 5.136 2.742 2.09 -69.06410806472203 0.4859445990526313 14.218177865428192 3.1250329380458304 1.0
vehicle.construction 0 0 0 678.7564337209764 453.78686247023217 797.2767817646019 520.0400080454032 6.427 3.667 4.283 -48.48060337730221 0.3626773924118275 -5.320726120689745 3.1000006252102335 1.0
movable_object.barrier 0 0 0 974.0325019849332 520.0759772241872 1061.0390432143065 629.7850149532894 2.12 1.08 0.384 -9.345121100299764 1.002214088562375 2.1174457488426723 2.0581295406517226 1.0
vehicle.car 0 0 0 559.4555398039787 489.4167081273201 614.9608677980183 521.0148642811382 4.677 1.817 1.939 -49.8306858478463 1.448319864971597 -14.824048421048927 2.0563229008346218 1.0
movable_object.trafficcone 0 0 0 374.3098758973225 636.0633659749708 485.527123012949 800.7302071019925 0.417 0.757 0.367 -4.291087030981959 1.233579244464371 -2.1047472584475972 -3.11102683886023 1.0
vehicle.car 0 0 0 439.8945336578942 494.99167398619886 533.9532828827079 531.6227333651078 5.075 1.473 1.984 -35.92820937313869 1.3802662707216549 -15.051858821407718 2.060170273115612 1.0
movable_object.trafficcone 0 0 0 577.1749835292021 510.22263182159816 590.0710145383096 532.1690815133438 0.389 0.855 0.425 -32.092720383140616 1.560065253466207 -9.738407444627361 -3.1219459847406927 1.0
movable_object.trafficcone 0 0 0 710.5579203936251 534.1603214204595 733.4494298532743 576.1663241996966 0.376 0.769 0.404 -15.448201946471306 1.3953223540680346 -2.0440601176299364 3.1362084347261447 1.0
vehicle.car 0 0 0 517.08176330399 492.50293433985377 583.7068930129655 525.147295668817 4.653 1.615 1.963 -43.30387895820674 1.4425577303400647 -14.825951880475653 2.0673972459371974 1.0
movable_object.trafficcone 0 0 0 1514.2145505697852 569.770004886188 1656.1596477743913 665.4829145632982 0.787 0.588 0.292 -5.942905804335311 0.97406790166278 5.5162131536628785 2.1016119995810083 1.0
vehicle.car 0 0 0 622.9227791263029 490.8371735209459 671.1920411660941 519.0196131229901 4.799 1.704 2.015 -52.44223170790457 1.5067509720884968 -11.734515766012876 2.063657934545592 1.0
movable_object.barrier 0 0 0 1161.9499090510874 492.44393017996396 1338.9883501883012 575.4842223691242 2.012 1.03 0.369 -10.530499081607191 0.6778344478784513 5.447143166047593 1.544019827806018 1.0
movable_object.barrier 0 0 0 1441.8850269176485 485.1305142821557 1712.5548272319952 639.9407098426358 2.118 1.14 0.334 -7.066706390532047 0.6313143146208783 6.352366381865647 2.0713522697441524 1.0
movable_object.trafficcone 0 0 0 377.5803858543806 529.0871065463131 403.86950450695514 563.3867012753713 0.39 0.727 0.351 -17.76567230339614 1.4110391179486839 -9.623971735063542 -3.1333169150537508 1.0
movable_object.barrier 0 0 0 1077.488536300283 531.3939316767743 1276.2355910473136 750.1182664436561 1.928 1.091 0.447 -5.264700286935308 0.9020374763508511 2.141038803500132 2.0930940578918857 1.0
