movable_object.trafficcone 0 0 0 1257.5711504974515 522.7396560076992 1290.4812542035988 574.8755259038114 0.298 0.794 0.328 -12.580240152287288 1.0367494367595296 6.911682164892288 2.0710515635874565 1.0
movable_object.barrier 0 0 0 908.4563183419225 517.4465397663171 940.5293432729471 559.8321947527858 1.719 1.087 0.654 -21.892334686257836 1.51524213095192 2.5600609575720084 2.0710515635874565 1.0
movable_object.barrier 0 0 0 933.7915243916596 523.9098941642326 983.760100995034 584.5623757982933 2.13 1.043 0.67 -15.431906634133806 1.3415847926492794 2.4368476783315853 2.0505192375937984 1.0
movable_object.barrier 0 0 0 1023.5895809468077 517.3511555059794 1198.182258257031 601.9037927246479 2.26 1.154 0.644 -11.568459340046779 1.0925640843864706 3.9945413878483698 1.5329037566900823 1.0
movable_object.barrier 0 0 0 920.8231216275757 516.9713008184568 952.596432616201 564.3991147521231 1.902 1.097 0.613 -19.903041148721545 1.4208594561749375 2.6244048167836427 2.040343795062811 1.0
movable_object.trafficcone 0 0 0 1208.2533287635047 529.0354711858056 1244.322529242758 580.3744164323235 0.345 0.739 0.348 -11.983647962687627 1.0740346791614672 5.875982609032763 2.0710515635874565 1.0
movable_object.barrier 0 0 0 1170.6015246532386 511.13200593055234 1248.5901024819375 568.0449114761923 2.185 1.065 0.585 -16.28754300572524 1.126852431328281 7.601969788467173 2.0505192375937984 1.0
vehicle.car 0 0 0 480.5694437402567 492.64293626333006 567.6128015603026 535.6159457639192 4.329 1.649 1.838 -33.373023172755225 1.33009444245087 -12.467221105710351 2.0532770818517365 1.0
movable_object.barrier 0 0 0 932.9948050156072 525.0865587450531 972.289511475099 581.2325945821187 2.142 1.119 0.593 -17.733785585767052 1.526786086310422 2.678031784055758 2.0505192375937984 1.0
movable_object.trafficcone 0 0 0 1395.0308119492915 519.7142114838716 1429.7739482917539 571.1289239317971 0.325 0.806 0.296 -12.93948300014246 1.0120016326754766 9.321309339883904 2.0710515635874565 1.0
movable_object.trafficcone 0 0 0 1316.6671522120653 524.7579808149196 1343.9848569114238 568.1762654185042 0.317 0.77 0.277 -14.65100677952985 1.1665440752446092 9.069650868863413 2.0710515635874565 1.0
movable_object.barrier 0 0 0 1133.212529020556 518.536113093284 1192.5262958510773 568.8963218352116 2.063 1.064 0.51 -18.4315510824869 1.3781753410169908 7.560846050231578 2.060755517151714 1.0
movable_object.barrier 0 0 0 945.676127610054 526.2037288559226 1004.9962536493786 600.8194509057671 2.224 1.07 0.651 -13.170471125881578 1.2784682761517199 2.3361364706069927 2.043115591832848 1.0
