movable_object.barrier 0 0 0 311.1358208308208 523.5739183540089 445.08356430236034 632.1114124679796 2.179 1.206 0.505 -10.578380232762251 1.181456090023083 -5.808524730830852 2.1010545595737042 1.0
movable_object.barrier 0 0 0 744.4304413283148 515.1136401481824 765.8596182047893 555.947503158868 2.175 1.096 0.444 -23.538451889772176 1.5355057024777752 -2.1404241982541268 2.069038376793454 1.0
movable_object.barrier 0 0 0 -241.4965044213473 552.9421720409523 45.89155266228904 695.4793402681671 2.054 1.066 0.459 -7.86256295086545 1.2916562625482253 -8.827055070801944 2.0906514671500407 1.0
movable_object.trafficcone 0 0 0 577.4934074469838 594.5737266758576 635.3540884027512 684.2897962000357 0.367 0.7 0.369 -7.010770998408315 1.3553706412120121 -1.9242628859191182 3.0856220791994238 1.0
movable_object.barrier 0 0 0 752.4803805839986 512.9432949671343 773.4828530054292 550.0628358305261 1.856 1.103 0.429 -25.671762544199897 1.5559003308328245 -2.0895939824427026 2.0385516765240395 1.0
human.pedestrian.adult 0 0 0 1533.1262333375416 455.5326801735803 1587.97166283781 525.4695180947945 0.64 1.422 0.657 -16.941297347955754 0.18616281203444557 15.307119660851134 1.623224722975408 1.0
movable_object.barrier 0 0 0 738.2439883871566 518.0604427872169 761.2465014408813 562.0250947973806 1.827 1.077 0.442 -21.491529148706643 1.5219584204093055 -2.097882885890579 2.069038376793454 1.0
movable_object.barrier 0 0 0 718.111829063012 519.7427754765077 750.9432957353046 580.903048511156 2.148 1.187 0.436 -17.45179798283711 1.4368532015328226 -2.020699926488907 2.058815435923057 1.0
movable_object.barrier 0 0 0 6.837426135210542 540.6218037957736 213.49943478982186 650.9818001428213 2.3 1.104 0.523 -10.116193389807133 1.3458392426492867 -8.844463383263092 2.1010545595737042 1.0
movable_object.trafficcone 0 0 0 676.7498660013749 549.6994374544108 712.9367994167856 612.502488864122 0.4 0.817 0.432 -11.274071451526694 1.374921489144791 -1.8676235816674756 3.1070510696398657 1.0
movable_object.barrier 0 0 0 152.32641256834634 530.1418392626814 351.9110193482264 670.3635423879488 2.108 1.174 0.523 -8.314646052784951 1.1244058572536841 -5.802056860738483 2.1010545595737042 1.0
movable_object.barrier 0 0 0 -249.8544986999047 559.2806833349662 152.2983522371283 747.3883813652149 1.985 1.05 0.376 -6.037993962629239 1.1812748293249873 -6.368976767255414 2.6152617870703985 1.0
vehicle.truck 0 0 0 463.16081355549437 349.9491793845074 739.9859919733225 621.556556017397 7.833 3.629 2.932 -15.077622770747627 0.16949734413251827 -3.578326066810425 2.0921257701032516 1.0
human.pedestrian.adult 0 0 0 1259.422478603294 459.63460153579683 1300.6020644436617 523.0841984982779 0.648 1.653 0.664 -21.60018526226075 0.25803468684212616 12.030170647583642 1.625335544556692 1.0
movable_object.barrier 0 0 0 765.5760034241872 510.61066565989165 781.2114447012916 542.0749435720145 1.987 1.089 0.433 -29.618186480614938 1.6113614362748818 -2.0338070675486675 2.0642016063394326 1.0
movable_object.barrier 0 0 0 728.9611073722328 518.791365039414 755.2949541399518 571.1924401095669 1.92 1.158 0.439 -19.52278497559541 1.4931806141853867 -2.0857083752448893 2.069038376793454 1.0
movable_object.barrier 0 0 0 1044.8270989317773 491.01917442667104 1076.2353885616076 526.9923346789004 2.378 1.037 0.431 -24.91032675217195 0.8321319556263396 7.096833172532581 2.0030789810095078 1.0
vehicle.construction 0 0 0 568.6596751803087 364.6587927165446 709.1685905157052 559.9135465728261 3.896 4.642 2.837 -21.603619569335738 -0.42453169355288006 -4.912070152909364 2.0714754535174746 1.0
movable_object.barrier 0 0 0 166.3538880917087 531.9613944999687 330.1454445771372 618.0705662517091 2.631 1.096 0.645 -12.63317178715651 1.3846903439513676 -8.938544939395065 2.1010545595737042 1.0
movable_object.trafficcone 0 0 0 -128.180592942179 844.9046512397432 197.91403700010298 1281.6863284856279 0.416 0.765 0.357 -1.9161613078659496 1.327550695825699 -1.8490023273933878 3.0856220791994238 1.0
