vehicle.bicycle 0 0 0 455.55304796744736 507.5337771734095 495.04716768955143 549.5432760841087 1.607 1.1 0.581 -22.763558911718654 1.2935165116108196 -9.935645810693156 -2.1528553218700512 1.0
movable_object.barrier 0 0 0 1308.6477304025964 548.8907484893232 1539.3051279767499 708.1234591371458 0.455 1.035 2.098 -7.1063001307420315 1.1846541388679406 5.072443256517721 -1.557431902949837 1.0
vehicle.motorcycle 0 0 0 826.7330881443386 481.2244052684375 846.2925252372995 520.8024055813331 1.934 1.768 0.844 -37.454196392619764 0.8798319190869928 0.3489853184554585 -2.11135227732467 1.0
human.pedestrian.adult 0 0 0 423.3816669528838 488.0116439145659 453.8262263830483 546.9372016102773 0.538 1.7 0.631 -23.81028359051663 1.041258246813481 -11.488133882994077 -2.1140835546578733 1.0
movable_object.barrier 0 0 0 1018.3737988887241 510.667478012052 1079.6170133334624 565.5890467293049 0.528 1.08 2.17 -17.841056084138508 1.2045516507386107 4.805400731733672 -1.5592113822950218 1.0
movable_object.barrier 0 0 0 1089.171174326901 517.1893203770196 1170.3323521388863 591.3142283774313 0.551 1.064 2.125 -13.510371942719082 1.1610659113846094 4.963830077915699 -1.5574882405094144 1.0
movable_object.barrier 0 0 0 1477.5274547428692 569.770630318752 1935.7107945712767 819.8597460049414 0.532 1.009 2.089 -4.997625490428734 1.1532777824451714 5.121031172264684 -1.557431902949837 1.0
movable_object.barrier 0 0 0 1054.5024231110135 514.0191160578054 1138.386097860718 575.6399961364956 0.554 1.046 2.175 -15.683869058943818 1.179145029266578 5.125856098231595 -1.563488573885282 1.0
movable_object.barrier 0 0 0 1203.8024599246119 537.1345924385581 1355.1334729683747 647.461703264624 0.563 0.999 2.063 -9.282946260433835 1.1970690441513225 5.06791598082946 -1.557431902949837 1.0
human.pedestrian.adult 0 0 0 489.67171884756067 482.9809374871595 523.0189390827251 539.1829327482856 0.788 1.807 0.762 -26.636679099102405 0.9551321711023604 -10.619930146461808 -2.0924471194672725 1.0
movable_object.barrier 0 0 0 1139.0683998083775 524.9164637387026 1245.3836585085737 615.1277664841197 0.534 1.057 2.085 -11.37494554173464 1.1819230760128052 5.033701850916966 -1.557431902949837 1.0
human.pedestrian.adult 0 0 0 253.35069882442292 488.4181206348998 300.40547052816123 576.1809095561384 0.474 1.737 0.682 -16.453139557080178 1.0098488199796631 -11.220650950499602 3.129928484113848 1.0
vehicle.truck 0 0 0 861.9763070667219 473.8597451859922 927.0093105953448 531.5016315071389 4.839 1.979 1.856 -30.72966859796032 0.7639819914040447 2.3825119922688973 -2.0751582296543107 1.0
