human.pedestrian.adult 0 0 0 947.6930254955469 479.90857484174705 967.2348880507676 524.3104630106097 0.612 1.676 0.649 -31.271615462294783 0.7795408085940552 4.958651123802142 -1.9555075918454001 1.0
vehicle.car 0 0 0 861.8969529810016 487.10092692408494 891.6941697361435 514.2401302723437 4.416 1.759 1.944 -57.073464084509894 1.2959956247228352 3.3158680890712833 -2.1387069938487144 1.0
human.pedestrian.adult 0 0 0 947.2606087031995 479.1306468925878 969.77932833082 524.1700603164595 0.689 1.764 0.734 -32.56622563056822 0.7937004496681256 5.198544885221283 -2.128336426301029 1.0
human.pedestrian.adult 0 0 0 983.4433403048184 480.6788916793397 999.1621689745392 503.21414090992977 0.772 1.669 0.839 -61.61875094959935 0.773701105102928 12.342204984446978 -1.7201545564509875 1.0
movable_object.barrier 0 0 0 800.3193502463924 500.13888032511005 810.8369745172288 516.4459579316986 0.597 0.982 2.346 -52.80288495027436 1.718193973258244 -1.5350250671140688 -1.563143918728965 1.0
vehicle.truck 0 0 0 819.4175441834907 477.5554102555413 847.2556917781864 509.2986421125363 8.323 3.005 2.605 -83.49620338707132 1.1714822555368136 0.4952698954666291 -2.127402304288019 1.0
human.pedestrian.adult 0 0 0 971.9321626830975 477.5230546420885 993.7509868196129 521.6537667689887 0.581 1.664 0.569 -31.234743789835072 0.6843191884911201 5.926570192131177 -2.2039765657213843 1.0
vehicle.construction 0 0 0 778.1307304846064 478.532315710193 808.5466689642294 507.19030684121094 8.84 3.012 2.736 -92.6466710103658 1.2388938426626035 -4.025822887584749 -2.1300127617663085 1.0
vehicle.truck 0 0 0 -211.83620011299396 465.1477423043745 140.36899772571238 590.2225858100156 7.213 2.997 2.391 -22.518938226467053 1.2208985093175548 -23.8214700292687 -1.5635960028257179 1.0
movable_object.barrier 0 0 0 749.7294522715147 505.4023586968457 774.4923239768491 536.6630166487104 0.583 1.027 2.209 -29.606774008493247 1.4150513415509915 -2.438673074595895 -1.5647919850410936 1.0
movable_object.barrier 0 0 0 731.2481975142786 509.19269471513525 757.2602214659194 540.9759911210253 0.581 1.036 2.209 -29.625890065205805 1.5639563454500913 -3.0931598018787767 -1.5647919850410936 1.0
