vehicle.car 0 0 0 997.0191840209942 479.24967426920966 1415.3645800176253 637.1613905854354 4.281 1.725 2.052 -10.179102263311409 0.8687406074834156 4.4993970585694685 1.5569589850606578 1.0
vehicle.car 0 0 0 1170.3873328557431 445.5766169958094 2328.750162992614 799.3609779691727 4.9 1.747 2.104 -5.151823787807672 0.7306128558928214 5.078930365616956 3.126763797026083 1.0
vehicle.car 0 0 0 911.2878485113629 486.15204599112576 1104.5149163213528 553.8597757190951 4.816 1.729 2.104 -22.413185261011815 1.0186391658117888 4.837795680890515 -3.1100026558477447 1.0
vehicle.car 0 0 0 665.9331648855587 481.4060859371845 704.6264867774404 516.6833764746158 4.396 2.09 2.172 -50.66583609491792 1.0650658783976126 -9.058066164196386 2.2134826731768547 1.0
vehicle.car 0 0 0 855.195638681835 487.86944586370066 956.8893496645543 522.0424339516088 4.463 1.56 2.142 -39.38132016360792 1.1045552704411268 3.7034842817301614 1.5681809274951437 1.0
vehicle.car 0 0 0 1094.6563759143357 479.9400585509711 1725.7312450700406 685.9113719674475 4.59 1.636 2.078 -7.755609166950911 0.8392616335503892 5.20237728730194 -3.1142527367368054 1.0
vehicle.car 0 0 0 950.2410844479215 504.60549893017867 1280.800327401752 607.3785459466563 4.381 1.376 2.012 -12.560334407410245 1.0799277169376944 4.261070642260091 -3.1100026558477447 1.0
vehicle.car 0 0 0 1327.711198828112 451.94457322085384 1742.8325381698542 569.2073608201122 4.49 1.575 2.066 -12.237174483219862 0.40863165485000363 10.424185703689876 1.5566913655201624 1.0
vehicle.car 0 0 0 513.7145402791217 487.4090390697153 642.5862347745824 529.0605443674744 4.932 1.657 2.136 -34.44863945412281 1.0997958754876178 -10.580265868928294 1.5599282815225877 1.0
vehicle.car 0 0 0 1499.828765166872 475.40414701352887 1771.4034876079995 551.1370297619287 4.88 1.891 2.086 -21.638675331650646 0.8269493202394073 21.342909536069637 3.057685440879667 1.0
vehicle.car 0 0 0 811.9290044542811 487.2087298916977 898.1918587708398 517.5981107838313 4.852 1.756 2.055 -49.42045545805575 1.2385700083311746 1.5602130460252361 1.5746228762715333 1.0
vehicle.car 0 0 0 608.3938187859529 490.22854276227486 680.6627407960616 513.7609896751907 4.834 1.666 2.116 -59.990398419408116 1.48786425454964 -13.648505248839744 1.5570650550356788 1.0
vehicle.car 0 0 0 426.079946481437 492.1844535023009 466.09149925050315 521.0090530536285 4.829 1.6 2.001 -48.037163439366076 1.4392734050080254 -22.679367856655258 1.8693533426172833 1.0
vehicle.car 0 0 0 895.8397304340307 485.3217059175179 1036.259110719815 539.5464677885439 4.394 1.733 1.874 -27.546696403263162 1.0179361965073874 4.584505613545481 -3.115399605310598 1.0
vehicle.car 0 0 0 493.85781498830556 488.6492555142944 629.4625611506483 533.5309249987877 4.759 1.639 2.032 -31.70757271331468 1.1178432009875552 -10.371190723399474 1.561414087889057 1.0
vehicle.car 0 0 0 940.9340592185564 484.4921400625704 1211.4325589909654 568.9063355737343 5.091 1.632 2.142 -17.321909087861734 0.9105558159533089 5.127317559507153 -3.112686902501654 1.0
vehicle.car 0 0 0 1250.7864945301687 452.9636082468593 1583.330313965656 552.641413626393 4.562 1.638 2.044 -14.709790839436987 0.3660318132035617 10.485370738290973 1.5566913655201624 1.0
vehicle.car 0 0 0 839.435076160953 487.45745024328585 935.4398390568813 522.8705553589016 4.555 1.739 2.094 -42.1404309469649 1.1937984832309914 3.000441371137705 2.9894520203537702 1.0
vehicle.car 0 0 0 827.0569255051913 489.23189372107504 914.0419340935199 518.7424429219856 4.605 1.614 2.171 -46.95276465636845 1.2674055421556372 2.36833594463465 1.5684187869255624 1.0
vehicle.car 0 0 0 1094.797983432974 475.5901657974461 1263.0616253258936 540.628752494121 4.588 2.0 2.065 -26.51250754889009 0.8425166162776987 11.350595280728617 1.5566308726754148 1.0
vehicle.car 0 0 0 928.8762749568668 479.83691848698237 1138.0098824819772 559.8997736074182 4.53 1.805 2.079 -19.86216162121045 0.8928688137980472 4.898055184115451 -3.0975763834299768 1.0
vehicle.car 0 0 0 1424.7100169250623 485.8130915118814 4442.1440757697055 1302.5737204651784 4.298 1.576 2.0 -2.611631904709461 0.832143406772133 4.832794743895766 1.5568353779320825 1.0
