human.pedestrian.adult 0 0 0 212.36924141026395 475.5617157341114 295.2977668173968 608.7137254113356 0.634 1.729 0.651 -10.910700666574549 0.7979932298285983 -7.74407727853547 1.5492166466573973 1.0
vehicle.motorcycle 0 0 0 854.9138150472878 499.27386650488194 869.0636919873634 525.609381167047 2.41 1.414 0.725 -45.15101083199593 1.695006585406147 1.8176062978884922 2.0514235867720334 1.0
vehicle.car 0 0 0 1176.884025332925 481.5539115070804 1294.5142404409448 518.9312913246958 4.915 1.747 2.048 -41.16962419372545 0.9403825776215885 20.6098609003432 1.5454134058906188 1.0
vehicle.car 0 0 0 982.9534208710542 488.0882220657281 1100.5922806852147 527.9449694943581 4.715 1.646 2.08 -36.57607336130929 1.1776511549902067 9.53251788081893 1.5453971701648346 1.0
vehicle.car 0 0 0 1119.628242260173 481.3442824468424 1214.5011047220908 516.3064303887916 4.82 1.96 2.021 -48.800228685048474 1.0307370216827743 20.318537761133094 -3.1301228821329623 1.0
vehicle.car 0 0 0 1103.362260710194 490.0713647576573 1185.449361297625 514.89674362149 4.435 1.464 1.998 -51.892691757702096 1.3268683564699 20.164565760981187 -3.1301228821329623 1.0
vehicle.car 0 0 0 1135.7360391926807 484.6794065521415 1236.851892565392 517.5479994045443 4.834 1.732 2.038 -46.26323827950529 1.1055169053244351 20.354560686948346 -3.1309101927670593 1.0
vehicle.car 0 0 0 1002.0009745653754 487.8974624626101 1141.8618334573603 530.9086744868061 5.085 1.621 2.252 -33.77168617794942 1.1401849852614467 10.04231373401182 1.5456545778577615 1.0
vehicle.car 0 0 0 1225.502617761845 479.6554661908292 1361.1731135048624 520.3143398298756 4.657 1.648 2.34 -35.985287788513205 0.8108998966387989 20.54876038547868 -3.1222498904663354 1.0
vehicle.car 0 0 0 1157.7607776128846 484.8153016466754 1260.3987888863853 516.7300643893174 4.543 1.59 2.07 -43.882228336637596 1.0321496498276272 20.528672426317165 3.108936347147533 1.0
vehicle.motorcycle 0 0 0 488.77632214034213 470.16778886524645 719.8519404123716 677.2249710833596 2.182 1.769 1.004 -8.129459361010513 0.81380064878601 -2.15584670654482 1.8197859565834031 1.0
vehicle.car 0 0 0 1270.9900041925616 465.0317842160921 1437.6641798014712 530.7128739090859 4.672 2.18 1.973 -29.09296664018389 0.5803355567064279 18.782744736215243 -3.1319099543754305 1.0
vehicle.car 0 0 0 828.1435453204332 496.84278661524263 874.2076057015673 512.610924182437 4.463 1.56 2.142 -86.15250254938393 2.440329717002783 2.3223382846608467 1.5573639829876793 1.0
vehicle.car 0 0 0 1364.6196017600707 476.9625594346529 1622.212442513083 555.2752375808983 4.586 1.767 2.364 -20.521833060353636 0.8460268467964107 16.668285161033815 1.5454960877745085 1.0
vehicle.car 0 0 0 957.5877523685187 493.9762138940543 1046.4786495201436 524.315404187616 4.447 1.544 2.017 -44.80820269577884 1.5064649806815722 9.513099111544504 1.5454614502333746 1.0
vehicle.car 0 0 0 866.9881523813577 494.3326997365111 983.2208136984267 533.3164094629445 4.841 1.587 2.122 -36.30248751261338 1.4199927465542026 4.2345598462180245 -3.113814861199506 1.0
human.pedestrian.adult 0 0 0 1279.0497593166276 471.3916265690977 1300.0773462136744 501.80664312893265 0.598 1.546 0.717 -41.842100279676664 0.2551809939379495 23.798238027274873 -3.102681365229751 1.0
vehicle.motorcycle 0 0 0 858.6994107579216 498.2737153800049 874.0971069899881 525.0411945950666 2.147 1.311 0.65 -41.15306630229368 1.50692497737015 1.8803665252801072 2.0684742058371866 1.0
vehicle.motorcycle 0 0 0 871.9215508368167 500.19247831261197 891.9454011125896 529.7753045098301 2.383 1.459 0.754 -41.58361907918369 1.6881289389069263 2.694038713962768 2.070658692066532 1.0
human.pedestrian.adult 0 0 0 277.96356927713583 472.49569441475717 351.2775046028703 604.0306792564379 0.574 1.771 0.685 -11.312873835453562 0.7718269659893509 -7.179792714799632 2.000757486013363 1.0
vehicle.car 0 0 0 1466.8650099461056 477.5113386300233 1746.362568431584 554.6811699641529 4.236 1.489 1.896 -17.562700615608158 0.7257459941156866 16.714477053537987 1.5453842639211235 1.0
vehicle.car 0 0 0 1341.560464952466 466.89520978546483 1551.4239227242226 537.5698031932099 5.012 2.033 2.196 -25.630244929196163 0.6412533473123369 19.426690677301767 -3.110203554118458 1.0
vehicle.car 0 0 0 963.9513777641873 486.96162882330503 1070.2414461915903 526.0038693381873 4.91 1.857 2.176 -41.832374483583315 1.2698281397254743 9.644405840250839 1.5454057209699705 1.0
vehicle.car 0 0 0 880.3517191368422 495.6186747122106 1013.9300683748806 536.6076425012734 5.083 1.518 2.133 -33.3490292077055 1.393897618694421 4.7829885886019134 1.5457665271601586 1.0
