movable_object.barrier 0 0 0 1021.9439110810174 506.2305286222918 1087.1769051916654 549.5973139477769 0.752 0.997 2.156 -20.68900685312285 1.1492616753224316 5.720433815175737 -3.0462480437060773 1.0
movable_object.barrier 0 0 0 1042.1867154047884 507.5213459747771 1099.5377173582422 557.9515014056778 0.74 1.031 2.006 -18.487054768355453 1.133095324233432 5.484301086650335 3.1025255955867985 1.0
movable_object.barrier 0 0 0 945.1638177125627 491.34385723990556 981.9884266808181 509.067973813375 0.583 0.965 2.03 -46.41082942918517 1.0561179776239848 7.706968893432645 -2.235172702336622 1.0
movable_object.barrier 0 0 0 1291.094094969412 537.834688441992 1529.1575348806944 676.7673715689982 0.705 1.015 2.143 -7.812256018934246 1.118893853918788 5.450375025938287 3.134785584753237 1.0
human.pedestrian.adult 0 0 0 847.110381801823 480.4431847626757 862.0186971647098 509.27823304697057 0.576 1.752 0.663 -49.7529435743966 0.8036258981725877 1.5584466490072963 -1.7175629046735752 1.0
movable_object.barrier 0 0 0 998.0135725713639 504.58426685143786 1050.190227558269 544.2305385408565 0.749 1.013 2.136 -22.783464412005188 1.1731539275130065 5.4535523914579835 -3.091092352490321 1.0
movable_object.barrier 0 0 0 1066.334046163989 512.0121263306746 1140.1605139480876 569.3982843380203 0.75 1.01 2.089 -16.30140482177504 1.1497930304574777 5.472280370358755 3.125649480873127 1.0
vehicle.motorcycle 0 0 0 1081.6470445851191 449.4442533647224 1441.0905125896556 823.4807122461185 2.342 1.77 0.89 -5.063380989381639 0.7531688713910117 2.4447964944310305 -2.0836974080297646 1.0
movable_object.barrier 0 0 0 1205.6398076989021 527.3880066816483 1358.381060927957 630.6083329388781 0.686 1.028 2.053 -9.942305857924568 1.1284708879499346 5.465898035836153 3.129572018285492 1.0
movable_object.barrier 0 0 0 1442.911905854662 550.4653807559971 1825.549203742343 754.285321894914 0.698 1.031 1.976 -5.733231531029908 1.0830877280621474 5.4691659824179375 3.1311112549441793 1.0
vehicle.bicycle 0 0 0 547.568540120267 505.3593683172447 571.8260490900612 538.2786214176872 1.576 1.103 0.565 -28.821982982748 1.409228025179638 -9.587306343707677 -2.1737710403059562 1.0
