vehicle.car 0 0 0 1002.6719735841208 469.7027568677832 1431.6762669500258 615.6184922825079 4.9 1.747 2.104 -11.231441256781817 0.7826697680922765 5.094919076359622 3.120362134842008 1.0
vehicle.car 0 0 0 884.5801846630735 485.98865209689944 998.9516790117451 531.0108117366984 4.394 1.733 1.874 -33.62642929652825 1.0906215860197788 4.618467213681573 -3.1146818008813213 1.0
vehicle.car 0 0 0 550.3656262884161 490.3619710952361 660.9301053617127 528.4947404052749 4.759 1.639 2.032 -37.92296382963449 1.270676005528051 -10.385746208282292 1.5600625952244611 1.0
vehicle.car 0 0 0 913.3681240242901 499.53195409148634 1127.4276806839807 567.5031633105353 4.381 1.376 2.012 -18.64025174899225 1.1442356842410866 4.285139983771797 -3.1163867643711693 1.0
vehicle.car 0 0 0 986.1078397201863 482.86651093761384 1304.7504301515016 592.4971395831818 4.59 1.636 2.078 -13.835059412872575 0.8922112027644515 5.221074422519041 -3.1206385919439015 1.0
vehicle.car 0 0 0 906.9219773657918 481.7432661707773 1064.2036656883672 543.3607509746669 4.53 1.805 2.079 -25.94177545494904 0.9572812766216923 4.925624660264811 -3.103955223223849 1.0
vehicle.car 0 0 0 1053.8212565810725 486.18856126217366 1569.8327333348293 659.7320868219614 4.298 1.576 2.0 -8.69134474784316 0.884366559116016 4.8478695105371274 1.5562349918692453 1.0
vehicle.motorcycle 0 0 0 1311.6466423099803 513.7061467560744 1786.9546849243109 819.9191620916446 2.335 1.351 0.755 -4.942204910233848 0.9060978213091374 4.053960050778601 2.085085289213107 1.0
vehicle.car 0 0 0 1305.6125818209864 474.6325723406339 1670.8003714439437 577.7233609337413 4.481 1.509 2.055 -13.58330674144594 0.698557945032445 10.847739510135284 1.555999940272394 1.0
vehicle.car 0 0 0 838.8097821944083 488.0221756065739 922.7863680222 519.4569932429073 4.555 1.739 2.094 -48.22111699767437 1.2904102075299173 3.046064462243858 2.995774715320925 1.0
vehicle.car 0 0 0 682.7248334767728 485.48402814747277 717.223240564175 515.9681559590426 4.396 2.09 2.172 -58.774207489417606 1.3620722566766068 -9.42815100903086 2.20755453793436 1.0
vehicle.motorcycle 0 0 0 1189.137084875385 518.6203175342689 1524.7179167075342 792.5755032436477 2.193 1.294 0.688 -5.163545561070729 0.9223196033239809 3.1374115413829164 2.0709821682882685 1.0
vehicle.car 0 0 0 1378.095615670716 470.8429485594964 1824.3882336509967 603.8386564946331 4.375 1.587 2.005 -11.239315199153067 0.7073953539460955 10.479240460118769 1.5563025710581622 1.0
vehicle.car 0 0 0 894.9930238842886 486.5311914377064 1044.8799822860872 540.3337101995149 4.816 1.729 2.104 -28.49274574320447 1.0854309287888353 4.868185517797661 -3.1163867643711693 1.0
vehicle.motorcycle 0 0 0 1553.4983116793935 507.295913626759 2036.8978692887854 791.0014428269432 1.943 1.385 0.678 -5.054069944139945 0.8746854763859476 5.7375836663101865 2.0614540225271867 1.0
vehicle.car 0 0 0 479.7945099008731 495.0894184634681 514.1063568922614 520.7312465611105 4.829 1.6 2.001 -54.223403245294804 1.72390082980919 -22.30298125316765 1.8732031449762374 1.0
vehicle.motorcycle 0 0 0 1102.7873685705974 503.94642383331274 1418.5929288954528 812.8335096874268 2.41 1.414 0.725 -5.021628484450006 0.8671029883435994 2.437571081854133 2.0509237903476887 1.0
vehicle.car 0 0 0 1047.0498845659351 476.7035609906274 1180.0168346289581 530.0984644341464 4.588 2.0 2.065 -32.6358677502144 0.8589614382032618 11.381655914204162 1.5559115342916323 1.0
vehicle.car 0 0 0 938.3642656955292 482.4586301432017 1184.2242053484501 578.8085846105475 4.281 1.725 2.052 -16.259013715839775 0.9293182448194515 4.52004831419167 1.55606454158168 1.0
movable_object.trafficcone 0 0 0 139.21025989601824 493.5725322173295 173.2353724795653 534.8410035996279 0.523 0.992 0.496 -19.961883346088825 0.7932007912674814 -16.594681888683617 2.862932794998528 1.0
vehicle.car 0 0 0 564.2954274001528 489.53510946606303 671.4802985642499 525.5835899181225 4.932 1.657 2.136 -40.522656573864495 1.2684383912716162 -10.493178180619266 1.5586812975478352 1.0
vehicle.car 0 0 0 926.3244367786226 484.9166230728581 1122.087862928289 547.5075416231083 5.091 1.632 2.142 -23.481067930010415 0.9651922769609684 5.542468962162872 -3.1190721174664304 1.0
vehicle.car 0 0 0 852.4333338479745 489.17756303485805 940.5025948837543 519.2975133811506 4.463 1.56 2.142 -45.46084373293664 1.2432786659650827 3.747346232835384 1.5664916622277207 1.0
vehicle.car 0 0 0 1360.1451643595083 474.08240134623287 1555.8979876604055 533.9813835258622 4.88 1.891 2.086 -27.707006113774728 0.7560558583253624 21.370595017555583 3.05126384578541 1.0
vehicle.car 0 0 0 828.4380810328325 488.8965151193719 905.4690759210044 515.4505308044569 4.605 1.614 2.171 -53.095865282771676 1.3231483590473836 2.4494403172615207 1.566719899738235 1.0
vehicle.motorcycle 0 0 0 1437.0579983873981 498.9010407937428 1995.2402527536817 830.396500093136 2.447 1.495 0.711 -4.948638666190785 0.8667977939352332 4.995948965061902 2.0647077906695275 1.0
vehicle.car 0 0 0 1481.907405365804 456.5504730170573 2099.194262574859 635.0673808667082 4.445 1.671 2.017 -8.98086511225919 0.6411370076455795 10.292293845935689 1.555881779334931 1.0
vehicle.car 0 0 0 707.5888322720502 491.3264141412758 764.7194766263921 514.003748380252 4.834 1.666 2.116 -62.929624509879964 1.6224930898539491 -7.280291754866733 1.751120840844437 1.0
