movable_object.barrier 0 0 0 582.905385241471 510.9872458546539 627.098746866388 538.5507937641622 0.732 1.43 2.357 -45.875207725529656 2.4255957104779915 -12.693472170997982 1.683275634038461 1.0
movable_object.barrier 0 0 0 662.4437775101006 507.0333656073665 682.9444066683773 527.3629592706206 0.336 1.415 4.195 -60.56530811179973 2.6246399758348824 -11.688911061985998 1.549377803323157 1.0
movable_object.barrier 0 0 0 376.3553378759335 514.3057654455913 427.68529868098045 539.5325039252144 0.586 1.222 2.542 -43.238333282343056 2.410180920770856 -22.823497519195683 -2.198899771024995 1.0
human.pedestrian.adult 0 0 0 1080.3378646553629 482.3037714697194 1106.96527369556 530.381722646761 0.582 1.74 0.65 -29.93822287190197 0.9091078954839846 9.782112793185133 1.6724425981443458 1.0
human.pedestrian.adult 0 0 0 1102.3799182551495 477.1268089193592 1124.6772879322682 526.0984607281775 0.384 1.823 0.593 -30.627047757984194 0.7524206203470853 10.758971213901235 -2.632250894996332 1.0
movable_object.barrier 0 0 0 646.2187617002069 506.3276560712756 669.635013920572 529.4929574111821 0.413 1.505 4.0 -56.38746863953993 2.489145962894698 -11.907556245982521 1.549377803323157 1.0
movable_object.barrier 0 0 0 499.7323365396777 513.4885467542607 544.255733415139 539.6472446847903 0.444 1.271 2.141 -43.136819396245215 2.3781819877468484 -16.3695781674208 1.8486815970197856 1.0
movable_object.barrier 0 0 0 337.0932637368951 513.5772448763138 385.21279764175284 540.6323935917076 0.443 1.346 2.466 -43.8097842887381 2.4527038256066054 -25.33919971736113 -2.188898706517275 1.0
movable_object.barrier 0 0 0 447.45314997001145 513.381261145012 499.71111874932427 545.8570268325295 0.586 1.579 2.554 -42.50063387820469 2.5104377204505752 -18.676026824513034 -2.2033288155328234 1.0
movable_object.barrier 0 0 0 629.5977081823696 506.25068596128875 657.2957077860998 531.7534923357372 0.519 1.531 3.968 -52.332061523962466 2.3760971251634317 -11.980714206666972 1.5492874076198042 1.0
