movable_object.barrier 0 0 0 453.2645395019007 509.8692871573742 521.1455109201675 552.6980890317268 2.211 1.075 0.474 -22.659134677845802 1.3593064149508516 -9.53485527392245 -2.261002834348525 1.0
movable_object.barrier 0 0 0 384.6736390057478 512.3868927234486 465.43905124654685 558.3642872159413 2.1 1.034 0.454 -20.453482613256583 1.3282139908103514 -10.169695593321272 -2.301361878844949 1.0
movable_object.barrier 0 0 0 291.4180976508969 517.3390547871892 387.0290814262962 568.4636827426561 1.992 1.015 0.444 -18.266488410962936 1.351651566769169 -11.010194278131673 -2.3170327675465288 1.0
movable_object.barrier 0 0 0 540.546925612292 510.3706146913475 558.0475545259322 543.4448360338312 2.012 1.019 0.439 -26.86740349109574 1.477226879828173 -9.282842656401034 1.9410519625199028 1.0
movable_object.barrier 0 0 0 507.1467540007582 508.3643374513315 557.8148352063303 545.5965666490231 1.986 1.042 0.454 -24.853172912858362 1.3667983837116782 -9.084858503149048 -2.228670531354478 1.0
movable_object.barrier 0 0 0 82.88126144955133 520.624224896774 186.59747035610047 579.1808386580115 1.997 1.053 0.437 -15.307623114726145 1.2904146975927109 -13.14123984418093 2.927785152940813 1.0
movable_object.barrier 0 0 0 14.903966200551192 520.073179117286 112.28365769205016 574.016744263484 1.973 1.006 0.475 -15.904541561272497 1.2841858588202406 -15.052182954202852 2.905431754516197 1.0
movable_object.barrier 0 0 0 187.91598278470713 519.6234053901084 303.90982869506746 578.2047865592195 1.986 1.027 0.449 -16.298819564183635 1.3194161032733924 -11.68698315533552 -2.3058313331253775 1.0
movable_object.barrier 0 0 0 -47.777485029435525 520.8696818201569 47.01485236624426 571.3730647998569 2.079 0.981 0.451 -16.56129450827833 1.319523841865967 -16.984316436536105 2.905431754516197 1.0
human.pedestrian.adult 0 0 0 1102.175692542698 470.4204406315464 1126.85417178139 515.9358811696355 0.729 1.615 0.581 -29.379617909416876 0.4139042288563306 10.352213560893254 2.0694655526824404 1.0
