movable_object.barrier 0 0 0 452.51405460597545 522.9093635845157 489.6715302501113 554.8488030040052 0.446 1.1 1.927 -31.057798224871995 2.1726206860677566 -13.723251696476687 3.0764269275084555 1.0
movable_object.barrier 0 0 0 100.82913997386565 541.4456798418023 204.67482553859907 603.8229835937321 0.458 1.108 1.94 -17.0642435191465 1.8787593294610014 -14.204056439549333 3.0764269275084555 1.0
movable_object.barrier 0 0 0 184.27291927170364 535.6175583512137 267.19411809289613 589.5306180585612 0.464 1.086 1.909 -19.004514910601404 1.8655943518721565 -14.124617086160576 3.1012826047743376 1.0
movable_object.barrier 0 0 0 422.7957577425306 523.382088195653 465.2179100516274 557.8260339378312 0.452 1.105 1.984 -29.097535603529238 2.0942410955902355 -13.825863075782694 3.0764269275084555 1.0
movable_object.barrier 0 0 0 -146.99602900223792 553.902459512939 13.53722678725762 638.2175545701082 0.462 1.112 1.843 -13.079955261529065 1.7995286163672124 -14.392647463499076 3.0764269275084555 1.0
vehicle.car 0 0 0 925.6399365520659 494.0834497051345 968.5644166778369 530.7280589412294 3.395 1.591 1.734 -38.3379794152311 1.4139631953618013 5.537869367660201 -2.153148687498054 1.0
movable_object.barrier 0 0 0 298.7018520241142 529.4316263717465 361.57763213421873 574.2417510435321 0.446 1.112 1.972 -22.96759117195189 1.9612840318626277 -14.127622392089721 3.0764269275084555 1.0
movable_object.barrier 0 0 0 242.20577081531923 532.7435421505675 316.7579897979753 582.4574208445495 0.451 1.112 2.002 -20.971282183380577 1.9343996105077204 -14.20159975374791 3.0764269275084555 1.0
vehicle.construction 0 0 0 -293.892884977322 442.4340146986438 31.452157910242075 571.4147248717173 4.358 2.685 2.527 -19.530841161893097 0.5727702926003069 -22.778926800341704 -2.1762377467528617 1.0
movable_object.barrier 0 0 0 389.3891736746476 523.712159432677 437.3125080983281 562.7905014948375 0.457 1.169 1.984 -27.10944605896772 2.0355730893868103 -13.903193715590259 3.0764269275084555 1.0
movable_object.barrier 0 0 0 346.8952665596056 526.6929559024761 401.58169526855187 567.304567406842 0.447 1.106 1.988 -25.011141381534422 1.9910189407016796 -14.029579666140325 3.0764269275084555 1.0
movable_object.barrier 0 0 0 -11.271641233975775 547.5540854138893 118.6255647432873 618.6950431347219 0.511 1.09 1.873 -14.97330253565367 1.8344249425349233 -14.27690055863717 3.0764269275084555 1.0
movable_object.barrier 0 0 0 500.10010215655825 518.3215166569667 531.419532685861 546.3195634797304 0.461 1.102 1.978 -35.12639508941045 2.176918375463088 -13.587859363849523 3.0764269275084555 1.0
movable_object.barrier 0 0 0 520.8265387883106 517.2081189308741 549.5385967462374 543.3333702905118 0.455 1.089 2.002 -37.116448207385716 2.208137242601057 -13.469204528417283 3.0764269275084555 1.0
human.pedestrian.construction_worker 0 0 0 137.92203263767374 509.08062777090805 185.58995921600118 588.1970094533361 0.661 1.86 0.555 -19.6262479981931 1.6091593697669524 -16.18149288886405 -1.5611969195227822 1.0
