vehicle.bus.rigid 0 0 0 549.1447400149672 445.8722372928059 729.7685574987541 525.2439001246455 11.961 3.417 2.821 -40.917783872942465 -0.030690288930489307 -9.012199976800913 -1.9236415422448756 1.0
vehicle.bicycle 0 0 0 1161.6595341262869 494.6433303971971 1354.3178383800243 619.729966508166 1.593 1.135 0.401 -7.825381867064992 0.7074481541368429 4.102863504564759 2.9645575729350195 1.0
human.pedestrian.adult 0 0 0 912.7524028580889 472.55246603940867 928.0895212663936 502.4638874938725 0.724 1.757 0.684 -48.40108384006876 0.33865313777760836 5.45686816994431 2.85682855062198 1.0
human.pedestrian.adult 0 0 0 724.5993665368571 472.32623619073746 745.6333465917724 510.8762214327743 0.616 1.64 0.767 -35.22168095716183 0.4212206875473865 -4.0919821927824005 2.920316299242323 1.0
vehicle.car 0 0 0 1009.0263583056395 473.2532349301362 1041.5971926130235 495.70609710709783 4.502 1.638 1.764 -65.55807689515888 0.19414595605454854 15.920805907814266 -2.375883038840062 1.0
human.pedestrian.adult 0 0 0 793.5136991792433 477.2199539754384 810.3096339978921 502.34282856735007 0.868 1.572 0.653 -51.66901665393872 0.5086687962726495 -1.7415774817154968 2.9058691624568915 1.0
vehicle.car 0 0 0 806.5194173089079 473.74336147449947 848.8196391307594 499.1105014669564 4.526 2.051 1.882 -71.64803060219718 0.38148128570105444 -0.09447517995940531 -1.865573585294535 1.0
human.pedestrian.adult 0 0 0 513.5262272247289 470.843253355997 561.0841163212102 561.053652717061 0.672 1.679 0.55 -15.581890156411815 0.6370082822862775 -5.620308734048761 -1.7198198963817601 1.0
vehicle.truck 0 0 0 419.29243141327595 421.859727813 650.4698489006508 546.9329369009603 9.628 3.509 2.602 -27.664674969496684 -0.0671432584273578 -9.422619974386555 -1.9857646774117361 1.0
human.pedestrian.adult 0 0 0 682.8304407570115 476.4990524808697 709.1033722418317 516.2319170167489 1.054 1.658 0.752 -34.95870660961289 0.6199991671032435 -5.749044234045977 -2.2433437270024967 1.0
