movable_object.barrier 0 0 0 1139.2881780762361 474.5803374990469 1187.8580242518874 503.58629791197006 2.06 1.1 0.759 -33.89787785049324 0.30181937285595883 14.01224839213046 -2.7861629331645394 1.0
human.pedestrian.adult 0 0 0 509.1792036899909 499.86447852112354 535.1771528069371 543.0010662371989 0.771 1.766 0.739 -34.30077574940856 1.678311846996659 -13.01590860666775 -2.7177353596636413 1.0
vehicle.car 0 0 0 184.32001140452599 518.7306560468489 245.96409257137609 556.7633752713501 4.633 1.573 2.011 -38.56443225997428 2.6317256960791324 -29.170613190543225 1.803854179559952 1.0
human.pedestrian.adult 0 0 0 1479.2920824690666 441.4645499210704 1501.45229039555 469.1288043942764 1.04 1.937 0.942 -59.192228183804424 -1.9331309102297132 48.360486024472614 2.5337657242509213 1.0
vehicle.bicycle 0 0 0 314.33644065696166 503.89604989395207 356.2893774597188 561.0088972556788 1.77 1.709 0.689 -25.520791170652473 1.5969660846158358 -15.587182155659573 1.7263588655321431 1.0
human.pedestrian.adult 0 0 0 378.74088211321117 504.30819009378104 415.33557321545226 553.342831982311 0.813 1.656 0.698 -28.508304208619226 1.6497451859046843 -15.220459897751494 2.368710984847988 1.0
movable_object.barrier 0 0 0 1087.1821093901447 478.06347998381153 1134.7834745088248 506.77803868287276 2.042 1.073 0.714 -33.42439469871777 0.43450894620608405 11.645833132268207 -2.7605644456530696 1.0
movable_object.barrier 0 0 0 1108.6345584801097 475.84060080716506 1156.541333055564 506.8261797560443 1.977 1.144 0.764 -32.76559783001268 0.3818335192105156 12.290608275380238 -2.749421223817663 1.0
human.pedestrian.adult 0 0 0 362.2489890412997 505.97793332714724 388.8580114876505 558.953484344534 0.669 1.642 0.621 -26.015135572036407 1.6222359474809678 -14.586495867729758 1.79585234109937 1.0
movable_object.barrier 0 0 0 664.1683814679867 501.09786611940194 739.32246876301 538.2220073909444 1.994 0.927 0.639 -23.147923046776313 1.07358260505786 -3.633304056899453 -2.7611274430463 1.0
movable_object.barrier 0 0 0 1248.0851157939915 467.74874441335015 1286.923305765615 493.3957361720375 1.945 1.11 0.649 -38.23601510797916 -0.060666868564144494 20.714157065038044 -2.798635061567796 1.0
human.pedestrian.adult 0 0 0 440.92761980689954 503.26058443882357 469.354684155655 547.6271081783732 0.908 1.835 0.8 -34.780516145819384 1.8629281205196175 -16.069447206980858 2.0366287965964442 1.0
human.pedestrian.adult 0 0 0 394.6919667041629 512.1074663500174 411.22785215643904 537.6687591585145 0.983 1.811 0.973 -59.74020094247868 3.178053466909104 -31.47039919621516 2.372721196622079 1.0
movable_object.barrier 0 0 0 1054.1876257584615 479.39522316896944 1103.1770037100196 509.3299039781944 2.05 1.081 0.693 -32.28466804998631 0.49623514298727334 9.961436788529026 -2.748333267904301 1.0
human.pedestrian.adult 0 0 0 1584.0449198700019 435.8543427271629 1614.596139041604 479.3010811061577 0.618 1.752 0.634 -33.69610989407985 -0.997464544857108 32.059272523353194 1.5881240301541828 1.0
human.pedestrian.adult 0 0 0 594.6853088446437 493.7230822885351 614.9010538522839 537.9511856528582 0.703 1.839 0.661 -34.7091454401362 1.4550042524339384 -9.621404531857078 -3.0360759901170162 1.0
human.pedestrian.adult 0 0 0 603.3944036222157 493.919613834849 627.4105483957906 534.3365050928819 0.828 1.734 0.777 -36.0271936577898 1.43758247580543 -9.522236101199207 -2.8743678312634717 1.0
human.pedestrian.adult 0 0 0 647.4569201804636 489.6774676163286 670.2225070112275 532.795758665991 0.775 1.821 0.734 -35.33586405964384 1.2839307506444513 -7.443017369540054 -2.9207658891485764 1.0
vehicle.motorcycle 0 0 0 -50.31526288334652 518.6741365217506 11.562778892377727 573.307861751353 2.059 1.931 1.169 -30.835830153438426 2.4171672154284267 -32.29185607395201 1.8009220639770298 1.0
movable_object.trafficcone 0 0 0 1081.6798056807077 488.3839261244712 1101.1138765863113 508.1434220780601 0.483 0.733 0.473 -31.459043269706292 0.6420894818916573 10.190958539154906 1.8577495674711706 1.0
human.pedestrian.adult 0 0 0 261.3940879839994 506.18911500265955 292.8563057961065 561.443539625423 0.716 1.73 0.687 -26.338260522516983 1.6862019660356347 -17.9702830381716 -2.6815102050685926 1.0
vehicle.truck 0 0 0 1597.9832173299642 384.9643324965259 1753.3751732683734 489.21472043689903 10.201 3.595 2.877 -32.93556509020088 -1.7531269277458983 34.625499903064444 -2.7336518978417352 1.0
human.pedestrian.adult 0 0 0 297.116187664784 504.8914259905689 331.70657919579696 561.4382468834825 0.741 1.725 0.79 -25.768869329437166 1.6276450336940596 -16.3948231831077 1.7655246891682292 1.0
movable_object.barrier 0 0 0 842.3253350426332 493.6113463458826 900.7537544031579 523.9670393034222 1.842 0.885 0.677 -26.608146662761072 0.8833265753996864 1.4001711015333966 -2.750362587572985 1.0
human.pedestrian.adult 0 0 0 433.49929408424805 483.54593937873705 510.3624992666313 614.6408098811147 0.958 1.757 0.777 -11.635361029479498 0.9389295933806041 -5.1465582868091655 2.421956335802869 1.0
movable_object.barrier 0 0 0 662.1143272288165 500.24626716223185 742.3925193360819 547.3269294490289 2.03 1.15 0.666 -22.29813156955749 1.1424753913720824 -3.486116322220555 -2.7803736214886587 1.0
movable_object.barrier 0 0 0 1504.0973468502225 450.4761125601015 1526.2537382007156 466.67191418915013 1.908 1.051 0.579 -56.53859588610565 -1.6239986728915934 47.929804136708526 -2.781526329132431 1.0
movable_object.barrier 0 0 0 727.2153415774719 497.5090107383297 805.5698251863881 540.542653164349 2.168 1.098 0.647 -23.40183566448294 1.063945486163961 -1.8007144933285977 -2.7558781117934847 1.0
movable_object.barrier 0 0 0 1515.4003503731174 449.4474823661719 1537.0560584088255 465.80780962442446 1.91 1.055 0.555 -56.01534996904999 -1.6746961314566258 48.25148018179058 -2.777418844725772 1.0
human.pedestrian.adult 0 0 0 511.05963335751494 500.9946992109915 535.9558178209115 543.1846793972109 0.746 1.695 0.733 -33.699527830286385 1.6753375163896655 -12.732926110550734 -2.7616170316150264 1.0
movable_object.barrier 0 0 0 784.624062045466 495.63390401076396 849.2613068233427 528.8202558186609 1.923 0.919 0.696 -25.34178781679855 0.94759553213171 -0.37362222759304764 -2.738144265698316 1.0
movable_object.barrier 0 0 0 1222.541929068809 468.9974381605356 1263.7885058421557 496.30487131429055 1.977 1.149 0.703 -37.17667060536578 0.036125691200133536 19.022615039205665 -2.7863592353502886 1.0
movable_object.barrier 0 0 0 1170.301138170117 472.50488637386013 1213.5469181248798 500.5083692904864 1.908 1.106 0.721 -34.991277653854596 0.2005295320915194 15.68905912628239 -2.773901162912403 1.0
human.pedestrian.construction_worker 0 0 0 -161.41345896088453 430.9729098232829 104.83552603095434 812.7799101431834 0.837 1.746 0.775 -4.272334123332506 0.6447930669142825 -4.437067283939154 -2.687869160073001 1.0
movable_object.barrier 0 0 0 885.6323079229888 490.41109866404696 945.7008835970023 520.8491894730095 1.99 0.921 0.726 -27.67944489165999 0.8109301182880593 2.9659516920875157 -2.762596280209113 1.0
movable_object.pushable_pullable 0 0 0 1595.0987873551237 447.31095023765005 1621.2068726617872 478.99821542858086 0.835 1.265 0.599 -33.676871233466194 -0.7756561623534914 32.41649082550042 -2.7158263007713517 1.0
human.pedestrian.adult 0 0 0 608.4024535388329 492.67364205187164 631.5115290590296 533.1631825556713 0.807 1.706 0.751 -35.36842048794597 1.3582365151128677 -9.149280166515679 -2.9118846829108413 1.0
movable_object.barrier 0 0 0 927.3098933858065 487.0606630989038 983.0877123838567 517.3993119244767 1.967 0.962 0.704 -28.745099942648196 0.7210729315225135 4.484305734559009 -2.746145502952748 1.0
movable_object.trafficcone 0 0 0 654.2164834933927 514.6710923570992 674.0529171062149 541.5614290166081 0.399 0.705 0.383 -22.152925709808777 1.2663106564984248 -4.520238213201386 1.8210209743191994 1.0
movable_object.barrier 0 0 0 1272.5126917003688 466.7054305698536 1312.1608600668903 492.14550989114304 2.034 1.127 0.683 -39.2441593316529 -0.11773475218648477 22.46453344768613 -2.805109811681257 1.0
human.pedestrian.adult 0 0 0 405.11750599116243 493.4703714373461 490.9317566125236 625.1466994659083 0.709 1.609 0.648 -10.444464119685941 0.9802501889829545 -4.915633713358937 2.7230972388167594 1.0
movable_object.barrier 0 0 0 1196.97926966266 470.25028696578374 1238.2483020810312 497.93669823330373 1.964 1.131 0.694 -36.077014235762284 0.0985744097859989 17.321883130191953 -2.7616537517198694 1.0
movable_object.trafficcone 0 0 0 1055.8609051151495 487.71692777823836 1070.76341640498 508.89891406702856 0.356 0.803 0.379 -31.74671453134528 0.6488259801301204 9.183337149535541 1.7907309912472016 1.0
