movable_object.barrier 0 0 0 1504.6496152095979 452.1120619450332 1567.63940246892 481.13337803718645 2.06 1.1 0.759 -34.81561413988006 -0.6469181247715187 30.40259967861879 -3.1282803695256156 1.0
movable_object.barrier 0 0 0 448.88388480717185 541.1286598928124 587.6439261757431 687.1077750982694 1.974 1.054 0.626 -7.648659827108028 1.1592012274138654 -2.8535129663283785 2.0774146566024276 1.0
human.pedestrian.construction_worker 0 0 0 580.3102841623552 478.8791049877884 633.994342685536 576.5509938629251 0.687 1.766 0.626 -15.273082016912364 0.8555028383623401 -4.192572173423227 2.7003133304225067 1.0
movable_object.barrier 0 0 0 592.2682707453629 526.8256466315984 658.88629176372 601.0378024712022 2.025 1.046 0.693 -13.678831454383042 1.3408395385934502 -3.400076475464178 2.07825711678435 1.0
human.pedestrian.construction_worker 0 0 0 28.984769379710258 482.3278278326284 157.00271598766454 660.5855836946871 0.829 1.78 0.759 -8.784056522011685 0.9296324445669044 -7.950387353552899 2.3203430279277484 1.0
human.pedestrian.adult 0 0 0 1169.0552078366566 464.1656602142077 1244.794596901083 562.3623724255758 0.994 1.757 0.674 -15.16371609845309 0.5877663543071241 7.070317565493035 2.512568559415472 1.0
vehicle.motorcycle 0 0 0 635.3791380769536 501.2059059709586 658.5254075326408 532.3323278320323 2.059 1.931 1.169 -53.111652927542146 2.275447995013045 -11.947383402160584 2.0512544229611755 1.0
human.pedestrian.adult 0 0 0 759.224891248863 477.70831275099954 806.5825088891924 564.928026862187 0.914 1.905 0.695 -18.515680978442195 0.8927892043059387 -1.050381265537303 1.5558263287125218 1.0
human.pedestrian.adult 0 0 0 784.3281993653877 492.66450243466414 802.0405961147486 526.5479586818321 0.716 1.73 0.687 -42.684368996559094 1.4647798053412855 -1.9036926010200124 -3.021622616925672 1.0
human.pedestrian.adult 0 0 0 812.556292653752 473.0874234393702 867.434940626272 559.0863740191936 0.936 1.856 0.749 -18.23444502588404 0.7637889252132231 0.2491210495751295 1.5928265065067366 1.0
movable_object.barrier 0 0 0 518.7228238789438 535.4592141621307 622.1852472869608 648.7112535764289 1.981 1.078 0.675 -9.665392690716848 1.2460173899913958 -3.026560678694995 2.0774146566024276 1.0
vehicle.construction 0 0 0 112.80041720138047 325.12757929191855 593.9866393291646 688.5552513943121 3.992 2.916 3.016 -8.890755714530423 0.22192838991538974 -4.6031161883579195 2.102476846833551 1.0
vehicle.car 0 0 0 -375.5154110532499 464.9132328813091 155.11202905538903 666.4117725591688 4.956 2.17 2.135 -11.773404628632566 1.0057195781432249 -12.83266998010628 2.102476846833551 1.0
movable_object.barrier 0 0 0 34.28965298532323 532.7692011748765 185.3455038054497 622.3122977186474 2.068 1.169 0.616 -12.749480177988627 1.449830994573677 -11.23678822642106 2.095708047926183 1.0
human.pedestrian.adult 0 0 0 821.6645722889355 476.31905457731926 867.572418835482 557.2404653498924 0.78 1.812 0.72 -18.830174318269602 0.8038295399386868 0.36413565458766056 1.5900822594090132 1.0
human.pedestrian.adult 0 0 0 914.4793022261879 485.1284734173615 952.2568218546666 544.7271603378979 0.709 1.609 0.648 -22.68922804630739 0.9269680973009458 2.916847197204272 2.3961840335857723 1.0
movable_object.trafficcone 0 0 0 1033.2782185980739 495.0264551104024 1046.873253992566 513.011084349031 0.399 0.705 0.383 -32.94234755522597 0.9039542664300909 8.58208299983617 2.0766638923280603 1.0
movable_object.barrier 0 0 0 1548.3300274354121 448.4772894428483 1607.0698944385665 477.2705578765233 1.908 1.106 0.721 -35.015545999640516 -0.8134502627337524 32.377277449415466 -3.115836066865933 1.0
movable_object.barrier 0 0 0 1259.894629122059 470.5887107138483 1314.8697245667283 496.1284482446598 1.967 0.962 0.704 -34.61039818200324 0.07083287312905462 19.588077178034407 -3.087616693043782 1.0
human.pedestrian.adult 0 0 0 1309.086872428733 433.79746185545656 1410.9775551322527 572.0999710274557 0.761 1.73 0.69 -10.719985977980238 0.2736579520408712 7.014788041566053 1.5598676310925228 1.0
human.pedestrian.adult 0 0 0 972.7326451702054 481.30556722091006 988.6366217011099 513.8668014789595 0.775 1.821 0.734 -46.68944671001251 0.9078063703157949 8.741663668352844 2.954025985050114 1.0
human.pedestrian.adult 0 0 0 813.923512549639 491.45374407968694 833.82030931219 526.2806854580707 0.741 1.725 0.79 -41.55352612841642 1.3875040270629726 -0.2782782348775615 2.0055008523530535 1.0
movable_object.barrier 0 0 0 1179.8645630454503 475.7660850410105 1231.3659024952726 499.6018505200991 1.842 0.885 0.677 -34.12948615927021 0.2521269643732711 15.86768229591899 -3.091908786602797 1.0
human.pedestrian.adult 0 0 0 877.5291547461644 488.4413668463429 897.9880516803786 520.5820225776869 0.771 1.766 0.739 -45.916979177167335 1.2923495417020683 3.3197191407833415 2.8261403488485595 1.0
human.pedestrian.construction_worker 0 0 0 826.0610364004374 469.690022859924 878.8529702221094 557.2474669396084 0.837 1.746 0.775 -16.995177840651156 0.6565833609449296 0.4782079557806967 -3.0281329702130524 1.0
vehicle.bicycle 0 0 0 821.6472241878741 489.76892444119034 847.1022625900991 525.0853909083896 1.77 1.709 0.689 -40.9444001669707 1.2986051882619423 0.24888735538108353 1.9530261474526185 1.0
human.pedestrian.adult 0 0 0 173.16902607312144 497.79018400552604 235.98075991744122 585.6114009983935 0.858 2.0 0.728 -19.311938763611714 1.4083378007569078 -14.89173619141987 -3.102123580721308 1.0
movable_object.barrier 0 0 0 563.2818106425933 529.2297551061305 638.9458912338641 621.160504757041 2.086 1.091 0.677 -11.70009551623567 1.2890383543741821 -3.2481991420748866 2.0513942875589013 1.0
human.pedestrian.construction_worker 0 0 0 44.908014189579035 480.92663366640477 160.60981037969495 644.7870742602071 0.851 1.76 0.703 -9.390205489950887 0.9030432809071295 -8.393044608143917 1.8962044853035644 1.0
movable_object.barrier 0 0 0 312.2584764595395 557.5623754437793 529.4459822736387 776.9870138132702 1.991 1.079 0.59 -5.675987690040616 1.1623251762107503 -2.7294287989988706 2.0774146566024276 1.0
movable_object.barrier 0 0 0 1588.6923514544326 445.982793068177 1647.6460234185884 475.22641306657863 1.964 1.131 0.694 -35.23041716960732 -0.917811651177634 34.33908607436316 -3.1033927286519702 1.0
human.pedestrian.adult 0 0 0 886.0428139852277 488.93866675180647 906.5786280946318 520.2677698384762 0.746 1.695 0.733 -45.29698387253727 1.279130200598102 3.7541567902307516 2.759088792097959 1.0
movable_object.barrier 0 0 0 1133.887892539462 479.13863258245465 1187.18930201923 504.099272125325 1.923 0.919 0.696 -33.83631403639987 0.41392919665990574 13.846691661601485 -3.079468613916367 1.0
movable_object.barrier 0 0 0 606.8333573413016 520.4213246164259 665.3015884358457 588.2880685015547 2.056 1.181 0.613 -15.66291120357353 1.3599358626655946 -3.767543316497676 1.874462298803934 1.0
human.pedestrian.adult 0 0 0 973.4964176171089 482.7531957901234 988.9036844210661 512.9824490135793 0.769 1.711 0.775 -47.334961257895856 0.9364402968771788 8.892779738711752 2.9572480282235496 1.0
human.pedestrian.adult 0 0 0 944.5319677432072 484.36848791141625 963.0699105882088 514.8387197289165 0.807 1.706 0.751 -46.93053550122115 1.0327389720888869 7.2209608572263 -3.130719525900088 1.0
vehicle.truck 0 0 0 -171.2576262707347 516.8820274045248 52.99331748747615 596.3294786207914 6.013 2.598 2.287 -32.20523805133533 2.9099226512135172 -35.1684779270653 1.5539863365691415 1.0
movable_object.trafficcone 0 0 0 -500.49316919296473 777.6966174409813 27.130066279474004 1293.9193355131504 0.536 0.798 0.499 -1.9043272176533181 1.2106651691789507 -2.417572219604332 2.0908241924135718 1.0
movable_object.barrier 0 0 0 1399.2771474551946 460.33415540619825 1456.798704844795 488.35134076747056 2.05 1.081 0.693 -35.241536047098606 -0.3204110561615876 26.070856765760443 -3.089843576540093 1.0
human.pedestrian.adult 0 0 0 198.97055526686793 499.7342836785783 256.3983684479089 579.2405698636076 0.837 1.916 0.759 -20.45411402247868 1.437969565214436 -15.189383023365522 -3.064804677417298 1.0
movable_object.barrier 0 0 0 1087.6722327691314 480.790322710171 1147.7982312353586 511.43902448330374 2.168 1.098 0.647 -32.764973868194275 0.5799311488437497 11.674549263907409 -3.0975199415507095 1.0
movable_object.barrier 0 0 0 1040.2071309299251 484.67864428990157 1097.29470650567 516.6724473583981 2.03 1.15 0.666 -32.549318755539005 0.7577813003087076 9.625799353349954 -3.1224065681011535 1.0
movable_object.barrier 0 0 0 514.2323480907281 515.5557025353113 613.2619314176496 577.7577926770083 1.79 1.119 0.621 -16.605326945434197 1.3145766052958592 -5.422041460124344 1.5552230591530698 1.0
human.pedestrian.adult 0 0 0 147.3742869291338 506.89533921078197 219.2113413718788 591.7101974067401 0.951 1.835 0.767 -18.55056990450031 1.5254556215546442 -14.789555584517423 -3.1394557915490733 1.0
movable_object.barrier 0 0 0 -145.0624551714519 548.2462786422279 77.63769899780695 670.5754688659569 2.175 1.245 0.644 -10.499817652335937 1.5713900288300915 -11.045477165934477 2.095708047926183 1.0
movable_object.barrier 0 0 0 1222.4879232183691 473.14259271194373 1278.4585949052196 497.90723576436073 1.99 0.921 0.726 -34.37690418782371 0.162826185043758 17.886647548209872 -3.1043508208028605 1.0
