human.pedestrian.adult 0 0 0 278.09277090628586 473.93693062623754 390.7322341865165 634.458841831823 0.936 1.856 0.749 -10.069693957040128 0.8675107891589069 -6.1252588446921195 1.5619495995132961 1.0
human.pedestrian.adult 0 0 0 761.4849743010017 488.9401864969646 782.1060956281236 524.4586048294644 0.828 1.734 0.777 -40.97679413780408 1.2597000289550349 -2.9115807313142366 -3.016811596670099 1.0
movable_object.barrier 0 0 0 -97.50486297681645 564.2714803961766 48.357078433374475 750.5749020065011 2.056 1.181 0.613 -6.589509043260604 1.3173733419919589 -6.865898196509017 1.7473320444724196 1.0
human.pedestrian.adult 0 0 0 641.0808565928618 491.8572235277192 664.2841348757105 530.4781075799885 0.908 1.835 0.8 -39.824930141772576 1.4362600352804693 -8.682159289727007 2.155865457988263 1.0
movable_object.barrier 0 0 0 836.9404596091564 489.30695951767757 903.8533957352071 528.5874021055731 2.03 1.15 0.666 -26.530407018548917 0.8836405876525886 1.3518295817126267 -2.9221294514143032 1.0
movable_object.barrier 0 0 0 1234.5993152916435 467.173870991429 1285.3391103885112 495.27510448950954 2.042 1.073 0.714 -34.45976679536945 -0.024865748598982718 18.344715144992566 -2.9021321300451914 1.0
movable_object.barrier 0 0 0 1502.3124455812913 446.3203444237894 1546.7731239835066 471.46929194674584 1.964 1.104 0.72 -39.422066360305976 -1.1149826983509064 33.873215074595976 -2.93210547286699 1.0
human.pedestrian.adult 0 0 0 1527.2541767584341 382.5240035472267 1755.0530973211637 700.3543869851476 0.761 1.73 0.69 -4.88592331443021 0.3197531307938912 4.882819119808242 1.600790487434427 1.0
vehicle.car 0 0 0 256.3425734637718 512.4740775092055 329.47625651328997 549.9304495166074 4.363 1.441 1.875 -36.01863020261732 2.1531200688368366 -23.764586198731813 1.89878099281274 1.0
human.pedestrian.adult 0 0 0 754.8502413366507 487.34147794937445 773.45353133126 525.9044449691845 0.703 1.839 0.661 -39.75355895422867 1.218625861705387 -3.1993403505240843 -3.002730505808854 1.0
movable_object.trafficcone 0 0 0 412.3120495625019 525.4871339145539 423.6577970407948 543.1466067822033 0.395 0.803 0.411 -38.54358693796095 2.499525891656172 -19.58553648730716 1.9091368496530476 1.0
human.pedestrian.adult 0 0 0 118.22115538359691 469.56516231444976 248.47963296946497 645.4554885917689 0.914 1.905 0.695 -9.420180712794505 0.8468069269353153 -7.483587558825261 1.5632585394022502 1.0
movable_object.trafficcone 0 0 0 1246.0930587514908 474.8985315451064 1266.0423182297905 495.03260320315025 0.474 0.784 0.485 -33.083437685776104 0.13182785776972572 17.449179944227694 1.907288846908438 1.0
human.pedestrian.adult 0 0 0 800.6541963970498 483.1152892388325 819.1729742331207 521.1859191008693 0.775 1.821 0.734 -39.99930126957903 1.0046125153240486 -0.958328301913807 -3.131868742540936 1.0
movable_object.trafficcone 0 0 0 103.14393370214952 543.3887080353642 118.50547821225744 560.3484950723664 0.414 0.78 0.428 -39.67403801066662 3.433398608779441 -35.2185275997088 1.577765650166957 1.0
movable_object.barrier 0 0 0 1474.286252510773 449.7535884912104 1521.0657379921145 475.3656502283667 2.037 1.1 0.731 -38.723858680490785 -0.9198577978708907 31.98758777603998 -2.9374545658050577 1.0
human.pedestrian.adult 0 0 0 1200.378554952824 453.5538695505585 1218.6369264642174 477.91892600799764 0.819 1.637 0.752 -56.589770721643774 -1.1209997487834915 26.593048884404514 1.6306757360815176 1.0
human.pedestrian.adult 0 0 0 1458.2813782629528 412.90010239765894 1625.8529189414307 619.3223091447726 0.994 1.757 0.674 -7.441882218697385 0.312118070902091 6.495827732791406 2.6644853022574004 1.0
movable_object.barrier 0 0 0 891.2331828627038 487.42548881190504 958.8963127484841 524.1627994003943 2.168 1.098 0.647 -27.288217618675148 0.803790363986481 3.2369661911170176 -2.8973990184369462 1.0
human.pedestrian.adult 0 0 0 522.5114928409643 497.4994585254921 545.7858818329094 541.0081848173794 0.716 1.73 0.687 -33.31892709848538 1.5391145067060963 -12.151290356499464 -2.8221690648906836 1.0
human.pedestrian.adult 0 0 0 681.7090008661271 494.5791498282668 704.6363706863 531.9943235393855 0.771 1.766 0.739 -39.477929932252565 1.5373489028020735 -6.638583038285297 -2.764768943473273 1.0
vehicle.truck 0 0 0 276.1632067784094 511.9547653227434 316.95143694271354 539.7565907547515 4.535 2.059 1.787 -65.5615431149243 3.535966947747542 -43.09431633563057 2.2786233123200965 1.0
movable_object.barrier 0 0 0 1199.3935523699927 469.63248253770024 1250.6541120977222 498.5695413849204 2.05 1.081 0.693 -33.67218595273033 0.09479080414371355 16.472353073785918 -2.889777023989547 1.0
movable_object.barrier 0 0 0 1574.5793714628521 445.5917387744582 1612.7270873108964 468.63683748762725 2.073 1.078 0.633 -41.77953238809389 -1.2754731164628526 39.47019781117116 -2.882948752068092 1.0
human.pedestrian.adult 0 0 0 684.8312868186956 478.5343840168857 739.1965498410192 570.2980941688326 0.958 1.757 0.777 -16.388819838168562 0.8494707908427919 -2.3839873152635502 2.2925411734410854 1.0
human.pedestrian.adult 0 0 0 765.4197972345414 489.30228488302834 784.9385590036497 524.8574942242574 0.807 1.706 0.751 -40.261432073905056 1.2553984169003933 -2.692572481086358 -3.07109538846184 1.0
human.pedestrian.construction_worker 0 0 0 502.57656312723077 460.2124425915562 600.464475166644 627.5525989916972 0.837 1.746 0.775 -9.104493392951136 0.6671952388447568 -3.1337165081398903 -2.828610750298017 1.0
human.pedestrian.adult 0 0 0 676.6560398142035 485.1605213373483 732.5551539401316 574.4748530933365 0.709 1.609 0.648 -15.218667636063447 0.8950416474504446 -2.3438859320365886 2.58523496337126 1.0
vehicle.car 0 0 0 172.08035504913155 521.5136035652419 228.2592477031103 554.6207346074175 4.01 1.631 1.708 -44.90742383700039 3.0789983062954223 -34.83397042798111 2.3453647839292877 1.0
human.pedestrian.adult 0 0 0 551.9042510019333 496.31270519016107 577.7626814396428 540.9991955882845 0.741 1.725 0.79 -32.47112729461535 1.4751276174687855 -10.6114399837152 1.8585710809919638 1.0
movable_object.barrier 0 0 0 991.5400501381138 484.74547664284626 1045.4697663501029 511.9161631482866 1.842 0.885 0.677 -29.78710294764955 0.6082008894094504 6.969165391330029 -2.891827318512229 1.0
movable_object.barrier 0 0 0 17.589538248220357 538.3563661225958 75.67802763710588 566.6723656055141 2.032 1.148 0.687 -38.084610449706986 3.311271454687451 -36.795274246033436 2.0364090146771368 1.0
human.pedestrian.adult 0 0 0 686.7854759372318 494.74523419516964 710.0076784419913 531.13925205268 0.746 1.695 0.733 -38.96507148968513 1.5013989414698616 -6.300244719191118 -2.703288010066542 1.0
movable_object.barrier 0 0 0 939.6850930811725 485.2191197380864 997.4856719316024 514.3251883001395 1.923 0.919 0.696 -28.894469002411444 0.6408706911996463 4.97892562590978 -2.8794802060526097 1.0
vehicle.motorcycle 0 0 0 311.1531157196085 508.6948948479098 347.319950130553 549.4755484662829 2.059 1.931 1.169 -40.870421907551034 2.367667209752449 -25.22619037779708 1.89878099281274 1.0
vehicle.car 0 0 0 311.29422585391876 513.3166568808465 368.00723788098816 545.7426534683732 4.698 1.581 1.972 -45.07230579072641 2.615232619902707 -27.179416990355875 1.898807519815291 1.0
vehicle.car 0 0 0 437.5052118903301 503.401726789266 487.6976148925681 543.2506018129571 4.819 1.736 1.939 -40.12392493088824 2.0266562682880234 -18.098105094803184 1.910997215096879 1.0
movable_object.barrier 0 0 0 1325.0335442408416 460.969419370023 1373.1541750313968 489.10311187532307 1.908 1.106 0.721 -35.201430984391585 -0.29372797787293736 22.614923609738945 -2.9155972143212097 1.0
movable_object.barrier 0 0 0 1290.1559336899236 463.51503376234007 1343.2203814618179 492.3448286667 2.06 1.1 0.759 -34.458820515010885 -0.16417299290674142 20.757650825079555 -2.927970847226444 1.0
movable_object.barrier 0 0 0 1034.647627752823 480.17474670664666 1091.4163152503636 507.81883198267735 1.99 0.921 0.726 -30.58295816083013 0.4608539701607413 8.837815536499356 -2.9041839748301808 1.0
movable_object.barrier 0 0 0 1256.237922154391 465.0870956791369 1307.686854002352 495.48888122865014 1.977 1.144 0.764 -33.68671399932392 -0.06308537910390383 18.848170837551695 -2.8908762454331356 1.0
movable_object.barrier 0 0 0 1071.4314593367087 477.90615830494596 1125.5617053694955 505.93152400894405 1.967 0.962 0.704 -31.27675770164895 0.39047377233284764 10.409939521722244 -2.887566461455936 1.0
movable_object.barrier 0 0 0 -466.41309928549657 583.0411950523142 5.241597156278473 860.4599087843528 2.025 1.046 0.693 -4.796175442772195 1.2373854978859373 -5.972241919098833 1.922774252489897 1.0
human.pedestrian.adult 0 0 0 301.1414945279802 481.400305688828 393.056298535251 628.8052742528777 0.78 1.812 0.72 -10.613948211625623 0.9313267532449117 -6.29948808762586 1.5613004376986321 1.0
