human.pedestrian.adult 0 0 0 573.3701414409712 479.3089097359302 636.703314363085 587.2285844487297 0.958 1.757 0.777 -13.998438962069272 0.8701921777168048 -3.887852542340772 2.3595800285231974 1.0
movable_object.barrier 0 0 0 812.4635501053978 492.4851829541673 884.4423704854078 531.8922563705672 2.168 1.098 0.647 -25.38994044527682 0.9438672581846771 0.6136169888900226 -2.824275207866009 1.0
movable_object.barrier 0 0 0 1160.4957075710702 474.17530771898885 1209.2353338227254 502.3608913462386 2.042 1.073 0.714 -34.0320312984354 0.2697931627272833 14.961667163028128 -2.828983154579655 1.0
movable_object.barrier 0 0 0 1356.8274455682667 462.10613024815984 1399.5955632453165 487.9114476396126 2.034 1.127 0.683 -38.7595653323747 -0.3262363006904163 26.29806746632919 -2.8737129343741774 1.0
human.pedestrian.adult 0 0 0 559.1987152652849 487.2475517548753 626.3634339724389 593.664912727379 0.709 1.609 0.648 -12.820224187254013 0.9155393670824081 -3.744226023815347 2.656636370468817 1.0
human.pedestrian.adult 0 0 0 684.8603584120997 489.84570767354234 706.8680170299178 527.5519284768698 0.828 1.734 0.777 -38.55563407584143 1.2800682750556112 -6.357115332922613 -2.9431845115099406 1.0
movable_object.barrier 0 0 0 961.3762151158807 484.5891950324336 1019.2313108756365 513.2972222371068 1.99 0.921 0.726 -29.201805535552992 0.6166129907877257 5.818023792552002 -2.8310242272057478 1.0
movable_object.barrier 0 0 0 1181.9411124604178 471.7461427234191 1231.178197541105 502.20814901736907 1.977 1.144 0.764 -33.31304399393116 0.2110087507254012 15.538157101246712 -2.8177878400214578 1.0
movable_object.trafficcone 0 0 0 271.9968513401174 530.695777921863 285.8191764069441 550.59365704275 0.395 0.803 0.411 -34.279158303364774 2.490216515329835 -23.30933130028148 1.8577898771428654 1.0
human.pedestrian.adult 0 0 0 -144.85504985469044 467.77042928910765 58.19165433462856 701.0657900057116 0.936 1.856 0.749 -7.087840174758979 0.8407400241229891 -7.578647439307399 1.5826359368428777 1.0
movable_object.barrier 0 0 0 1302.3988944202838 462.95431650064984 1346.2350332131016 490.3815805465329 1.977 1.149 0.703 -37.04176810789519 -0.23616194739472884 22.665927008355528 -2.854889327961022 1.0
human.pedestrian.adult 0 0 0 689.5906064195731 489.46141448741855 710.3456883425264 527.2229793591691 0.807 1.706 0.751 -37.86908257627317 1.239728085436498 -6.052135485158871 -3.001465594715846 1.0
movable_object.barrier 0 0 0 1451.3007651203502 454.1847317064057 1485.5799797058257 477.12545960856824 1.99 1.107 0.651 -42.39594653498991 -0.8477999459798473 33.49366418329282 -2.8139805947592063 1.0
movable_object.trafficcone 0 0 0 266.5017346714895 534.708222921779 278.24036696062717 550.3940449303468 0.484 0.844 0.463 -45.98839123026693 3.4505566065984663 -31.64367303629475 1.8571825373651567 1.0
movable_object.barrier 0 0 0 1126.5815506426907 474.3874192029641 1176.2743470478692 503.5769441994555 2.05 1.081 0.693 -33.06412283779144 0.2905588604348479 13.17105274400537 -2.8166946680622207 1.0
movable_object.barrier 0 0 0 1213.9527464386263 470.6539932865444 1264.3106115309772 499.34019304276865 2.06 1.1 0.759 -34.270380346646114 0.13409730839471884 17.363018941992223 -2.854692226133345 1.0
movable_object.barrier 0 0 0 918.5183330809936 487.7287256248461 974.1257721903349 516.1532233014682 1.842 0.885 0.677 -28.257029526664468 0.7012216094785206 4.09410248498844 -2.8187336982808224 1.0
movable_object.barrier 0 0 0 1274.9823215263862 465.798821621071 1318.5498480599153 493.4861239454856 1.964 1.131 0.694 -36.11336917484417 -0.09821317543481323 20.86938601037512 -2.830077423305962 1.0
human.pedestrian.adult 0 0 0 678.0261954943808 488.8672060634284 696.3236286194018 529.9349425795215 0.703 1.839 0.661 -37.31300723482079 1.269804741974823 -6.552558915226029 -3.0169886519066615 1.0
vehicle.car 0 0 0 302.3843687912785 506.1398544661016 364.7716530133306 550.6894066693804 4.819 1.736 1.939 -36.02816043458051 2.036500580161845 -21.967845782216767 1.859546952814668 1.0
vehicle.car 0 0 0 156.17167839971563 516.1150534313555 227.91789011715488 552.747935466671 4.698 1.581 1.972 -40.06813943959671 2.558001308411357 -31.43760563289217 1.8480436787327772 1.0
movable_object.barrier 0 0 0 1246.5838916480122 468.1839482360563 1291.8185609905615 496.036474214697 1.908 1.106 0.721 -35.193638247672226 0.012261397254331396 19.13813692650742 -2.842379053651902 1.0
human.pedestrian.construction_worker 0 0 0 286.46054386579766 449.6204391977214 421.280322666748 683.4262266175384 0.837 1.746 0.775 -6.638337938576562 0.6428260585723659 -3.9076911876057654 -2.7559034231557327 1.0
human.pedestrian.adult 0 0 0 489.2070653650348 499.1927694117311 512.2095776719405 546.1761628750207 0.669 1.642 0.621 -29.237974750032556 1.472263565545549 -11.871642933586195 1.8426274369626476 1.0
human.pedestrian.adult 0 0 0 1113.501388132255 459.89258328179636 1130.9799999982463 484.1832677333741 0.819 1.637 0.752 -56.490827310703004 -0.6799577936033657 20.45517094479634 1.6612336893471715 1.0
vehicle.motorcycle 0 0 0 155.44393215013218 508.71154545943654 200.780288542776 554.7674869626355 2.059 1.931 1.169 -36.241147529422925 2.215416328183965 -29.12730209205902 1.8480186706705037 1.0
vehicle.car 0 0 0 -48.91241775817165 525.4839131381246 26.671684588157028 567.9975916615836 4.01 1.631 1.708 -35.285761594515535 2.786425757551169 -36.54510701986317 2.4714986284455094 1.0
vehicle.truck 0 0 0 104.1314553602353 515.2455069076358 159.94217213782233 548.7216510408118 4.535 2.059 1.787 -54.75521297238821 3.3540562949105235 -47.09123870962055 2.345376232817122 1.0
vehicle.car 0 0 0 78.65464491144712 516.8784506139517 174.79849450704896 560.1781275506512 4.363 1.441 1.875 -31.41247168236786 2.1455190885467137 -27.129771131108 1.8480186706705037 1.0
vehicle.car 0 0 0 327.81121444095777 511.12314341499825 377.17697818710303 544.7752101206861 4.633 1.573 2.011 -43.094529243455575 2.4263485640932103 -25.311346553322167 1.8511341211751393 1.0
human.pedestrian.adult 0 0 0 491.2871830993732 501.19786004099035 523.0674752372045 545.6557845548339 0.813 1.656 0.698 -31.35683341956322 1.6082733067925539 -12.475508223895762 2.433588193774362 1.0
human.pedestrian.adult 0 0 0 -83.90983474933208 477.8594263043452 77.81095258539749 686.066774390289 0.78 1.812 0.72 -7.649633317065566 0.8986388112941552 -7.822137060649842 1.5744474054504316 1.0
movable_object.trafficcone 0 0 0 221.56558141651433 536.0523612804121 235.26173173881307 552.3725288938381 0.428 0.72 0.425 -37.90686509219665 2.921681560131747 -28.141565604345978 1.8609858190579471 1.0
movable_object.trafficcone 0 0 0 746.5759287847634 507.2751641150241 764.4163855124286 531.5888234109207 0.399 0.705 0.383 -24.416727669356472 1.1342397109274884 -2.2255838180311844 1.869337693580447 1.0
human.pedestrian.adult 0 0 0 403.1533424136748 499.2086642589237 429.6756456661024 547.730287701035 0.716 1.73 0.687 -29.88497006082453 1.534076555133168 -15.246622818286403 -2.749505709048851 1.0
vehicle.bicycle 0 0 0 448.94307738337756 496.3671205199764 485.30552740777773 546.6951379579757 1.77 1.709 0.689 -28.844350790274824 1.4178197209491503 -12.917742855242738 1.768040735908297 1.0
movable_object.barrier 0 0 0 1000.1957040791293 481.95344575218434 1054.6677775324088 510.8433580249828 1.967 0.962 0.704 -30.079962392644674 0.5401136841119131 7.3735820172485536 -2.8144963438425874 1.0
movable_object.barrier 0 0 0 864.4682274773851 490.1095657395631 924.9705481799584 520.8661045269929 1.923 0.919 0.696 -27.17074765495353 0.7924571034359755 2.2057908635035433 -2.8064556853727263 1.0
movable_object.barrier 0 0 0 1330.1338790966677 462.6616988951941 1371.7261338880508 488.5541516334001 1.945 1.11 0.649 -37.92868611452685 -0.2913071099129728 24.455767632702678 -2.8672137133796998 1.0
human.pedestrian.adult 0 0 0 546.3947825041299 496.09518699933386 571.6565800337531 537.2258632617703 0.908 1.835 0.8 -37.40027201237015 1.6004237773259506 -12.480642409245222 2.094248420007678 1.0
movable_object.barrier 0 0 0 753.732426417412 493.97835537020745 826.1109464579977 536.543064222187 2.03 1.15 0.666 -24.453568550732324 1.0004337182597922 -1.180838056716162 -2.8488790024227733 1.0
