vehicle.motorcycle 0 0 0 938.7495200300363 497.9760788823493 978.8966750672217 541.9120893641563 2.392 1.37 0.828 -27.081907108084703 1.2441162764921578 4.307790962169977 2.080468021336621 1.0
vehicle.motorcycle 0 0 0 930.1702789759887 490.32539883539005 981.4762705057544 551.046813243022 2.317 1.62 0.744 -23.169665950286504 1.0834406198978002 3.589741203025313 2.143089564084022 1.0
vehicle.motorcycle 0 0 0 898.1969158616183 493.5446534422706 953.9580454793415 551.539278882515 2.417 1.514 0.913 -22.884528648985302 1.1180512078085865 2.699645238192825 2.144193935116146 1.0
vehicle.car 0 0 0 973.1645325060199 466.3422059085637 1210.7506178522913 563.616543199057 4.551 1.842 1.762 -17.735773115513012 0.7044421554551257 5.633053666685136 1.5529350571206768 1.0
human.pedestrian.adult 0 0 0 1484.9338151582333 440.8547527736786 1547.0213501875078 539.2869032679088 0.675 1.884 0.741 -16.00746660235291 0.16965836736749437 13.566107800911583 2.4288865682438683 1.0
vehicle.car 0 0 0 883.4622247132162 475.8290643006969 992.0410896787549 524.8026242088774 4.559 1.951 1.738 -36.10148213066823 0.822931269318605 4.779069650123897 3.0972003110527977 1.0
vehicle.car 0 0 0 1250.8985556635648 453.69187709912006 1581.6369577512405 558.5360683786699 4.662 1.606 1.815 -14.749046440328728 0.4294575580115729 10.520342203175577 1.5529350571206768 1.0
vehicle.car 0 0 0 999.8246644017869 464.856946608517 1274.1377548008306 575.3747288687388 4.198 1.701 1.773 -14.604393567937592 0.6608791485127696 5.414530456356218 1.5528241191552299 1.0
vehicle.car 0 0 0 677.2898226505505 492.70634437410496 739.1010162986553 516.0767539265603 4.713 1.654 2.012 -64.97032458848457 1.80695580253166 -9.734756580881351 1.5614069506354857 1.0
vehicle.car 0 0 0 1112.1942384965541 473.26920133137673 1283.3639697442247 533.0590064504529 3.956 1.467 1.808 -22.905097569446912 0.5964921929882381 10.339106417724363 1.5529350571206768 1.0
human.pedestrian.adult 0 0 0 555.7874372466446 483.78932297351145 571.0022833682218 516.8713201255277 0.633 1.791 0.638 -44.65135411149403 1.0248889282292142 -14.669071037754179 1.8410964669806287 1.0
vehicle.car 0 0 0 1469.9596941548348 457.5190164356137 1663.9022261033929 519.0425679346331 3.933 1.588 1.856 -23.87666590371569 0.2008005511856346 21.652102886231432 3.1077449968696094 1.0
vehicle.car 0 0 0 1199.7806462940823 469.65608307548047 1434.1619559566673 547.7922248880137 4.042 1.489 1.794 -17.97723822750026 0.5855230798943012 10.697639518772185 1.5537784166265425 1.0
vehicle.car 0 0 0 506.7387490682936 494.9304771582784 608.5905450910872 540.3987177682543 4.391 1.886 1.914 -38.124721731622984 1.6581581608290432 -12.798560183184842 2.9003806784358233 1.0
vehicle.motorcycle 0 0 0 900.0756673064784 498.35929013789564 934.7172396415864 542.617827354856 2.135 1.392 0.805 -27.16566084096232 1.269617750722128 2.937302003060418 2.080468021336621 1.0
vehicle.car 0 0 0 877.1186257616473 485.7351467178333 957.9989144899903 517.9828398189169 4.317 1.612 1.7 -45.62262348601197 1.126041330845426 4.936729353802644 1.5533307283244566 1.0
vehicle.car 0 0 0 19.356070268042796 507.6140693432444 200.0185278554509 567.9062216000738 4.848 1.999 2.015 -31.520622858176043 2.1121431349240885 -27.8133259060669 2.8615586746608876 1.0
vehicle.car 0 0 0 1564.255835292256 450.1924020307783 1817.04500159347 522.4564749719037 4.445 1.635 1.766 -21.21156124867867 0.1342881467706222 22.413576640052913 3.057959927677251 1.0
human.pedestrian.adult 0 0 0 1188.4760604754358 458.4376624044329 1201.5761547004645 481.91633092011034 0.664 1.683 0.581 -59.479094737970804 -0.8481443732077014 26.884589164033564 2.062971534616336 1.0
