movable_object.trafficcone 0 0 0 878.4358983299685 499.86197837657255 886.0599884723431 513.8112459754494 0.383 0.78 0.525 -46.5146007630313 1.4380707863601554 3.0468643083518745 1.5648130954830286 1.0
movable_object.trafficcone 0 0 0 916.6979623180667 505.46396066564967 935.6259401116972 530.3370275521441 0.595 0.876 0.639 -29.69888934533164 1.3214264410470722 3.5540897151980224 2.14373610437611 1.0
human.pedestrian.adult 0 0 0 1080.4817231739921 473.18999599444453 1130.3135233202124 559.0281433902239 1.014 1.697 0.901 -16.62542358426931 0.6881394721377821 5.674330882928751 2.3114526490941874 1.0
movable_object.trafficcone 0 0 0 921.7649733767573 506.7430439324003 943.2074768098986 533.5460152658898 0.605 0.839 0.572 -26.500712917228174 1.2510800978609906 3.3780331142890656 2.0666679151706937 1.0
vehicle.bus.rigid 0 0 0 849.4496646996812 453.7345498256355 900.7864769388561 509.0879633106804 10.695 3.309 2.574 -54.569696054277856 0.011272199032109964 2.9260518912053506 2.092902461523356 1.0
human.pedestrian.adult 0 0 0 610.8481327784411 482.19711984149535 638.7456545524701 527.8198125591307 0.929 1.859 0.901 -33.80780887231738 0.9598042838049845 -8.53239706699583 2.0960452410638677 1.0
movable_object.trafficcone 0 0 0 879.7082614989231 498.57139026349574 893.5122911978099 514.3768957893391 0.679 0.83 0.644 -44.09951088871728 1.3426082947380553 3.1248502793909805 1.5647550306507103 1.0
human.pedestrian.adult 0 0 0 439.87119846342017 492.8268318260609 462.8422079121509 523.7442150901696 0.728 1.335 0.655 -35.78103716150851 1.1672529097613173 -16.70773639856643 1.6945975114942913 1.0
vehicle.bus.rigid 0 0 0 684.5860882909119 449.1263352172925 750.988567649568 514.4584597574994 12.088 3.624 2.726 -51.691908360118724 0.038612714302742046 -6.869567970935665 2.092902461523356 1.0
vehicle.car 0 0 0 749.6348070588809 487.3553448831927 792.5204728657195 516.6666536207247 4.662 1.423 1.774 -42.90610609044681 1.030958995905143 -3.0218406760744903 -2.0607373167547545 1.0
human.pedestrian.adult 0 0 0 532.7831506827412 483.25338266661123 548.6472160708329 503.55007407434977 1.11 1.821 0.76 -73.88681104176047 1.0571710133128724 -26.33911023427517 -1.8321106238725768 1.0
