vehicle.car 0 0 0 676.4894787314952 503.74432070209195 778.7210993772662 540.649198644819 4.651 1.643 2.066 -39.62316017820534 1.9582426092788607 -4.9181673879512635 -1.542820630296215 1.0
vehicle.car 0 0 0 993.1911679644797 497.16286330405933 1350.1797602912695 619.8075705968366 4.367 1.509 1.79 -11.715721209798932 1.0425203530455596 4.782495938549348 3.120989119903207 1.0
vehicle.car 0 0 0 194.44813987420895 506.4002564320059 397.97188200983334 570.518814123065 4.554 1.629 1.863 -23.032005862587916 1.575306497587983 -15.056016243094689 -3.124010215359357 1.0
vehicle.car 0 0 0 620.7364849144094 509.7932374925404 756.8115726152347 562.818221435531 3.838 1.479 1.872 -25.152699739525797 1.66549610908559 -4.293713082790381 -1.5424519540637167 1.0
vehicle.car 0 0 0 448.7725411777292 508.243305823535 553.9111176920518 541.0648229692742 4.071 1.383 1.998 -37.80520002820372 1.9852096109724604 -15.26322527439276 -3.075067704923854 1.0
vehicle.car 0 0 0 963.3017367293351 494.8587646635117 1192.2185922464985 584.6452016284842 4.011 1.615 1.945 -16.483842078298352 1.1381636329410811 4.922566443622795 -3.124636202020146 1.0
vehicle.car 0 0 0 647.8711667896233 502.6040053576365 769.7287587200809 545.3081259097951 4.463 1.535 1.99 -32.194807401497854 1.656200908499993 -4.72554901973869 -1.5429408829157518 1.0
vehicle.car 0 0 0 703.0932763902566 501.6600953525308 792.8352047448053 536.23496507109 4.598 1.734 2.152 -44.38105115200385 2.020898270228642 -4.403682451731345 -1.542820630296215 1.0
movable_object.trafficcone 0 0 0 655.1967753229081 546.0765622100507 678.4110435337082 588.2340323362687 0.294 0.772 0.364 -15.455061422043094 1.6265735943859811 -3.1000405560298585 -2.0493511089927807 1.0
movable_object.trafficcone 0 0 0 500.0148865264226 589.1768277655178 550.1794279105267 661.7344876161872 0.317 0.679 0.371 -8.209126313048655 1.4504292456001042 -3.080868580882534 -2.032160422095152 1.0
movable_object.trafficcone 0 0 0 751.6103069387655 525.4777252757981 763.2508428238008 547.655171448288 0.388 0.789 0.417 -29.780896963434543 2.0131909958311907 -2.6405059807207825 -1.541643663431695 1.0
vehicle.car 0 0 0 939.574731736907 487.9761098886194 1147.731790587428 569.2016414948625 4.309 1.689 1.857 -18.884181622175802 1.0642052590419213 4.88267618129986 -3.126013378108543 1.0
vehicle.car 0 0 0 -98.52210476416161 517.9951853201417 197.85635420232458 603.8873455316425 4.072 1.448 1.839 -15.776147977453856 1.497034504700422 -15.040241393879215 -3.099223048619435 1.0
human.pedestrian.adult 0 0 0 435.0196202214494 559.4354555344797 540.0363969810857 645.668158580455 0.878 0.927 0.875 -9.889009623731484 1.4530519528571864 -4.149541207974589 -2.032160422095152 1.0
movable_object.trafficcone 0 0 0 545.9832915815551 578.901534893814 581.8032112306049 635.6132100432342 0.29 0.646 0.322 -9.86620494770924 1.5247610808311887 -3.23211069413889 -2.032160422095152 1.0
human.pedestrian.adult 0 0 0 896.6683944661798 496.1390052011528 919.9072721969147 546.7932568125316 0.709 1.877 0.763 -30.673362428664607 1.4964825557085875 2.9915468227672277 2.096978646157826 1.0
movable_object.pushable_pullable 0 0 0 578.6027603518644 550.4217471997374 643.5951915599032 628.030042786872 1.05 0.926 0.559 -10.961553819296274 1.4299782856209042 -2.9343640379946354 -2.048583217722241 1.0
vehicle.car 0 0 0 589.3370908817336 505.78551265635286 758.7667639165248 567.8955089448416 4.318 1.556 1.751 -22.558458101476923 1.50444224223219 -4.24709789872457 -1.5429734667737502 1.0
vehicle.car 0 0 0 521.3291739094429 506.5056241319385 613.9954357167605 537.9823597983136 4.408 1.583 2.083 -44.73723617501851 2.217592493462857 -14.405200767063523 -3.103479093761199 1.0
vehicle.car 0 0 0 1040.8035411576507 493.6757392143504 1523.6312941353835 649.6050816298755 4.501 1.483 1.738 -9.236540493742849 0.9474629710862754 4.922574742338489 3.141396659032326 1.0
vehicle.car 0 0 0 922.1632673936937 498.1117603239639 1088.9204274641438 560.1711934998331 4.428 1.635 2.094 -23.849556423211585 1.3652162547536986 5.082654844409875 -3.1114909003761344 1.0
human.pedestrian.adult 0 0 0 541.6641010144426 553.9337464945145 616.9046084519081 624.7933692098172 0.855 0.898 0.717 -11.433947390045594 1.5027914234778539 -3.514284343959308 3.1177340648331953 1.0
human.pedestrian.adult 0 0 0 271.0572805324412 569.0939287310284 355.29648613974024 640.5131398292955 0.868 0.768 0.566 -10.177101586463433 1.5257538219718374 -6.483328357488464 2.743932432122241 1.0
vehicle.car 0 0 0 922.3468438265132 497.98359023246684 1066.8736134912683 554.8224125114525 4.279 1.666 1.907 -26.210880362731846 1.4215231982708698 5.2633971492546445 -3.098972698486147 1.0
vehicle.car 0 0 0 835.1327482652213 499.83762459848197 875.0166328559895 532.6819826986816 4.506 1.68 2.059 -44.9333926732714 1.8820117994634522 1.4816138358078064 2.1242624697301586 1.0
