vehicle.car 0 0 0 772.0100359824419 492.62840998776556 863.8469960060647 561.2527284350099 4.153 1.548 1.877 -21.406269729030328 1.110664993505358 -0.18775983571503055 2.1766118701438835 1.0
vehicle.car 0 0 0 1366.9052417125783 443.19316771028883 1478.1779936629084 489.73082249210745 4.4 2.0 1.878 -39.32914584033058 -0.7337458166380528 28.80837171079319 3.005940019725121 1.0
vehicle.car 0 0 0 -231.03848211740487 509.6017768749386 44.14201403837482 593.8387323543913 4.574 1.583 2.009 -18.333896349089503 1.5534633025669962 -20.806993804796488 -2.979388096448522 1.0
vehicle.car 0 0 0 912.6145202192151 479.80833754950817 955.7387483107024 496.925382698118 4.768 1.844 2.004 -99.5433112495847 0.8140740404627197 12.900935218480987 2.992971868834119 1.0
vehicle.car 0 0 0 1156.2225073136608 467.0784911920345 1251.4539470866423 500.7766234109302 4.325 1.494 1.841 -41.58406221147439 0.1128622064221737 19.242467675395453 1.5760129440836002 1.0
vehicle.car 0 0 0 943.6813464350467 478.87941103864335 991.7242050484194 496.60335184842125 4.589 1.656 2.057 -87.24877674639357 0.6464198542233498 14.92067317764289 2.972213375015702 1.0
vehicle.truck 0 0 0 1438.7359248570624 442.46538233594543 1543.6622687337945 483.17694486125663 5.043 2.238 2.694 -50.84411581377065 -1.1788189814816936 41.558659016917325 1.5710620281970034 1.0
movable_object.trafficcone 0 0 0 1183.7242969221518 488.58073439394093 1199.2032730248602 508.0384855082934 0.36 0.75 0.379 -32.084895036961086 0.6568646015304715 14.361410578334885 2.952897859303933 1.0
movable_object.trafficcone 0 0 0 1063.0961635183626 496.2320042531152 1078.860704206832 516.2949233864225 0.372 0.735 0.395 -30.583425415712338 0.9253337132144317 9.135666295217016 2.9399643237484447 1.0
vehicle.bicycle 0 0 0 -2.3370458911256264 553.6056210219634 100.49929840520282 631.2779697747992 1.564 1.064 0.668 -13.21755230859362 1.7663000457543991 -12.689081993250918 -2.300457212273054 1.0
human.pedestrian.adult 0 0 0 1401.29317439909 451.74922741785576 1428.438878857518 494.0238555102798 0.577 1.78 0.738 -35.009304890168956 -0.38236093171012686 25.334800086664618 -2.3242336480960475 1.0
