vehicle.car 0 0 0 631.0387489903418 445.5986509755389 733.6540742770601 486.5770584647394 4.53 1.74 2.135 -39.26392776215073 -0.7705316281149339 -7.140140699717812 1.6183959155203729 1.0
movable_object.barrier 0 0 0 933.973535738175 441.0663445635149 977.2639484577737 465.65268031371784 0.423 1.134 2.056 -40.535608232457854 -1.4192748623444147 6.327484146463494 2.35529219852081 1.0
movable_object.barrier 0 0 0 912.6259360250958 445.6477419392453 955.8753824873273 472.96178590752277 0.337 1.14 1.951 -36.28572092321646 -1.010653253708258 4.71504616635256 1.939712528288707 1.0
vehicle.car 0 0 0 -161.70746282358334 479.1478060481158 49.69299426402947 536.6761839083473 4.728 1.735 2.034 -29.57509042398909 0.8929480194035222 -32.11861548295748 1.6196567112976288 1.0
movable_object.barrier 0 0 0 569.8338741835463 456.9027172028301 610.8391176769729 479.88449196744676 0.282 1.209 2.173 -46.108861683671826 -0.7643958104577163 -13.605454532916864 2.093623791625328 1.0
movable_object.barrier 0 0 0 888.631632347639 442.9346783851131 934.3430659893054 466.9533476283246 0.46 1.103 2.267 -40.457220356749 -1.344232300125947 4.118823476555751 1.9373777548415072 1.0
movable_object.barrier 0 0 0 951.0025631589133 441.4411337226719 994.3827582125541 469.3304138236693 0.444 1.201 2.249 -37.37818383373773 -1.2264229871770493 6.639311535591978 1.833807796736627 1.0
movable_object.barrier 0 0 0 750.0110402625064 443.7095383761927 788.8118916355485 480.3533290200294 0.411 1.507 1.807 -34.86089517555726 -0.8409973793185396 -2.5858424421041537 2.560611810318264 1.0
movable_object.barrier 0 0 0 852.0434984358942 444.65215003003146 892.770432321181 467.22028535827184 0.44 1.021 1.93 -39.67002256319 -1.268226359949379 2.1202998387486183 1.9521031473335633 1.0
movable_object.barrier 0 0 0 610.3016359797202 454.11127354596783 642.914410914521 478.74081000228864 0.429 1.354 1.759 -47.002532972696976 -0.8974287089651823 -11.760167055289859 1.7933221328206255 1.0
movable_object.barrier 0 0 0 779.4979996211243 455.2006020826865 829.323724129836 481.42363882456584 0.4 1.013 2.045 -34.24130422782762 -0.5740273498969749 -1.0439838036802804 1.9401827312536808 1.0
movable_object.barrier 0 0 0 870.3572765360533 449.141121168394 915.2334763883939 478.483636783671 0.37 1.206 1.933 -35.71564318812479 -0.7962046069290278 2.8099114850642346 1.9618658553089832 1.0
movable_object.barrier 0 0 0 720.6185768244554 450.53327307392425 772.0618860877197 482.61271510055604 0.41 1.271 2.141 -34.398281009793145 -0.6430692520807528 -3.5272480879776795 2.3315286290464243 1.0
movable_object.barrier 0 0 0 826.0751009637324 453.57721286561554 872.7763600282268 481.2909813345458 0.394 1.104 1.957 -34.93784891789517 -0.6232124087297117 0.8767731629154292 1.952375020113406 1.0
