human.pedestrian.adult 0 0 0 769.6895410886024 484.5289208441743 826.147089642174 567.7085934804977 0.949 1.788 0.803 -18.01868992967579 0.9620694549052828 -0.6985201614662966 1.6563150208317223 1.0
vehicle.car 0 0 0 896.0766741860853 494.11613615084997 1130.4725727217085 636.7562772451809 4.277 1.523 1.881 -10.972223649424214 0.9429417489922629 2.1962207754992504 2.044098721520797 1.0
human.pedestrian.adult 0 0 0 782.8985126307971 482.1688992942836 843.0872711057799 570.5378161037023 0.753 1.689 1.021 -16.11164329611953 0.8619058667592592 -0.33176357590672484 1.6350329507766048 1.0
human.pedestrian.adult 0 0 0 740.2368849441999 491.9196092698248 758.4030763779307 526.2265614505286 0.742 1.725 0.594 -41.09203480843658 1.3819455858618177 -4.05528067428434 1.5726237895417388 1.0
vehicle.car 0 0 0 903.1879766907118 480.9706160904252 989.7914873409227 547.4165930943332 4.505 1.935 1.778 -26.0910895208837 0.9903458243944219 3.663952908570106 2.044098721520797 1.0
movable_object.barrier 0 0 0 1354.785713177572 514.1823152513716 1641.3621447146213 640.6148024230184 2.174 1.128 0.5 -8.22544044086238 0.9057007152941707 6.663197505970567 1.6537676085930029 1.0
human.pedestrian.adult 0 0 0 1034.1367113134704 500.4989695624439 1086.6249948986863 555.7095411566638 1.438 1.381 0.665 -21.23332221660735 1.1885715720578809 6.0452931552516755 2.233385474949092 1.0
human.pedestrian.adult 0 0 0 1015.7166590194495 490.32681789984 1052.5317277440763 546.019687951215 0.93 1.532 0.643 -22.879017913236577 1.0142819613225016 5.784130742784888 1.9732043937013088 1.0
vehicle.car 0 0 0 752.9874744311945 491.3782867135098 779.7478105554546 513.285581508695 4.567 1.646 1.87 -63.844282391387445 1.6011977113195326 -4.920805041121602 2.0957759455531786 1.0
human.pedestrian.adult 0 0 0 511.6123415037865 496.9071074659485 538.9921221534368 520.5456400555055 1.126 1.117 0.756 -39.11011195651449 1.29678585636748 -14.689435207179827 1.6643792031555522 1.0
human.pedestrian.adult 0 0 0 776.3290562371434 475.3774150243034 838.9533537121478 572.2095792490584 0.909 1.831 0.816 -15.90972389719335 0.8025909021904768 -0.4270908611693269 1.6505172590074215 1.0
