movable_object.barrier 0 0 0 803.0092774721646 497.74326501669935 836.6854482878856 515.488113415812 0.4 1.013 2.045 -50.570459655496 1.5501272157546908 -0.5824429406762252 1.908722890431763 1.0
movable_object.barrier 0 0 0 836.936205172048 495.92566647255 868.757442147168 514.7532317809611 0.394 1.104 1.957 -51.38443572566097 1.4942967723212794 1.502629700452873 1.921421548639353 1.0
human.pedestrian.adult 0 0 0 831.7589008488967 490.6524128174277 884.0245645318615 588.0664339726366 0.725 1.52 0.661 -13.254643300156543 0.9261998573913488 0.4591161724186302 3.129813064212877 1.0
movable_object.barrier 0 0 0 760.7537037302993 494.38240647430047 795.7220233662096 516.2026174365403 0.41 1.271 2.141 -50.72363781342604 1.4757932424552132 -3.1993265667373256 2.314192910992892 1.0
human.pedestrian.adult 0 0 0 369.0834806515531 504.84662539453353 413.7524172819013 600.8632152315665 0.618 1.843 0.548 -16.125157638883504 1.3967216862519067 -8.715107862328303 1.5578399526005393 1.0
vehicle.car 0 0 0 -440.17233503791743 509.9111997609454 281.35114084648706 796.5410106997678 4.578 1.821 1.846 -7.828005868952461 1.2466683013587505 -7.772776451193246 2.063139053565358 1.0
human.pedestrian.adult 0 0 0 326.68602544241514 512.0185759627976 380.6016631145123 603.3329929978768 0.631 1.664 0.609 -15.39805674806544 1.4248729550809442 -9.03931890568577 1.5464085484682428 1.0
movable_object.barrier 0 0 0 781.2881649919657 490.9630698193532 807.9010973974226 515.8756542360848 0.411 1.507 1.807 -51.325566388216366 1.3786747705850846 -2.2032186442346835 2.550173864444277 1.0
movable_object.barrier 0 0 0 867.8238206344312 493.19792774142604 898.8123986481187 513.3442426143762 0.37 1.206 1.933 -52.027872599264164 1.3801516920050039 3.480237065509774 1.9313027331402433 1.0
movable_object.barrier 0 0 0 672.8851198446052 499.022844538426 696.2461278854994 517.3391961461639 0.429 1.354 1.759 -63.38449954961212 2.0634798417758504 -11.325066813518365 1.7552535775557496 1.0
movable_object.barrier 0 0 0 643.3564281887024 499.0240148739041 672.9588643060866 516.0047024473353 0.282 1.209 2.173 -62.51447051024949 1.9866451123338906 -13.21136315689003 2.068172823938685 1.0
