vehicle.car 0 0 0 1493.9196104338562 495.9018863951133 1607.165199521265 535.9830331238717 4.507 1.844 1.814 -44.13529801137434 2.1131485413461912 38.295947105225984 1.7223225618340772 1.0
vehicle.car 0 0 0 1055.5144314799052 475.9604295821358 1117.713630986823 513.3401803347251 5.597 1.824 1.941 -44.948685781508026 0.9361893209191292 12.796941529932585 -2.114644255634225 1.0
vehicle.car 0 0 0 1381.1187305539456 493.3357178950285 1483.1938449980642 532.708469056682 4.637 2.0 1.817 -48.02708509689575 2.1301626096338966 34.54637155558742 1.7272984852255613 1.0
vehicle.car 0 0 0 1343.5487820451385 493.13466801755027 1566.160603653294 577.6764951052364 5.482 1.716 1.819 -21.433884217351597 1.4289368705387573 15.674131348260634 -2.1247260422405922 1.0
vehicle.car 0 0 0 1166.6930767853057 478.2596171947074 1250.2184471924334 511.3169596701577 5.019 2.03 2.032 -56.47703378842856 1.2377171231573545 24.773040027181572 1.5913344617517398 1.0
vehicle.truck 0 0 0 1530.017046607621 490.7830880719724 1742.7884321511276 562.2339255017661 5.764 2.197 2.122 -30.508553049371404 1.7754886617584948 29.43493748181153 2.0324598184077907 1.0
vehicle.car 0 0 0 724.0276004990386 452.4969489598256 770.4624174430579 472.0949688488317 4.503 1.86 2.051 -84.90070595275692 -1.5484516087870628 -11.750902483066731 1.5848511285697473 1.0
vehicle.bus.rigid 0 0 0 967.9153436266398 455.10192738235315 1003.7438915538161 484.38165847572367 12.725 3.607 3.275 -108.52137721096082 -0.991244989512321 17.293056563442395 -2.100706179464649 1.0
vehicle.car 0 0 0 1259.9390606124311 487.81656541351856 1345.4295358259305 518.157829367028 4.611 1.716 1.816 -53.54541313344683 1.7230966221622057 29.83837092231858 1.721240633358894 1.0
vehicle.car 0 0 0 994.7457154200634 476.24812372389755 1029.8466995183894 502.7137401509356 4.818 1.859 1.771 -62.62098006506409 0.9499291826709753 12.088859633828275 -2.1247260422405922 1.0
vehicle.truck 0 0 0 1134.0578107168515 476.2844416386197 1216.7035603738793 523.7219384266886 5.388 2.04 1.887 -39.53606499680694 1.0670138403782432 15.61644471065959 -2.1247260422405922 1.0
