vehicle.truck 0 0 0 973.3529674092281 433.78982865946335 1060.521081787302 505.55742009869255 19.766 5.002 3.61 -66.98798724966005 -0.5377709428226711 12.836218551228542 -2.106379919104513 1.0
human.pedestrian.adult 0 0 0 75.73744355812099 463.931178983116 240.16627403496122 597.8672666558405 1.041 1.282 0.672 -8.183868626967735 0.5326104511494804 -7.150007372636188 1.575632166880272 1.0
vehicle.car 0 0 0 1072.811662726042 480.91169845443073 1115.9198758414611 509.0496966403939 4.756 1.79 1.684 -55.87386220528066 1.2263681232352526 16.523224362657054 -2.0998565562681764 1.0
vehicle.car 0 0 0 1118.161951448776 477.6164636306654 1193.8985132040089 519.7610711088715 5.091 1.958 1.867 -41.37577667126337 1.0653242729618948 15.365482281445722 -2.1303521289883642 1.0
movable_object.barrier 0 0 0 405.320368621161 456.4436806504198 444.11860266057204 477.7485320914646 2.22 1.301 0.718 -52.22637714825253 -0.6392188844514458 -28.377479505718046 1.5775706788961497 1.0
human.pedestrian.adult 0 0 0 1362.7553279223757 487.0144859032591 1394.6934631221836 536.8458178398462 0.628 1.917 0.865 -31.67957445103381 1.3796641928380946 20.70092592927738 3.1194213248876377 1.0
vehicle.truck 0 0 0 868.4033561687515 437.2861369888869 918.6458161356152 494.9596354675623 17.933 4.655 3.067 -74.95407075606167 -0.9283918104682797 3.081472531633948 2.051595299096957 1.0
vehicle.car 0 0 0 589.7597580067621 460.2080524354472 676.1869742331382 488.0972121470213 4.746 1.498 1.867 -49.16946241739062 -0.1680688611954793 -13.821415855684515 1.5739238928281472 1.0
vehicle.car 0 0 0 -355.70699825111336 406.27714597832625 188.1126410181033 567.264939950511 4.44 1.555 1.711 -9.438986734832532 0.10034380528165684 -10.877251003280582 1.5737746681862141 1.0
human.pedestrian.adult 0 0 0 766.7028018759015 466.45895221167194 777.9195392893193 489.2337222900003 0.761 1.917 0.735 -68.46624227591914 0.08186751847347251 -7.340624939630565 1.5740120450734603 1.0
vehicle.car 0 0 0 -109.37422452725409 417.4282069941341 331.46674850432595 542.9712077228779 4.856 1.637 1.857 -12.513807253582122 0.06363264000154746 -11.393616249806943 1.579799648065487 1.0
vehicle.car 0 0 0 438.61620341202473 430.92892151426514 568.5565566222141 483.0260669027121 6.919 2.855 2.258 -48.903418242428785 -1.200198946595705 -21.65927174768601 1.5737175789214835 1.0
vehicle.car 0 0 0 1426.4503424570323 474.9341838543899 1804.1297892096811 611.3989501720712 5.892 2.236 2.123 -16.50449720548432 1.1209026976070606 14.9903412761799 -2.12013037500252 1.0
vehicle.truck 0 0 0 1163.7315054940857 475.43170935783235 1276.0194035738339 533.5844269549933 5.689 1.977 2.151 -31.180119508949545 0.9810176019972294 13.961503501766419 -2.0698852144370044 1.0
