movable_object.barrier 0 0 0 -54.07865238025351 417.8384501392514 122.274346229988 559.0635829070999 0.79 1.722 1.545 -10.562192858154672 0.1376625789596643 -10.87891602869242 1.6829402543443814 1.0
vehicle.car 0 0 0 1322.0316236618012 405.56847928276363 1539.3271530232635 515.2093688752981 18.946 4.619 3.882 -43.17712495281683 -0.7586448873787933 29.72804424151691 -1.9408679292554725 1.0
vehicle.car 0 0 0 170.19887566893317 387.9217240279126 437.67167220871136 511.5862231599527 6.919 2.855 2.258 -20.738781978284205 -0.707794710243838 -14.457111363241689 1.6120655458762663 1.0
movable_object.barrier 0 0 0 607.088807478432 467.3700517284278 706.436083240026 523.3526411305322 2.434 1.352 0.746 -20.641967740011673 0.45719692432436454 -5.207067552823646 1.5983428956591705 1.0
movable_object.barrier 0 0 0 370.57142204527946 459.56793890252544 456.40581647203635 505.4075145860714 2.363 1.256 0.763 -23.248355578983055 0.14983859007286043 -12.961882462750717 1.6007440610569716 1.0
movable_object.barrier 0 0 0 95.17547459536235 427.43701468590376 230.82599616657674 555.6624973337007 0.922 1.734 1.331 -11.578629456386874 0.1927755810483211 -10.07648584557681 1.6848841233968574 1.0
vehicle.car 0 0 0 459.40321980818516 457.39036722505796 684.0403826735417 532.0142301571096 4.746 1.498 1.867 -18.439920642014147 0.3550446008547575 -6.605353461001932 1.6038960625630008 1.0
human.pedestrian.adult 0 0 0 972.8191886834147 461.132586207706 991.1513361602665 508.3134418332892 0.573 1.967 0.592 -33.74730501195875 0.326238210358834 5.261551735494777 1.6255724693820666 1.0
movable_object.barrier 0 0 0 439.9468010463758 455.97250928798894 523.688899485609 510.68378015482216 2.226 1.457 0.732 -22.41157270380393 0.1656623385748552 -10.574465233025336 1.6032900684134939 1.0
vehicle.car 0 0 0 1537.5192230016903 472.3226274195238 1701.0195343974913 531.9134202917203 4.716 1.582 1.803 -24.19095886157851 0.6815661595362381 22.856688458539708 -1.9245399685789968 1.0
vehicle.truck 0 0 0 1169.521163158262 403.6842348752457 1289.8000907524506 514.3263780903608 17.933 4.655 3.067 -42.55875336444998 -0.8110759421792484 19.17739319225964 2.257820152956393 1.0
human.pedestrian.adult 0 0 0 976.6035254937302 463.2694545598305 998.9115537458658 508.2526050836518 0.761 1.917 0.735 -34.66361442743942 0.37838813333253873 5.656477602760262 1.6153231675062116 1.0
