movable_object.trafficcone 0 0 0 -386.8586646928941 584.222021468154 67.50587142452072 1329.2070263391863 0.435 1.257 0.348 -1.5739074093343304 0.8696774371949709 -1.9610866617487008 3.1193477374885443 1.0
movable_object.barrier 0 0 0 -75.26529987639842 574.3517284672611 611.3823490464805 1101.0696354363106 0.621 0.83 3.203 -3.512717502553267 1.0617591116643847 -1.91213716975752 3.129422285473858 1.0
vehicle.truck 0 0 0 1407.8992121461806 72.42309119374418 3530.4003027003528 845.3946702499804 11.229 3.884 2.789 -9.687575907635855 -0.11823528349570483 12.14434168892425 -2.130021123426534 1.0
human.pedestrian.adult 0 0 0 781.7502258924552 470.2008613579262 803.8460608180256 508.3733012454542 0.847 1.539 0.829 -32.97099786211065 0.5034169663894028 -2.682563873939933 -2.1288395191051714 1.0
movable_object.trafficcone 0 0 0 620.5253473008061 492.8398381296792 675.7930521994348 626.1365657266896 0.424 1.271 0.37 -7.898556595364932 0.8038635861447612 -2.0714053394569247 3.1193477374885443 1.0
movable_object.barrier 0 0 0 739.9794262983847 500.4149932955335 781.003356165473 555.823164113113 0.432 0.886 3.115 -16.161671858822817 0.9850715084919656 -1.933058558904785 3.123868942515644 1.0
movable_object.barrier 0 0 0 763.3733097008932 485.27180971450315 784.8827999386328 510.83006295924747 0.598 0.94 3.186 -33.301218891358204 0.8591184597762518 -3.4741063677107817 3.111583342498548 1.0
vehicle.car 0 0 0 1177.5634153524725 491.0585341582522 1249.92448271519 512.7377344639467 4.884 1.521 1.969 -63.782060959269096 1.9850253627890626 28.433715392428585 -3.078494313514396 1.0
movable_object.barrier 0 0 0 706.1497808066728 495.25617266481515 745.1908581007837 533.9642018774044 0.543 0.827 3.114 -20.907481708265614 0.9521730281381193 -3.4278410055917035 3.111583342498548 1.0
movable_object.barrier 0 0 0 -2029.3604936639986 597.1071469104459 247.07050631538013 1616.1456240868474 0.535 0.804 3.073 -2.5566464211009983 1.0390596516299557 -3.42143959860513 3.129422285473858 1.0
movable_object.barrier 0 0 0 775.5009010109194 491.35929994889784 805.6053782539777 526.7553609559367 0.531 0.85 3.063 -22.7933782296651 0.8862015113950319 -1.8940414523408706 3.1361552234712953 1.0
movable_object.trafficcone 0 0 0 732.146487886469 489.5445354329663 756.6374507163428 557.3579936546739 0.37 1.188 0.305 -14.295279526414758 0.8291359847597344 -2.031718449265555 3.1193477374885443 1.0
vehicle.bicycle 0 0 0 1080.8529631108129 478.8254949085454 1112.5606769893348 507.9938918593042 1.826 1.876 0.746 -52.99313168928021 1.0932832509637738 15.882334503730497 1.5815525435354996 1.0
movable_object.barrier 0 0 0 960.1909578939243 483.5316164411366 978.8608449086703 502.1635744759249 0.552 0.887 3.139 -42.35910245473312 0.8301803649989112 5.921586684907414 1.579738347836626 1.0
movable_object.barrier 0 0 0 723.6177093708477 493.1511832068793 758.6707072900753 528.4628771856451 0.545 0.897 3.007 -24.00314785089306 0.9884488843723205 -3.480235620238943 3.1361552234712953 1.0
movable_object.barrier 0 0 0 578.7263298261098 511.15769299524607 668.1261400190365 590.8590478904895 0.545 0.897 2.672 -11.814938391949578 1.032508538774958 -3.399694129222719 3.1171363192009762 1.0
movable_object.barrier 0 0 0 672.5114368231464 494.1162211306656 726.5816891712515 543.5838891220577 0.56 0.887 3.082 -17.554464012710522 0.8767365732489707 -3.433469022036327 3.123868942515644 1.0
movable_object.barrier 0 0 0 445.4641531412272 518.7312034644355 615.0075033244883 647.7140895625655 0.514 0.944 3.125 -8.64872304264028 1.0278352657262766 -3.3892767247324684 3.129422285473858 1.0
movable_object.barrier 0 0 0 632.9348419039146 511.8892622770048 737.3904807033186 616.183005576233 0.605 0.887 3.125 -9.705523087216715 0.9596553291417055 -1.9999768427666351 3.1171363192009762 1.0
movable_object.barrier 0 0 0 739.6567931368179 487.88237260607957 771.33349749462 517.8881119744361 0.606 0.881 3.14 -27.21501879076027 0.8583750060723485 -3.462073797058379 3.1361552234712953 1.0
movable_object.barrier 0 0 0 635.909025720145 501.1102322806742 699.2856513653687 559.9833998161821 0.545 0.871 2.629 -14.674844353715569 0.9398827466820225 -3.4499669100789943 3.1171363192009762 1.0
vehicle.truck 0 0 0 572.0328261976429 426.62036737454514 693.3962088031567 479.1734668656482 7.84 3.519 2.888 -57.50360629818135 -1.7076680617872275 -16.156900529991297 1.5805080517696757 1.0
movable_object.trafficcone 0 0 0 770.272875180443 481.23198599769023 788.1417599895034 530.8190064282426 0.403 1.271 0.37 -20.840644113771774 0.756561162859431 -2.0527734675687 3.1193477374885443 1.0
movable_object.trafficcone 0 0 0 802.7619764015739 479.6787973743332 818.3135318317846 507.8334948779606 0.585 1.145 0.56 -33.28087867312029 0.6992787229014548 -1.970227538137826 2.114627169740917 1.0
movable_object.barrier 0 0 0 793.6843199304038 487.1885238045756 815.8563710566544 514.5612511180385 0.534 0.878 3.195 -29.523549442564214 0.8613487617416118 -1.9417256834808767 3.1361552234712953 1.0
movable_object.barrier 0 0 0 135.17001863274703 537.1994493928566 501.8980737908032 776.1920875127327 0.547 0.958 2.991 -5.568445923930046 1.0332836025966547 -3.424336496211082 3.1171363192009762 1.0
movable_object.trafficcone 0 0 0 519.384319206353 505.1354106712873 595.5684012504263 697.1343133313088 0.359 1.216 0.326 -5.29646096273339 0.8069807703133393 -1.988329459674202 3.1193477374885443 1.0
