vehicle.construction 0 0 0 181.81049025052891 485.17213035834294 300.99191099039365 527.5087029768396 6.498 2.662 3.001 -57.084956252952416 2.060264152744351 -44.074523427677065 1.58911099272445 1.0
movable_object.trafficcone 0 0 0 316.2262415275966 531.2103666992036 462.64363684729847 858.3290572705105 0.381 1.257 0.348 -3.3198638373057845 0.8739159374339268 -1.9361337521214446 3.124343840017646 1.0
movable_object.barrier 0 0 0 671.4251507522747 515.7059398365249 761.120135830991 604.5477754689906 0.645 0.832 3.167 -11.032269165243534 1.0644572021970649 -1.870353177347492 3.124343840017646 1.0
movable_object.trafficcone 0 0 0 768.0312637540312 485.7013002293632 787.2075167847561 539.3711146686605 0.392 1.271 0.381 -19.358441432817592 0.8599604237409595 -1.9450755855290813 3.124343840017646 1.0
vehicle.truck 0 0 0 678.2445785736415 438.5741161649112 753.0009515683968 471.7509316906729 7.84 3.519 2.888 -91.09826109599733 -2.4702614515398658 -16.201848360453596 1.5878547455142744 1.0
vehicle.car 0 0 0 991.9671235299834 473.4970279776044 1025.1913097080694 496.6433929417427 4.86 1.736 1.856 -65.88648194137423 0.641438878880125 12.416928061891534 -2.1098222705711356 1.0
vehicle.car 0 0 0 1184.4676097608474 484.41720815052906 1291.0857532656992 533.8902900941074 4.857 1.682 2.0 -32.393825296136605 1.236472366562714 15.283064833356311 -2.1142301206144802 1.0
movable_object.trafficcone 0 0 0 817.2126761696924 473.34237233212696 826.4038407642947 498.2230090695605 0.424 1.271 0.37 -41.38832161259183 0.4593849209172584 -1.8671363058457942 3.124343840017646 1.0
movable_object.barrier 0 0 0 745.6907424457005 489.5327004967205 776.6982384250421 521.8239162670466 0.63 0.904 3.187 -26.825995473262424 0.9371419317057531 -3.2204495180927752 3.122140342942803 1.0
movable_object.barrier 0 0 0 350.72414260647514 550.8046102058634 664.9345052303928 815.9201619502401 0.608 0.823 3.128 -5.101455457626149 1.0625779361646157 -1.9334977249781315 3.124343840017646 1.0
vehicle.car 0 0 0 1582.5613647899943 497.6200194772566 2262.4131632332524 685.2871836803421 4.522 1.472 2.012 -9.53765566128525 1.107297623196128 11.776901900949882 -2.124289263866836 1.0
movable_object.trafficcone 0 0 0 680.39466483884 486.5443654214287 720.2587888097761 605.6417487993546 0.359 1.339 0.348 -9.250741980394848 0.7911533183027984 -1.8237068838876902 3.124343840017646 1.0
movable_object.trafficcone 0 0 0 605.5867038825719 498.7837643128575 666.3110761132531 649.1531888390022 0.392 1.243 0.37 -6.901313030776703 0.824186790082161 -1.9144615005063905 3.124343840017646 1.0
movable_object.trafficcone 0 0 0 777.9065006192565 481.41360549016025 794.6093694499608 528.6885913186114 0.392 1.271 0.348 -21.891199984865047 0.7688652358457218 -1.962986023067009 3.124343840017646 1.0
vehicle.car 0 0 0 1078.2877329216876 480.7451103535174 1204.376867057845 534.40647738608 5.164 1.522 1.92 -27.60846050485392 0.9818480855236071 9.630519894140177 -2.1984930887145344 1.0
movable_object.barrier 0 0 0 745.989269954495 499.2508112105583 793.0907339471718 549.5322179660382 0.655 0.854 3.138 -17.568016713492163 0.9979986595249811 -1.899132469719834 3.124343840017646 1.0
movable_object.barrier 0 0 0 630.0149451305281 504.81683107891195 707.1210522544046 572.4235027923346 0.656 0.946 2.822 -14.455334230631454 1.0600888513675488 -3.3646073309745854 3.1343822255450977 1.0
movable_object.barrier 0 0 0 705.3369826550455 495.3502404185891 751.9313911076135 535.9532894807961 0.641 0.84 3.025 -20.64399552509031 0.9657830683025739 -3.3017042170044366 3.1343822255450977 1.0
movable_object.barrier 0 0 0 671.9260701934716 496.71554839989756 732.1957539710197 550.2958494075958 0.679 0.924 3.169 -17.52070381721086 0.9719983102665452 -3.3640121479472964 3.122140342942803 1.0
movable_object.barrier 0 0 0 430.9843287135638 521.209991234882 608.8644784574999 650.2814455812508 0.626 0.902 2.882 -8.379114627937719 1.0285264050222291 -3.3924668324297755 3.122140342942803 1.0
movable_object.barrier 0 0 0 728.1829243533165 490.8180201097802 763.5560113365433 527.4724628187461 0.611 0.907 2.944 -23.68790419151914 0.9252637392977436 -3.2940091265139477 3.122140342942803 1.0
movable_object.trafficcone 0 0 0 796.7482310385421 480.56655083584394 809.70236644457 516.3841283560921 0.403 1.257 0.37 -28.550251967401728 0.7695730358131897 -1.953026460251548 3.124343840017646 1.0
movable_object.barrier 0 0 0 68.88502960871544 545.5141030346568 493.02638341209956 794.0082969821307 0.611 0.858 3.032 -5.304025110156684 1.0484621985775784 -3.437766079303909 3.122140342942803 1.0
vehicle.construction 0 0 0 -33.747039797455926 409.6216507856249 285.57667523585076 583.9613542263397 13.933 9.31 4.494 -46.430928190671445 1.113616815432017 -42.1323973074451 1.5884683545715843 1.0
vehicle.car 0 0 0 1375.1299098736158 495.98143323537363 1527.9182334378954 561.4321831848615 4.353 1.75 1.708 -26.160332238946864 1.6123780980344364 19.281456658455145 -2.119413515003407 1.0
movable_object.barrier 0 0 0 767.9881811813274 485.95950991490224 790.1908974370773 511.7063561953016 0.576 0.912 3.197 -33.014301064893 0.883576954663489 -3.23779015902032 3.122140342942803 1.0
vehicle.truck 0 0 0 1062.3773159502616 454.594247368745 1176.1045696639826 517.497926392781 12.678 3.32 2.898 -49.422541334959746 0.3960926208368889 15.76064828375779 -2.1146815529081184 1.0
vehicle.car 0 0 0 1531.502947563384 467.01144524718393 1951.2623534673185 608.2729122812101 4.859 2.0 1.928 -14.098904471995626 0.8617601144044749 14.991185120980422 -2.1247432624963434 1.0
movable_object.barrier 0 0 0 559.0080904855795 511.7267073115077 669.4121352383447 606.4461137185298 0.626 0.981 3.054 -11.446415815380607 1.0904427273639437 -3.393358201850748 3.122140342942803 1.0
movable_object.barrier 0 0 0 759.0527479871525 486.1846519032896 783.0912578744508 516.5382241108501 0.565 0.993 2.835 -29.94127483233525 0.8928017666516663 -3.236495224627279 3.122140342942803 1.0
movable_object.trafficcone 0 0 0 742.477082028255 485.7156620188063 766.7514883897823 552.4951060124927 0.392 1.271 0.37 -15.58472541807373 0.8183457493538314 -2.0149015043751644 3.124343840017646 1.0
