human.pedestrian.adult 0 0 0 166.64510325279002 446.61047193396706 217.08000527282883 528.7719497577873 0.613 1.807 0.787 -28.341594219797802 1.6191116950012439 -12.775513368782821 -1.614215495822461 1.0
vehicle.car 0 0 0 180.43710203589575 404.7755988244109 441.7301591624702 539.2935178270228 5.606 2.988 2.449 -31.097077604978068 1.392435946150413 -10.920782008483314 1.7490812715465651 1.0
vehicle.car 0 0 0 1103.849897863795 458.0725546469284 1321.8736879341889 585.9223810974548 4.383 1.651 1.986 -18.73641127023444 1.48474398236172 6.789467255363439 1.7594217236677476 1.0
vehicle.car 0 0 0 -324.6031906989169 406.21539683061195 141.14852925076622 562.668867578015 4.594 1.744 2.021 -16.58255705210355 0.8785307329382595 -10.940289750959684 -2.4407515435553133 1.0
vehicle.car 0 0 0 707.191797837886 440.7504386462585 936.0254398554338 561.528423661851 4.693 2.06 2.205 -24.15751960509792 1.5787486722006938 1.2614136611983064 1.7551911721316635 1.0
vehicle.car 0 0 0 -134.9406967359895 412.4754280280522 375.3508582524388 598.1464480651305 4.303 1.6 1.981 -13.241521384112547 0.8771194707503671 -6.476927265842462 -2.464413548636754 1.0
vehicle.car 0 0 0 -37.6184041703675 410.876238593019 537.7949974326068 632.8363057914355 4.497 1.635 2.172 -11.802889946065024 0.8917063775328845 -4.4886250233220455 -2.452567776445523 1.0
human.pedestrian.adult 0 0 0 1378.3782740843417 488.0443902514715 1557.1435879707944 675.8482939350458 0.909 1.259 0.654 -9.184925374437828 1.1690275328069917 5.111706454212554 2.423100544302912 1.0
vehicle.car 0 0 0 922.8386396325913 352.35604818090474 1496.024386208663 813.1622982853869 4.134 1.742 1.935 -7.044688721239088 0.7269405131924572 2.740582008850599 1.750576010417312 1.0
vehicle.car 0 0 0 521.0729315466485 322.4653883920844 1173.6017028704712 714.047685627061 5.165 2.0 2.148 -9.161662508338951 0.6389298970147264 0.970801198644926 -1.7283690051688723 1.0
vehicle.car 0 0 0 248.44204953799093 384.3522070466465 792.8582861785045 670.9340943175557 4.203 1.764 2.01 -10.1242566431169 0.7896961280903809 -1.6391832984850532 1.794161497174235 1.0
vehicle.car 0 0 0 -246.54936924011818 359.82842704921023 264.36140010187427 568.5856479747987 4.606 2.015 2.101 -14.713569945427151 0.5786302704276785 -8.479257465989942 1.7706379356277457 1.0
vehicle.car 0 0 0 1356.0225279107221 453.2864982418649 1559.4130326764764 597.8664780264578 4.26 1.651 1.945 -16.78177921911242 1.3627285516488472 9.332480385371788 1.7594217236677476 1.0
