vehicle.car 0 0 0 810.8989842359639 454.52962395808623 1029.217637712127 562.9634908178965 4.26 1.651 1.945 -21.593203162939457 1.525298173121109 2.8027395717059176 1.7552753868458764 1.0
vehicle.car 0 0 0 421.2697577090774 441.9967286483904 638.8365173258178 540.4886299045734 4.693 2.06 2.205 -29.03370948279667 1.7018480446597843 -5.210301164932432 1.751079209414386 1.0
vehicle.truck 0 0 0 1281.025537065032 432.5905006516191 1520.8626427648767 593.0976621242479 5.469 2.0 2.14 -18.607415161638663 1.3382252029206716 9.54694936345389 -2.490287590739273 1.0
vehicle.truck 0 0 0 451.2630116094973 344.0803922415509 1111.2924722520863 755.8441244967835 5.065 2.012 2.029 -8.83768281513055 0.7665776455000105 0.5119914804481982 1.7425957172438729 1.0
vehicle.car 0 0 0 1079.3773785719738 435.5791543920196 1304.8529507941444 583.61867423951 4.718 1.972 2.038 -19.394624826005856 1.3661036059357605 6.7185480943669935 1.7552753868458764 1.0
vehicle.car 0 0 0 936.6630586956303 430.28597613235195 1457.719456520451 840.9403613147762 4.431 1.537 2.046 -7.193346982225169 0.9278795585815948 2.7673704644462123 -2.390294444354547 1.0
vehicle.car 0 0 0 73.65185399391179 393.3975895747687 580.8350510042654 621.5799067293125 4.134 1.742 1.935 -11.91190684938166 0.7985362552994579 -3.865801483419878 1.7465021314365163 1.0
vehicle.car 0 0 0 -41.97950791143653 368.0481588675516 504.09756231013205 590.5516386278156 5.165 2.0 2.148 -14.059713623726477 0.6883308114501749 -5.605847408165758 -1.7244875100449546 1.0
vehicle.car 0 0 0 -319.26501379303386 407.5376713658195 137.90787913352102 552.5731296377231 4.497 1.635 2.172 -16.732069831494755 0.8355823791767849 -11.057239824292557 -2.4596067205622756 1.0
vehicle.car 0 0 0 28.872622455213243 412.99373162933523 268.71156671714033 527.2785206269064 5.606 2.988 2.449 -36.06647511218284 1.5645208435812208 -17.33895870985334 1.745019860657731 1.0
vehicle.car 0 0 0 -175.94901650330704 402.50960196889713 275.95289565259765 578.2861603728692 4.203 1.764 2.01 -15.026124182037783 0.8522315341293231 -8.221389643705065 1.7897506505729508 1.0
vehicle.car 0 0 0 -361.58792102301663 411.4465786854008 46.347305435334356 539.0900241119117 4.303 1.6 1.981 -18.184943501168558 0.8519155665704097 -13.034435395539365 -2.4714668889094167 1.0
