vehicle.car 0 0 0 98.26390547103297 446.4370014728312 295.2561244029893 523.4176887477416 4.693 2.06 2.205 -36.43034809227891 1.969587231174292 -16.180911235246395 1.7556686721144672 1.0
vehicle.car 0 0 0 577.5094059427187 396.35550121019764 1157.2169926355202 763.1320580561968 4.281 1.771 2.067 -8.484925626300424 0.8849864265497767 0.9824546727738838 -2.4449782759992438 1.0
vehicle.car 0 0 0 1483.3920912113495 458.5687559078102 1681.0230881100192 598.0184610075944 4.081 1.58 1.916 -16.59038297800052 1.371048343327751 10.747497731195525 1.7640019297835048 1.0
vehicle.car 0 0 0 -177.6858466362898 421.2085354454286 37.69016462541897 514.9026104977903 5.606 2.988 2.449 -43.34065748439887 1.8043890195194519 -28.381610381444663 1.7495963393882628 1.0
vehicle.truck 0 0 0 69.36146243337211 325.2196508457231 684.9074216657164 624.5732564049682 5.131 2.141 2.374 -11.834634561451223 0.53115676833627 -3.2422550950964077 1.7560475719603899 1.0
vehicle.car 0 0 0 1056.8584075133836 440.0795950547778 1275.1984725895845 575.8088886267598 4.531 1.893 1.942 -20.068226084037946 1.3885323448308617 6.521446188741447 -2.4783051716321154 1.0
vehicle.car 0 0 0 973.4380106609855 399.4033693973946 1589.6266815890103 912.0676341556161 4.42 1.693 2.079 -6.612040587449273 0.8867412836487617 3.01187960405976 -2.456782370058618 1.0
vehicle.car 0 0 0 270.34890945767665 385.9476299982628 838.4236731561629 686.176804150439 4.336 1.828 2.074 -10.099248642639038 0.8269958811946294 -1.3754230372800447 -2.4449782759992438 1.0
vehicle.car 0 0 0 -190.36778185829954 424.00985016858743 290.35079880765267 582.9595828398838 4.431 1.537 2.046 -14.681315546986907 0.9496906847733164 -7.984133491616135 -2.387632440420189 1.0
vehicle.truck 0 0 0 -310.36268592117943 378.126255907873 196.99124555940756 564.5059512546736 5.065 2.012 2.029 -16.305453395832778 0.7066981799823165 -10.257152825137524 1.7471668529594542 1.0
