vehicle.truck 0 0 0 747.3581865994895 206.56931130498415 1242.919089408493 622.692818169699 6.187 3.331 2.716 -13.418785101638226 0.013892510983596257 2.807764981229019 -2.4949902259543464 1.0
vehicle.trailer 0 0 0 1421.7712035706568 235.32612700553724 2961.415010761916 567.9104962638847 18.38 4.506 2.541 -22.498761327116224 -0.00880886435933606 22.158581640799518 -1.6223038923534503 1.0
vehicle.trailer 0 0 0 747.2997036961148 324.3910852215197 972.6516825975419 499.3696938723497 13.702 4.737 3.137 -41.24237790180828 -0.018548674563646006 2.6387908417920083 -2.222894714746082 1.0
vehicle.truck 0 0 0 192.24698802525796 349.9132617462118 316.27851119709806 503.7393621419338 4.008 4.352 2.888 -38.08319471737947 0.34021297167748904 -15.180700163520436 -1.96273295722209 1.0
vehicle.trailer 0 0 0 1331.6642248975215 14.224835196250172 4251.354866925822 645.7806067217645 18.371 4.373 2.899 -14.542976128024378 -0.41821275974689476 16.77861497581413 -1.6312210505812699 1.0
vehicle.trailer 0 0 0 1363.0289050909078 256.35438061902244 2665.3615365719857 533.6038346082153 19.018 4.508 2.47 -25.90220820875043 -0.14644726803956373 22.917735112586197 -1.6181634168002113 1.0
vehicle.trailer 0 0 0 1271.5398483907395 -165.75457070275235 5572.130755856286 736.0076172885761 18.731 4.234 3.099 -11.90150361533051 -0.43762425417794026 15.07032484865004 -1.6312210505812699 1.0
vehicle.trailer 0 0 0 1386.7325329318417 138.02317635216835 3654.7856411458893 660.7365035962425 18.353 4.744 2.835 -17.227493826281933 0.028327639286319803 18.873704806769616 -1.6309790105378141 1.0
vehicle.trailer 0 0 0 193.02847175274852 344.52762252912083 339.08238913747965 486.27694414154644 13.369 4.256 3.802 -44.89574485020202 0.07834653024084137 -17.208684545764758 -1.9325693287251653 1.0
vehicle.trailer 0 0 0 1368.8246226817396 281.1501128500709 2513.955051976109 517.0032396521128 18.981 4.37 2.453 -28.473704076787715 -0.11580820266533656 24.26737330422872 -1.6102955983663652 1.0
vehicle.trailer 0 0 0 503.0483958579306 347.8578811836415 601.8801689407945 478.8837206959254 14.705 3.94 2.836 -45.579601405095424 0.026469409829052548 -7.820873620063952 -1.981924303685295 1.0
vehicle.trailer 0 0 0 1419.9639146549628 225.79942466411939 3262.9322970335456 593.3966997201165 18.264 4.13 2.788 -19.78801402288663 0.11057696877878087 20.666565194691096 -1.6265806127201836 1.0
vehicle.trailer 0 0 0 580.0688297821603 344.91684298165734 704.1562771496556 487.2493182099729 14.243 4.053 2.751 -43.32821343657831 0.10302506026380887 -4.435270505757395 -1.988045573177394 1.0
