vehicle.car 0 0 0 1050.050577165702 459.4690911391715 1214.1818280150355 546.2302978152517 4.539 1.732 2.011 -28.015962163978923 1.8674293885116904 8.285061801495168 -1.7502081407248768 1.0
vehicle.car 0 0 0 -43.33566909711163 439.3434013549819 195.46876441484844 520.9454146432042 4.505 1.749 1.952 -29.635918008753222 1.4803450987126303 -15.943385070179655 -2.4225802436982633 1.0
vehicle.car 0 0 0 505.98934758283093 475.00582767307236 653.260215415026 529.2565035891065 4.222 1.446 1.852 -37.49062799708056 2.5332284562499003 -5.337931113149334 -1.7502081407248768 1.0
vehicle.car 0 0 0 651.9562534942011 463.84626999351406 811.4208103536829 537.7630904916708 4.367 1.832 2.014 -34.18967924820887 2.249134420443898 -0.7428434169088604 -2.4832551030761048 1.0
vehicle.car 0 0 0 676.5077378503569 448.9260869704492 769.6765901546225 492.01090244981134 4.393 1.836 1.895 -56.607561402947375 2.460001889607974 -1.6891032156464532 1.765032251817205 1.0
vehicle.car 0 0 0 737.426516379646 459.74293667701136 906.7106598100697 538.7852344756931 4.723 1.859 2.042 -32.64020280634595 2.100570116718031 1.6412780992412805 -2.4832551030761048 1.0
vehicle.car 0 0 0 1460.0080928162567 423.20448496643047 1548.7073454578913 491.28623799928243 4.562 2.0 2.02 -39.60000199334081 1.3183298417896059 23.303337498776404 1.765032251817205 1.0
vehicle.car 0 0 0 -194.78761917083463 435.2641914815795 24.644883845909387 499.3842204839313 4.424 1.589 1.937 -33.758553041569016 1.3738895033418652 -22.500866110366943 1.7793524298414205 1.0
human.pedestrian.adult 0 0 0 1440.3723569984948 336.4926276807429 1867.5605878209583 1212.9197747449152 0.566 1.78 0.575 -2.895600434076867 0.7351016339835057 1.9873684606604458 -2.1177366183770046 1.0
vehicle.truck 0 0 0 1464.1116479015107 438.47636618024353 1647.680397541284 564.3465069394589 5.215 2.0 2.273 -22.887809512416556 1.4660574306238308 14.472338175934425 -2.4950898264000525 1.0
vehicle.car 0 0 0 778.1333029080881 223.31940602750026 3760.2955103285994 1613.6086348445356 4.681 1.815 1.844 -3.7644082535998877 0.6990788657113768 2.5119371719860037 2.7146957930307085 1.0
vehicle.car 0 0 0 -94.94239002023035 432.66913874712884 123.9924092737047 509.1625703388091 4.157 1.738 1.933 -31.01492356050098 1.341591597387326 -18.2278714794452 -2.4342622656302257 1.0
vehicle.car 0 0 0 436.63452391289985 467.2831799542269 581.090908591971 522.2921155598473 4.202 1.564 1.823 -39.057349659321005 2.4138758604944366 -7.751244020949259 -1.7502081407248768 1.0
vehicle.truck 0 0 0 1292.855015150793 444.03950866383343 1462.2100447201694 557.4724593097568 5.232 2.0 2.048 -25.11108327234994 1.6116761700695434 12.326230310258845 -2.4832551030761048 1.0
vehicle.car 0 0 0 262.8905617351839 460.4750294190703 551.4976948417781 571.0494531937932 4.639 1.697 1.982 -22.168572219027865 1.6602883362638534 -6.064680231592408 -2.458341765485919 1.0
vehicle.car 0 0 0 580.8339671841577 470.8494651956242 732.2909418734732 534.0390627003218 4.324 1.635 1.882 -36.06544595736942 2.434697804318393 -2.933474030081563 -2.4832551030761048 1.0
vehicle.car 0 0 0 1164.8883615908026 457.03631004255766 1333.6418557998063 550.3435380026865 4.44 1.758 2.024 -26.48373833456906 1.7783941620793187 10.2823802200361 -2.506952058758322 1.0
vehicle.car 0 0 0 908.974642909883 440.77368425130385 998.9826714135872 487.60393432309417 4.516 2.0 2.197 -56.65897553209388 2.1871701676084516 8.655003726897966 1.765032251817205 1.0
vehicle.car 0 0 0 742.8897190924827 438.9910504328071 846.2857101030193 482.45384854935327 5.691 2.0 2.214 -61.2865866191128 2.205610855573606 1.6568310676727733 1.765032251817205 1.0
vehicle.car 0 0 0 -161.04388845560942 428.3825945076857 69.46429723005134 502.18143190593895 4.498 1.747 2.026 -32.381054968130556 1.2669294777290248 -20.56505087884455 -2.43783147807852 1.0
vehicle.car 0 0 0 53.57868856739177 451.22572429767496 315.67406939047476 530.3683684686436 4.58 1.485 1.979 -26.425619528298753 1.5231377854321992 -11.929331451659534 -2.460329587222894 1.0
vehicle.car 0 0 0 930.2203895905343 468.6171421665486 1066.69243687412 532.3235011143643 4.415 1.613 1.978 -35.29238937897489 2.3240522193808926 6.669435429094514 -2.4832551030761048 1.0
