vehicle.trailer 0 0 0 -116.87125500665218 270.97290785852243 818.0098136688405 517.1169037312283 18.371 4.373 2.899 -25.260903522132196 -0.30171818063172123 -8.192992400745931 1.579726015422347 1.0
vehicle.trailer 0 0 0 212.04443624934942 330.15817194162537 852.7809991227588 490.4533168782366 19.018 4.508 2.47 -38.1229895947728 -0.0852115591315531 -6.838541684466905 1.5762346540778536 1.0
vehicle.construction 0 0 0 -292.57056298169954 231.339789960629 150.9221079785324 650.0261322654072 6.787 3.595 2.868 -14.2729018405587 0.22366864159620153 -9.646558268799106 1.72488074972187 1.0
vehicle.truck 0 0 0 1004.7677111341577 337.6732950585483 1158.6831747662254 479.7771695102843 6.386 3.439 2.658 -33.99522066422335 -0.1617572581773614 8.405443700331723 2.1174732901100732 1.0
vehicle.trailer 0 0 0 -314.94950672282204 222.38393847613435 772.310421596814 499.3553976882541 18.731 4.234 3.099 -22.2538864032371 -0.7556109161258235 -9.325250070774128 1.579726015422347 1.0
vehicle.trailer 0 0 0 9.295977566405089 302.3291116455333 833.2869960407462 534.4631298634297 18.353 4.744 2.835 -28.59401702303804 0.13987737609644968 -7.687682837847719 1.5796520504168452 1.0
vehicle.trailer 0 0 0 1240.0639946254944 348.73142744282865 1643.8153876427941 463.0462832992996 14.661 4.247 4.498 -54.160974659317674 -0.336850697060992 28.423514463944343 2.4971754414881415 1.0
vehicle.trailer 0 0 0 252.95422942090582 339.96435953877796 849.7741266161311 484.09580688691256 18.981 4.37 2.453 -41.02579572582716 -0.06631989104096714 -6.688662832090509 1.5747084028536085 1.0
vehicle.truck 0 0 0 1465.4845953454792 366.61740664096203 1590.6666168904635 473.19793429731595 5.41 2.817 2.157 -36.32193299298991 0.12023859100656639 21.87139825543876 1.8925317736056781 1.0
vehicle.trailer 0 0 0 110.62302852355481 303.0059084348061 853.7962995089225 483.80679105344586 18.264 4.13 2.788 -31.626155627397317 -0.4379209865008901 -6.939978660960551 1.578365113011694 1.0
vehicle.trailer 0 0 0 185.39227168860074 327.27405035140936 865.9910060910374 503.6159360964054 18.38 4.506 2.541 -34.682610625236826 0.07828140527506394 -6.4192129392518416 1.5772245008983568 1.0
