vehicle.truck 0 0 0 1221.6695825673025 311.875638124206 1551.8887048336755 504.13198482078 5.754 3.68 2.566 -27.192487680004774 -0.08901001550055684 13.27062115385454 -1.7366899735525214 1.0
vehicle.truck 0 0 0 1289.270507155662 306.58241389317055 1608.5000843391038 488.77093184098794 5.835 3.799 2.86 -29.49517011302274 -0.3171250413009868 15.865583224420194 -1.74352281567801 1.0
vehicle.trailer 0 0 0 303.1122864484813 254.11338680990852 724.2581225497378 551.0396204703618 10.09 4.19 2.839 -22.617109615428085 -0.09236710675497928 -4.93820418706541 -1.7494995291689515 1.0
vehicle.trailer 0 0 0 -176.76192956742508 138.16116656366 247.72169413937445 565.4591413415841 10.68 3.892 2.467 -16.28493555816271 -0.4836963338590149 -9.884654949431255 -1.7323810313512906 1.0
vehicle.trailer 0 0 0 1132.3819888296046 307.5274366747143 1479.5474558096737 462.5046401740771 8.864 4.045 2.855 -37.130423076750354 -0.7062022429273646 15.684770860172641 -1.716068566107297 1.0
vehicle.truck 0 0 0 1445.1756520293861 312.13179695766263 1723.3898777281772 483.75366813889 5.353 3.939 2.684 -31.848622696197395 -0.34873388375250325 20.61285863457155 -1.716068566107297 1.0
vehicle.trailer 0 0 0 30.660761077559233 241.65122498685295 417.3797322176381 525.4801999431422 13.372 4.149 2.784 -24.412876655975946 -0.3434760102462516 -11.018300736847273 -1.7393281936784026 1.0
vehicle.truck 0 0 0 1.1810429638475792 -71.3302534765046 626.1233741831975 617.4951305621246 5.475 3.886 2.708 -10.052983552129156 -0.7601244221060327 -3.8410093851612612 -1.7304002770394593 1.0
vehicle.truck 0 0 0 -565.1608534406918 -219.43100973140943 94.84074559754197 720.5194509829313 5.185 4.074 2.588 -8.246502570360663 -0.6766970395593077 -6.560010182209681 -1.7267059360693606 1.0
vehicle.truck 0 0 0 566.7524234676824 196.77844752800718 980.6317779911516 545.5698642367292 5.336 3.732 2.328 -16.297740212373817 -0.42825957582457874 -0.05657376302016414 -1.7423466993829697 1.0
vehicle.trailer 0 0 0 551.7306880707625 321.1445843191036 958.6061970505875 521.2890577357368 12.543 4.127 2.833 -31.786946509560355 0.23460903778867953 -0.8012948411997733 -1.7494995291689515 1.0
vehicle.truck 0 0 0 1170.2381347891594 283.81256528293824 1533.5013825745507 509.95578941146465 5.658 3.839 2.819 -24.47884346821587 -0.2632017362692967 11.264563742851491 -1.7262895030899976 1.0
vehicle.trailer 0 0 0 839.511268982208 284.5960583181531 1213.2315497409697 480.0562811174629 8.66 4.008 2.926 -30.14667520663484 -0.5992665560903022 5.960226477758766 -1.74352281567801 1.0
