vehicle.trailer 0 0 0 -267.8716724191404 352.4352449408674 176.32364729428306 520.8533686982043 12.158 4.283 3.129 -38.41656881905235 0.6757900497338349 -23.6026034500877 -2.2761860072278566 1.0
vehicle.truck 0 0 0 1000.3769918273051 315.9507590036642 1118.6993890762863 481.30913842230905 9.391 3.743 2.584 -33.468041618046094 -0.27169999455362315 8.073980411763289 -2.2551560626199985 1.0
vehicle.car 0 0 0 -274.5524564688869 400.1373799300811 176.88198072456086 563.9655611618452 4.909 1.873 1.996 -16.036211984931136 0.8137847208092073 -10.215901150859489 -1.566228370105092 1.0
vehicle.truck 0 0 0 1167.7851581175992 255.6390221422114 1350.6335112339857 518.7408873722092 3.779 4.011 2.593 -21.453612850994528 -0.37797541423271336 8.281698818782504 -2.277947445722842 1.0
vehicle.trailer 0 0 0 -91.19254572714729 329.5598080483746 224.47253774992524 494.3496081789579 8.109 4.232 3.13 -36.791534549955415 0.010795843535079452 -19.805361776190363 -2.275244061063897 1.0
vehicle.truck 0 0 0 1292.552143131189 276.78623118085846 1521.1914351812982 489.3088973112999 9.044 4.333 2.887 -30.48929992918043 -0.5537505661867591 15.12436723987816 -2.235640623234911 1.0
vehicle.trailer 0 0 0 561.8978388512431 277.9949741206869 866.4946652958749 501.13858367088085 13.893 4.645 3.7 -33.47918861570136 -0.38445660857148495 -0.5324713362243136 -2.266838297966019 1.0
vehicle.trailer 0 0 0 1450.7051426901119 204.96614197628273 1924.5456744592743 511.9146262198043 14.433 4.732 3.32 -26.855386906315804 -0.7245379464565742 18.272505866589867 -2.2603869403108003 1.0
vehicle.trailer 0 0 0 -528.240249124707 253.66449156111798 207.9524569257051 552.4280465337773 14.095 4.889 3.136 -24.027417026270125 -0.08574412315492574 -17.603922729479514 -1.5682256445789466 1.0
vehicle.trailer 0 0 0 99.7198452268326 300.68773351650447 446.3850363415343 493.48820866960017 10.089 4.359 3.256 -33.86007067593693 -0.29620365308557517 -12.485116912499015 -2.2530889318658156 1.0
vehicle.truck 0 0 0 89.99340219789454 298.5486487893954 397.63609995953686 535.0533586261854 3.739 3.689 3.149 -21.728525590086765 0.0759323368065471 -8.777777484417113 -1.569026986492453 1.0
vehicle.truck 0 0 0 813.1410977895138 334.6001529399097 989.4358821418946 496.2633148116905 9.253 3.777 3.084 -34.40084694876989 0.11004442353308755 4.068756396276295 -2.266838297966019 1.0
vehicle.trailer 0 0 0 1138.950128886563 242.55382399548674 1327.6534882404999 496.70370990321095 13.937 4.505 3.14 -29.48245584548864 -0.6647694043998646 10.773933835181863 -2.2910961198666433 1.0
vehicle.trailer 0 0 0 363.1631640654146 288.08232996438596 729.908463541202 518.6150530894341 14.074 4.824 3.5 -33.673333312999695 -0.1001481149341712 -4.849976810101246 -2.277947445722842 1.0
vehicle.truck 0 0 0 497.0446986831655 301.66436768575556 712.0619959567981 511.525414296236 4.1 3.673 2.628 -24.469994183007934 -0.09722697458803409 -2.9168691241965448 -2.277947445722842 1.0
