movable_object.barrier 0 0 0 -96.24559972632687 456.8321788270758 125.70860459889735 570.4068071118058 0.613 1.14 2.018 -14.064805617470263 1.0541751861805924 -8.252191769632006 2.774045035877702 1.0
vehicle.truck 0 0 0 -38.046583034503904 218.6874058626987 642.7558962474335 587.8171466257404 7.52 3.493 2.828 -15.80326889570718 -0.033359163188779684 -5.16027448917906 -2.4645298993782516 1.0
movable_object.barrier 0 0 0 1197.8003630041349 494.11483813777176 1371.9279267760048 704.1053890109455 0.657 1.161 1.972 -8.500845421857958 1.1540636537982436 3.560966962717245 -1.6368921719666005 1.0
movable_object.barrier 0 0 0 609.5784048288363 462.79041722567825 705.1974093790598 530.3811129817724 0.658 1.171 1.965 -23.584414329784202 1.4938210343733374 -1.9247111104279204 2.7679825290750895 1.0
movable_object.barrier 0 0 0 1335.9399473994913 486.424070278919 1424.2072275994278 600.55499640056 0.645 1.068 1.554 -13.419650085319645 1.325565969211898 6.579929804243435 -1.628026114926243 1.0
vehicle.bus.bendy 0 0 0 -269.54014027917935 346.5397833025197 31.886397370853444 471.51158700745003 7.12 3.655 3.46 -40.84726719994725 -0.11266010781998848 -28.24150934127043 1.7850703633609175 1.0
movable_object.barrier 0 0 0 457.7688203510526 461.6701612982447 577.9625960998659 535.080258271207 0.669 1.095 1.931 -20.468057080033084 1.3232581312850111 -3.9224357631302147 2.7379769717585862 1.0
vehicle.car 0 0 0 810.9005078525354 412.58888670817214 966.7972133733062 505.2156405151971 4.623 2.079 1.754 -31.555958831098238 1.0853804615636942 3.2563749303605922 1.8017081684188962 1.0
movable_object.barrier 0 0 0 1304.9936737680903 471.34973501830524 1412.3584258397243 610.2618950297966 0.65 1.141 1.878 -11.818971360841596 1.122064453983204 5.606587236437444 -1.628026114926243 1.0
movable_object.barrier 0 0 0 1084.7541245448822 489.43939077646945 1316.355464724281 758.2630055998601 0.645 1.156 1.979 -6.798185901513943 1.0158948034829158 2.4182238040921757 -1.6368921719666005 1.0
movable_object.barrier 0 0 0 538.7354241728133 463.5238339909813 641.0497094765092 533.2571383066722 0.619 1.126 1.875 -21.986245199029447 1.4232445105892269 -2.966468943992388 2.7558260857041414 1.0
vehicle.car 0 0 0 -169.0955500599479 427.51635362046125 26.15249306538374 510.0439430336656 4.569 1.541 1.869 -28.511273199055243 1.1668832491688266 -18.826403669662565 2.783515578714706 1.0
movable_object.barrier 0 0 0 1266.2391704200816 488.7981082738482 1399.798007802915 658.7074763972886 0.653 1.161 1.948 -10.21049488870711 1.2145145913463031 4.647273726321347 -1.6323921617416675 1.0
