vehicle.car 0 0 0 1095.6532817772995 473.70458738128883 1435.6842818557866 619.0969263946962 4.22 1.477 1.902 -15.065706972779381 0.5236479971457552 5.215503063586075 -2.2121282332362364 1.0
movable_object.barrier 0 0 0 58.603436294717675 548.0418747262896 312.03139041271123 665.1025289516783 0.355 1.019 2.105 -11.854022669517283 1.02340733210335 -5.8054191547812595 -2.2758254703352314 1.0
human.pedestrian.adult 0 0 0 -13.14238591274177 463.1239241708326 101.633880363825 640.2686042246164 0.625 1.824 1.028 -13.513151466747908 0.5815653814859356 -8.168003613562474 -2.422982348210688 1.0
vehicle.car 0 0 0 1364.690142069555 486.6668369150117 1594.5320999734029 564.5711597271306 4.609 1.547 1.814 -27.49251511554281 0.6065127558027965 14.460470387201662 -1.9603138558561897 1.0
human.pedestrian.adult 0 0 0 396.8150717447364 481.3737968461493 430.3326126428046 605.1889131081746 0.339 1.711 0.429 -17.658191283801948 0.6631325074663506 -5.524604718390908 -1.901946225032633 1.0
human.pedestrian.adult 0 0 0 361.12982327700854 481.32279635112127 387.0205542572637 609.3077793462465 0.303 1.711 0.431 -17.10519659898824 0.6687168919018377 -5.8838159281520355 -1.5868673475143646 1.0
human.pedestrian.adult 0 0 0 94.88746067194143 492.85115666550126 161.21744813698064 608.843263050361 0.629 1.538 0.479 -17.09869725658639 0.7367140070109323 -9.21498751648028 -2.3137663558143196 1.0
movable_object.barrier 0 0 0 -224.4843025612933 555.7822268836421 62.02768735735968 675.9934075485845 0.35 0.996 2.106 -11.259205263410129 1.056358238610637 -7.892342126802888 -2.238809161327586 1.0
movable_object.debris 0 0 0 772.4147000194105 526.2924778067968 810.1377330707785 588.2383489400235 0.351 0.862 0.605 -18.210079814982056 0.8859697543943357 -0.2377235384764 -1.59940393456918 1.0
movable_object.barrier 0 0 0 323.4145850654495 541.1205737530335 395.98375812682013 651.615871707416 0.355 1.001 2.108 -13.330411288782186 1.0213104955319738 -4.708573564836366 3.0248000159080926 1.0
movable_object.barrier 0 0 0 621.1041770576114 517.4376836333267 771.6410840216336 589.0166177739633 0.349 0.997 2.112 -17.941335651458534 0.816231498065008 -1.5821647421651628 -2.14460806580927 1.0
movable_object.barrier 0 0 0 472.32548096002023 533.7764878164309 618.085760746869 606.4826174972711 0.351 1.004 1.983 -17.805038679965303 1.050063117668977 -3.6982587639977047 -2.115556897897771 1.0
