movable_object.barrier 0 0 0 -506.12409256541247 637.149107281773 98.66961822809398 1301.8298118642113 0.541 1.073 2.098 -3.143756123644381 0.9666698651183115 -2.604217166189674 2.446463601552339 1.0
human.pedestrian.adult 0 0 0 1519.0696260486397 514.0752964946504 1592.6572534722054 642.2486899001384 0.714 1.752 0.699 -17.71150681080093 1.1444233998912035 10.492742122046993 1.5627546077801373 1.0
human.pedestrian.adult 0 0 0 1577.7403524866008 512.8994238439866 1668.1962932181336 658.590796931071 0.749 1.799 0.739 -16.060832695503585 1.1290068481169662 10.364791760504714 1.5592406430605958 1.0
human.pedestrian.adult 0 0 0 186.03042486985996 545.8838196693807 236.94216960365267 594.6106030428218 0.67 1.018 0.771 -27.299802544838297 1.612329352378501 -12.913139957812081 2.4291673858495564 1.0
movable_object.barrier 0 0 0 -43.629255259231975 622.3883070727846 497.7344131105316 1118.4326832187053 0.511 1.089 2.103 -3.928591755711399 1.0074806703841945 -1.8898387588931076 -1.772254227477677 1.0
movable_object.barrier 0 0 0 314.1950688961898 668.9874166120176 1220.5663734335778 1492.1912547526053 0.513 1.12 2.108 -2.8198889453634775 1.0447199852322935 -0.21906638907247838 -1.7798566488492993 1.0
movable_object.barrier 0 0 0 -252.6328187258007 598.1765440122881 126.2454309964948 950.8669603205665 0.52 1.087 2.103 -5.077736249875506 1.0092295465498815 -3.563675630564006 -1.772254227477677 1.0
human.pedestrian.adult 0 0 0 929.8631528373148 505.4499170552727 966.9165935404684 585.4696625846213 0.644 1.862 0.629 -29.79940208221136 1.1767177978812215 3.3202676550815964 -2.7202481808684595 1.0
movable_object.barrier 0 0 0 -216.3685689987429 682.6384117263951 922.1295284166412 2069.9451160033173 0.504 1.122 2.097 -1.996329179306382 0.9603231657327564 -0.8728832507320431 2.4347931213273624 1.0
human.pedestrian.adult 0 0 0 923.0917200982831 512.284091401484 958.1013569981599 585.213202732064 0.596 1.677 0.607 -29.430680870859653 1.238265900773925 3.0973741842718057 -2.7365973130316474 1.0
