movable_object.barrier 0 0 0 904.4013018214179 550.4285088674914 1266.7907286339198 778.8087703017399 2.29 1.296 0.641 -8.391489911376121 1.0400650375079596 1.7884341838119018 -2.6932424657220615 1.0
movable_object.barrier 0 0 0 -422.153935314987 551.3383866346168 10.616783787598564 1019.2449396165567 2.176 1.353 0.604 -4.654047050134539 0.9076895679891996 -3.8010338225393014 -2.724315860065915 1.0
movable_object.barrier 0 0 0 1347.1408248838172 566.8439546658259 1793.0033338639344 811.258767100281 1.977 1.085 0.638 -6.789339438576492 0.9608899469441039 4.02899977480506 -2.7054243724005325 1.0
movable_object.barrier 0 0 0 10.760763023533748 641.6079645270629 955.0534510706611 1658.9903145661904 2.015 1.127 0.578 -2.429812608205109 0.9276110095806854 -0.7500452477492529 -2.7121074245696395 1.0
human.pedestrian.construction_worker 0 0 0 1052.969795008756 384.27018272233425 1251.1626252075562 863.4203530492783 0.522 1.8 0.598 -5.136332797065958 0.48958580639831656 1.401814503411578 -2.510984562418084 1.0
movable_object.barrier 0 0 0 -263.9684194107071 607.6435062406086 234.3835035825247 1141.8172230063733 1.726 1.102 0.569 -3.59453496898114 0.9243949312535119 -2.3951888521643463 -2.7121074245696395 1.0
movable_object.trafficcone 0 0 0 1463.504591869953 661.1105130627727 1665.5502141567615 898.6986858431736 0.384 0.811 0.525 -4.75052208241422 1.0536404787744922 2.834737187658977 -2.096332838501466 1.0
movable_object.barrier 0 0 0 132.70882760655292 526.349668819775 333.5631159513168 649.3171721958661 2.703 1.248 0.636 -14.0162986305508 0.9803654537796219 -6.425213229633506 -2.745964773528394 1.0
vehicle.construction 0 0 0 -107.71143086448635 -1019.509896101651 4720.469921279358 1540.3749156356528 7.932 3.618 2.768 -3.918409203872741 -0.3533927259999368 1.7742058500608267 -1.5565181672849873 1.0
vehicle.construction 0 0 0 -332.5503722484058 314.8270983144167 298.46195404872674 656.1335236888178 7.258 2.934 2.797 -13.867632373684618 -0.03790155293971033 -9.220042857194972 1.6145696933055405 1.0
