vehicle.car 0 0 0 884.8945078061906 446.4045281148279 1076.476630507888 525.9604357028281 4.925 2.061 2.102 -35.06034884727727 -0.20250853138828362 4.740318016602766 -2.640881743738033 1.0
vehicle.car 0 0 0 948.9724262065774 451.46152752540615 1106.7407876725154 520.0740953573342 4.332 2.0 2.022 -38.74299142648509 -0.25054593707815004 6.738238445813767 -2.7504697104246283 1.0
movable_object.pushable_pullable 0 0 0 1173.3981586210946 467.3435368947804 1208.9263005151713 500.38594497397594 0.698 1.201 1.247 -46.72421494173821 -0.4183908515226655 14.198744077757715 2.2663439200452196 1.0
vehicle.truck 0 0 0 985.9764891768211 434.606817105997 1143.1519411212048 506.1707072790413 5.339 2.434 2.0 -45.937170969560015 -0.8373190918125797 9.28123313060727 1.68842528389969 1.0
vehicle.car 0 0 0 -158.58377908072995 477.0834778273576 236.390872824651 599.5631528329084 4.391 1.51 1.855 -17.874652849325443 0.5658374682275655 -10.706501769063765 2.47832177408603 1.0
vehicle.car 0 0 0 589.7034013589698 475.7536377758474 816.6257753825496 555.5388480128473 4.477 1.557 2.115 -26.75784328890594 0.42713210236522503 -2.260566507908436 -1.6468759859297215 1.0
vehicle.car 0 0 0 1081.7948188645219 472.0658287611809 1294.88882906113 644.8632780497137 4.521 1.777 1.927 -15.431133275121667 0.6862448452730717 4.795076187842379 2.3455039809478517 1.0
movable_object.pushable_pullable 0 0 0 1377.0248921231916 521.551128734003 1524.8749863159599 656.7361379956936 0.833 1.298 1.275 -12.82835833335303 0.9199582365275901 6.504373895455027 3.129680278012845 1.0
movable_object.trafficcone 0 0 0 1509.9957613951697 608.2339774361363 1566.4129041731303 683.5611297276848 0.404 0.671 0.294 -12.111739345421707 1.4387996263514207 7.013729211851961 -2.595623015552924 1.0
vehicle.car 0 0 0 394.724291211013 459.08780878534316 649.2494988761729 565.0434967075421 4.655 1.737 2.03 -22.911299248310712 0.3062486829295238 -5.260696528868592 1.664712296010106 1.0
vehicle.car 0 0 0 1185.210303490715 458.40145102236977 1327.531130463532 574.4887243175922 4.061 1.667 1.861 -20.341205832142013 0.33662782772812827 7.316946411671808 2.3417331486062167 1.0
vehicle.truck 0 0 0 1299.9954548810192 433.7509896499758 1404.5688583615315 516.3153404210051 4.872 1.839 1.978 -30.69031737790168 -0.4122033501476208 13.319187583139707 -1.8321060134437746 1.0
