movable_object.barrier 0 0 0 1090.2461905307878 605.8390845841544 1612.7457736815466 867.565810798032 0.588 0.998 2.026 -5.399366890890557 1.0039216579856731 2.294300566415575 -2.15719978245429 1.0
vehicle.car 0 0 0 577.02685771872 474.42796022130705 926.4270496964629 627.5034140664362 3.898 1.644 1.785 -15.075938405309966 0.665895200048423 -0.6906739460489347 -1.5385910301508625 1.0
human.pedestrian.construction_worker 0 0 0 980.1298579565236 445.32543738767674 1143.0728394353773 731.9853151443267 0.701 1.741 0.791 -8.16303725392754 0.585896376687946 1.6279117995031427 -2.8745458059963376 1.0
movable_object.barrier 0 0 0 835.3775540604014 542.8914159753442 1052.4095388433977 650.4298255548838 0.599 1.021 2.099 -12.76627918539415 1.0148035967101146 1.3569352008825784 -2.030509039035552 1.0
vehicle.construction 0 0 0 -243.34765285453176 -5.874660385059123 827.0865646262904 856.4332766455357 2.883 3.154 3.861 -6.17072207648891 -0.2121139722824532 -1.931661871132635 -2.103581706668704 1.0
vehicle.truck 0 0 0 1227.9148349831348 486.4276588740813 1452.3572740094571 592.320580229283 10.091 3.369 2.933 -45.86428335926524 1.5994232159681676 18.93211055156364 -1.9967289825787535 1.0
human.pedestrian.construction_worker 0 0 0 934.5426348906082 465.9298403367921 1185.18234228242 817.6205767410721 0.935 1.676 0.953 -6.692059923454361 0.7183747697649088 1.3455199288663047 -1.731572735153633 1.0
movable_object.barrier 0 0 0 -551.122983210178 604.655828414322 144.93695248066535 925.4783509277431 0.576 1.046 1.975 -4.614895658987947 0.9564906299132082 -3.5984901293324008 -2.125183622775305 1.0
human.pedestrian.construction_worker 0 0 0 1039.1753938654163 457.6374241598278 1210.5551482720025 770.1447989242987 0.701 1.802 0.791 -7.68664478883869 0.702838326987889 1.9139603958407867 -1.987901626686198 1.0
movable_object.barrier 0 0 0 1536.11295977289 536.999865509171 1751.2715698904983 742.1620263866613 0.457 1.326 1.189 -8.857351499521279 0.9643419087863111 5.831830056034831 -2.8021650906229185 1.0
human.pedestrian.adult 0 0 0 983.9008931851298 502.22473586933927 1014.7763956763224 592.9553602355445 0.444 1.739 0.444 -24.518403479681695 1.014471674927617 3.7196151329604157 -2.989073906443921 1.0
movable_object.barrier 0 0 0 1524.1600512232585 604.6551286894422 2074.8482655281946 852.3111172982584 0.611 0.985 2.144 -5.651719458317688 1.0147791521412168 4.405393481598003 -2.165815539435857 1.0
vehicle.car 0 0 0 -103.49877878586403 463.6670656563303 413.49266144510693 638.0971969363077 4.713 1.74 2.08 -14.297166740700316 0.6331708497221415 -7.138326992801432 -1.5385910301508625 1.0
human.pedestrian.construction_worker 0 0 0 1353.213642196879 454.84431508331375 1537.3984870099432 744.1362328684753 0.665 1.73 0.792 -7.954216633539083 0.6417502820207829 4.004335854624632 -1.9583344130578695 1.0
movable_object.barrier 0 0 0 1233.5538025845208 545.9995401672887 1527.4829453476764 701.212571167314 0.579 1.118 2.303 -10.511284825362651 1.0027821563525772 4.678071892016748 -2.7386367996973817 1.0
vehicle.car 0 0 0 1165.9325777632384 542.2456324472583 1255.996979195536 579.0505151468158 4.614 1.505 2.019 -55.80321880825892 2.8587878165396425 17.759898564095536 -1.9883207348327572 1.0
movable_object.barrier 0 0 0 619.79949866958 535.0865629329012 836.6966480828745 641.7401338132598 0.603 1.004 2.094 -12.626006456472624 0.9230441030557407 -0.795315657369184 -2.01410752671166 1.0
movable_object.barrier 0 0 0 637.8554221137011 589.306600919261 1158.117518773923 891.2401616521848 0.611 1.072 2.001 -5.129723759937246 0.9439487391389357 0.3541980353789263 -2.222575908932476 1.0
human.pedestrian.construction_worker 0 0 0 943.194295771558 410.7077028208988 1218.3826427438266 865.2602261212388 0.63 1.848 1.035 -5.74238688676242 0.5956740798704415 1.2239523999785926 -1.6575548708362264 1.0
movable_object.barrier 0 0 0 57.67518284717741 607.9589247466824 626.568105714108 919.2014621767772 0.599 1.043 1.926 -4.831349948178899 0.9829904624006661 -1.6842236119505576 -2.1787989501486082 1.0
movable_object.barrier 0 0 0 1034.2218344696764 550.8474857043595 1267.213153404452 667.7078663703774 0.584 0.998 2.084 -12.133317465844682 1.0576933801368946 3.264073352161121 -2.4702986302679175 1.0
vehicle.car 0 0 0 1478.9575309014215 539.2928524740174 1694.7412440266655 606.8757499969378 5.051 1.586 2.068 -32.95425992609744 1.9678775733872174 20.15350211103859 -1.9869241940856108 1.0
