movable_object.barrier 0 0 0 88.7725637487788 509.55760650541225 190.38214189139492 586.4150510820699 0.492 1.044 2.059 -18.39393598348348 0.7437754482572664 -9.768309247745707 -1.7656064916180476 1.0
human.pedestrian.adult 0 0 0 -14.92463961746285 480.2292918300312 8.161515190635829 531.3095235473852 0.553 1.871 0.518 -46.55123410307918 0.38338811960467273 -29.954949324230693 -2.7248344049306352 1.0
movable_object.barrier 0 0 0 863.8209989046331 533.3577374042087 1125.1853564133655 688.9395418587582 0.435 1.046 2.031 -9.721082768808861 0.8436065425263989 1.3915559785608174 -1.7644381435491479 1.0
movable_object.barrier 0 0 0 154.27200156650815 515.5536916851155 263.34246207781723 598.941317379431 0.458 1.048 2.032 -17.14219397269825 0.8150761486574845 -8.165016027976588 -1.7656064916180476 1.0
movable_object.barrier 0 0 0 318.6990507152351 517.6727511219927 458.4247454427132 617.8517398317763 0.446 1.069 1.998 -14.660429780931857 0.811545192482852 -4.89893519174252 -1.7789039408805953 1.0
movable_object.barrier 0 0 0 424.15488039355193 522.7470500040214 580.5321168754899 630.0321378043647 0.463 1.04 1.975 -13.480554164460367 0.8333252463335464 -3.292826490903566 -1.7712657361424498 1.0
movable_object.trafficcone 0 0 0 50.82403806787852 530.9794274472841 84.42116423014598 577.9562635247232 0.35 0.72 0.363 -19.89119182195231 0.9281705975974812 -11.67953199328603 -1.7425928323017708 1.0
movable_object.barrier 0 0 0 -70.80010332163704 504.6739853447205 3.0950441897205043 556.8271588524098 0.458 0.952 2.011 -24.30990255657032 0.6685135016947247 -16.241876745309842 -1.789808459814588 1.0
movable_object.barrier 0 0 0 1412.416459223789 527.9998063304955 1862.9034929296438 745.0429265636924 0.44 1.052 2.103 -7.222492780197014 0.7379741960886705 4.658731651247374 -1.7650572760917713 1.0
movable_object.barrier 0 0 0 76.36794290340349 531.4191761893359 107.78104508460507 581.700612415661 0.367 0.751 0.409 -19.39758774399103 0.9364318508769455 -11.014406617199368 -1.664017333328177 1.0
vehicle.motorcycle 0 0 0 366.37232560136005 485.48700104752004 464.3422358831075 593.2833758515516 1.823 1.772 0.639 -21.566624349598918 0.7247429578437422 -6.726972650815955 -1.6641742998422604 1.0
movable_object.barrier 0 0 0 545.1315872746685 527.2418866841866 720.2024190427161 646.003954296685 0.439 1.032 1.987 -12.250834391908374 0.8491877867241104 -1.7349934893250498 -1.7547301608781973 1.0
movable_object.barrier 0 0 0 686.6083293983099 530.2158457779849 895.2887024826385 666.0884498119152 0.438 1.047 2.025 -11.017991239744974 0.8538794716909792 -0.18913782004174226 -1.7464116280077766 1.0
vehicle.truck 0 0 0 1431.3350847142538 403.12301080449157 2345.323264739811 721.4741576561589 5.323 2.008 1.886 -10.404816915118001 0.4193827176915017 8.29078693306675 -1.6823216047751703 1.0
movable_object.barrier 0 0 0 1098.0996909647101 535.9773080827713 1420.2226565104295 721.9776339394533 0.417 1.074 2.0 -8.463910084477757 0.8385494652113006 2.9696302061372912 -1.757366378178852 1.0
movable_object.barrier 0 0 0 233.2582319248428 516.1694455140203 352.1690368732115 605.5007077158893 0.402 1.037 2.052 -15.899387179889054 0.7979548184569264 -6.519406069389702 -1.7656064916180476 1.0
