movable_object.barrier 0 0 0 240.2399551197208 565.8006729133689 704.114474863156 820.391663732262 0.611 1.072 2.001 -5.996768429503801 0.8921435865579391 -1.5502886292946232 -2.263899122526839 1.0
movable_object.barrier 0 0 0 187.51369819390803 515.0454250422756 414.94292913916706 621.6138141016899 0.576 1.05 2.084 -13.08423715477426 0.754468029347958 -5.217507944969562 -1.9808272109951313 1.0
movable_object.barrier 0 0 0 1047.8805033810158 578.6930144042827 1474.4963447212658 780.9744406065406 0.611 0.985 2.144 -6.808056532330403 0.9684643977707845 2.4317610625083077 -2.199999765649955 1.0
human.pedestrian.construction_worker 0 0 0 811.4236593214381 446.7155848630211 936.3008384692794 690.6779087510008 0.701 1.741 0.791 -9.478235473291328 0.5400573979143031 0.4820129080732108 -2.9462231584688983 1.0
human.pedestrian.adult 0 0 0 787.4414916438641 491.66184953875904 815.8349928810062 576.8724221081874 0.507 1.72 0.444 -25.824740649069977 0.7968021731437827 -0.1315583254682016 -1.934329160872668 1.0
human.pedestrian.construction_worker 0 0 0 1003.773048177119 464.184992657161 1149.957665193663 717.5254959278292 0.665 1.73 0.792 -9.041829035255953 0.6688930022893598 1.9166267264531887 -1.9301795117576583 1.0
movable_object.barrier 0 0 0 -288.96851240479447 571.8827634730209 260.5853485621384 835.6692802375808 0.599 1.043 1.926 -5.602858321923397 0.884336379315261 -3.541811382029535 -2.2196681154562725 1.0
vehicle.car 0 0 0 1043.7363556004082 531.1195719110262 1127.0888006265168 566.3589129946439 4.614 1.505 2.019 -57.791025346094365 2.4187099069394202 12.649299312884514 -1.9538478665752992 1.0
movable_object.barrier 0 0 0 613.5992134806799 520.1867409958359 813.7189578606411 619.5681528835984 0.599 1.021 2.099 -13.682474472645474 0.8035665130710044 -1.0249984994938985 -2.000273207118883 1.0
human.pedestrian.adult 0 0 0 894.0752632544958 505.87088652815584 919.6656985339074 582.9771406572028 0.444 1.711 0.428 -28.32400524115695 1.1004536852391782 2.220337347801086 -1.934329160872668 1.0
movable_object.barrier 0 0 0 1245.940435216745 565.5258823177979 1527.35320002263 751.9562382469221 0.565 0.999 2.144 -8.305452851185398 0.997773295715301 3.7010408790896685 -3.0051054099548047 1.0
vehicle.truck 0 0 0 1464.9048709327951 436.44812608795627 2102.9062264001254 607.1748606144027 10.34 2.935 3.281 -26.99902835800525 0.5886670018429392 19.942393680230794 -1.8038102489563617 1.0
vehicle.car 0 0 0 -309.127508628972 453.45535991247226 228.33274872457122 621.7178498900557 4.713 1.74 2.08 -14.715805343021756 0.5090421378128507 -9.597305814605049 -1.5497359873476055 1.0
movable_object.barrier 0 0 0 679.4480141602314 571.2561300068447 1097.1247389941661 787.434744661603 0.588 0.998 2.026 -6.427577037001385 0.9101290966904865 0.3938537176366225 -2.197823771956707 1.0
movable_object.barrier 0 0 0 797.0658837654056 527.34950035647 1000.7857597343273 632.2921443468349 0.584 0.998 2.084 -13.169764373651352 0.8520127783853824 0.9249397851104826 -2.432025409063918 1.0
vehicle.car 0 0 0 1283.8412926495637 525.5296110252386 1449.5323136137029 584.9397245804022 5.051 1.586 2.068 -36.90969183109146 1.704157466039923 16.202480907515564 -1.98668080185087 1.0
human.pedestrian.adult 0 0 0 824.0833787374548 491.9627615660294 852.7472128051187 578.9121532941986 0.444 1.739 0.444 -25.555767490228966 0.8122744252037863 0.6156023327835825 -2.9465187395268693 1.0
movable_object.barrier 0 0 0 405.10915905717735 522.4574130989637 614.146438165181 622.0226045803687 0.603 1.004 2.094 -13.411433439043748 0.8130970637819297 -3.1350269179536254 -1.9843169785458796 1.0
vehicle.construction 0 0 0 -566.8296902354433 49.33414903003925 499.5149473379503 796.6227243232609 2.883 3.154 3.861 -6.92017335432583 -0.2369624842393368 -3.918802050346559 -2.143529928815366 1.0
movable_object.barrier 0 0 0 1188.6706185917146 534.3126740639962 1350.961037863833 714.2895163506939 0.457 1.326 1.189 -10.031539262391625 0.9833978582784817 3.649747138271777 -2.760735466137347 1.0
movable_object.barrier 0 0 0 963.5025237359712 536.6252145403159 1195.14006956892 674.6509788930488 0.579 1.118 2.303 -11.633046368095028 0.9599832914600464 2.4332292598817626 -2.697685753855163 1.0
vehicle.truck 0 0 0 1089.6514623124997 478.39186966473517 1283.560401174014 576.90247790492 10.091 3.369 2.933 -48.82742191366133 1.260926027866458 14.304502622279793 -1.967427210691815 1.0
human.pedestrian.construction_worker 0 0 0 720.0140502864868 451.13310476749 857.0922101119264 728.8210377824081 0.701 1.802 0.791 -8.613737607272453 0.6307020689161299 -0.1458429537834116 -1.9588551266465961 1.0
human.pedestrian.construction_worker 0 0 0 583.6547945275275 459.2053041601972 811.1508025472161 763.5799456071861 0.935 1.676 0.953 -7.615349412431534 0.6546240784712687 -0.6568250961927485 -1.7621989134267153 1.0
vehicle.car 0 0 0 335.8652556807133 479.04252033092047 665.7933633563689 595.4999455607294 4.42 1.533 2.04 -18.48753725825102 0.6230709370742362 -4.372574932293533 -1.5497359873476055 1.0
human.pedestrian.construction_worker 0 0 0 564.927361574683 413.01034850458734 785.9880463291411 796.9965504876876 0.63 1.848 1.035 -6.673724236874681 0.5398469688769408 -0.7137218787974516 -1.6841817198311961 1.0
vehicle.car 0 0 0 377.27850224307525 464.91862303270915 715.5059626033512 609.3961575911592 3.898 1.644 1.785 -15.857370265776312 0.5363110509288633 -3.2050307944331613 -1.5497359873476055 1.0
human.pedestrian.adult 0 0 0 872.5453668111494 498.27376870944136 899.8224822846964 582.3160587689885 0.475 1.814 0.444 -27.571789401498126 0.9814953260278338 1.7087454798630735 -1.934329160872668 1.0
