human.pedestrian.adult 0 0 0 236.76525207586968 495.6643190288673 276.24478233031164 574.4887955883357 0.452 1.56 0.536 -25.31570400411454 0.7927819416330087 -11.070697713732526 2.3343107666783585 1.0
human.pedestrian.adult 0 0 0 -25.551140367556304 418.3494842126581 242.30137292916 967.5204165855836 0.639 1.668 0.568 -4.265612040490033 0.6070545474727009 -2.3640224207169025 2.6028670108408267 1.0
human.pedestrian.adult 0 0 0 -1.2603918880721312 436.73876724452174 198.83929609843318 826.5478852212511 0.592 1.697 0.504 -5.870502209372679 0.5975841123620085 -3.2870077167441263 2.327010142532628 1.0
human.pedestrian.adult 0 0 0 420.46700698753733 428.4789638132817 650.891024696681 875.6646817359779 0.71 1.663 0.539 -5.1443657356876225 0.5899456359199313 -1.0991472378146259 2.496740222058783 1.0
human.pedestrian.adult 0 0 0 -21.852504052996526 447.4922230774944 180.79661621487915 899.9515453767838 0.545 1.578 0.527 -4.7854433766141495 0.6286871081672679 -2.765555002584494 2.631822065040172 1.0
vehicle.car 0 0 0 304.8727157311024 514.0598569371407 444.9230213039546 573.8052627657336 4.141 1.411 1.994 -32.48282775130283 1.2121210080247815 -11.207394238511872 1.7243724034793324 1.0
human.pedestrian.adult 0 0 0 410.6093068658291 501.2104629720515 447.8125791857799 599.0062193782048 0.53 1.718 0.563 -22.480065404936774 0.9711991268311749 -6.748052685178919 1.9572472185491927 1.0
human.pedestrian.adult 0 0 0 198.8145656099093 418.67656675567486 418.10622226228816 874.5349324660356 0.658 1.735 0.52 -5.225123855401107 0.5825524558882148 -2.064217943508972 2.576797573317383 1.0
human.pedestrian.adult 0 0 0 197.33314439270268 508.9502381317379 235.4275402673403 590.6026409456011 0.439 1.569 0.577 -24.638233021200694 1.0552370428403879 -11.56023973150026 -1.7410124587018379 1.0
human.pedestrian.adult 0 0 0 244.24896429667533 499.44016074732843 281.66568266493 578.469229883506 0.423 1.524 0.552 -24.660420653738502 0.8486928695604832 -10.659379468503465 -2.515291735206331 1.0
