human.pedestrian.adult 0 0 0 907.7176948779554 478.0692265881209 937.5905739942878 549.7832061657281 0.577 2.0 0.554 -35.5571493854125 0.5216191470236969 3.234205896261196 2.610278229421281 1.0
vehicle.motorcycle 0 0 0 -58.840102888684065 506.12222154938536 5.9151218860950765 563.5865681949527 1.485 1.179 0.603 -27.130484954974666 0.8383602051971293 -17.95892994246883 1.6413110273259193 1.0
human.pedestrian.adult 0 0 0 436.134358763221 483.05253872671557 482.8462812581731 588.2966922021856 0.594 1.676 0.61 -20.474526228602585 0.6482400896501427 -5.661411218169497 1.8543340340723677 1.0
human.pedestrian.adult 0 0 0 548.6781353301584 475.72253560811913 593.3705745000711 570.8626231115397 0.452 1.56 0.536 -21.057914624574835 0.4613591274123705 -3.955613022192474 2.3498180452901423 1.0
human.pedestrian.adult 0 0 0 948.6483308527191 477.97710145435195 1037.8450488804403 667.7240735670183 0.632 1.771 0.539 -12.192562880982758 0.7263475595628951 1.792273597532491 -2.678405542370185 1.0
human.pedestrian.adult 0 0 0 569.5460981526135 478.17832236213127 614.3180463449147 573.4824534410656 0.423 1.524 0.552 -20.495111292619427 0.49177810757359397 -3.5116568360819556 -2.508364156842486 1.0
human.pedestrian.adult 0 0 0 511.33729470137934 488.6327012513407 557.4645683719953 587.3759413773621 0.439 1.569 0.577 -20.44665174544433 0.6829347560064198 -4.436680515804644 -1.74475905458345 1.0
vehicle.car 0 0 0 546.7748992413191 496.5228397735839 714.2375911150482 565.4677985029724 4.141 1.411 1.994 -28.643940241056544 0.7688666362880223 -4.1019328023626205 1.7590130735964653 1.0
human.pedestrian.adult 0 0 0 758.5803414462157 489.5825178040282 781.6422350326363 553.6703767479199 0.401 1.593 0.539 -31.76017994483163 0.6594015233659102 -0.951689716873966 -2.108581756858295 1.0
human.pedestrian.adult 0 0 0 824.3764339910834 486.48112512335615 878.1758884638903 619.7244697975708 0.53 1.718 0.563 -16.5866193942763 0.7514306732729379 0.5655188561972665 1.9659246339919587 1.0
