movable_object.barrier 0 0 0 54.88390546721106 504.0369733031478 98.04959851301852 552.2465275457345 0.547 1.06 2.013 -29.667435187316634 0.7539168073487634 -17.222415729358197 2.710800658183417 1.0
vehicle.construction 0 0 0 658.9956319528025 357.8863350133896 1028.4470677094566 584.0096047081082 10.82 2.959 2.777 -22.032209125144394 -0.5207168553176439 1.29102722449359 2.3670282789912065 1.0
movable_object.barrier 0 0 0 383.90987021431835 503.49463415139076 448.31064663154183 542.1081806344863 0.54 1.031 2.018 -38.19060506343561 0.8205390340159848 -11.849346984057023 1.6694818475533122 1.0
movable_object.trafficcone 0 0 0 1246.7059001335347 543.4219083256828 1304.0559192701119 629.0692055975303 0.376 0.711 0.383 -11.157260612602785 0.7959595682551741 4.13760324581789 2.49259637590813 1.0
movable_object.barrier 0 0 0 -35.42537810682491 497.9852135203457 16.043788750026348 536.7683961441647 0.54 1.047 2.019 -35.721727815605824 0.6241226196788433 -23.173524469743445 2.5489529799963533 1.0
movable_object.barrier 0 0 0 182.8288541027308 502.383285379209 266.80786550393384 548.0414594730695 0.536 1.009 2.002 -31.757191242686986 0.7384099522696063 -14.660848793576701 1.655777804654103 1.0
human.pedestrian.adult 0 0 0 941.5214921955699 438.99530222543694 1002.4861909564428 574.4348508114363 0.92 1.711 0.711 -16.600044011434157 0.1327540649452419 2.1538597306967042 -2.024550574047308 1.0
human.pedestrian.adult 0 0 0 -6.302318766545189 488.47060454900856 51.02824273077118 579.7330853169007 0.674 1.741 0.69 -24.91988342582242 0.75518744243199 -15.525121512841837 -2.6442087607669382 1.0
movable_object.barrier 0 0 0 68.77893996387346 509.19727645063034 108.94639867285377 558.8608270372246 0.539 1.014 2.002 -28.01433866677929 0.8408755505359162 -15.987897171064665 2.7481320281981887 1.0
movable_object.barrier 0 0 0 102.74025537028393 506.47380481999335 197.39090014939813 556.4896341250013 0.54 1.036 1.997 -29.843403109785132 0.8406234516640098 -15.542574591603268 1.6634858393891054 1.0
