movable_object.barrier 0 0 0 340.2984262589566 505.5002159296966 404.1704078227413 542.5401090685257 0.54 1.031 2.018 -39.60036141476592 0.8900165091904984 -13.665799591753762 1.6673039812129824 1.0
movable_object.barrier 0 0 0 520.6717417364762 500.4462442502179 564.6399637076348 531.0376860231406 0.552 1.057 1.995 -48.570279679155284 0.7766158328098398 -10.20612957616389 1.649226632359949 1.0
movable_object.barrier 0 0 0 133.87917415476997 504.188587124798 216.8994846930736 547.6488586276072 0.536 1.009 2.002 -33.16698691918236 0.7911591623769756 -16.613689146088525 1.6546395935225267 1.0
movable_object.trafficcone 0 0 0 1005.7011886538526 544.5011350712319 1059.2331194334656 620.5871776451755 0.376 0.711 0.383 -12.522627453027075 0.8585577427347426 2.231022570027668 2.4927189311048945 1.0
movable_object.trafficcone 0 0 0 588.905272306373 520.13114686702 621.3864719382107 563.6730963875247 0.38 0.712 0.383 -21.56052590176471 0.7944997855891429 -3.4666545187895372 -2.8723115051637382 1.0
human.pedestrian.adult 0 0 0 798.6982916683313 447.5928927900276 859.7581637113401 573.5886619483026 0.92 1.711 0.711 -17.795414441420032 0.1978573813155019 0.3107344647018814 -2.0265379575427325 1.0
vehicle.construction 0 0 0 543.8275113816807 372.93125550474787 933.1062892016581 580.7711937520517 10.82 2.959 2.777 -23.46943517817474 -0.44798183879513587 -0.5944104853718998 2.3669112233954372 1.0
movable_object.barrier 0 0 0 483.8047751390738 501.8691000422534 531.3164866613661 532.8395180126087 0.548 1.018 2.05 -46.598522640180164 0.8037731827479986 -11.086539513407205 1.6472845994572847 1.0
movable_object.trafficcone 0 0 0 1561.139324694842 530.3753627613102 1651.9372763165463 626.8494028017483 0.425 0.713 0.425 -10.083440810790442 0.6566600535494675 6.381068214045897 2.0092253321242257 1.0
movable_object.barrier 0 0 0 551.9794389145851 500.35984807857744 592.6957621602841 531.0042785430225 0.581 1.106 2.021 -50.56792868798868 0.8061019068186734 -9.436517330324433 1.6399083821446503 1.0
movable_object.barrier 0 0 0 -38.62248876109658 502.67407310912677 6.827044701088214 541.6689666822159 0.536 1.055 2.028 -35.82909137234326 0.7549810688740022 -23.41996022693825 2.5954970046912607 1.0
movable_object.barrier 0 0 0 56.908497740682876 508.1677364259515 149.57283275445005 555.6121429455106 0.54 1.036 1.997 -31.271387498466556 0.8924829853577207 -17.44981193556299 1.661274685021719 1.0
human.pedestrian.adult 0 0 0 -9.794646756886669 488.33662543497593 46.83257906784435 578.725835548168 0.674 1.741 0.69 -25.125012752857895 0.7501986812852691 -15.729561470264812 -2.648239716678572 1.0
