human.pedestrian.adult 0 0 0 -9.129979944401079 487.72721191917066 48.64140911323637 578.2539062800342 0.674 1.741 0.69 -25.077642637638537 0.7384910663976764 -15.674751741206723 -2.6793976377379174 1.0
movable_object.barrier 0 0 0 350.32082155100284 504.1281168189214 414.3274848566981 541.4881355312385 0.54 1.031 2.018 -39.23449969695592 0.8438734127498901 -13.225311241188168 1.6676821900582137 1.0
human.pedestrian.adult 0 0 0 837.8316179483056 444.47323338786833 898.0023486565904 573.0909920262093 0.92 1.711 0.711 -17.43918569784062 0.16887297935816448 0.8397244180230927 -2.0283475237932365 1.0
vehicle.construction 0 0 0 571.5253273385224 368.4263450317442 955.9265934412309 580.4196199657948 10.82 2.959 2.777 -23.120213615477592 -0.48123667009833115 -0.11973024099572266 2.365935491259462 1.0
movable_object.barrier 0 0 0 67.39933683736693 506.504295619259 160.57497964010904 554.4838119769365 0.54 1.036 1.997 -30.901354638131348 0.8472901019962622 -16.979391655193904 1.661681887635046 1.0
movable_object.barrier 0 0 0 493.3429478870513 500.29078269526815 540.8111892917419 531.4766882311918 0.548 1.018 2.05 -46.23317471513567 0.7433927417123903 -10.650526080314652 1.64776493117136 1.0
movable_object.trafficcone 0 0 0 615.322693230464 520.2565003669872 647.9670151906276 564.4840122911497 0.38 0.712 0.383 -21.22698015695861 0.7900328690162346 -2.9668587646954134 -2.873966890375641 1.0
movable_object.trafficcone 0 0 0 1064.6689442454867 546.189911451532 1119.057060296098 624.6605842818818 0.376 0.711 0.383 -12.168273572539732 0.8616287467491436 2.741187752958379 2.4916233890624895 1.0
movable_object.barrier 0 0 0 -31.845863427730183 500.18394671625936 14.408530949551475 539.5849754635789 0.536 1.055 2.028 -35.44927499128849 0.6827886501734158 -22.970049443257555 2.59431447006809 1.0
movable_object.barrier 0 0 0 20.537021157951923 504.66162897813996 60.33458478273945 551.1490261423509 0.547 1.06 2.013 -30.749512426708137 0.7769127464152026 -18.728164073392254 2.7100300682110854 1.0
movable_object.barrier 0 0 0 145.02762999343292 502.6599238626853 228.31866558492814 546.5754466839156 0.536 1.009 2.002 -32.79914776986975 0.748227674705982 -16.13544327725483 1.6548014356957879 1.0
movable_object.barrier 0 0 0 33.38560482288949 509.8806183635372 70.93305897893028 557.5982381394145 0.539 1.014 2.002 -29.097284168613562 0.8681958014893569 -17.45181804389637 2.740763730581545 1.0
