human.pedestrian.construction_worker 0 0 0 366.799697636633 486.4579353929518 390.46543286721766 557.0697991572581 0.549 1.786 0.613 -32.40851249523463 0.6690703153705845 -11.03714935521814 -1.6227767631151924 1.0
human.pedestrian.construction_worker 0 0 0 397.44900251548694 488.20664977448365 422.71511919757796 555.3735376580452 0.514 1.733 0.615 -32.99031332452435 0.6837969510104573 -10.407262920024877 -1.9503130983607253 1.0
vehicle.construction 0 0 0 490.6644010588652 292.2135452777729 1379.9020670182988 719.1417461729227 10.82 2.959 2.777 -13.786672924348665 -0.0292358229203811 0.2279406814130986 -1.767783639624052 1.0
movable_object.trafficcone 0 0 0 164.63518267070532 538.5276690651206 188.34511574939134 571.9076268401259 0.391 0.709 0.388 -28.130151799744958 1.3324881522735006 -14.088763114029584 -2.659061868358574 1.0
movable_object.trafficcone 0 0 0 289.86839408990795 550.2986032731603 321.02226724227825 595.1661685162201 0.385 0.712 0.385 -21.206103263940122 1.29705390538063 -8.452139098897277 -2.6627064831040403 1.0
movable_object.trafficcone 0 0 0 493.16142664986205 560.8930101722817 537.8637003682942 623.9110431895535 0.392 0.706 0.391 -15.158896190554765 1.1603197197954132 -3.516540313127669 -2.6708901059664365 1.0
human.pedestrian.adult 0 0 0 771.131566645265 481.8453020956699 886.5810367185485 670.5591670528438 0.869 1.602 0.529 -11.17135965174587 0.6845512727490471 0.18347194853558968 -1.653153412559763 1.0
vehicle.car 0 0 0 50.43357084927402 502.38650326778173 121.97510946857679 551.4942979051644 4.263 1.791 1.811 -51.13330359433899 1.2388768722854107 -29.300726216901005 -1.7685751782838466 1.0
movable_object.trafficcone 0 0 0 843.7868407374368 585.8315607830059 910.262991471241 681.2288077429251 0.38 0.712 0.383 -10.305978673197115 1.1196635751273074 0.5638494535029357 -2.6347239979865247 1.0
movable_object.trafficcone 0 0 0 346.61571329942876 549.6123490516957 382.3728680238301 599.7064394672027 0.395 0.706 0.393 -18.886820808889244 1.1828831195471388 -6.643327631287811 -2.6708901059664365 1.0
human.pedestrian.construction_worker 0 0 0 430.5950610955437 480.11203350665056 455.57463061135786 558.0055974414876 0.514 2.0 0.554 -32.798449968105665 0.606445079792457 -9.492732362589543 -2.794705430824523 1.0
