movable_object.barrier 0 0 0 -24.502720033093436 501.3941970234419 33.2474553592359 540.1433995594583 0.537 1.017 2.008 -34.810251468081944 0.7076762218460695 -22.19361497386003 2.506426035639759 1.0
human.pedestrian.adult 0 0 0 1140.3882354759917 434.3749816378476 1250.4947093708645 610.7104703926644 0.92 1.711 0.711 -12.924082709226939 0.256596845957852 3.954656124925081 2.074084322645037 1.0
movable_object.barrier 0 0 0 134.94458070764227 515.9960436422854 179.39578067907476 569.7973596302902 0.539 1.014 2.002 -26.115302430013276 0.9645262316062893 -13.491395699567297 2.7647387240674615 1.0
vehicle.construction 0 0 0 844.7395464646844 351.0201634720044 1170.410155263506 604.3253434689101 10.82 2.959 2.777 -20.252005087855313 -0.400659559335257 3.7954561547655414 2.3655618731246655 1.0
movable_object.barrier 0 0 0 583.9171879300392 501.11109789477183 630.6835180741283 534.594675066518 0.548 1.018 2.05 -43.51510401528648 0.7662433111429523 -6.909735295339979 1.6480038128198515 1.0
movable_object.barrier 0 0 0 71.199687861941 505.39915116165207 126.67720662888158 551.8787618294518 0.553 1.078 2.007 -30.948495826847864 0.8084103338066913 -17.41402063897316 2.6118195470746546 1.0
human.pedestrian.construction_worker 0 0 0 1193.1758813604333 444.1948057430276 1239.8945638149735 540.8531961397074 0.696 1.696 0.675 -22.75678019286839 -0.056623913088189703 7.377943718933414 2.3938882439938096 1.0
movable_object.barrier 0 0 0 42.44037390545012 509.57929623303005 97.72537648696343 553.0657020990383 0.536 1.055 2.028 -32.33004649443151 0.9156918794194224 -18.930185677110455 2.582230447987655 1.0
movable_object.barrier 0 0 0 168.2405492180905 511.7956174268527 265.55674728586087 565.7936030149924 0.54 1.036 1.997 -27.92291098997136 0.9462329266896738 -13.059431987015888 1.661890659251747 1.0
movable_object.barrier 0 0 0 449.0655852040456 508.6409518161957 513.8739382022218 549.6166980736216 0.54 1.031 2.018 -36.324501395846994 0.9614054382791839 -9.386195614715449 1.6678790041095066 1.0
human.pedestrian.adult 0 0 0 10.570766405111105 490.50891277061453 71.79833278921808 583.2747900445597 0.674 1.741 0.69 -24.506429588850942 0.7999117459637722 -14.900016390912857 -2.7333565290721378 1.0
movable_object.barrier 0 0 0 250.3361968437585 507.20258437590843 335.8179977308788 556.2507342996902 0.536 1.009 2.002 -29.844420169805755 0.8461308507273239 -12.159878738897438 1.6539181676196932 1.0
human.pedestrian.construction_worker 0 0 0 1315.0813392615253 444.99410174960116 1338.9853865263437 512.4786655549887 0.514 2.0 0.554 -38.00747853194077 -0.5020231870583607 15.64807199226539 -2.714191381110485 1.0
movable_object.barrier 0 0 0 723.7449223883385 497.6094446572704 758.8212489284813 526.3253053856407 0.57 1.094 2.022 -53.70918255773844 0.6996092933781813 -2.829282798618799 1.6550101794788281 1.0
movable_object.barrier 0 0 0 98.21804252076466 509.34364920373775 150.0027628159428 555.9259436335341 0.525 1.024 2.024 -29.444366224301916 0.8548545211443266 -15.981305009056548 2.659134367320589 1.0
movable_object.trafficcone 0 0 0 861.4692215560893 525.0419767090744 895.8818337629394 576.3242262956904 0.38 0.712 0.383 -18.426669939544016 0.8067265543327817 1.0351004949165943 -2.8746410201297437 1.0
movable_object.barrier 0 0 0 -64.94273158503938 497.7549508153862 0.32728859157574763 538.5855675546675 0.561 1.092 2.005 -35.95297951525095 0.6545306258781401 -23.964942486163388 2.417398328628753 1.0
