movable_object.trafficcone 0 0 0 209.7347996328304 570.8699690781084 250.0453904802272 628.6866753708964 0.346 0.72 0.364 -16.7905620143653 1.3854375641713683 -7.697348319678569 -2.4551929994814756 1.0
human.pedestrian.construction_worker 0 0 0 1104.5394456586569 423.8000115445413 1155.6579221487127 536.8322224229545 0.629 1.835 0.709 -20.933505911317873 -0.2531785805445229 5.350872018627403 2.7806780963842943 1.0
movable_object.trafficcone 0 0 0 197.17875448419622 541.5009212974113 218.3119333552434 573.2945783557258 0.329 0.764 0.373 -31.621563247623666 1.5536140754461407 -15.052959108739266 -2.4466032951951497 1.0
human.pedestrian.construction_worker 0 0 0 859.384932643858 476.8097184658782 912.23075059922 620.9640166289441 0.621 1.76 0.653 -15.786707490056374 0.652430727660314 0.9672275540531233 -1.591211458070239 1.0
movable_object.trafficcone 0 0 0 311.3598636464606 578.6387517816199 354.32484227294793 646.6150817537225 0.301 0.715 0.367 -14.217306089953901 1.3165958028683529 -5.35740563675179 -2.490037403017058 1.0
movable_object.trafficcone 0 0 0 314.93456987240324 554.2435865511876 345.2404989502257 597.7583510849212 0.35 0.721 0.36 -22.078985295873338 1.4084842048820516 -8.367746744465558 -2.448033657200053 1.0
movable_object.debris 0 0 0 196.93489818240303 538.2584716264796 293.60896640821437 620.7405541959737 1.18 1.161 0.991 -19.77681997047353 1.295586732038511 -8.826691158477168 2.6389974733717256 1.0
movable_object.trafficcone 0 0 0 672.995177582489 598.3917787736617 718.3794304201889 684.1393877444876 0.243 0.682 0.294 -10.752594790929589 1.2384666289494153 -0.9574527453453568 -2.490037403017058 1.0
human.pedestrian.construction_worker 0 0 0 898.3377047685203 480.3192781508995 945.3931238289107 617.099911669057 0.599 1.723 0.577 -16.277602548478267 0.6724881603536725 1.4687130882519241 -2.151656071348932 1.0
human.pedestrian.adult 0 0 0 912.5943637651498 368.8527239306443 1199.185557768722 951.3291585960395 0.655 1.683 0.663 -4.09689887634017 0.46887025597337534 0.8085450788941677 -1.703732657931087 1.0
human.pedestrian.adult 0 0 0 1336.156436542191 320.77114432657424 1787.8478079925974 1161.9003532778402 0.801 1.683 0.766 -3.062934355560431 0.48416764084908354 1.8350816636219678 -1.703732657931087 1.0
