movable_object.barrier 0 0 0 -56.85859667880494 483.3792267928657 20.884332905370783 534.3393044232821 0.54 1.047 2.019 -27.068196253897998 0.2821305256324986 -17.740308506807402 2.460924195670197 1.0
vehicle.construction 0 0 0 1255.0311156220382 303.33786598134685 1725.285210829332 638.6960692597328 10.82 2.959 2.777 -16.704383198126777 -0.3970667055286429 8.003406339077106 2.2665710822433924 1.0
movable_object.barrier 0 0 0 118.82407789631678 498.81483628753386 193.98730139709818 565.3157171063151 0.547 1.06 2.013 -21.80558456287552 0.611737031457763 -11.283521167825732 2.6245619023486313 1.0
movable_object.trafficcone 0 0 0 1197.5925454964347 510.246465460861 1216.9373910638137 543.3056856673949 0.385 0.712 0.385 -28.135236743376005 0.6999709367020628 8.90841442665979 -2.9467693930215013 1.0
movable_object.barrier 0 0 0 36.88727866292073 491.0199263066275 114.80447997929768 549.1961501748978 0.553 1.078 2.007 -24.644193374049458 0.46551963569485183 -14.32135435783188 2.5308790485564074 1.0
movable_object.barrier 0 0 0 488.41132468514144 502.47529235733754 554.8847262246168 549.6034211651945 0.54 1.031 2.018 -31.02430945509012 0.7383645103568356 -7.022380493868596 1.6405479241754826 1.0
human.pedestrian.adult 0 0 0 1281.546019852585 460.9826199358686 1331.3115242256936 597.6447086126192 0.869 1.602 0.529 -15.38008528590429 0.3935207160419665 6.086711118511769 -1.8943705678818592 1.0
movable_object.trafficcone 0 0 0 1221.5537148571502 519.6603853564476 1248.8287542378846 564.7868741767661 0.392 0.706 0.391 -20.5543167612963 0.7617973109097185 6.962111591858363 -2.93843360724373 1.0
movable_object.barrier 0 0 0 78.3559380974223 496.5188764344934 152.91913012655078 556.0179362998417 0.525 1.024 2.024 -23.270684994214363 0.5508233677087164 -12.791551754935798 2.5812142600535894 1.0
human.pedestrian.adult 0 0 0 -28.355853059257207 462.9941582604139 51.82981523510786 581.605183349544 0.674 1.741 0.69 -19.031724428488122 0.3940520567852793 -12.010973713809284 -2.8872316212624147 1.0
movable_object.trafficcone 0 0 0 1201.6427593018811 512.6415010336132 1223.6162554331581 549.264835950609 0.395 0.706 0.393 -25.229807527695453 0.7109299104552139 8.095349254878261 -2.93843360724373 1.0
human.pedestrian.adult 0 0 0 1103.0489125852582 467.5448502391261 1134.0992124220306 525.9737552604855 0.593 1.741 0.669 -38.3072671663126 0.03518895378193887 9.436291296806992 2.6947335024581864 1.0
movable_object.barrier 0 0 0 157.9039437248303 508.2720857475146 231.33058264488488 578.1843659557038 0.539 1.014 2.002 -20.317639445710185 0.7463313716832353 -9.900223408164923 2.6701968564713106 1.0
movable_object.trafficcone 0 0 0 1268.9958771982247 537.1979134391355 1310.1599879841174 602.8033249374565 0.38 0.712 0.383 -14.392696825503851 0.8481816087930115 5.494102899811806 -2.975374672271749 1.0
movable_object.barrier 0 0 0 640.8208926144603 493.9790107889937 682.0281850660145 530.2860915606002 0.552 1.057 1.995 -40.4253669122372 0.5261831713537813 -4.683829068991052 1.6277117296295796 1.0
movable_object.barrier 0 0 0 289.8017376799374 499.1590349648221 383.9235596668804 558.91862699266 0.536 1.009 2.002 -24.07464277413737 0.6222790775056959 -8.962000610266465 1.630482923060483 1.0
human.pedestrian.adult 0 0 0 1051.2494652808207 467.8563695458898 1075.2757803372922 520.4128648801722 0.645 1.707 0.743 -41.76509663758865 -0.044026660169507514 8.45904504632492 2.254755361695513 1.0
movable_object.trafficcone 0 0 0 1187.215759397411 502.8133268885812 1202.1704772830503 527.9660402832125 0.391 0.709 0.388 -36.73183958578816 0.5829987926854943 11.264993109274858 -2.9504861148420565 1.0
movable_object.barrier 0 0 0 725.4392618321087 495.46039120840913 758.1523702859348 526.301032554897 0.57 1.094 2.022 -49.08225981314816 0.5946953462094944 -2.5643467302928245 1.6312507767592166 1.0
movable_object.barrier 0 0 0 -8.09142386278463 489.5599000798888 71.0686248925833 543.3805471373279 0.536 1.055 2.028 -25.927775693649227 0.42119487162378 -15.977188813356062 2.4831630161972686 1.0
movable_object.barrier 0 0 0 203.2871491478207 501.1417164664186 314.53323709273235 568.2570986957444 0.54 1.036 1.997 -22.11355648815432 0.66576084560251 -9.591368479459547 1.6361682941119904 1.0
