movable_object.trafficcone 0 0 0 1282.1615300245605 558.8797839934987 1354.4605043763424 682.674625292413 0.314 0.807 0.414 -8.79757890149509 0.8638393312345436 3.561513004248485 -1.8345071141696625 1.0
movable_object.trafficcone 0 0 0 148.55091266296083 788.8306913363616 408.7972051024486 1231.9741293948427 0.376 0.769 0.404 -2.8265225928633444 1.108780659132728 -1.1812865176620677 -1.8120648443830794 1.0
movable_object.trafficcone 0 0 0 9.204556695833165 539.1099492771981 72.40579872647201 630.829116208907 0.503 1.134 0.555 -16.478001254649737 1.158755343605361 -10.024072666704685 -1.8276227471531588 1.0
movable_object.trafficcone 0 0 0 414.90866712902226 534.8852216242735 475.76312002950067 613.6597255652061 0.448 0.799 0.444 -13.592295715582623 0.8416205404987629 -3.907555679198158 -1.8276227471531588 1.0
movable_object.trafficcone 0 0 0 1100.354934563337 539.7791414450353 1160.1763779306907 662.8704277428577 0.359 0.876 0.334 -9.472878513905153 0.7849968848802087 2.4227824381655667 -1.8276227471531588 1.0
movable_object.trafficcone 0 0 0 909.5311713573957 546.6961925549954 980.5066057436968 653.5020336216808 0.386 0.812 0.449 -10.260331548216993 0.841014548782516 1.116530647703971 -1.8380598259883376 1.0
vehicle.car 0 0 0 735.9440627845823 440.67757423208013 887.6948346796116 501.6429624190748 4.896 1.52 1.627 -33.925500006007 -0.647255028676949 0.19758095962184405 -1.8115668493558683 1.0
movable_object.trafficcone 0 0 0 506.30893079688644 532.998036672994 568.4361877266521 620.040645336732 0.422 0.836 0.457 -12.846646755882542 0.8168932807848295 -2.7565660217619508 -1.786704346316121 1.0
movable_object.trafficcone 0 0 0 237.82348409737313 530.5328702818398 292.80580601579595 602.4056431278826 0.418 0.827 0.469 -15.31035354756427 0.8554325637723719 -6.5880353963345915 -1.8276227471531588 1.0
vehicle.car 0 0 0 1495.4661204825422 432.51637126152394 1632.1676394260999 531.5660717780164 5.164 1.71 2.021 -24.47754783238451 -0.27869837356935034 14.759266703961881 -1.8148054334994805 1.0
movable_object.trafficcone 0 0 0 1556.7722971097592 576.4308937161943 1626.2408727074821 703.2847899439862 0.39 0.727 0.351 -7.902462599626389 0.8931849174719027 4.90789877463427 -1.8276227471531588 1.0
movable_object.trafficcone 0 0 0 738.9920044296858 534.4790029159266 814.6434828807712 635.3347389421433 0.482 0.836 0.482 -11.197856730581934 0.7825723649496024 -0.2745639010526439 -1.8276227471531588 1.0
