movable_object.barrier 0 0 0 -32.28139874350514 485.4752238148022 56.32092011597776 518.3231902489922 2.163 0.934 0.48 -37.20948451622357 0.1887960596986069 -23.465622736127855 -1.7783156277730514 1.0
movable_object.trafficcone 0 0 0 220.14062891730083 546.3916081381037 294.37554323466446 656.8837050029076 0.503 1.134 0.555 -13.785315435407266 1.146860424603851 -6.019379887135093 -1.8307239390840255 1.0
vehicle.car 0 0 0 900.0446224342988 438.7175307665828 1049.3796028905304 505.3983174382754 4.896 1.52 1.627 -31.241830625884596 -0.5534882022321985 4.224355073895974 -1.8144279577628177 1.0
movable_object.trafficcone 0 0 0 138.1637839933377 777.1650191871776 437.0392675100798 1206.488954762119 0.433 0.717 0.432 -2.811690320292473 1.057800532429914 -1.1516423050001836 -1.8444237857146195 1.0
movable_object.trafficcone 0 0 0 783.0194335335001 553.8089569919717 855.7199542509107 653.595812530541 0.448 0.799 0.444 -10.90132971188025 0.925032756197448 0.10052271274523218 -1.8307239390840255 1.0
movable_object.trafficcone 0 0 0 432.4772365888394 539.9256519911097 504.41716353584286 618.9169338728376 0.505 0.765 0.505 -13.1554823925554 0.8665634443218267 -3.5406764072939634 -1.816219917952341 1.0
movable_object.trafficcone 0 0 0 672.2025842142676 553.1956384743003 745.3134531517007 644.1925411820698 0.499 0.768 0.443 -11.542038645979156 0.9345226865388052 -0.9055901054754726 -1.8307239390840255 1.0
movable_object.trafficcone 0 0 0 924.3421603799933 552.4261520206892 1002.6644652162105 664.2657201062716 0.422 0.836 0.457 -10.157661877281337 0.8971384434991116 1.2537230678882256 -1.7891701047884032 1.0
movable_object.trafficcone 0 0 0 517.5476130485321 536.3223815873989 583.0321710659708 624.1733915163396 0.418 0.827 0.469 -12.619288484404667 0.8395907657423041 -2.577748804889553 -1.8307239390840255 1.0
vehicle.car 0 0 0 1365.249751959257 435.96760979828906 1500.674634286742 527.7819288316595 4.901 1.679 1.875 -25.619310554356133 -0.27324706321303394 12.781723065823233 -1.821925035588472 1.0
movable_object.trafficcone 0 0 0 1315.0845895278574 567.8007458188004 1406.6199289783435 704.3278671915322 0.482 0.836 0.482 -8.51154335772894 0.9324006004170488 3.7349287022273785 -1.8307239390840255 1.0
movable_object.trafficcone 0 0 0 1093.893251767671 560.590799578737 1183.8257070655009 678.3417041627982 0.517 0.79 0.497 -9.32974698986788 0.9024532720184404 2.4514833493289867 -1.8331555725568478 1.0
