human.pedestrian.construction_worker 0 0 0 1214.7362313211595 390.4470526435973 1418.7655154849658 870.9249686194211 0.659 2.0 0.685 -5.716364048485434 0.5629022870342901 2.3130121198969067 -2.4595551825624034 1.0
movable_object.barrier 0 0 0 187.0690708364185 707.8262308630628 1364.7433621420023 2093.325100301777 1.891 1.092 0.401 -1.9277089050814071 1.000800908565578 -0.21655286278680771 -1.6442314963268165 1.0
movable_object.barrier 0 0 0 1306.1006051941629 541.8653779020149 1726.1945722352068 756.3401940925747 2.13 1.068 0.433 -7.557081574063202 0.8557016446847321 4.165694911739574 2.7434729074583455 1.0
movable_object.barrier 0 0 0 -167.76410560417378 648.3152918316345 402.76569218761256 1341.1627361272256 1.856 1.103 0.429 -3.080011179237966 1.0233203407750793 -1.7680902758536903 -1.6512692923482444 1.0
movable_object.barrier 0 0 0 784.0299143978444 537.7981223567609 1047.1937742843918 706.6831919939352 2.207 1.147 0.33 -9.977283626280666 0.9509050258505471 0.7969629036010448 2.7071734732659554 1.0
vehicle.construction 0 0 0 -216.10308280540815 -257.34609769798027 624.6964520650494 814.7982923837608 3.896 4.642 2.837 -7.67613321411334 -0.9523694989251582 -3.60421714996655 2.7736322955138686 1.0
human.pedestrian.construction_worker 0 0 0 1028.6648780484713 421.90200691311 1217.0845781084035 829.2471861621141 0.621 1.876 0.723 -6.257771644878425 0.5977742326427766 1.5699443154689874 -2.40001652127249 1.0
human.pedestrian.construction_worker 0 0 0 498.6334632328741 399.7011598075254 843.7975825903059 1139.5416414446743 0.774 2.0 0.685 -3.9215952468004778 0.7413359637061907 -0.40479791237686996 -1.8124317554586122 1.0
movable_object.barrier 0 0 0 1019.3142033826829 544.9450805645239 1317.0636054944534 738.9366489124784 1.902 1.143 0.43 -8.662552134924079 0.9525690094385095 2.4338988634949192 2.7434729074583455 1.0
human.pedestrian.construction_worker 0 0 0 1400.0665344660092 375.15909955759656 1629.8244367668167 900.5742548811621 0.545 2.0 0.687 -5.234224214670449 0.5423419043660564 2.932421073104307 -2.548618067607358 1.0
movable_object.barrier 0 0 0 -411.39355594653614 611.8886820997968 19.388025740151605 1063.236292908847 2.175 1.096 0.444 -4.318635104605641 1.033764704402343 -3.5058231916883402 -1.6370827682196216 1.0
vehicle.truck 0 0 0 -758.6410968677266 131.1921318346329 48.47508800291971 797.4905378672889 7.833 3.629 2.932 -10.239801587926996 -0.21284179326624203 -9.73845102565715 2.749337542149986 1.0
