vehicle.car 0 0 0 853.6742166896897 506.42398171804894 1010.5653550888402 584.5035078371405 4.524 1.597 1.781 -28.431667477356633 1.1064132715882278 2.894643807514127 -2.399285331905258 1.0
vehicle.truck 0 0 0 304.329873474836 499.1255781816679 430.5243309730269 546.5394068050323 4.861 1.984 2.004 -56.10727215632846 1.225384356626651 -19.55412120382207 -3.137582974027527 1.0
vehicle.car 0 0 0 664.4783296050321 498.2328270824468 838.9437282763603 576.4418786552925 4.487 1.762 2.004 -30.943748717848944 1.0185926903606863 -1.2871369598957416 -2.434095364166663 1.0
vehicle.car 0 0 0 437.95455937082716 496.9003396304632 591.3313733880049 565.8312685223527 4.006 1.747 1.753 -34.26612627587252 0.9775313752890691 -7.8918590078207504 -2.399285331905258 1.0
movable_object.trafficcone 0 0 0 124.07805337676837 522.9963005945079 143.4955801511335 546.5696834643245 0.535 0.937 0.459 -50.84993570081569 1.5890847017315801 -27.18762770165828 -2.0715274604279443 1.0
vehicle.car 0 0 0 752.5572703725726 504.9240410155866 919.679962983228 579.8195434379444 4.485 1.611 1.682 -29.597945826988905 1.0888835657230316 0.751546628058397 -2.457459131842258 1.0
vehicle.car 0 0 0 362.62111650626224 490.7636013724047 464.46679231215325 557.2018817145696 4.298 2.16 1.987 -43.82340656180662 0.9990549641353479 -13.623026190098619 -2.0950960121830624 1.0
vehicle.car 0 0 0 955.0468600216623 479.92232358494726 1115.3554818741015 585.4877787546596 5.137 2.104 1.941 -27.855324727739482 0.8169325602675799 5.135667447000537 -2.3810713121910094 1.0
movable_object.trafficcone 0 0 0 93.95096724004084 525.2281291490235 114.1799758397769 547.1175097931333 0.498 0.827 0.465 -48.39350896205119 1.5654401860499976 -27.014993365673494 -2.0715274604279443 1.0
vehicle.car 0 0 0 276.26703464325897 505.6106399341217 403.8996334655781 559.1028205769284 4.339 1.463 2.015 -37.53082242312965 1.0914434207008095 -13.818615634509035 -2.0926201861404827 1.0
vehicle.car 0 0 0 514.8241890173002 494.011809835012 681.9862694160084 562.438264900092 4.192 1.684 2.032 -33.39493856669898 0.8732507815761067 -5.46964936925511 -2.434095364166663 1.0
vehicle.construction 0 0 0 1481.6681597575418 213.3809060777746 1755.8988346387862 634.4899915243665 12.813 6.7 3.068 -26.482681976786235 -0.9669915368153681 16.33624125793111 -2.3371686073432345 1.0
vehicle.car 0 0 0 588.9632563318253 496.3314216245527 758.875075949357 570.3196144581899 4.57 1.746 1.916 -32.31851509691818 0.968820403471395 -3.3365956987920717 -2.4128266566946506 1.0
vehicle.truck 0 0 0 161.20539924417574 432.5025581858803 338.2076927292556 537.8033061725735 10.023 4.281 2.986 -56.81859862269379 -0.2973686480809395 -24.807898791891684 -2.0998505309745603 1.0
human.pedestrian.adult 0 0 0 23.288668870443164 488.4088499136271 63.12587446503353 546.219724433771 0.837 2.0 0.777 -44.297829499753234 0.7741786533410997 -26.863230626616637 -2.2100020262853404 1.0
movable_object.trafficcone 0 0 0 43.109721952144895 524.7313047233432 64.9931358070326 547.6376989595452 0.514 0.812 0.447 -45.41979133649314 1.4694786547615577 -27.156265684116462 -2.0715274604279443 1.0
vehicle.bicycle 0 0 0 644.3181836279068 509.79064822603857 792.7061812780911 601.7362514440871 1.744 1.092 0.578 -15.799956784255034 0.7451661177840956 -1.1129738713133857 3.0217643012525706 1.0
