movable_object.barrier 0 0 0 477.9137399804255 518.5339117766796 554.1477520348142 567.2120376473275 0.382 1.045 1.972 -28.6871492729956 1.063575321138269 -6.620504657400558 -2.731227302691358 1.0
vehicle.construction 0 0 0 298.5515505976433 470.82891403812863 548.8650187152591 558.292483922055 4.934 2.0 3.543 -31.862325573352972 0.4611159246388292 -9.59445743732473 2.4381901240382957 1.0
movable_object.barrier 0 0 0 395.85990352468485 520.0513582588858 483.3288883711629 571.2394523968233 0.392 1.025 1.974 -26.88121845656852 1.0538685850319014 -7.829703013979629 -2.7070303898845456 1.0
movable_object.barrier 0 0 0 81.66620637341673 521.9961741064391 151.4881381746461 581.1022512663312 0.837 1.182 0.97 -26.068682066742703 1.149049139177583 -14.28916795136574 2.3257262108258274 1.0
movable_object.barrier 0 0 0 173.55772475455723 522.8497527211928 283.10700014645664 575.5734609392731 0.392 1.036 2.057 -25.305573372446574 1.078595401063855 -11.628079002932047 -2.04898646023117 1.0
vehicle.car 0 0 0 -423.0254160742561 473.3257731885639 461.0386824404873 882.019915225422 4.422 1.579 1.72 -6.560942230910416 0.7258246176713855 -4.1469025485142526 1.6088975980857967 1.0
movable_object.barrier 0 0 0 285.0252020383211 524.494064000134 400.5193254365387 576.9870631997674 0.389 1.01 2.182 -25.624735110986816 1.1133338429200235 -9.443110118643531 -2.3341830964413717 1.0
vehicle.truck 0 0 0 -160.39688831361335 424.4201690680054 212.2077363669041 582.3669552857407 7.037 3.225 2.278 -29.298389578298867 0.1814646331674515 -17.837458612166554 -1.7851362795593184 1.0
movable_object.barrier 0 0 0 550.9756002438197 520.8290614781458 586.2839408146672 564.124851624948 0.306 0.997 1.991 -30.87343447619406 1.1375108960380496 -5.846869380904083 -3.0715868990037176 1.0
human.pedestrian.construction_worker 0 0 0 211.82624318190938 489.304757780709 246.14443670960424 571.8554316066179 0.454 1.794 0.57 -27.753567343711833 0.7688670184018277 -12.744218709968022 2.4735552063985624 1.0
