vehicle.construction 0 0 0 338.7493960326445 399.66499978190467 511.10261271138893 561.3452444004264 6.571 3.937 2.566 -34.1293478299366 -0.33901167031049423 -10.502764684946689 1.7828824565737262 1.0
human.pedestrian.construction_worker 0 0 0 211.9930591075468 486.9223613514743 248.92276230322375 568.8469227483658 0.631 1.807 0.67 -28.21298208098842 0.7199099678469134 -12.916568382208503 -2.2668495085736664 1.0
vehicle.car 0 0 0 903.2679315280013 498.2000016417274 1029.5397874022729 551.4559574285233 4.206 1.448 1.904 -36.55747628655968 0.8152239818241549 4.653097456728845 2.4710596610174083 1.0
human.pedestrian.adult 0 0 0 762.6268790554923 467.78972920421967 835.4918155136392 653.9590126826987 0.637 1.794 0.681 -12.531081148374414 0.6342100271505213 -0.08008293408667563 -3.0519838779393265 1.0
movable_object.barrier 0 0 0 388.5513921593327 519.9800266171945 480.27619308066596 570.674929675155 0.609 1.015 2.006 -26.968891238097726 1.048774172867196 -7.964313611975864 1.6342995401526874 1.0
human.pedestrian.adult 0 0 0 69.21151051713956 493.3475843413324 114.85478632879177 582.3263312777224 0.602 1.684 0.538 -24.254108485808548 0.8069831955668054 -13.770604745838277 -2.7505890868180654 1.0
human.pedestrian.construction_worker 0 0 0 -16.63785779390055 497.0065201697886 25.225171038220566 570.9150134703649 0.682 1.784 0.624 -30.882903205657833 0.9353547247753904 -19.683426349149705 1.6378427310846861 1.0
vehicle.car 0 0 0 582.183535465003 491.77250649117514 788.8566234416363 568.3037251982167 4.458 1.443 1.869 -26.150447215770093 0.6681560127904482 -2.430260287464543 2.4594608458792813 1.0
movable_object.barrier 0 0 0 959.7100620265128 506.177752709162 1058.7786409840812 554.3034872096813 0.673 1.092 2.183 -29.375974161630477 0.8006189698853581 4.686020446635664 2.319832755844942 1.0
human.pedestrian.adult 0 0 0 -56.59321848401499 481.37800732127835 0.9637928349413718 584.0066575124138 0.72 1.806 0.619 -22.645636975019624 0.6603620861324274 -15.009525505713071 1.643784847332915 1.0
human.pedestrian.construction_worker 0 0 0 239.50619896937567 489.24710945924215 279.37427748081336 567.3285500128685 0.617 1.761 0.563 -28.792999869217372 0.7457592294920803 -12.523210808224773 -2.952061188108951 1.0
movable_object.barrier 0 0 0 182.5906775696508 521.656226273864 293.2954567974327 572.5092210524847 0.603 1.005 1.996 -25.520069607384947 1.0405703236424275 -11.527490506158607 2.13595217785676 1.0
human.pedestrian.adult 0 0 0 8.964073757184899 485.82689378226524 53.323771242944254 582.5376436824653 0.664 1.786 0.495 -23.68504558836327 0.7200163767150735 -14.592539774395878 1.6640620178181846 1.0
human.pedestrian.adult 0 0 0 27.5462076250329 479.959437587749 83.82578650425187 581.208212696124 0.745 1.794 0.579 -22.7801458993483 0.6274938699950383 -13.590119633651033 1.631343038556956 1.0
human.pedestrian.adult 0 0 0 -35.16140055001588 492.00696367381306 21.689086843725953 579.4084953386221 0.76 1.676 0.608 -24.610933039086753 0.7772479033222941 -15.899451393808366 1.6053961220409363 1.0
movable_object.barrier 0 0 0 1050.9039940900605 503.3313648447258 1118.150191791837 549.0788401336348 0.707 1.054 3.035 -30.633848646016332 0.7234911629360603 6.749588493230315 1.6324748917728558 1.0
human.pedestrian.adult 0 0 0 122.6947156533972 478.6431302477188 177.21781777056145 584.8446973991789 0.713 1.794 0.599 -21.759451949752734 0.6179095848308749 -11.355563972510136 1.6783879398158952 1.0
movable_object.barrier 0 0 0 290.8903738640934 519.8121565234662 402.45995422809045 572.9989871780995 0.622 1.039 2.122 -25.820097666859755 1.0314532231879117 -9.437735247280836 1.8888201846673036 1.0
vehicle.car 0 0 0 421.6342785185373 496.88873200242114 632.1490195682637 572.2197930257488 4.33 1.457 1.791 -26.693156425802872 0.7720154532225134 -5.840454406569606 2.4536380327107974 1.0
human.pedestrian.adult 0 0 0 -35.688065474216906 491.55800427117043 14.081780812260401 582.333736922059 0.6 1.658 0.576 -23.437427320036452 0.7626722454038741 -15.218124836603623 1.6439677944594049 1.0
