movable_object.barrier 0 0 0 815.9366099180187 497.1474241268165 890.8488209691648 537.5193800282225 0.707 1.054 3.035 -34.41026877128649 0.5780118482041365 1.2734976350136014 1.6351120819394822 1.0
vehicle.construction 0 0 0 207.54775286844816 402.45681910998627 348.18275211801193 546.8215746062018 6.571 3.937 2.566 -37.81203878201533 -0.555581566540968 -16.00654364862193 1.7845251198498415 1.0
vehicle.car 0 0 0 369.69794011067864 486.0258203017795 569.7949913601102 552.1896687110187 4.458 1.443 1.869 -29.873928535320633 0.52439889070916 -7.907051200124004 2.458736533876589 1.0
human.pedestrian.adult 0 0 0 15.908364348676805 481.9771509133005 58.99444377460757 563.7843163917482 0.602 1.684 0.538 -26.336504291329337 0.5680207364669313 -16.092915042907777 -2.7880572088965216 1.0
movable_object.barrier 0 0 0 208.11548983008262 508.7927720793234 297.1624309913504 552.6592310853792 0.609 1.015 2.006 -30.6754282260704 0.8432911532910485 -13.48553315945593 1.6369209948754069 1.0
movable_object.barrier 0 0 0 21.186413576526032 512.3050464222856 120.77523901464373 556.6832326353773 0.603 1.005 1.996 -29.14301134619752 0.8985262459500655 -17.02557053084342 2.136145217322049 1.0
vehicle.car 0 0 0 229.98292917092192 489.10387827873336 432.23954657518794 554.6378188698692 4.33 1.457 1.791 -30.336743244122626 0.5957245661416367 -11.366882582336112 2.4529282585725323 1.0
human.pedestrian.construction_worker 0 0 0 58.497848381434856 481.2182788964842 95.01449069405683 553.6032179425889 0.631 1.807 0.67 -31.87589481170628 0.552012442384352 -18.480197681658133 -2.270442595942182 1.0
movable_object.barrier 0 0 0 731.3630790181436 497.7963305851815 817.9963153026874 540.3042705700108 0.673 1.092 2.183 -33.10120688709162 0.611362363072641 -0.8768032105674058 2.319474531879715 1.0
human.pedestrian.adult 0 0 0 72.75276409349217 474.050849565561 122.23516365856743 565.710263186966 0.567 1.832 0.68 -25.63750116347158 0.4916850253290751 -14.443369806653205 -2.7770708714425805 1.0
movable_object.barrier 0 0 0 111.84868638883837 509.7982119064653 216.27789804204488 555.9026258626915 0.622 1.039 2.122 -29.44444771687582 0.8636355346688985 -15.008800401974234 1.8899477536990084 1.0
movable_object.barrier 0 0 0 -45.82439060575165 514.2152517569712 27.3491326323486 556.7774970119667 0.584 1.012 2.009 -31.202958602536246 0.9818636848021838 -20.2293934305038 2.3808115560264387 1.0
human.pedestrian.adult 0 0 0 341.473028635968 465.08296325722813 413.01322077577424 607.774191052755 0.637 1.794 0.681 -16.230412022537468 0.5176288127376654 -5.5360180220644555 -3.0542915214445197 1.0
