movable_object.barrier 0 0 0 978.0576335089511 574.3905517475046 1174.767428983999 713.5176374935884 0.453 1.138 1.715 -11.564308057408338 1.3260944093304743 2.441161910466784 2.44463272763263 1.0
movable_object.barrier 0 0 0 657.4008633763398 568.5553392207256 834.9474154678906 684.8332697630929 0.549 1.117 2.081 -13.77934758556934 1.3954247595474099 -0.7046737799695078 2.503259151465522 1.0
movable_object.barrier 0 0 0 -410.35470069168 644.9778637900798 416.1907113282018 1528.0922348723104 0.672 1.094 2.239 -2.7502145339161963 0.9680794765338557 -1.8673233995962115 2.45558566995639 1.0
movable_object.trafficcone 0 0 0 1341.2156270540133 680.6705851165289 1439.0913766299445 853.4770835497877 0.333 0.711 0.366 -5.89770331855186 1.254127082112825 2.724353431141682 2.450729431425371 1.0
movable_object.trafficcone 0 0 0 681.5778500378858 639.457828788942 753.8151331994883 771.2555156998501 0.296 0.705 0.296 -7.342130472595713 1.211933092764056 -0.5241754457382813 2.4374950346544573 1.0
movable_object.trafficcone 0 0 0 960.4236171663923 655.7703904331826 1041.760339849675 802.3051877779599 0.284 0.703 0.333 -6.675965921644491 1.2247125452981384 1.023506846157691 2.4608212764279607 1.0
movable_object.trafficcone 0 0 0 807.3666545635332 642.5648117423846 881.8311752678413 782.3673366545166 0.291 0.72 0.305 -7.084070585008489 1.208103631964692 0.2070047164983537 2.4608212764279607 1.0
movable_object.trafficcone 0 0 0 -54.75618500979691 576.660837370154 14.736261681039258 680.3643650032508 0.324 0.775 0.347 -9.921258303546892 1.0382614092840594 -6.513474467992259 2.4111129766963293 1.0
movable_object.trafficcone 0 0 0 1134.1583066380624 663.2184507910671 1233.902161222414 824.3306406886645 0.328 0.715 0.395 -6.306463195474527 1.2263695564997208 1.88184593397035 2.462411840382835 1.0
movable_object.barrier 0 0 0 1520.2573825012541 597.2333107734897 1865.0344528833314 776.8362085888397 0.747 1.048 1.94 -9.006242646002523 1.307697693540786 6.236686763740414 2.4562993689161647 1.0
movable_object.barrier 0 0 0 780.0060637354576 569.3583538931189 1006.7312329143758 714.3782129178763 0.52 1.273 2.291 -12.584121467159669 1.4131490314129178 0.8166379487889691 2.44463272763263 1.0
vehicle.car 0 0 0 47.6913057269546 474.28565398679973 420.49262690862537 645.0145492103845 4.745 1.833 2.067 -15.74562166960983 0.726685751098743 -7.237292807971258 1.6387837580619298 1.0
movable_object.barrier 0 0 0 1205.2157138445796 591.7080710468729 1483.439205977313 746.3704467785128 0.407 1.074 2.041 -10.261859626114045 1.3678092205089862 4.319949274259498 -1.7798916937817468 1.0
