movable_object.barrier 0 0 0 627.4475354053089 581.9984683411964 1019.3811912875872 786.5468540592612 0.72 1.138 2.834 -8.860754886536228 1.236959812513509 0.03001517563392732 2.4645133905291576 1.0
movable_object.barrier 0 0 0 -53.51994343460011 682.6302748815672 1249.078942665626 2103.7116051601492 0.629 0.996 2.233 -2.0061905663280557 0.916170321995876 -0.5275752501288139 2.465135292650915 1.0
movable_object.barrier 0 0 0 -388.3599415961703 633.1006348987979 334.59458737076653 1326.603421753362 0.641 1.016 2.219 -3.048263170764022 0.9245272758568485 -2.1171389790828763 2.4534374416512446 1.0
movable_object.barrier 0 0 0 406.79709203033224 562.653391861598 702.984293735426 732.4299305665103 0.643 1.175 2.744 -10.367473593616726 1.1806454843652312 -2.1393481950761677 2.457598458726368 1.0
movable_object.barrier 0 0 0 225.67237759530371 559.8768338239013 466.2047003029807 705.3684740893624 0.666 1.187 2.741 -11.998399070567213 1.245191765944818 -4.4431563177652595 2.457598458726368 1.0
human.pedestrian.construction_worker 0 0 0 -49.68665892967904 452.5089030576974 61.94821834573375 644.3795408150287 0.572 1.698 0.746 -11.605502557316719 0.4774131262774709 -7.377719367070289 2.429226429374906 1.0
vehicle.car 0 0 0 7.370843641007378 479.1422054268749 339.57127773976515 646.1318314838301 4.721 2.0 1.933 -17.22314654007335 0.841922701642057 -8.729863905374305 1.6321855292485266 1.0
vehicle.construction 0 0 0 -246.08203043207683 329.85411260949 203.10344636794022 643.8214841609591 3.833 2.637 2.737 -12.852668301611189 -0.02970352860620286 -8.474214375995537 1.659958628457022 1.0
movable_object.barrier 0 0 0 1482.1153192977004 641.8483909258082 2332.717103174688 973.0298092059732 0.575 1.013 2.789 -5.709481393113065 1.275491142587954 4.664702727805193 2.466739035095623 1.0
movable_object.barrier 0 0 0 963.363233775048 598.0521644475353 1460.1543214664523 854.6967188039921 0.709 1.149 2.662 -7.353491773033714 1.2417016322486092 2.2691566231135 2.44462665032305 1.0
