movable_object.barrier 0 0 0 1061.43189640145 573.7741257677314 1160.4393869790435 705.480461519275 0.668 1.415 2.072 -15.449967050053251 1.711310827269655 3.741488903582978 -2.7908183434059257 1.0
movable_object.trafficcone 0 0 0 243.77292235318401 614.1684969702759 328.51883721890835 752.1176008799255 0.324 0.775 0.347 -7.624295273004461 1.1227441056505127 -3.153355579949983 2.4133203668809218 1.0
movable_object.barrier 0 0 0 -424.16699925797093 650.6788850380598 420.96412621942045 1475.6735961438162 0.682 1.009 2.242 -2.7305699229707177 0.9305556520293276 -1.8612093820558342 2.4520157428380003 1.0
movable_object.barrier 0 0 0 386.15417787089643 552.1922311463071 501.9906196014891 612.4666732143257 0.516 0.954 2.246 -22.118678280948192 1.4993577841721413 -6.343641359653743 1.6105499430623338 1.0
movable_object.trafficcone 0 0 0 700.6603830014934 645.7163823642485 784.5417393009662 794.1289517308753 0.322 0.714 0.321 -6.65952861379068 1.1729054433603225 -0.3433690793649934 2.393379009904601 1.0
vehicle.car 0 0 0 528.0301977962483 479.82174425916 1122.3152488334254 747.8268761699941 4.745 1.833 2.067 -10.833139044178315 0.8643569547214541 0.030442110298776196 1.6375124362242532 1.0
movable_object.trafficcone 0 0 0 1241.2042824024866 693.4034135596625 1341.342437942313 874.167329465767 0.329 0.69 0.351 -5.495688063756297 1.2401603233281917 2.1083725373669315 2.416508444353724 1.0
movable_object.barrier 0 0 0 1168.2918097839952 583.4456240751838 1480.3363506441358 763.3807626623217 0.52 1.273 2.291 -10.311596336081212 1.3952014240404156 4.17065350019485 2.446921819830724 1.0
movable_object.trafficcone 0 0 0 989.3367091267561 670.2381927490711 1092.4775764667795 841.4809800936267 0.321 0.714 0.394 -5.906519111282317 1.2040421808302024 1.0929857489108412 2.3818644735350425 1.0
movable_object.barrier 0 0 0 289.43955461592077 552.2516360322264 401.2344369189135 612.2526286196357 0.475 0.976 2.172 -21.82120431553887 1.4869922303147987 -8.019174210117033 2.38453280619121 1.0
movable_object.trafficcone 0 0 0 1470.2164740245391 708.4342673770628 1561.9139671427724 907.6985793637649 0.296 0.705 0.296 -5.064611276859688 1.2393965158503046 2.845658927040066 2.4397669433025557 1.0
movable_object.barrier 0 0 0 954.3784134579594 581.8208015232109 1187.4808153191416 720.7551849551489 0.549 1.117 2.081 -11.69566914570444 1.3986760699272835 2.3987332467697504 2.5056852378351486 1.0
movable_object.trafficcone 0 0 0 439.8117062538225 636.078052790079 522.3052039479948 775.8550604226442 0.293 0.727 0.339 -7.117159767593538 1.1769564352121658 -1.843343517991968 2.3818644735350425 1.0
movable_object.barrier 0 0 0 1464.941538979751 592.5863060319325 1750.62795549754 770.3120414503744 0.453 1.138 1.715 -9.237657675536958 1.31630581699652 5.808545815512852 2.446921819830724 1.0
