movable_object.barrier 0 0 0 -34.403864188211784 533.2023887691103 102.10716305466664 635.1479783125923 0.741 1.152 1.836 -15.269236138629752 1.0414024846362653 -9.386901516879607 2.4746635686836207 1.0
movable_object.barrier 0 0 0 1013.4771671115723 588.78664127339 1543.6671545805534 854.110072689667 0.643 1.175 2.744 -7.1689024931304965 1.175211553405852 2.567996975567165 2.4524879446385004 1.0
movable_object.barrier 0 0 0 -86.6642115827528 529.4448976456729 43.745456020312496 617.8433054808132 0.697 1.068 1.996 -16.264215415109486 0.9804307685604682 -10.713254670913242 -1.767445964251423 1.0
movable_object.barrier 0 0 0 -157.2745071927815 682.713095382835 1102.4898803089416 2058.37039685235 0.697 1.03 2.226 -2.0796712411669853 0.9414517032358025 -0.7101969778903552 2.448320829913106 1.0
vehicle.car 0 0 0 466.84082321442776 473.98557770180275 996.890222510071 734.0787824671831 4.721 2.0 1.933 -11.813078729959141 0.8806766333841209 -0.808858257066162 1.6268612292012197 1.0
movable_object.barrier 0 0 0 662.1237410739569 581.9004237641515 1047.661229517281 792.2226766892061 0.666 1.187 2.741 -8.785264448978278 1.2476362570407282 0.2541809305904919 2.4524879446385004 1.0
movable_object.barrier 0 0 0 -483.25333448383225 630.3131524999354 206.12113059814604 1289.789544336833 0.701 1.062 2.234 -3.2591649495652306 0.9594046218633608 -2.5326059014205247 2.448320829913106 1.0
vehicle.construction 0 0 0 9.006486949469268 277.86505831584424 619.0302699235281 730.1404487263079 3.833 2.637 2.737 -9.613077522763437 0.0992132680853138 -3.786994536190005 1.6545233353919864 1.0
human.pedestrian.construction_worker 0 0 0 329.52266625988324 451.0788425079476 478.5359509518914 721.2660446480422 0.572 1.698 0.746 -8.37476802090654 0.5797714054036458 -2.6788995699223035 2.424074660446342 1.0
movable_object.barrier 0 0 0 1495.3063737105742 621.2714958967566 2385.5284691843763 984.8371770238068 0.72 1.138 2.834 -5.675418569473479 1.2242248460224436 4.746669384839545 2.459413044972628 1.0
