movable_object.barrier 0 0 0 1188.6689960567624 548.7306988228228 1398.2683109361901 657.4187428907069 0.698 1.106 2.132 -14.459692435028371 1.1922756154289778 5.5255418528187885 2.5895694694864533 1.0
movable_object.barrier 0 0 0 1037.8247221716513 541.7782767095206 1206.3845254226983 635.3495267686504 0.698 1.068 1.916 -15.748104471234349 1.1321323106110102 3.9021974014329035 2.5091548429609354 1.0
movable_object.barrier 0 0 0 317.88913768730487 539.0388694688588 537.522130631114 676.4715727266433 0.724 1.083 2.036 -11.100074439696417 0.9420099278288455 -3.3715153579138812 2.4623856966943585 1.0
movable_object.barrier 0 0 0 466.84885755861137 550.3504325673706 712.5547470367738 703.8694542878086 0.697 1.068 1.996 -10.007597299242871 0.9937759910636257 -1.7597613530224507 -1.7786030065161063 1.0
movable_object.barrier 0 0 0 -520.3050685361496 600.031416844748 5.630458360653677 1094.0763700115074 0.691 0.999 2.193 -3.790883144623682 0.8757934564514455 -3.2766892488975787 2.4838234187143406 1.0
movable_object.barrier 0 0 0 668.99635726148 550.7207557576235 944.2313041507695 739.3055871814754 0.741 1.152 1.836 -8.852791222627262 0.9881643123885379 -0.035047627654172714 2.4775246163275915 1.0
movable_object.barrier 0 0 0 429.37606625071595 535.0404331253366 574.8456721151191 627.2609292835909 0.594 1.073 2.062 -15.8740338636354 1.0490203229482586 -3.8727220956188364 -1.7622619214631365 1.0
movable_object.barrier 0 0 0 195.91863047760646 522.9544044159181 285.9288943386816 599.4764704148662 0.453 1.138 1.715 -19.539849453526987 1.0002641935788854 -8.798275455471497 2.472854751895224 1.0
movable_object.trafficcone 0 0 0 1563.8304493533587 651.9985352366973 1659.5158611537 808.6265300238406 0.372 0.689 0.384 -6.278111998761512 1.153625534496561 3.9958916522372903 2.440321223578504 1.0
movable_object.trafficcone 0 0 0 1217.8496102652555 609.9196452476872 1269.418184004397 705.6273292837985 0.329 0.785 0.356 -11.06269440141453 1.4161735031448317 3.8233552897476617 2.440321223578504 1.0
vehicle.car 0 0 0 404.7829017183521 500.1632607753123 905.7948122956785 693.7890410360458 4.643 1.54 1.943 -12.139186955394706 0.8427454688775817 -1.5691719536459265 1.6453640545549213 1.0
movable_object.barrier 0 0 0 -40.34708697201543 533.3272344181104 61.40523317759388 572.9419027719422 0.516 0.954 2.246 -32.77776753464447 1.485246829936987 -20.69667104983851 1.6287670766334896 1.0
movable_object.barrier 0 0 0 333.37438365920747 537.1217865198906 464.9142700072857 618.2150528278926 0.747 1.048 1.94 -17.632528156268947 1.1232055315597111 -5.731414210413173 2.4845380981533065 1.0
movable_object.trafficcone 0 0 0 1032.5013118496477 623.8492944462188 1112.1527672573973 751.2724391175318 0.35 0.716 0.378 -7.777139062377385 1.1728918356757347 1.63198901630133 2.440321223578504 1.0
movable_object.barrier 0 0 0 1497.5122600233938 581.7302626265067 1786.22827524381 752.4706873726972 0.58 1.248 1.962 -10.589130082100278 1.38965141380444 6.936902850689822 2.4477455894022366 1.0
movable_object.barrier 0 0 0 1428.1311453862925 536.5480534161643 1686.2649848270867 660.3891266043505 0.545 1.1 2.124 -12.513855876980061 0.9756741656210823 7.373722553211343 2.6254501965828876 1.0
movable_object.barrier 0 0 0 890.55315051264 532.8628170823034 1059.5979812466603 628.8468486986767 0.646 1.194 2.172 -16.85986316086285 1.1100106631222544 2.2113774084272655 2.4623542626669703 1.0
movable_object.barrier 0 0 0 254.45078828962167 525.2500341159533 361.517550010446 602.8049921587229 0.407 1.074 2.041 -18.377064955680996 0.9776863901934105 -7.305314821575593 -1.7695285258933033 1.0
movable_object.barrier 0 0 0 -359.4554036395921 639.2382215566417 513.9485066683199 1441.8231159415004 0.709 0.96 2.232 -2.71014512843533 0.878792281098021 -1.6819631446979186 2.4604895672586453 1.0
