movable_object.barrier 0 0 0 1186.0615842048157 540.247911783297 1376.090103637725 646.4013434922641 0.422 1.176 2.153 -15.434960165188084 1.1640182049976064 5.753504712544538 -1.7530916938132393 1.0
movable_object.barrier 0 0 0 1038.637253289461 510.20739372291854 1125.762840750169 559.48556994314 0.396 0.998 2.15 -26.357268950032005 0.8127081012793107 5.747758448876879 -1.786275933183867 1.0
movable_object.barrier 0 0 0 952.1486735077168 510.70733341441064 1049.2215619462963 562.4959787511634 0.396 1.002 2.152 -25.175104058868328 0.8108800807726484 3.8627468233315536 -1.8091143699084569 1.0
movable_object.barrier 0 0 0 667.6250387296205 528.7642676418825 772.8581547628501 593.3195853058512 0.399 1.001 2.001 -21.00590514297502 1.07463270497692 -1.4808831182850215 -1.7551936233722554 1.0
movable_object.barrier 0 0 0 626.6076000507709 527.9491497375852 751.5944717627175 587.4358772378823 0.405 1.004 2.147 -22.11463004927208 1.0801826278960012 -2.075175370053827 -1.891284878101799 1.0
movable_object.barrier 0 0 0 746.7502244287207 522.3606927691574 861.0490965783788 579.6154692957522 0.402 1.0 2.147 -22.96507494645828 0.9978488377630375 -0.05847989878115353 -1.8248226347313707 1.0
human.pedestrian.construction_worker 0 0 0 697.308959706939 498.6211727438325 797.4140114279726 650.9085429296786 1.14 1.907 0.617 -16.383981168791642 1.0006615496799964 -0.7835624997367996 -1.6636160191035225 1.0
movable_object.barrier 0 0 0 1116.774932866905 505.9971439414051 1185.9532712669654 553.0565378660698 0.402 1.001 2.003 -27.65856556399489 0.7381406180617553 7.546622760862298 -1.739053352495648 1.0
movable_object.barrier 0 0 0 1174.8962808097892 499.86607918847454 1229.2822084993145 544.6717013192 0.402 1.004 2.001 -29.13651921609347 0.6130550813040572 9.120858007178008 -1.690542905091399 1.0
movable_object.barrier 0 0 0 852.5439258927784 513.7512680651241 958.1867631407417 567.9697405129917 0.402 1.001 2.153 -24.065023860847933 0.8542005007897027 1.8742199074532995 -1.8169211402420666 1.0
movable_object.barrier 0 0 0 771.5857727845322 526.9211397081336 891.303156088315 595.7169443475655 0.396 0.999 2.0 -19.642067033079524 1.0072883797031618 0.3453075486087406 -1.7705720905424744 1.0
vehicle.truck 0 0 0 1148.2489810614243 395.22272369682815 1368.4027174970292 518.5381529706733 6.568 3.458 2.877 -38.32600644527437 -1.0456371523376948 13.739238517571179 2.737807295802784 1.0
