movable_object.barrier 0 0 0 399.14367138298246 521.0664579304595 519.4901193877797 585.4522321440986 0.419 1.15 2.151 -23.31281712594005 1.0611573453224654 -6.444303010712773 -1.9995845153315495 1.0
movable_object.barrier 0 0 0 1445.1840754646646 556.2369374253849 1682.8667747724558 680.672958854112 0.441 1.095 1.987 -12.476619101696885 1.1805743052136823 7.443379912261752 -1.7726059329614383 1.0
movable_object.barrier 0 0 0 1007.0103563812536 548.4059644096337 1186.0123453734584 648.4105636524298 0.446 1.099 2.098 -15.31675779728726 1.2209280582506865 3.476686986860716 -1.7798440531656903 1.0
movable_object.barrier 0 0 0 851.8191455072059 540.5000834426131 1010.5312012039506 635.5430406721633 0.453 1.146 2.125 -16.59738344424211 1.1897114267254165 1.5955677789748006 -1.7749832329532849 1.0
movable_object.barrier 0 0 0 609.4182924406743 530.9064615838071 728.4230504148818 611.0652817300353 0.46 1.148 1.995 -19.30562298453206 1.1338130225241994 -2.1468526892273694 -1.7749832329532849 1.0
vehicle.truck 0 0 0 386.13423078311416 427.83657803242346 559.557517823052 514.3430329198675 6.568 3.458 2.877 -54.1557278869881 -0.9429955991693921 -14.343633093771462 2.7034810609532167 1.0
movable_object.barrier 0 0 0 106.36042255349365 520.4348972666398 180.8826903021778 577.6530671629066 0.399 1.163 2.163 -26.840104045222304 1.1260694231583808 -14.154683183649185 -1.7867965003958126 1.0
movable_object.barrier 0 0 0 1218.045076619821 555.2372064932274 1431.7793810853846 667.8315305832986 0.451 1.097 2.115 -13.796673693202187 1.23550012906198 5.620868175860488 -1.7726059329614383 1.0
movable_object.barrier 0 0 0 283.70648972180476 518.51470359455 382.70767597625957 582.7871040571406 0.449 1.159 2.135 -23.812057143587598 1.0268631023203802 -8.978183297876411 -1.8260230198978977 1.0
movable_object.barrier 0 0 0 424.23073940770473 524.565765171284 529.7224764144838 595.6434929788088 0.46 1.152 2.095 -21.636319067707788 1.0894661081404189 -5.695713086461003 -1.7867965003958126 1.0
movable_object.barrier 0 0 0 722.2961306190477 535.6175218381703 862.215817060332 619.7604361483925 0.453 1.099 2.103 -17.832890037820256 1.1381055869257695 -0.2450724070810202 -1.7749832329532849 1.0
movable_object.barrier 0 0 0 150.3575334603234 518.6575070484632 231.47617536825078 576.992256677119 0.451 1.137 2.144 -25.75485612049456 1.0545243371189217 -12.617025145417834 -1.7867965003958126 1.0
movable_object.barrier 0 0 0 203.18614406544708 518.6109230734382 296.29840523857996 579.8579260394107 0.447 1.154 2.147 -24.855602934099053 1.0455186629388564 -11.015925959049245 -1.8260230198978977 1.0
movable_object.barrier 0 0 0 196.29720871863623 500.15441434658766 261.52217280975725 529.8612629233719 0.402 1.001 2.003 -43.329919384185665 0.6812986857378556 -19.88527286343091 -1.7067726335789857 1.0
movable_object.barrier 0 0 0 517.7586107989192 525.1386365032768 632.8036063641185 600.8012087118045 0.446 1.155 2.059 -20.393530840677244 1.0715787882289827 -3.7795634402850204 -1.79776941769103 1.0
