vehicle.car 0 0 0 1270.9321832412404 484.16523346844883 1736.2469132477822 650.7073797973708 4.272 1.65 1.706 -14.203034510942635 0.7634061124150904 7.601343006521398 -1.5483307891234679 1.0
movable_object.barrier 0 0 0 1450.3983315162163 676.3947957353939 3042.3932016669396 1511.0985024014708 1.974 1.054 0.626 -2.386007254518843 0.9504814124603138 2.3779455821384943 2.9896194746745834 1.0
movable_object.debris 0 0 0 461.66204643882804 646.7937402184207 700.8380503799781 737.703451201801 1.428 0.459 0.426 -8.010802654998393 1.2380481680922022 -1.4338549194353105 -1.5474041832386574 1.0
vehicle.truck 0 0 0 299.0893500249537 310.17889228915766 1130.2351401225537 635.9879063301596 10.107 3.608 2.853 -16.337279652197356 -0.2789602938086057 -1.134456954112253 -1.5466718055827648 1.0
movable_object.barrier 0 0 0 527.3973614427649 647.8391952966845 1513.7926275724624 1299.0122347941976 1.991 1.079 0.59 -2.884501607507394 0.9557212282425285 0.42281900711342096 2.9896194746745834 1.0
vehicle.construction 0 0 0 1352.657973432196 -593.4717658153407 4994.03618042811 1513.2163234717552 3.992 2.916 3.016 -3.6417935447679985 -0.0627052251786436 4.033216143265062 -1.5483307891234679 1.0
movable_object.trafficcone 0 0 0 1172.752993317372 581.6844619832459 1235.8612740411745 678.8478532453389 0.437 0.742 0.437 -10.251316056457988 1.0866964165040502 3.2162962980168537 -1.5466480975698174 1.0
vehicle.truck 0 0 0 -280.1159113053061 357.1484158367268 235.51546098774176 598.8130943450377 6.452 3.236 2.508 -18.777844650395654 -0.2386401261664518 -12.245435208687748 -1.5483307891234679 1.0
vehicle.car 0 0 0 499.5256113128201 481.9352643063467 1002.3742195741688 655.8539728584267 4.663 1.482 1.745 -12.52031399922216 0.6761752906431459 -0.49109763046614846 -1.5483307891234679 1.0
movable_object.trafficcone 0 0 0 169.670834308248 566.652052500948 226.10227087811623 640.8732046919852 0.451 0.69 0.392 -12.237549306819483 1.045511146882098 -5.9225195579200385 -1.6073763318771688 1.0
movable_object.barrier 0 0 0 1361.7977418891649 541.0659627480318 1669.4989711503854 723.5241446454702 2.326 1.221 0.638 -9.237191154542206 0.9714926582827733 5.202951722947497 -1.579137523130079 1.0
