vehicle.truck 0 0 0 1396.3432635503816 490.0254874056109 1535.492191293033 563.92968386919 4.535 2.059 1.787 -37.185009337931135 0.9369939336081308 19.438484704210396 -1.6520693862519664 1.0
vehicle.construction 0 0 0 759.1868351369125 488.1804024000436 881.290060464679 547.9472895422662 3.715 2.033 2.333 -44.998818521524505 0.804460165177058 0.4210241260308409 -1.6773670551752478 1.0
movable_object.barrier 0 0 0 1107.7465032687128 519.284699627061 1182.8433246084608 561.1779259571625 2.16 1.162 0.685 -35.914518120957986 1.2778214400620573 9.614615879840008 -1.6121628421290266 1.0
movable_object.barrier 0 0 0 1046.9839714091604 519.3896397824165 1111.8818336226248 558.1546761894648 2.089 1.076 0.646 -36.51083724709749 1.2448573066289108 7.841115988182886 -1.824068176855282 1.0
human.pedestrian.adult 0 0 0 269.4818680420575 446.1852789725965 327.82492466537155 561.424707605527 0.902 1.807 0.694 -20.33397872963614 0.14342211425677556 -8.218077142950513 -2.441583839740982 1.0
movable_object.barrier 0 0 0 1280.2166095427779 519.2722793283053 1351.4301526635275 553.1994649304424 2.192 1.132 0.668 -43.446694125392234 1.405478063053303 17.492217445343957 -1.5529464589105784 1.0
vehicle.bus.rigid 0 0 0 509.38807063311623 455.189763812633 669.6590869791312 540.0162597240893 11.084 3.32 3.523 -55.23788559931651 0.17503175983828512 -9.824821386128162 -1.8160062019861325 1.0
movable_object.barrier 0 0 0 791.374052627749 515.4025030624989 859.5983015707379 552.712151823211 2.285 1.092 0.561 -38.4842461269615 1.170292612812828 0.5194067274084857 -1.685004729436951 1.0
movable_object.barrier 0 0 0 1346.7624271910313 521.9749409732973 1413.5571066980729 556.1451377056156 2.032 1.148 0.687 -43.66502003236944 1.510894980247452 19.809791839384346 -1.5552969509387502 1.0
vehicle.car 0 0 0 1181.6026158160078 483.5488791507162 1290.1393146228504 574.7144660030557 4.01 1.631 1.708 -24.851078049428992 0.648906092144574 8.341864030955485 -1.951273505672595 1.0
human.pedestrian.adult 0 0 0 310.94457853406624 444.92896620978047 372.2013845237204 579.2169696063754 1.002 1.914 0.685 -18.57340094544626 0.2498557250369616 -6.876857268241877 -2.395317928372295 1.0
movable_object.barrier 0 0 0 1210.9373453455808 517.2774821273279 1281.1193625455035 553.7248918402064 2.259 1.215 0.712 -43.65697952652826 1.3828197182869433 15.149695802011383 -1.5715013802248778 1.0
movable_object.barrier 0 0 0 -37.88465773296173 496.5109032581952 99.30305526886335 589.1221955500273 1.827 1.066 0.619 -15.304347280448093 0.5558856434273413 -9.444866579831702 -1.6202217856119265 1.0
movable_object.barrier 0 0 0 853.835513193386 514.8404628041892 928.6142208172838 552.551196739049 2.143 1.109 0.699 -38.02522196696203 1.157704168701867 2.513063506197686 -1.589108365179266 1.0
human.pedestrian.adult 0 0 0 273.750950857203 433.6560338259736 352.9590377319489 601.8971481053645 0.78 1.812 0.72 -14.090883042160005 0.2520930183881266 -5.532969906430614 -1.8289124259625122 1.0
movable_object.barrier 0 0 0 1018.6503565748604 525.7038549250257 1057.2571966043045 562.3519464111858 2.055 1.093 0.626 -38.983774525437916 1.4910585452143637 7.123006548394429 -2.3597880330539667 1.0
human.pedestrian.adult 0 0 0 432.04154904880323 440.5691463992984 506.4612245900258 594.6780831599281 0.837 1.916 0.759 -16.216116794337335 0.288377847995844 -4.362295780233841 -2.3615059498014617 1.0
movable_object.trafficcone 0 0 0 62.65100929184653 535.1902029007653 123.9048713370138 615.1298793983628 0.438 0.761 0.433 -12.402309119589049 0.7779950911158237 -7.023153156206957 -1.5825477040853588 1.0
human.pedestrian.adult 0 0 0 839.5922702422998 488.3887925037075 883.9563884415662 551.0275926384663 1.03 1.876 0.838 -38.421576195429374 0.740634305695488 1.6393318225853986 -2.6322812887976994 1.0
movable_object.barrier 0 0 0 914.9681235434833 511.3676056392568 979.3614586177058 555.7514584569685 2.404 1.341 0.721 -39.35863451092033 1.1889574979955588 4.362212287940969 -1.7272842327041706 1.0
human.pedestrian.adult 0 0 0 366.882893521479 423.2568652988404 442.13386639549213 581.490321621803 0.858 2.0 0.728 -16.488524318706133 0.09944725212040068 -5.281101728521929 -2.427615326146536 1.0
movable_object.barrier 0 0 0 708.7785674752743 511.6759079247391 753.7669429715913 546.294471574739 2.535 1.2 0.676 -45.1010308914913 1.189907252872299 -2.760952802548869 -1.8366434981546549 1.0
movable_object.barrier 0 0 0 1005.2009058668481 520.6498977918388 1054.2870309457253 557.9957750649578 2.019 1.25 0.66 -43.41405119926066 1.508243532331915 7.64650656711395 -1.7196352304777518 1.0
human.pedestrian.construction_worker 0 0 0 -199.29873007139307 374.42886382569696 0.3470234621691941 735.8148266273372 0.837 1.746 0.775 -6.661519075004445 0.29823950642562147 -4.775908122180553 -2.4883092483770053 1.0
movable_object.trafficcone 0 0 0 -16.03319646549384 543.9936596568725 52.22563466371147 635.3158885401051 0.41 0.761 0.376 -10.883011448980497 0.8061947577158968 -6.810961339948722 -1.5825477040853588 1.0
human.pedestrian.adult 0 0 0 205.3489296591905 424.6629576651523 274.95655802633036 591.5192469993192 0.914 1.905 0.695 -14.956089270901659 0.15654610552639983 -6.742007113959373 -1.839177807243849 1.0
human.pedestrian.adult 0 0 0 952.8147180198752 448.4539765693241 1130.01745800663 766.2772270320525 0.709 1.609 0.648 -6.871900157316011 0.5753341508323231 1.275086371144252 -1.7081437425515125 1.0
human.pedestrian.adult 0 0 0 220.7079072585538 430.32724842657444 303.67684902301926 611.1195202694653 0.936 1.856 0.749 -13.528517051198952 0.2721930992498416 -5.864067292345516 -1.8403114932336706 1.0
human.pedestrian.adult 0 0 0 1151.1719737325695 428.4334521999948 1388.9737262521899 779.6351714205056 0.958 1.757 0.777 -6.892286181673621 0.5559591578478942 2.518479317745438 -1.623700857731774 1.0
vehicle.truck 0 0 0 615.0515691364742 468.5989663885939 736.9342646160937 546.2487783514665 6.013 2.598 2.287 -45.438108696260386 0.4576503278435633 -4.858385602254164 -1.8234123441720715 1.0
human.pedestrian.adult 0 0 0 310.2723531918277 440.6570822923969 381.93255219010365 589.323583693942 0.951 1.835 0.767 -16.15311335517525 0.25477072617080354 -5.924562763824056 -2.350125927794986 1.0
movable_object.barrier 0 0 0 965.9758993768455 511.9596189611083 1020.2431232762652 555.2839003591233 2.412 1.385 0.675 -41.62013087404469 1.2585898385976972 6.127961572725643 -1.7589778899081532 1.0
movable_object.trafficcone 0 0 0 164.85846984469674 527.3381504366259 213.3481221748909 602.8017734204903 0.444 0.803 0.382 -13.763284550534546 0.7551570893423892 -6.750240529094057 -1.5980274083473072 1.0
