human.pedestrian.adult 0 0 0 269.540458711722 375.1533033494966 379.0169649407186 581.5964219051734 0.834 1.967 0.85 -12.5747143273546 -0.20101921030792963 -4.8280402641138105 -2.8117367807309606 1.0
human.pedestrian.construction_worker 0 0 0 295.4648188009695 401.33368222581083 382.09361431022256 543.157164986124 0.745 1.725 0.757 -15.918664348525356 -0.31566784427671957 -5.923002339548945 1.7560653090892213 1.0
human.pedestrian.construction_worker 0 0 0 401.3622256139667 386.23864148475565 492.9013663128715 528.0271620493778 0.782 1.876 0.842 -17.23218824311889 -0.5432677981451477 -4.92571640295355 -2.5011356349307245 1.0
vehicle.car 0 0 0 495.30094167841185 411.8595228189015 679.4230669106096 488.19142351601175 4.145 1.737 2.09 -31.28800753186519 -1.1760201556324605 -5.4881126833486125 1.7283421843740499 1.0
human.pedestrian.adult 0 0 0 40.47588408639736 461.0751788585093 149.80488414462872 554.2306731840806 0.851 1.063 0.879 -15.743503516321407 0.1331483067891078 -8.895321929600517 -2.5270866729710706 1.0
human.pedestrian.adult 0 0 0 225.8531172768449 390.51573320130774 353.68605074280515 569.060974596562 0.797 1.821 0.89 -13.401835614310704 -0.194004669863736 -5.497097192099946 -2.4332004692211386 1.0
human.pedestrian.adult 0 0 0 173.45079144154235 400.8737852116309 302.45526237660033 598.515447246641 0.706 1.812 0.772 -11.966443989879957 0.018600481757235943 -5.392259536565146 2.034544041168182 1.0
human.pedestrian.construction_worker 0 0 0 367.132869047125 387.38102008591693 462.0498625678442 540.5241367387729 0.745 1.87 0.786 -15.92027053764774 -0.4189725616890777 -4.959945458821248 2.7305618406198233 1.0
vehicle.car 0 0 0 306.4049493023841 395.659030252835 533.6689190708902 497.6141398534455 4.657 2.0 2.112 -27.065293992939985 -1.1054432879610094 -8.356172353914783 1.7295703630807129 1.0
human.pedestrian.construction_worker 0 0 0 346.535596052523 391.63997515860297 422.1665371095931 526.5571111263545 0.708 1.835 0.77 -17.701959453133508 -0.5287052987681082 -5.9473665112848195 1.8544828518976848 1.0
human.pedestrian.adult 0 0 0 115.10793442071446 393.8729114295728 248.87424666013237 593.4181689546045 0.845 1.917 0.877 -12.608738526167945 -0.04695008626846418 -6.2310556093302285 1.6507164563258225 1.0
