vehicle.car 0 0 0 688.2191038123756 372.7403391608349 991.8673778286433 505.44491823714617 4.657 2.0 2.112 -21.172815156965832 -0.9867697693572042 0.498118676923142 1.7307873731132322 1.0
human.pedestrian.adult 0 0 0 1335.8835570734273 302.5204790292532 1577.1770891746685 680.5433401489378 0.834 1.967 0.85 -7.112123529356968 -0.05537042356115052 3.634370454434553 -2.8188951572835546 1.0
vehicle.car 0 0 0 1530.8119566681023 373.86887007412264 1621.492713032226 444.89311794550855 5.013 2.0 2.053 -38.22241260425483 -2.6373727948158554 23.338297891144297 1.8467345588244335 1.0
human.pedestrian.construction_worker 0 0 0 1214.2260101958968 328.66933005083484 1339.1539011102184 576.1415660178678 0.745 1.87 0.786 -10.056095404139723 -0.3568525160494775 3.7403239744193755 2.722713682048317 1.0
human.pedestrian.construction_worker 0 0 0 1149.7149687878928 347.1365385138237 1279.3753712122511 562.1965854627754 0.782 1.876 0.842 -11.502370514082212 -0.38738769038845117 3.6896691672548005 2.0502674712690183 1.0
human.pedestrian.construction_worker 0 0 0 1482.8727824035288 383.8124739778504 1551.6146802828896 481.9647343350074 0.8 1.846 0.787 -24.3689061323157 -1.2172926569418467 13.700318443461569 -2.910665611261729 1.0
human.pedestrian.adult 0 0 0 1249.5168296751428 316.55776077540827 1424.8046220133203 643.3835843383785 0.797 1.821 0.89 -7.565012160086793 -0.11532697201474211 3.180895978357572 -2.4263923570252484 1.0
vehicle.motorcycle 0 0 0 246.9243843697787 425.1412981245751 312.15735535588664 469.1849319082776 1.985 1.533 0.821 -46.03784262496566 -1.767339567357006 -19.27913221408951 1.6512391351165547 1.0
human.pedestrian.adult 0 0 0 1379.7426936429472 317.6980087136927 1612.291374670617 718.5878183940421 0.706 1.812 0.772 -6.092964749714526 0.08686752424115558 3.2798091084269507 2.0276242962645465 1.0
human.pedestrian.adult 0 0 0 701.0756641476044 456.00589817073467 858.1467548987339 605.9138040075972 0.851 1.063 0.879 -9.931620710325223 0.24726480926066563 -0.21593389228505613 -2.533600718373192 1.0
human.pedestrian.construction_worker 0 0 0 1103.5667737827268 362.3580908028712 1238.1390136716705 585.664236761103 0.745 1.725 0.757 -10.249788959932301 -0.20004937307301857 2.943719567704778 1.7510366204480894 1.0
human.pedestrian.construction_worker 0 0 0 1042.0948690977543 350.1643930658319 1156.3096220303394 553.6298431046398 0.708 1.835 0.77 -11.874500186869039 -0.42719677207434836 2.7396203560630297 1.8574185171338549 1.0
vehicle.car 0 0 0 868.5014367871964 401.16077133007417 1101.5708430561886 496.0363460387594 4.145 1.737 2.09 -25.418245406553254 -0.987123347871357 3.5507982983165225 1.729536025479641 1.0
human.pedestrian.adult 0 0 0 1154.1189507398467 308.31587011144296 1381.4375708855787 692.0814858801385 0.845 1.917 0.877 -6.778322934345249 -0.00197580452499925 2.428682195626348 1.6485183730703685 1.0
vehicle.truck 0 0 0 1488.1616545115576 371.97981447689324 1597.9278833173867 469.87787859939243 4.536 2.083 1.884 -29.26789635883687 -1.7762443418207914 17.118993299955108 1.8501669796145208 1.0
vehicle.car 0 0 0 805.1732109224605 403.79939605524453 1077.339842231953 501.4533169799446 4.492 1.6 2.084 -23.117543713597627 -0.8341644672944375 2.410783692759163 1.729536025479641 1.0
