vehicle.car 0 0 0 316.7462604081 476.6373868112826 622.9797381223224 592.0693274042358 4.25 1.446 1.823 -18.853422580046683 0.49317507250265397 -4.899039272352303 1.8059864909044245 1.0
vehicle.car 0 0 0 717.1938328789948 451.5077613395623 1058.0595113020972 616.4051420526079 4.381 1.661 1.996 -15.10607424042222 0.335134508575175 1.1156670880336375 1.785158338008844 1.0
vehicle.car 0 0 0 -334.01248219107515 477.4469869838853 89.94701544466996 619.3592198151096 4.23 1.605 1.97 -17.223098560105274 0.6102790123735701 -12.517631285137119 1.778938892745792 1.0
vehicle.car 0 0 0 1059.6555182612976 461.99535903627236 1230.239737333356 554.5170697328624 4.345 1.559 1.729 -23.988930367218202 0.1808260927785068 6.4993114803998635 -2.4980183282860047 1.0
vehicle.car 0 0 0 1134.1868143477523 459.35700750680996 1488.6352512647322 660.4994775983973 4.397 1.455 1.922 -11.638600711817611 0.43222426450136553 4.8138010644764275 1.7787542370400384 1.0
vehicle.car 0 0 0 929.4266163398421 464.9771721553035 1109.1833644909473 553.3320773757969 4.284 1.61 1.843 -25.881723382514917 0.22236518257937604 4.421759289656488 -2.5210340390163086 1.0
vehicle.motorcycle 0 0 0 925.1374289747329 546.3513992772542 1557.478424926966 948.1936452769735 2.166 1.167 0.577 -4.755657982027189 0.8136251362911588 1.5364817706903406 2.6910579678716555 1.0
vehicle.car 0 0 0 419.8484696052721 474.7641393895455 746.5152574746123 599.3366661768177 4.453 1.438 1.861 -17.63570792067985 0.48157953338151366 -2.9745347772067245 1.7948256073889244 1.0
vehicle.car 0 0 0 1383.0086713802914 456.7072388335626 1540.760589520404 566.0499256602519 4.206 1.591 1.755 -20.78717298260136 0.1889646618593957 10.858211389063143 -2.4980183282860047 1.0
vehicle.car 0 0 0 1483.538176536138 441.97273412842407 1852.6121204650976 688.8544249365801 4.29 1.485 1.964 -9.881151745390913 0.3628951543180238 6.747455016166577 1.7849503532724524 1.0
vehicle.car 0 0 0 248.62865593942936 468.9304308045215 531.8440879888885 583.2289903703935 4.013 1.606 1.718 -20.41214336603617 0.41768476273966576 -6.648022040836962 1.7638346094042898 1.0
vehicle.car 0 0 0 166.41745657184276 483.9869564179119 453.6468189739245 575.1950317792925 4.244 1.319 1.855 -21.80433579493801 0.5205870649979221 -8.478848454536081 1.7820483529826934 1.0
vehicle.motorcycle 0 0 0 1058.5792343311464 521.2583052849228 1619.9889630410037 859.5104866238354 2.267 1.258 0.725 -5.817117165458243 0.7730023503587622 2.3712459237138064 2.6910579678716555 1.0
vehicle.car 0 0 0 360.6942003398431 469.3253385744927 1004.3449744297401 787.6496644646186 4.637 1.558 1.992 -8.865950680523085 0.6424860661345773 -0.5238032463296812 -2.4795398638869734 1.0
vehicle.car 0 0 0 -178.12575580818356 483.3701541548999 384.07804672354933 682.3048212887802 4.546 1.545 1.964 -12.829830440952811 0.7114038318914172 -6.887485638342882 -2.507613676739492 1.0
vehicle.car 0 0 0 534.5948613469048 465.2190448428933 880.1453168310105 611.2080770374529 4.38 1.535 1.962 -15.989163958821031 0.42736958244287704 -1.1091779044111996 1.787800850079119 1.0
