vehicle.car 0 0 0 296.0264947165735 458.0346444741925 601.6907321244419 570.0081719428264 4.44 1.535 1.754 -19.831341999875423 0.19977703866830415 -5.494607518486069 1.7913605351932675 1.0
vehicle.car 0 0 0 813.6846603119202 459.7904415124166 1144.8167447553647 614.8547945908673 4.453 1.438 1.861 -14.252927009452764 0.33793219024595145 2.107621782759723 1.8041364389875119 1.0
vehicle.car 0 0 0 -299.876359063807 461.7485847651638 101.45160988598161 593.2441125177477 4.121 1.562 1.745 -17.440413023259435 0.3374451529088641 -12.352551752664427 1.809684748110218 1.0
vehicle.car 0 0 0 1015.6424690272398 449.0798692762458 1361.4305460805242 637.569747796369 4.38 1.535 1.962 -12.597974759388327 0.3191357009643791 3.966218495873502 1.7971128232985922 1.0
vehicle.car 0 0 0 -131.0976858517759 454.62757190801756 356.01475376913345 630.0270313588971 4.23 1.605 1.97 -13.89307817301085 0.37046788556978566 -7.45050126747568 1.7882509027880786 1.0
vehicle.car 0 0 0 652.255862550087 460.57294222872247 968.1368588908215 601.0728221323518 4.25 1.446 1.823 -15.478991174088582 0.316707290333748 0.18850814156503876 1.8152936368289616 1.0
vehicle.car 0 0 0 532.446612847435 450.4011198727914 835.6719403722809 586.0129161075432 4.013 1.606 1.718 -17.04461381642467 0.20791102153158914 -1.5525372667168242 1.7731427193082236 1.0
vehicle.car 0 0 0 196.99122035837144 463.31664057860564 844.716149218163 745.7167578463084 4.546 1.545 1.964 -9.464349603399814 0.5572052276844285 -1.8264314402268271 -2.5052326642472185 1.0
vehicle.car 0 0 0 1296.268116433153 428.2382778687306 1621.1680304840972 651.8586012025055 4.381 1.661 1.996 -11.704599409848012 0.2608033521247364 6.188102341152656 1.7944704907042812 1.0
vehicle.car 0 0 0 1438.712191057877 448.9796117367157 1592.0238291888852 556.3909700856985 4.345 1.559 1.729 -20.56072614289003 0.03653631626075371 11.6117127239993 -2.4956894778573275 1.0
vehicle.car 0 0 0 1546.119931065092 450.29953367353 2529.052453837932 1102.0222140643502 4.637 1.558 1.992 -5.474186977680184 0.59631204070333 4.517514167790761 -2.477312472907533 1.0
vehicle.car 0 0 0 414.06067668074246 467.3897936173458 720.7978398488349 573.6745851719594 4.244 1.319 1.855 -18.445453775955915 0.2777774779174954 -3.3783193145123898 1.7913605351932675 1.0
vehicle.car 0 0 0 383.79254521615445 458.43655723019447 556.494111598134 522.9776178247765 4.472 1.722 1.923 -36.47068022015858 -0.1851855896053418 -9.700276593182348 -2.5729202813716476 1.0
