vehicle.car 0 0 0 1556.7261151378725 401.8309199412006 2115.293297805596 591.7476903370989 4.545 1.773 2.054 -14.166250924882467 -0.04105937020828487 11.305918829870757 2.5269554705583275 1.0
human.pedestrian.adult 0 0 0 21.368465003467414 432.9707878990086 53.036646156748844 495.67155158864483 0.643 1.758 0.638 -35.85036733885423 -0.8831540252352944 -21.91596240730931 2.5112600525461097 1.0
vehicle.car 0 0 0 1154.158466781493 451.2623137290204 1399.1916607534713 532.6765688041072 4.501 1.566 2.036 -27.02303933654365 -0.10950372146679804 9.939199726120561 2.516004475782756 1.0
vehicle.car 0 0 0 1490.15279422679 427.8222523672452 1687.0573733458593 491.3179418144706 4.536 1.757 2.036 -37.316058761450286 -1.0459743887270525 23.01908347208157 2.5222230205187817 1.0
vehicle.car 0 0 0 1389.4223949646498 431.46319591768423 1605.0358082085738 501.3614136143798 4.702 1.75 2.01 -34.12437084439434 -0.780672920384871 18.55395263737868 -1.790979899937457 1.0
vehicle.car 0 0 0 1038.3696132939658 441.9755659566274 1295.6741118020677 544.8557590005717 4.728 1.904 2.127 -26.033562731582155 -0.08618906957116601 7.296345686404992 2.516004475782756 1.0
vehicle.car 0 0 0 1510.3565639397116 404.63100769570883 2137.8206851368873 612.6449561216698 4.502 1.638 2.011 -12.24002505693157 0.055891622169030375 9.623658620891833 2.5731364588491257 1.0
vehicle.motorcycle 0 0 0 543.0238121970746 489.75814792813435 654.1257198281994 584.5876266707534 1.968 1.242 0.541 -17.75298494649007 0.5554385312614716 -2.9718383578595517 2.551529558226031 1.0
vehicle.motorcycle 0 0 0 868.6310829831391 486.3326951819031 979.5994619064045 561.2440638248678 2.036 1.174 0.575 -21.14040506301807 0.44871181947745525 1.921283075656393 2.5179655322601517 1.0
vehicle.car 0 0 0 653.8389139120142 461.4411969976945 938.4346615418953 578.2567906346817 4.512 1.541 2.021 -19.397865510394695 0.291439052588009 -0.31015708359905436 -1.7969048023177887 1.0
vehicle.motorcycle 0 0 0 598.8082136052918 489.8933249684811 710.5831059013185 579.6057422037934 1.951 1.213 0.569 -18.32472449987119 0.5408843116451503 -2.250614358126524 -1.7704228441217058 1.0
