vehicle.car 0 0 0 492.7652468379176 433.5622151038956 752.2314888920478 550.4890331737195 4.28 1.644 1.788 -20.112959131452687 -0.13436867730232632 -2.810162262715402 1.8439829798783727 1.0
human.pedestrian.adult 0 0 0 -8.701940253860364 487.5194471814194 38.6515368230841 528.4321204543334 0.7 0.792 0.701 -25.99901460174244 0.253427176775097 -16.342796388273907 1.6446477145799543 1.0
movable_object.trafficcone 0 0 0 51.94689955472886 491.5902903105239 77.16370605399945 530.179604653676 0.396 0.817 0.401 -27.675083326569112 0.3375572351307242 -16.314836364329533 1.6425830848346408 1.0
vehicle.car 0 0 0 173.8813425609969 450.73647995326377 285.7926691721319 490.16581421090336 4.522 1.727 2.018 -60.21071192276598 -1.2082038045752128 -27.53766531510954 1.6219630041465871 1.0
vehicle.car 0 0 0 146.69176064269652 450.7332277484825 264.7968957361602 492.45092750248114 4.518 1.752 2.064 -57.7656020447406 -1.10931926362219 -27.515382318376876 1.6219630041465871 1.0
vehicle.car 0 0 0 349.87284557426625 446.86574310856133 565.0314272929882 515.0909023601971 4.702 1.424 1.981 -29.780950248316813 -0.372062232659192 -8.169863330683423 -3.0154791593893497 1.0
vehicle.car 0 0 0 -57.768450122718754 457.7591213338059 70.58378662160598 497.75923592117766 4.51 1.674 2.014 -57.968801112128574 -0.8316048715166876 -36.7737695891401 -2.9904848868984315 1.0
vehicle.car 0 0 0 208.30350401049935 449.614077046581 310.8506153105407 484.59896116058064 4.561 1.661 2.031 -65.29723123001298 -1.478391721281446 -28.33526849129955 1.6219630041465871 1.0
human.pedestrian.adult 0 0 0 45.76982480060967 472.48434243015566 96.42178476590941 522.5712284049818 0.753 1.104 0.764 -29.00839595745812 0.04201030496877839 -16.943885202166197 -2.017225742989516 1.0
movable_object.trafficcone 0 0 0 118.6897753355338 488.11640025782424 138.14787711000548 517.0226517888141 0.396 0.73 0.396 -33.002469177097055 0.18652796436218694 -17.784960562812866 1.6478129304506357 1.0
vehicle.car 0 0 0 374.28075358226255 444.5241032821116 532.392970287793 501.6410079878125 4.533 1.586 1.908 -38.82122801259379 -0.7116939804946685 -10.922778916127442 -2.933452054521908 1.0
human.pedestrian.adult 0 0 0 341.02595822320336 430.1857237523266 387.2222334638193 528.5100346524445 0.712 1.721 0.719 -22.678669203832374 -0.2964934781663995 -7.975280884144589 -2.934378750347861 1.0
vehicle.car 0 0 0 334.34855863106236 450.65913225133255 567.1584905758617 526.3841165807457 4.586 1.425 2.013 -26.973472932801975 -0.1855683795448853 -7.515636943551074 -3.0223535097832066 1.0
movable_object.pushable_pullable 0 0 0 68.98421149654487 484.5157448782113 109.366403487906 527.9097452049491 0.937 0.928 0.562 -28.542649965789067 0.23745782964540438 -16.263046060854496 -1.9736603240288453 1.0
vehicle.car 0 0 0 100.45286644584839 449.59814396307263 252.2156179885254 499.3285733484833 4.861 1.736 1.944 -48.467865225754785 -0.8278937352974796 -24.1843569932133 1.6219630041465871 1.0
