vehicle.car 0 0 0 91.61063078433851 463.71075904676235 560.4826904214199 634.2455564464036 4.844 1.729 2.086 -14.955527151933376 0.593559136149268 -5.639802965207422 -2.7315124262691173 1.0
vehicle.car 0 0 0 75.00863187336765 484.37017644885026 298.85834463531603 559.1405744648272 4.511 1.622 2.084 -29.38274895433551 0.620389337879178 -14.45066065356925 -2.7556048910517568 1.0
vehicle.car 0 0 0 561.686319046526 497.20121324072363 770.3126916743628 564.2511446005868 4.503 1.49 1.969 -30.037967414334737 0.8421198369588252 -3.3699046615146684 1.6219456641601546 1.0
vehicle.car 0 0 0 58.151083701438445 488.45988341571723 275.2007912363142 549.5133514193653 4.898 1.504 2.204 -33.29116639600052 0.6329500579069128 -16.900415198416884 -2.731897762229618 1.0
vehicle.car 0 0 0 82.85454878415459 494.89299134344793 345.97488193266355 574.9131665116582 4.518 1.466 2.088 -25.324974572277043 0.7790276818865165 -11.885995774853093 -2.7254606427803942 1.0
vehicle.car 0 0 0 1071.5480020014622 510.7860420279797 1262.8258133752583 578.2487820691289 4.52 1.503 1.942 -30.657471934698336 1.176853240249723 8.765394292280012 -2.724832685542868 1.0
vehicle.car 0 0 0 1138.6818833780135 508.2586063547857 1343.2925490079106 580.3518240328034 4.346 1.5 1.986 -28.589166210465436 1.0928272090862372 9.836284602812304 -2.7612604387824877 1.0
vehicle.car 0 0 0 876.8768257850882 504.9747184982317 1161.9899380300003 608.7190127470757 4.331 1.499 1.848 -20.33681626189013 0.9544461559288315 3.445353449187188 1.6371590914577343 1.0
vehicle.car 0 0 0 91.21695485429457 486.70064600429436 377.1513419559061 579.6804275913305 4.524 1.555 2.058 -23.14716190226084 0.679759812719938 -10.498173428705078 -2.7381731884164475 1.0
vehicle.car 0 0 0 544.3874299864677 497.76915709216036 714.3868990381743 560.062782781966 3.82 1.491 1.916 -32.183118913738554 0.8535373860533941 -4.547043431659677 1.6396564153287532 1.0
vehicle.car 0 0 0 94.08719978644949 495.7733916812854 405.32890268809547 587.6353363596548 4.376 1.36 2.104 -20.934762170551625 0.740902499993487 -9.220941265421533 -2.698896836866636 1.0
vehicle.car 0 0 0 601.7155950426707 496.1098512701837 824.9680528536659 568.9696975687916 4.495 1.502 2.04 -28.127973674297554 0.8218883284836295 -2.0893775828928 1.6350279668662813 1.0
human.pedestrian.adult 0 0 0 880.9990146674014 493.89366387342926 909.4373830221205 546.6933295121262 0.816 1.851 0.804 -45.03839209257734 0.8870733115756747 3.1197165645269864 1.9303009095089658 1.0
vehicle.car 0 0 0 91.74233125152956 484.4403985939359 310.14140240900224 566.0417436325063 4.1 1.649 1.964 -27.325788726158823 0.6477969294527731 -13.128511855731583 -2.771789603901251 1.0
vehicle.car 0 0 0 1446.8958522547082 501.5180399455645 1691.4904570343447 594.7503335037094 4.173 1.485 2.053 -22.306923848723272 0.9014997026373734 13.49361965631898 -2.724832685542868 1.0
vehicle.car 0 0 0 804.6980886169935 503.62978142141696 1041.58847883689 596.533194125444 3.829 1.495 1.828 -22.329551204408933 0.9392484757940711 2.0642298198973523 1.6466699899011843 1.0
vehicle.car 0 0 0 151.2409277174471 478.8313557373716 906.1449336077361 756.7973148019511 4.756 1.499 2.069 -8.864297677936449 0.7109865437854892 -1.8855789043596034 -2.767838064307524 1.0
vehicle.car 0 0 0 1230.3497296908072 511.03288270157776 1434.9544642839612 592.3788085420265 4.193 1.554 1.884 -26.443681749930988 1.1528212942793399 11.032165507981091 -2.724832685542868 1.0
