vehicle.car 0 0 0 275.476394731253 495.95145901056713 610.8629095023317 614.8480013306433 4.844 1.729 2.086 -20.05481515072206 0.9294458448496727 -5.722816852034116 -2.9224950033376853 1.0
vehicle.car 0 0 0 883.3683002425033 518.8501533979108 1098.6659390049235 598.4219736746336 3.829 1.495 1.828 -25.169312541612623 1.2374153928793432 3.6295691107061354 1.5744197269887161 1.0
vehicle.car 0 0 0 1198.4158457678789 522.9676981793982 1402.3026888152922 586.8012574227203 4.52 1.503 1.942 -31.463973023246467 1.4660595153158593 12.269057075060973 -2.9156648857598526 1.0
human.pedestrian.adult 0 0 0 1482.152656523884 487.00779861596334 1568.275421235144 676.7135130641665 0.506 1.587 0.544 -10.893190114507952 0.7301509908836599 6.185197266911215 1.5606674347199325 1.0
vehicle.car 0 0 0 183.186382205922 506.8496437449992 696.8991492098296 669.5369342406344 4.756 1.499 2.069 -13.212339031032709 0.9096722969542612 -3.6930948123729412 -2.9595939737402386 1.0
vehicle.car 0 0 0 670.3721615748299 516.3157019024574 785.4922838907058 558.2817071572688 3.818 1.47 1.917 -45.79813183644885 1.5192708671623056 -2.922953380106886 1.5733551917069732 1.0
vehicle.car 0 0 0 756.5137255435783 517.5139254318678 950.9539989157488 580.082810674798 4.495 1.502 2.04 -31.847825685005272 1.3359834366752397 1.1256271117227283 1.5681249733954346 1.0
human.pedestrian.adult 0 0 0 1077.7407353731537 511.2837493839239 1106.605801113102 561.8409643540616 0.816 1.851 0.804 -46.81986810007355 1.5244260322239227 10.555216726842726 1.789146846914905 1.0
vehicle.car 0 0 0 1250.9941524942628 520.2048524848548 1470.0718374665635 588.6901474825886 4.346 1.5 1.986 -29.187899134468896 1.348965627925097 12.756209694227373 -2.9528818208923786 1.0
vehicle.car 0 0 0 1323.6012601160999 524.502373328475 1550.9722783850038 602.5705986512821 4.193 1.554 1.884 -26.802714505121784 1.4207335063859516 13.353630530445598 -2.9156648857598526 1.0
vehicle.car 0 0 0 1499.6824118768718 509.9848666132524 1787.6852258945735 601.0805786042082 4.173 1.485 2.053 -22.177148425515632 1.0322766725962564 14.657893054433043 -2.9156648857598526 1.0
vehicle.car 0 0 0 580.9623758188025 518.3264151807126 668.2530963052244 546.5131977250086 4.549 1.534 2.123 -71.10302879811545 2.0879471046403406 -10.34970038645903 1.5774888396045448 1.0
