vehicle.car 0 0 0 771.1999941551873 492.04119162513445 1038.6883224497637 619.0368612476383 3.818 1.47 1.917 -16.772166064031545 0.7129082074288556 1.4026636583908336 1.7960390106708584 1.0
vehicle.car 0 0 0 611.1776961092505 491.23947468969925 881.7872275870359 608.256228976787 3.855 1.505 1.916 -18.377934243177982 0.7150911260930686 -0.7911733432359729 1.7739144278493866 1.0
human.pedestrian.adult 0 0 0 1313.3899725602755 483.6575289700953 1371.3163282356923 574.0076792566897 0.816 1.851 0.804 -26.297270580649162 0.6906925463259435 11.137404764959324 2.1644831473658632 1.0
vehicle.car 0 0 0 82.04122070141662 490.1157246887048 197.19414994624162 524.5967436441957 4.213 1.51 1.955 -57.6443665004005 0.5419175439924458 -30.50157049136257 -2.4606671388447507 1.0
vehicle.car 0 0 0 1380.2544185613772 496.8637863276805 1665.8508833027042 678.569332860026 3.816 1.528 1.862 -12.72408823882945 0.7972090102820948 7.3159960772343755 1.7527157598645928 1.0
vehicle.car 0 0 0 455.0451837452787 485.04631610914527 601.944367586047 540.9330540691008 4.736 1.796 2.033 -43.03779381650326 0.5818927775322635 -9.461454654924529 -2.47568207393467 1.0
vehicle.car 0 0 0 -450.35655335073096 481.1389375204932 361.83478224203185 740.261642062187 4.931 1.528 2.124 -10.085064533723598 0.6944850116357459 -6.3336271653313965 -2.4444209761370796 1.0
vehicle.car 0 0 0 -131.56666443037776 492.85317985313196 107.99121652709701 559.6247324662131 4.549 1.534 2.123 -31.59870264403505 0.7296825345391506 -20.41466538674582 1.8072989609415249 1.0
vehicle.car 0 0 0 952.5068929413405 494.47604878755254 1210.9498836882844 640.5721072155878 3.832 1.549 2.011 -15.60799346391225 0.7838077133817964 3.5057025113812865 1.8190527971346313 1.0
vehicle.car 0 0 0 -176.32069771472413 483.7277258037318 815.5623045748471 900.4191057884386 4.898 1.504 2.204 -7.203649845415422 0.7242525283981041 -2.225575402153673 -2.4528891259055463 1.0
vehicle.car 0 0 0 603.0639996310863 405.8161010100402 1622.8210823935092 1348.3626507715157 4.511 1.622 2.084 -4.613670690419735 0.6700888008040726 1.615188358779976 -2.4754963212276566 1.0
