vehicle.car 0 0 0 803.8577395163403 411.59269059221367 1130.0037147438884 575.4691587155983 4.764 1.798 2.26 -16.73152514382399 -0.08811597043888653 2.2738178323374187 1.8369178171819058 1.0
vehicle.car 0 0 0 -66.3550736560268 389.24489042289423 163.87230659423983 466.33294466255467 4.463 1.772 2.395 -32.38568281962588 -1.699980367844041 -19.403103411822453 1.8296608951538715 1.0
vehicle.car 0 0 0 -325.067717279106 369.9799468435186 262.74388219425043 571.3361635217453 4.211 1.548 1.945 -11.962607891527874 -0.2650588129578446 -7.700559815978796 2.469890092411976 1.0
vehicle.car 0 0 0 339.8612429325359 405.51142328033444 617.7838673069951 509.6412760959109 4.308 1.619 2.121 -22.286005244304697 -0.6604125135261831 -5.705822603179154 1.81544000463634 1.0
human.pedestrian.adult 0 0 0 99.16036361286676 358.440412910144 120.59735391598966 400.0940708072819 0.692 1.845 0.739 -57.89115069410073 -5.32104940387911 -32.04888723649671 1.913508535418373 1.0
vehicle.car 0 0 0 -165.76650917133585 385.65217278466145 616.2298556179585 704.3518826884381 4.472 1.63 2.185 -8.890963384583149 0.18134091357275098 -3.781344038924718 2.498309721835297 1.0
vehicle.car 0 0 0 -235.6896566754862 385.7747409681735 400.93551097604745 630.0005146941334 4.175 1.605 1.953 -10.576144160288651 0.01501013627942295 -5.816378639544132 2.482676378851311 1.0
vehicle.car 0 0 0 -463.5541345505704 372.1902734757085 34.51303206124804 529.3210678186059 4.174 1.545 2.029 -14.644370969113954 -0.5077666421274316 -11.693308456371224 2.521406100074193 1.0
vehicle.car 0 0 0 281.86551322185267 405.78871750320417 536.0504947290842 499.6838643552342 4.222 1.624 2.078 -24.462231887191997 -0.8103273267250171 -7.643007970554106 1.8118000035863497 1.0
vehicle.car 0 0 0 513.9843309661568 406.8519126477789 810.0459993150992 529.7057627689686 4.264 1.646 2.331 -19.7081591369602 -0.4415643121729096 -2.1538062868295933 1.8442707053013319 1.0
