vehicle.car 0 0 0 -302.2298990312104 498.65068154829595 370.06522231051423 748.1423980827701 4.114 1.52 1.838 -9.91737987764246 0.7911792206530925 -5.7640088520027435 2.4558746209095546 1.0
vehicle.car 0 0 0 790.2590048239703 489.2622955523676 1091.5362496477562 631.838789992761 4.308 1.619 2.121 -16.691177947032294 0.7506118757373559 1.8959038763287595 1.7774699097200655 1.0
vehicle.car 0 0 0 93.70028923683849 485.23666476607684 361.6025654715262 579.5178995946713 4.463 1.772 2.395 -26.219945890722887 0.7075130401095335 -11.943052658239175 1.7872774039370265 1.0
vehicle.car 0 0 0 -510.45830292780295 493.7327926345218 144.28773203374593 682.5794654994246 4.82 1.517 1.892 -12.652855272304533 0.7555956615737005 -9.569935043552192 2.472675620526349 1.0
vehicle.car 0 0 0 -56.4737210146804 496.26148616903623 183.03303949077855 569.6883314767093 4.469 1.623 2.152 -30.312987435065583 0.8421784543239288 -17.792386649600797 1.7726340405740073 1.0
vehicle.car 0 0 0 417.1979462430923 484.4749452189041 700.8258597527301 600.3640945843676 4.492 1.726 2.155 -21.250386983854124 0.7119867367810918 -4.051752305496338 1.792604974906567 1.0
vehicle.car 0 0 0 -392.9622934267398 499.54119262256074 260.2936895608855 708.7199900860928 4.471 1.497 1.968 -11.448004443201773 0.7934804070389218 -7.616290186964435 2.484298796249764 1.0
vehicle.car 0 0 0 532.7386449090867 482.4185271132616 815.2470294199898 604.7151407909917 4.334 1.662 2.024 -19.500062167252405 0.6654927265942662 -1.9346468892722664 1.7872774039370265 1.0
vehicle.car 0 0 0 1011.3131837735442 426.56275775286275 1942.065894934874 1243.9913577722589 4.175 1.605 1.953 -4.765109729950906 0.6771355239253619 2.513093561308439 2.4462580133006124 1.0
vehicle.car 0 0 0 408.2709884502721 455.92484256014046 1230.0656261136126 978.9684297433275 4.211 1.548 1.945 -6.027583478527989 0.6669927382383294 0.4501601745865332 2.4594332821905684 1.0
human.pedestrian.adult 0 0 0 49.69584183413291 441.51722736356845 74.20918327218011 488.82225966902877 0.692 1.845 0.739 -49.83077761253016 -1.1836278372701092 -29.479347608610052 1.8851733520801375 1.0
vehicle.car 0 0 0 -122.77056103228959 484.80284708361194 619.2759104664294 791.2726364466108 4.174 1.545 2.029 -8.627772136622013 0.7284813038156592 -3.532368682637686 2.5139264147329374 1.0
vehicle.car 0 0 0 683.3831495047461 487.02679050388383 962.6635827267551 612.1772396039579 4.222 1.624 2.078 -18.683766472703727 0.7139352525629827 0.34466411643521405 1.7735688923339437 1.0
