vehicle.car 0 0 0 1284.478275163656 501.88492721826333 1544.9776286257509 674.749415887337 4.644 1.532 2.052 -13.810875527998578 0.8548529289668994 6.793188234686342 1.8075385396572408 1.0
vehicle.car 0 0 0 692.0193321745031 469.4421466298672 1008.1744210401228 618.3018299056903 4.463 1.772 2.395 -17.532212506916686 0.5899130817170146 0.7366166825064722 1.7972616972714093 1.0
vehicle.car 0 0 0 357.16356940413806 483.4552138596712 646.5337487879741 590.6335974419583 4.469 1.623 2.152 -21.538482521123193 0.6451728860814956 -5.091936562278368 1.782379342325461 1.0
human.pedestrian.adult 0 0 0 188.31120988677569 410.340659639245 215.9267638911532 469.86524858677143 0.692 1.845 0.739 -40.08644180096384 -1.745172506366404 -19.25681924651472 1.8752969679529201 1.0
vehicle.car 0 0 0 872.1431104158931 440.7930583003521 979.4926259175676 477.1334455258883 4.759 1.631 2.145 -61.647253407124424 -1.7541616628886203 5.745839073726415 2.9404371864409136 1.0
vehicle.car 0 0 0 640.8042308557887 432.40322046639153 749.222754160827 475.16690024530664 4.647 1.827 2.139 -58.622061486667064 -1.9025278126813179 -5.264737765385865 2.9150965038631647 1.0
vehicle.car 0 0 0 1564.3868172136195 460.54311393670724 1881.2434580524457 677.5324603369475 4.492 1.726 2.155 -12.498576534074607 0.5990929170361019 8.875677170273713 1.7972616972714093 1.0
vehicle.car 0 0 0 1243.8734893376886 442.3171997608356 2794.738035149276 1656.4879516397211 4.82 1.517 1.892 -4.104024284378291 0.7072539004422446 3.0522857418371805 2.4586291751298646 1.0
vehicle.car 0 0 0 -213.62594955742352 481.3387813764049 684.2686100024599 835.7868128152545 4.706 1.487 1.9 -7.763446735675975 0.6998118697988709 -3.0339247325975047 2.470209877304339 1.0
movable_object.trafficcone 0 0 0 672.8053925590649 664.6236125459433 892.4133727829335 1040.9452369742867 0.427 0.876 0.429 -3.5032058883311152 0.9480358673613662 -0.06711857619829593 1.671632355445233 1.0
vehicle.car 0 0 0 -413.7539256850024 473.7104241057035 422.85170389869137 775.8153433330133 4.516 1.527 1.892 -8.77545415272635 0.6680767809496531 -5.146372571473297 2.4586291751298646 1.0
