human.pedestrian.adult 0 0 0 -48.31798667673942 485.6271034073056 71.4312913693645 595.9554076827327 1.041 1.282 0.672 -15.85062130020304 1.0986393221952098 -10.157103971283217 -2.508946779952793 1.0
vehicle.car 0 0 0 1180.4581478309344 381.34481583536405 1349.174840871012 493.323900613114 4.612 1.862 1.963 -23.6717714225236 -0.30189411115349246 8.516407023336859 1.7949688382143743 1.0
vehicle.car 0 0 0 -34.469585813466495 433.69349131324157 271.03932464601854 550.6835954743996 4.503 1.86 2.051 -23.55501982503879 0.681562639301688 -12.987793889146916 -2.586157315767096 1.0
vehicle.car 0 0 0 651.2560128933385 401.3181288236505 833.035080871578 488.9150825241943 4.691 2.06 1.826 -32.489586100740695 -0.21662229861513238 -1.8713907711240005 1.7325002627959236 1.0
vehicle.car 0 0 0 304.1286740246374 428.57492725949584 683.934745153779 582.2807870152444 4.856 1.637 1.857 -16.521278435408227 0.5862852364647178 -4.013230820099604 -2.463808481086616 1.0
vehicle.car 0 0 0 732.0447847212297 406.16659492136796 921.2374676827346 490.2435649330615 4.794 1.858 1.914 -31.007510307616915 -0.1311052939041028 0.30662924378442824 1.7325002627959236 1.0
vehicle.car 0 0 0 75.64764793770759 437.69378680750003 383.29112570555014 567.7672962963899 3.981 1.727 1.667 -19.728667456267633 0.7195422567585108 -9.1038241288814 -2.539305674699472 1.0
vehicle.truck 0 0 0 440.532242333961 407.19929049709623 644.1612806905879 494.10969209734805 5.429 2.214 2.173 -35.540073217440856 -0.08890337583833563 -7.665417887699283 -2.530799276178225 1.0
vehicle.car 0 0 0 149.776365791234 430.72146128848146 508.56231823133544 563.3315305234871 4.44 1.555 1.711 -17.901847771542737 0.5560517154509 -6.787735684455086 -2.5509808758376753 1.0
vehicle.car 0 0 0 942.3199725799922 407.6147348530607 1115.637971751553 489.6380661619478 4.129 1.545 1.828 -26.5531338641299 -0.10533892085000979 4.537161549975825 1.7581500074106104 1.0
